5096 CHATANIKA RIVER	99712	-148.3794272056248	65.02965186073136	
11986 MURPHY DOME ROAD	99709	-148.65075331533419	64.98124733021551	
7420 MURPHY DOME ROAD	99709	-148.35559264607994	64.95282257749166	
4677 OLD MURPHY DOME ROAD	99709	-148.10928868633434	64.95301249147666	
4302 VISTA WAY	99709	-148.08271843949643	64.84141431837358	
4360 VISTA WAY	99709	-148.08969866807044	64.84175520569354	
4368 VISTA WAY	99709	-148.09053759170243	64.84165724885447	
4370 VISTA WAY	99709	-148.0915879431012	64.8413672665762	
4560 MURPHY DOME ROAD	99709	-148.11732907406378	64.9264174468765	
2011 MESA COURT	99709	-148.22359315646918	64.94982331593478	
5910 SHERMAN ROAD	99709	-148.25753452839288	64.90752474640409	
5530 OLD RIDGE TRAIL	99709	-148.21574316398357	64.84127849130286	
5674 OLD RIDGE TRAIL	99709	-148.22578560788648	64.84574128545901	
5688 OLD RIDGE TRAIL	99709	-148.23013582427285	64.84589122146376	
5800 OLD RIDGE TRAIL	99709	-148.23808798728064	64.84822805079345	
5830 OLD RIDGE TRAIL	99709	-148.24069048173914	64.84804376675737	
4310 VISTA WAY	99709	-148.084654406183	64.84170309007656	
4318 VISTA WAY	99709	-148.08571479671411	64.84171409352587	
4334 VISTA WAY	99709	-148.08682032189847	64.84175936953187	
4955 MURPHY DOME ROAD	99709	-148.1586257784497	64.9173510252194	
5031 MURPHY DOME ROAD	99709	-148.16285815937152	64.91423907054276	
5694 OLD RIDGE TRAIL	99709	-148.23501208466791	64.84562997016354	
4987 MURPHY DOME ROAD	99709	-148.15926782220868	64.91509124491417	
4355 MURPHY DOME ROAD	99709	-148.09291369670655	64.92785263523079	
5634 OLD RIDGE TRAIL	99709	-148.22510763849678	64.84316071727109	
5641 OLD RIDGE TRAIL	99709	-148.2299349269444	64.84245871054407	
5660 OLD RIDGE TRAIL	99709	-148.22818915193238	64.84455092973953	
1666 OLD JOHN TRAIL	99709	-148.08812309921976	64.93438047329346	
1671 OLD JOHN TRAIL	99709	-148.09275763981643	64.93448382294807	
1698 OLD JOHN TRAIL	99709	-148.08654010574844	64.9355420475468	
1188 RICHARD BERRY DRIVE	99709	-148.17639586726474	64.91528042414446	
4330 MURPHY DOME ROAD	99709	-148.09268040780327	64.92958081909107	
4318 MURPHY DOME ROAD	99709	-148.09047696585992	64.92949499695482	
4280 MURPHY DOME ROAD	99709	-148.0863275619669	64.92972035367916	
4277 FROZEN TRAIL	99709	-148.08567993600568	64.93070880791204	
1608 DROUIN ROAD	99709	-148.08958871235953	64.93166705005547	
1611 DROUIN ROAD	99709	-148.0923634018717	64.93178729260045	
1601 DROUIN ROAD	99709	-148.092620734668	64.93092093095733	
1595 DROUIN ROAD	99709	-148.09183053175155	64.93033043884493	
1712 OLD JOHN TRAIL	99709	-148.0879904189003	64.93632658652999	
4480 MURPHY DOME ROAD	99709	-148.10991536398373	64.9280446550038	
4520 MURPHY DOME ROAD	99709	-148.11312470515225	64.92592687348477	
4505 MURPHY DOME ROAD	99709	-148.10633158198294	64.92559080224177	
1473 RICHARD BERRY DRIVE	99709	-148.15823046449898	64.92362928520745	
1449 RICHARD BERRY DRIVE	99709	-148.16026994707894	64.92332066282437	
1419 RICHARD BERRY DRIVE	99709	-148.16254598341504	64.92199468693963	
1383 RICHARD BERRY DRIVE	99709	-148.16565777495103	64.92084222584718	
5955 ABRAHAM ROAD	99709	-148.26753702941934	64.920545684518	
5936 EMANCIPATION LANE	99709	-148.27012370142666	64.91418398218434	
5781 EMANCIPATION LANE	99709	-148.26285153457604	64.9201751050654	
5845 EMANCIPATION LANE	99709	-148.2676183613027	64.91720418817303	
5790 RECONSTRUCTION ROAD	99709	-148.25608228990987	64.91224392442379	
5900 RECONSTRUCTION ROAD	99709	-148.26092973891505	64.91073279110705	
5944 RECONSTRUCTION ROAD	99709	-148.26461518500304	64.90926137807864	
1424 RICHARD BERRY DRIVE	99709	-148.16556643120552	64.92340491449787	
1402 RICHARD BERRY DRIVE	99709	-148.1662253225758	64.92279868121324	
1380 RICHARD BERRY DRIVE	99709	-148.16706315861344	64.9220938681776	
5860 ABRAHAM ROAD	99709	-148.26608302487682	64.92472859043713	
5920 ABRAHAM ROAD	99709	-148.26821190680374	64.92195724822018	
5855 ABRAHAM ROAD	99709	-148.26397144258868	64.92407428047866	
5974 ABRAHAM ROAD	99709	-148.27197290944045	64.92015513624534	
1246 RICHARD BERRY DRIVE	99709	-148.1737302775915	64.9166393709943	
1358 RICHARD BERRY DRIVE	99709	-148.16940111508063	64.9203615387211	
1171 RICHARD BERRY DRIVE	99709	-148.1772632227565	64.91344162276985	
1205 RICHARD BERRY DRIVE	99709	-148.17396831798823	64.91386308446275	
1233 RICHARD BERRY DRIVE	99709	-148.17152963267458	64.9150353486835	
4981 VANCOUVER ROAD	99709	-148.16154074708552	64.91882442506927	
4949 VANCOUVER ROAD	99709	-148.15730241958494	64.91917562460938	
5030 VANCOUVER ROAD	99709	-148.16725416284166	64.91959975339718	
6041 SHERMAN ROAD	99709	-148.27304767585713	64.90871046416497	
5934 SHERMAN ROAD	99709	-148.26043438667116	64.90725580533578	
5954 SHERMAN ROAD	99709	-148.26257150936874	64.90745926016729	
6000 SHERMAN ROAD	99709	-148.26606084493403	64.90729530435623	
5382 GRAND TETON ROAD	99709	-148.20326657932637	64.95440460737467	
5425 HIGH SIERRA DRIVE	99709	-148.20730681058683	64.95129423868268	
5459 HIGH SIERRA DRIVE	99709	-148.21215319777968	64.95142480614285	
2049 BRISTOL BAY ROAD	99709	-148.2367654981107	64.95124797972785	
5732 CASCADE ROAD	99709	-148.24164085176992	64.95391897783625	
5721 CASCADE ROAD	99709	-148.23932997105345	64.9531634456873	
5699 CASCADE ROAD	99709	-148.2369346529192	64.9536143456347	
1601 LUNDEMO LANE	99709	-148.08738121339405	64.92815408185713	
4289 FROZEN TRAIL	99709	-148.08778540568295	64.93084721717612	
4270 FROZEN TRAIL	99709	-148.08576555939936	64.93136371462197	
4284 FROZEN TRAIL	99709	-148.08728002714392	64.93167547784775	
1590 DROUIN ROAD	99709	-148.09020183596053	64.93096038511378	
1587 DROUIN ROAD	99709	-148.09006570274315	64.93007879291171	
1651 OLD JOHN TRAIL	99709	-148.0894808790146	64.93255779986696	
1657 OLD JOHN TRAIL	99709	-148.09221129956418	64.93328436900181	
1728 OLD JOHN TRAIL	99709	-148.08779812444388	64.93727919185393	
1705 OLD JOHN TRAIL	99709	-148.0904006392552	64.93664434682188	
4395 MURPHY DOME ROAD	99709	-148.09885887874174	64.92718964246627	
4420 MURPHY DOME ROAD	99709	-148.10524789134	64.92765874121578	
4465 MURPHY DOME ROAD	99709	-148.1041293066594	64.92638817290612	
1531 RICHARD BERRY DRIVE	99709	-148.15515010837288	64.92546506258782	
1499 RICHARD BERRY DRIVE	99709	-148.1563512170701	64.92494281748485	
1554 RICHARD BERRY DRIVE	99709	-148.15328034514147	64.92734354024111	
1526 RICHARD BERRY DRIVE	99709	-148.15595968011033	64.92621842362385	
1478 RICHARD BERRY DRIVE	99709	-148.16028095936792	64.92492653493282	
1440 WILLISTON WAY	99709	-148.1874719780466	64.92352086097928	
1479 TESLIN TRAIL	99709	-148.19816786939998	64.92609103503108	
1465 WATSON ROAD	99709	-148.20410176692477	64.92477769101306	
1486 YELLOWKNIFE DRIVE	99709	-148.20534322024935	64.92530764777187	
4255 MURPHY DOME ROAD	99709	-148.08305326898406	64.92829159685309	
1459 YELLOWKNIFE DRIVE	99709	-148.21019611611817	64.92566243364594	
5660 ABRAHAM ROAD	99709	-148.25588221062944	64.92916253902743	
1300 YELLOWKNIFE DRIVE	99709	-148.22821266119075	64.921276980342	
5280 MURPHY DOME ROAD	99709	-148.19390878051763	64.91112119839953	
5277 MURPHY DOME ROAD	99709	-148.19440105073522	64.90960538456113	
5011 MURPHY DOME ROAD	99709	-148.16302204439376	64.91504596372222	
4991 MURPHY DOME ROAD	99709	-148.16228717252045	64.91542280163777	
4981 MURPHY DOME ROAD	99709	-148.15890473449576	64.91611985843353	
4971 MURPHY DOME ROAD	99709	-148.15703251322364	64.91537593158885	
5181 MURPHY DOME ROAD	99709	-148.17893121550995	64.90958152348726	
5059 MURPHY DOME ROAD	99709	-148.16895403945864	64.91332452364966	
1102 RICHARD BERRY DRIVE	99709	-148.185397071615	64.91314589280405	
1134 RICHARD BERRY DRIVE	99709	-148.1823513014524	64.91365320309298	
1280 RICHARD BERRY DRIVE	99709	-148.17196910341417	64.91734540274554	
1322 RICHARD BERRY DRIVE	99709	-148.17038260894998	64.91929971902492	
1336 RICHARD BERRY DRIVE	99709	-148.16975016058717	64.91998663677063	
1257 RICHARD BERRY DRIVE	99709	-148.1701397366487	64.91616216274629	
1285 RICHARD BERRY DRIVE	99709	-148.16925323262748	64.9168804793173	
5041 VANCOUVER ROAD	99709	-148.16694439621	64.91786597551267	
5005 VANCOUVER ROAD	99709	-148.16446001707288	64.9182843432091	
5865 RECONSTRUCTION ROAD	99709	-148.254585146561	64.91082474674948	
4934 VANCOUVER ROAD	99709	-148.1562179057595	64.92060421897514	
4912 VANCOUVER ROAD	99709	-148.15433963860582	64.92152462289894	
4850 MURPHY DOME ROAD	99709	-148.15037402034267	64.92077400553184	
1420 YELLOWKNIFE DRIVE	99709	-148.21182650907357	64.92283432966181	
1435 YELLOWKNIFE DRIVE	99709	-148.21374431061528	64.92495960422656	
5790 ABRAHAM ROAD	99709	-148.25978624295857	64.92630143746678	
5721 ABRAHAM ROAD	99709	-148.255383022008	64.924666972381	
5935 YANKEE WAY	99709	-148.2629762406084	64.92219671431165	
6001 ABRAHAM ROAD	99709	-148.2704914560087	64.91870250982329	
6025 ABRAHAM ROAD	99709	-148.27142562988436	64.9173288553985	
789 APPOMATTOX ROAD	99709	-148.26028511908723	64.91926490758057	
5949 RECONSTRUCTION ROAD	99709	-148.2642404609941	64.90817830893472	
6030 RECONSTRUCTION ROAD	99709	-148.27399356688787	64.9104269229161	
5939 EMANCIPATION LANE	99709	-148.26413766026238	64.91221398829595	
5975 EMANCIPATION LANE	99709	-148.2668640994765	64.91248562219452	
5265 SMOKEY MOUNTAIN ROAD	99709	-148.19457227167206	64.95113096884063	
5450 HIGH SIERRA DRIVE	99709	-148.2094321602867	64.95227289010671	
5512 HIGH SIERRA DRIVE	99709	-148.21896759929967	64.95280901616057	
5540 HIGH SIERRA DRIVE	99709	-148.22200289781836	64.95174526594798	
5839 HIGH SIERRA DRIVE	99709	-148.25276130010786	64.9525850685474	
5800 CASCADE ROAD	99709	-148.2497631294773	64.95331984158159	
5511 CASCADE ROAD	99709	-148.21745740929586	64.95439322029657	
4471 OLD MURPHY DOME ROAD	99709	-148.08770545836484	64.95432144476811	
4615 OLD MURPHY DOME ROAD	99709	-148.10499618519825	64.95081240626497	
650 HOLLIS STREET	99709	-148.27232562156559	64.88609804802189	
1533 YELLOWKNIFE DRIVE	99709	-148.20148224047105	64.92903841274148	
5629 RECONSTRUCTION ROAD	99709	-148.26531188965959	64.91594743233637	
4505 OLD MURPHY DOME ROAD	99709	-148.09333064526174	64.9520643711297	
4479 OLD MURPHY DOME ROAD	99709	-148.0892585291653	64.95375415208088	
4992 VANCOUVER ROAD	99709	-148.16208179838517	64.92015375171209	
5751 CASCADE ROAD	99709	-148.24111083503826	64.95280488841733	
4230 MURPHY DOME ROAD	99709	-148.0800782253431	64.93129032610804	
5227 MURPHY DOME ROAD	99709	-148.18520102257284	64.9107548439088	
1108 APPOMATTOX ROAD	99709	-148.25876005911866	64.90898560644578	
5751 ABRAHAM ROAD	99709	-148.2598169267963	64.92438047830515	
5999 SHERMAN ROAD	99709	-148.26911217006815	64.90716572734176	
1570 WATSON ROAD	99709	-148.19847791998885	64.9295510393245	
5105 MURPHY DOME ROAD	99709	-148.17353152785148	64.91213536429613	
4992 VANCOUVER ROAD	99709	-148.1622573065179	64.9201357168556	
5691 OLD RIDGE TRAIL	99709	-148.23259543545507	64.8446603174986	
4225 MURPHY DOME ROAD	99709	-148.07773544586587	64.92908643307375	
1570 DROUIN ROAD	99709	-148.08762661882878	64.92979319407905	
4660 SPINACH CREEK ROAD	99709	-148.09772925756025	64.95038069605945	
1452 RICHARD BERRY DRIVE	99709	-148.16148749360087	64.92387785615841	
1400 WILLISTON WAY	99709	-148.1877134404787	64.92215179130352	
2036 MESA COURT	99709	-148.21830273326455	64.95053789605744	
5433 CATSKILL COURT	99709	-148.20914291182396	64.94821879706545	
5419 CATSKILL COURT	99709	-148.20678183675082	64.94818706314749	
5424 CATSKILL COURT	99709	-148.20713277470298	64.94894572695524	
1298 RICHARD BERRY DRIVE	99709	-148.1706844646206	64.91848746337418	
5495 HIGH SIERRA DRIVE	99709	-148.2161878078356	64.95098617295292	
5244 SMOKEY MOUNTAIN ROAD	99709	-148.19059264594435	64.95197253178642	
4585 OLD MURPHY DOME ROAD	99709	-148.1021268519582	64.95079597102945	
2011 BRISTOL BAY ROAD	99709	-148.23913358355733	64.95071299340253	
5588 HIGH SIERRA DRIVE	99709	-148.22382045657835	64.95249244868522	
1496 WATSON ROAD	99709	-148.20072809631526	64.92574056290854	
1425 WATSON ROAD	99709	-148.20591434198104	64.92263293732506	
1407 YELLOWKNIFE DRIVE	99709	-148.218712360754	64.92414442734696	
1419 YELLOWKNIFE DRIVE	99709	-148.21589661373375	64.92432016679452	
5280 ROCKY MOUNTAIN ROAD	99709	-148.19626349642968	64.94852096361492	
5499 OLD MURPHY DOME ROAD	99709	-148.18777739337438	64.95095047594437	
2000 BRISTOL BAY ROAD	99709	-148.2397999853386	64.94857915014175	
5276 MURPHY DOME ROAD	99709	-148.19432122437576	64.91257656891872	
5535 CACHE CREEK ROAD	99709	-148.21576604794961	64.90499814205356	
5051 MURPHY DOME ROAD	99709	-148.16470689571915	64.9141203267463	
4961 MURPHY DOME ROAD	99709	-148.1556220592565	64.91621996170817	
4951 MURPHY DOME ROAD	99709	-148.15762036384885	64.91756842385263	
4941 MURPHY DOME ROAD	99709	-148.1535848353346	64.91829500159716	
4931 MURPHY DOME ROAD	99709	-148.15300584256238	64.91743175948824	
1160 RICHARD BERRY DRIVE	99709	-148.1793166641361	64.91432852656763	
5849 WINCHESTER DRIVE	99709	-148.25172122131005	64.95013900136101	
5940 YANKEE WAY	99709	-148.2647444661246	64.92244819851523	
5869 YANKEE WAY	99709	-148.25518327491025	64.92333045510792	
5890 SHERMAN ROAD	99709	-148.25585491832499	64.90758925251568	
5725 EMANCIPATION LANE	99709	-148.25835101973863	64.9211215935925	
1072 APPOMATTOX ROAD	99709	-148.2560714922435	64.90973474848737	
5355 SMOKEY MOUNTAIN ROAD	99709	-148.20203667674988	64.95341490676684	
1389 RICHARD BERRY DRIVE	99709	-148.1642780227814	64.92121061750956	
4348 VISTA WAY	99709	-148.08811151515405	64.84149759570896	
5896 ABRAHAM ROAD	99709	-148.26679819975084	64.92260910322938	
1566 TESLIN TRAIL	99709	-148.19033682711924	64.92953653549414	
1429 LIARD LANE	99709	-148.19143000162435	64.92389598343404	
5245 SMOKEY MOUNTAIN ROAD	99709	-148.19211821950614	64.95012898740828	
5262 SMOKEY MOUNTAIN ROAD	99709	-148.19350890749558	64.95230126217555	
6057 ABRAHAM ROAD	99709	-148.27558005841763	64.9159147293358	
1351 WILLISTON WAY	99709	-148.1933861299143	64.91992142122999	
1309 WILLISTON WAY	99709	-148.19391299836852	64.91783327788906	
5788 CASCADE ROAD	99709	-148.24550250996515	64.95425875618946	
1691 OLD JOHN TRAIL	99709	-148.09022745375796	64.9352684855185	
1535 TESLIN TRAIL	99709	-148.19492200667563	64.92895866106319	
1477 RICHARD BERRY DRIVE	99709	-148.15735075048622	64.92439584264902	
1537 RICHARD BERRY DRIVE	99709	-148.15318406345213	64.92625817932803	
5775 WINCHESTER DRIVE	99709	-148.24546134641685	64.95139699669788	
1530 TESLIN TRAIL	99709	-148.19307232018645	64.92745730367928	
5567 CASCADE ROAD	99709	-148.22449268019312	64.95374543327686	
4971 MURPHY DOME ROAD	99709	-148.15792763738466	64.91563396491604	
1490 RICHARD BERRY DRIVE	99709	-148.15799901082164	64.92539993797284	
5850 WINCHESTER DRIVE	99709	-148.25270562579252	64.95103812427233	
5790 OLD RIDGE TRAIL	99709	-148.2346410629863	64.84763242453961	
5177 HIGH SIERRA DRIVE	99709	-148.20016703880623	64.94249477060362	
5671 CASCADE ROAD	99709	-148.23452581860198	64.95408650240712	
1540 RICHARD BERRY DRIVE	99709	-148.15418601919274	64.9267389039994	
1600 WILLISTON WAY	99709	-148.18878699446202	64.93090021251464	
1350 WILLISTON WAY	99709	-148.18854567421604	64.9195169227895	
4635 OLD MURPHY DOME ROAD	99709	-148.1075481410267	64.95177962555071	
2022 MESA COURT	99709	-148.2193721383825	64.94949400709838	
6000 RECONSTRUCTION ROAD	99709	-148.2699471503588	64.91013103082808	
1396 TESLIN TRAIL	99709	-148.20250956682978	64.92243141354507	
4507 OLD MURPHY DOME ROAD	99709	-148.09393155912042	64.95164444469495	
4509 OLD MURPHY DOME ROAD	99709	-148.0952718738429	64.95153136718623	
5053 MURPHY DOME ROAD	99709	-148.16802258472939	64.91370375019174	
5835 EMANCIPATION LANE	99709	-148.26755094720656	64.91773058628613	
3631 OLD NENANA HIGHWAY	99709	-148.01615328966975	64.84421623715382	
3502 PARKS HIGHWAY	99709	-148.0025316045874	64.84829928998202	
3775 ESTER CREEK DRIVE	99709	-148.03053660254957	64.84482150017416	
210 PEBBLE DRIVE	99709	-148.01536026288184	64.8582752865732	
460 QUARTZ ROAD	99709	-148.0270028424405	64.84761228685828	
211 SAPPHIRE DRIVE	99709	-148.02366855364275	64.85950626347355	
390 SAPPHIRE DRIVE	99709	-148.03168177861713	64.86301933163686	
3836 ESTER CREEK DRIVE	99709	-148.04677483680405	64.84928858402927	
3673 OLD NENANA HIGHWAY	99709	-148.01892710674923	64.8442079470357	
3604 MAIN STREET	99709	-148.01206095377478	64.84689541392574	
477 JEANNETTE WAY	99709	-147.9876079490537	64.84658329046906	
3825 ULLRBAHN	99709	-148.03817888631423	64.87600440905376	
3835 ULLRBAHN	99709	-148.0394481292183	64.87602154318101	
3845 ULLRBAHN	99709	-148.0410524533812	64.87598266924908	
385 NORDSTRASSE ROAD	99709	-148.03892411546386	64.87661162726222	
398 NORDSTRASSE ROAD	99709	-148.03701304752354	64.87691542835132	
3829 ESTER DOME ROAD	99709	-148.03894168152345	64.87701639589496	
3845 ESTER DOME ROAD	99709	-148.04012255002422	64.87700922466861	
3970 ESTER DOME ROAD	99709	-148.0536845480006	64.87878794577901	
342 BEGGAR'S ROOST RUN	99709	-148.06128015555421	64.87510113323886	
350 BEGGAR'S ROOST RUN	99709	-148.0589784124236	64.875252185722	
366 BEGGAR'S ROOST RUN	99709	-148.05784598918052	64.87672519746562	
3990 ESTER DOME ROAD	99709	-148.05560995014716	64.87865288995752	
3972 ESTER DOME ROAD	99709	-148.05368779448466	64.87864829976019	
3815 ULLRBAHN	99709	-148.03684097344498	64.87597213635938	
3865 ULLRBAHN	99709	-148.0425424485081	64.87595332243642	
3854 ULLRBAHN	99709	-148.04148150064114	64.87655158937298	
3844 ULLRBAHN	99709	-148.0403954164706	64.87654346374148	
3820 ULLRBAHN	99709	-148.03669260979208	64.87653245346611	
3855 ESTER DOME ROAD	99709	-148.0410666334754	64.87704184624388	
380 STYX RIVER ROAD	99709	-148.05450106267944	64.8771992070493	
404 STYX RIVER ROAD	99709	-148.05213641680888	64.87717346425049	
346 BEGGAR'S ROOST RUN	99709	-148.0590600067164	64.87498730846139	
3441 EVA CREEK ROAD	99709	-147.99537666325116	64.84623966382823	
470 SPRINGBROOK LANE	99709	-147.99040641977126	64.84672431688725	
396 NORDSTRASSE ROAD	99709	-148.03778093034748	64.87642834185795	
351 ESTER DRIVE	99709	-147.9787035696916	64.85248409091697	
4040 ESTER DOME ROAD	99709	-148.05592429881594	64.87903050718454	
3390 EVA CREEK ROAD	99709	-147.9889490515411	64.84572578736955	
3394 EVA CREEK ROAD	99709	-147.98955959760116	64.84584565042347	
445 ALPHA WAY	99709	-148.02596524854505	64.84786444990866	
3600 OLD NENANA HIGHWAY	99709	-148.01184188042302	64.8453435958361	
390 NORTH HENDERSON ROAD	99709	-147.99805670573883	64.86622550797077	
301 NORTH HENDERSON ROAD	99709	-147.99373479205053	64.8621736686697	
110 NORTH HENDERSON ROAD	99709	-147.9846741914976	64.86627507989327	
365 NORTH HENDERSON ROAD	99709	-148.00832562046966	64.86528426354123	
501 ESTER LOOP	99709	-148.01389933891397	64.8467107675507	
430 STONE ROAD	99709	-148.01764019490756	64.84865876870195	
4138 ESTER DOME ROAD	99709	-148.06688868076645	64.87621043078029	
3742 OLD NENANA HIGHWAY	99709	-148.02324019290512	64.84291147748799	
3722 GOLD LODE ROAD	99709	-148.02499917816363	64.84139780077551	
488 VILLAGE ROAD	99709	-148.01843781177143	64.8459118554265	
3626 OLD NENANA HIGHWAY	99709	-148.01527250445284	64.84502290014959	
321 SAPPHIRE DRIVE	99709	-148.03312999903125	64.86005492809092	
3566 OLD NENANA HIGHWAY	99709	-148.0103906025413	64.84607957739227	
3635 MAIN STREET	99709	-148.01675358766545	64.84626362821005	
3865 GOLD LODE ROAD	99709	-148.0391018105202	64.84363672251953	
3586 OLD NENANA HIGHWAY	99709	-148.01030824710992	64.84532848421252	
4012 ESTER DOME ROAD	99709	-148.05503143168326	64.87912358436981	
373 ESTER DRIVE	99709	-147.9782894771466	64.85128671294706	
361 ESTER DRIVE	99709	-147.978755120257	64.85179931569354	
331 ESTER DRIVE	99709	-147.97900124723034	64.85305288769632	
3284 GOLDHILL ROAD	99709	-147.97781219950542	64.84772249901823	
3293 TURNABOUT AVENUE	99709	-147.97872641866726	64.849965361177	
3279 BLUEBIRD AVENUE	99709	-147.97778245038708	64.85575084102372	
3291 BLUEBIRD AVENUE	99709	-147.9788902589041	64.85589594224668	
462 CANARY LANE	99709	-147.9802578266171	64.84749516493575	
3885 GOLD LODE ROAD	99709	-148.03967846741998	64.84425147104025	
3878 GOLD LODE ROAD	99709	-148.03632773707346	64.84361679521882	
471 CANARY LANE	99709	-147.98131226340243	64.84662345061182	
487 CANARY LANE	99709	-147.98157017108647	64.84607251195207	
486 TOWNSEND WAY	99709	-147.98242199722964	64.8459542122182	
479 TOWNSEND WAY	99709	-147.98408252934777	64.84653389016759	
491 TOWNSEND WAY	99709	-147.98416779972086	64.8457783303859	
490 JEANNETTE WAY	99709	-147.98602252292392	64.8455867979845	
480 JEANNETTE WAY	99709	-147.98601985791814	64.84630743221759	
495 JEANNETTE WAY	99709	-147.98694287317298	64.84564219624755	
3400 EVA CREEK ROAD	99709	-147.98960113973544	64.84622766311672	
444 SPRINGBROOK LANE	99709	-147.9896163840045	64.84752716834606	
3435 EVA CREEK ROAD	99709	-147.99365822741032	64.84664028552916	
3704 GOLD LODE ROAD	99709	-148.02187080212633	64.84148755016096	
3729 QUARTZ ROAD	99709	-148.02521397698158	64.8485865142531	
3550 PARKS HIGHWAY	99709	-148.00642596117888	64.84575001070431	
3570 OLD NENANA HIGHWAY	99709	-148.00871501940043	64.84522332098499	
3603 MAIN STREET	99709	-148.01170483647925	64.84647496075826	
3779 GOLD LODE ROAD	99709	-148.03039495855302	64.84159764550976	
470 QUARTZ ROAD	99709	-148.02571661540765	64.84683665846501	
475 QUARTZ ROAD	99709	-148.0291677790364	64.84677268685525	
478 ALPHA WAY	99709	-148.02316660306133	64.84737197751174	
428 ALPHA WAY	99709	-148.0263294429724	64.84875933361748	
237 DOME ROAD	99709	-147.9788257110782	64.85728022797299	
3288 GOLDHILL ROAD	99709	-147.97834377403987	64.84719328416587	
3290 TURNABOUT AVENUE	99709	-147.9788890252727	64.85045823865619	
311 ESTER DRIVE	99709	-147.97847239048963	64.85419700147702	
289 ESTER DRIVE	99709	-147.97828145545654	64.8549454323143	
3304 GOLDHILL ROAD	99709	-147.98005915942414	64.84614102364831	
470 CANARY LANE	99709	-147.98019156681033	64.84682241619205	
480 TOWNSEND WAY	99709	-147.9829293183861	64.84638449039463	
470 TOWNSEND WAY	99709	-147.98294307920526	64.84700801623384	
456 TOWNSEND WAY	99709	-147.98304265211718	64.84727995860347	
455 TOWNSEND WAY	99709	-147.9843123453927	64.84749360051669	
471 TOWNSEND WAY	99709	-147.98460047560513	64.84701299621359	
468 JEANNETTE WAY	99709	-147.98614758069462	64.84705530086043	
451 JEANNETTE WAY	99709	-147.98751082018026	64.84753499171673	
463 JEANNETTE WAY	99709	-147.98757165591726	64.84715051097074	
3418 EVA CREEK ROAD	99709	-147.99203382001986	64.84649444210406	
3432 EVA CREEK ROAD	99709	-147.99269210950777	64.84702236698584	
3454 EVA CREEK ROAD	99709	-147.99571133201744	64.84771272986767	
3623 MAIN STREET	99709	-148.01447045299074	64.84626780255995	
3629 MAIN STREET	99709	-148.01521742083543	64.84626286043274	
501 VILLAGE ROAD	99709	-148.0194516822406	64.84518618235458	
3660 MAIN STREET	99709	-148.01973203538122	64.84681046072404	
500 ALPHA WAY	99709	-148.02204601344246	64.84700565050133	
484 ALPHA WAY	99709	-148.02234096058567	64.84712100200554	
3611 MAIN STREET	99709	-148.01339260369662	64.84628611335438	
504 ESTER LOOP	99709	-148.01317538516201	64.8466795417731	
3596 MAIN STREET	99709	-148.01099924917312	64.84690119806295	
3600 MAIN STREET	99709	-148.0117178610874	64.84678516291966	
461 WELLHOUSE ROAD	99709	-148.01338650537627	64.84719522379385	
457 WELLHOUSE ROAD	99709	-148.0133885491786	64.84736787404123	
562 ESTER LOOP	99709	-148.01353673905734	64.84784765126724	
565 ESTER LOOP	99709	-148.0127065016472	64.84747745819817	
574 ESTER LOOP	99709	-148.01456415161084	64.8473521868551	
588 ESTER LOOP	99709	-148.01483961619115	64.84701904734965	
424 LOWER STONE ROAD	99709	-148.01318375180753	64.84887593149985	
423 LOWER STONE ROAD	99709	-148.01433709826728	64.84859653547603	
3751 ESTER CREEK DRIVE	99709	-148.02928911727108	64.84477910259159	
3763 ESTER CREEK DRIVE	99709	-148.02926777884628	64.8447394869909	
456 TRUETT LANE	99709	-148.02196609651844	64.84758221450569	
464 ALPHA WAY	99709	-148.02380020525763	64.84791622243266	
450 ALPHA WAY	99709	-148.0248591206445	64.84808496820516	
440 ALPHA WAY	99709	-148.02580419824602	64.84837205789535	
3710 QUARTZ ROAD	99709	-148.02347597585762	64.84893739325786	
3785 ESTER CREEK DRIVE	99709	-148.03207421429278	64.84514493113122	
485 QUARTZ ROAD	99709	-148.0296439476423	64.84627747149048	
399 KIM LANE	99709	-148.03187730973647	64.85014639292459	
420 KIM LANE	99709	-148.03047803408788	64.8501622003707	
174 PEBBLE DRIVE	99709	-148.01529265224212	64.8602847775246	
154 PEBBLE DRIVE	99709	-148.01520846821356	64.86108833528803	
111 PEBBLE DRIVE	99709	-148.01714578412464	64.8627939116177	
229 PEBBLE DRIVE	99709	-148.01953645097092	64.85785895996834	
245 PEBBLE DRIVE	99709	-148.0200507967752	64.85717442057664	
251 STONE ROAD	99709	-148.02320431843654	64.85658851988691	
233 STONE ROAD	99709	-148.02259330975474	64.85731217556993	
170 STONE ROAD	99709	-148.02129819980092	64.86120136112969	
3715 AZURITE DRIVE	99709	-148.02315606118825	64.85831144719731	
3725 AZURITE DRIVE	99709	-148.02432994379006	64.85756154334251	
210 SAPPHIRE DRIVE	99709	-148.0227810039919	64.85959780731706	
3860 AZURITE DRIVE	99709	-148.03494861369813	64.86025168664604	
3901 AZURITE DRIVE	99709	-148.03673999166048	64.8621402142897	
258 STONE ROAD	99709	-148.01769288095196	64.8566032755996	
224 PEBBLE DRIVE	99709	-148.01697669319483	64.8580071926979	
192 PEBBLE DRIVE	99709	-148.01498189246152	64.85932715342457	
143 PEBBLE DRIVE	99709	-148.0162890438071	64.86168782635453	
151 PEBBLE DRIVE	99709	-148.01649054133927	64.86108950865237	
171 PEBBLE DRIVE	99709	-148.0170355113615	64.8602791041107	
3717 QUARTZ ROAD	99709	-148.0236305707834	64.84836880638031	
3705 QUARTZ ROAD	99709	-148.02275719528973	64.84829348885022	
476 ALPHA WAY	99709	-148.02438237393505	64.84728142347545	
3790 QUARTZ ROAD	99709	-148.02977813158031	64.84941632242851	
250 PEBBLE DRIVE	99709	-148.01940761207396	64.85645136405878	
264 STONE ROAD	99709	-148.0148228913732	64.85661364333893	
189 PEBBLE DRIVE	99709	-148.01738595649869	64.85948674110857	
211 STONE ROAD	99709	-148.02179441202614	64.8583283193724	
193 STONE ROAD	99709	-148.02032602029965	64.85937548484748	
190 STONE ROAD	99709	-148.0186356431064	64.85948421636195	
212 STONE ROAD	99709	-148.01889004057972	64.85868801069067	
3731 AZURITE DRIVE	99709	-148.02598001666544	64.85683349531553	
3749 AZURITE DRIVE	99709	-148.02755639153565	64.85643107128736	
3769 AZURITE DRIVE	99709	-148.02956058245903	64.85671074365821	
198 AMETHYST LOOP	99709	-148.02584477921627	64.85891660208074	
3880 AZURITE DRIVE	99709	-148.03477381386983	64.8612331487706	
3896 AZURITE DRIVE	99709	-148.0352559794951	64.86230463972107	
3855 AZURITE DRIVE	99709	-148.03662149673002	64.86056141057188	
3855 ESTER CREEK DRIVE	99709	-148.04777366252154	64.84682396059168	
361 SAINT PATRICK ROAD	99709	-147.98478872074742	64.87354160863447	
3750 AZURITE DRIVE	99709	-148.02841169674045	64.85751035497438	
462 CANARY LANE	99709	-147.98121959154395	64.84740601053058	
3858 GOLD LODE ROAD	99709	-148.03493579517243	64.84334370205437	
221 DOME ROAD	99709	-147.9781233909489	64.85800387198958	
3785 GOLD LODE ROAD	99709	-148.0409668901647	64.84197854033263	
3285 PARKS HIGHWAY	99709	-147.9847759874253	64.84448258597189	
434 LOWER STONE ROAD	99709	-148.01231169338584	64.84849816656076	
3265 PARKS HIGHWAY	99709	-147.97776562096863	64.8445341126813	
410 NORTH HENDERSON ROAD	99709	-148.0001529916951	64.86704219222253	
383 NORTH HENDERSON ROAD	99709	-147.9982629395136	64.86551533167615	
3265 FITZPATRICK'S LANE	99709	-147.97836702435788	64.87298679605696	
504 VILLAGE ROAD	99709	-148.0186308374958	64.84534166689782	
3920 AZURITE DRIVE	99709	-148.03517064745577	64.86311486943941	
375 NORTH HENDERSON ROAD	99709	-148.00293725569	64.86495171290798	
3996 ESTER DOME ROAD	99709	-148.05640014747894	64.87872729341548	
490 QUARTZ ROAD	99709	-148.02725694262762	64.84619014183588	
3609 MAIN STREET	99709	-148.012274838416	64.84636952321245	
3608 MAIN STREET	99709	-148.0126125066909	64.84675159432477	
512 ESTER LOOP	99709	-148.01292992503505	64.84684960690578	
521 ESTER LOOP	99709	-148.01291826057124	64.84712399320102	
509 ESTER LOOP	99709	-148.01348251135522	64.84695049163173	
554 ESTER LOOP	99709	-148.0122038449114	64.84793800680971	
533 ESTER LOOP	99709	-148.01195477254305	64.84753847533183	
528 ESTER LOOP	99709	-148.01115696857894	64.8473330528748	
518 ESTER LOOP	99709	-148.01224007173823	64.84708675887948	
429 LOWER STONE ROAD	99709	-148.015923807564	64.84857710324002	
3647 MAIN STREET	99709	-148.01707389827845	64.84636456674554	
3617 MAIN STREET	99709	-148.01402166478536	64.84627880027502	
3618 MAIN STREET	99709	-148.0146077952536	64.84676315639507	
3630 MAIN STREET	99709	-148.01591954962973	64.84678010601256	
3766 GOLD LODE ROAD	99709	-148.0288526212079	64.84221021590683	
3786 GOLD LODE ROAD	99709	-148.0302190631916	64.84261924119501	
3992 ESTER DOME ROAD	99709	-148.05606195481	64.87869324914351	
3994 ESTER DOME ROAD	99709	-148.05623144024867	64.87871536050588	
3275 PARKS HIGHWAY	99709	-147.9800313005907	64.84444698045	
477 SPRINGBROOK LANE	99709	-147.9917456665135	64.84682110356684	
3689 GOLD LODE ROAD	99709	-148.02059442080517	64.84126098716285	
374 SAINT PATRICK ROAD	99709	-147.98021763547453	64.87306260710481	
3292 GOLDHILL ROAD	99709	-147.97914496605082	64.84803654409052	
3296 GOLDHILL ROAD	99709	-147.97858068952803	64.84660924945372	
474 SPRINGBROOK LANE	99709	-147.99081096697333	64.84624037739407	
3398 EVA CREEK ROAD	99709	-147.98982788455777	64.84599348927571	
3571 OLD NENANA HIGHWAY	99709	-148.01021322102585	64.84409165883642	
395 NORTH HENDERSON ROAD	99709	-148.0016441893558	64.86575936420556	
347 SAINT PATRICK ROAD	99709	-147.98443080579779	64.87187172104557	
3750 GOLD LODE ROAD	99709	-148.02806074370483	64.84171208618659	
290 KIM LANE	99709	-148.03387673680126	64.85339998079087	
4008 ESTER DOME ROAD	99709	-148.05455663235182	64.87921219513625	
4004 ESTER DOME ROAD	99709	-148.0553387056711	64.87933859936248	
3799 GOLD LODE ROAD	99709	-148.04397551330172	64.841954016199	
3285 GOLDHILL ROAD	99709	-147.97865023118192	64.84572965114982	
3613 OLD NENANA HIGHWAY	99709	-148.01242623335165	64.8436382498325	
232 PEBBLE DRIVE	99709	-148.0175439130928	64.85743904781307	
460 ALPHA WAY	99709	-148.02440518499486	64.84787734802569	
3641 ESTER CREEK DRIVE	99709	-148.0244434713702	64.8437824092012	
4184 ESTER DOME ROAD	99709	-148.06775721138868	64.8758874407998	
3425 EVA CREEK ROAD	99709	-147.99308948221542	64.84616195321372	
3617 MAIN STREET	99709	-148.01403663270986	64.84614326052214	
3617 MAIN STREET	99709	-148.01405336000576	64.84595664930781	
3617 MAIN STREET	99709	-148.0140598802702	64.84582003674315	
3369 ESTER DOME ROAD	99709	-147.99160725166888	64.89051041264351	
3919 AZURITE DRIVE	99709	-148.0370895441851	64.86307920907025	
3646 ESTER CREEK DRIVE	99709	-148.02294890733012	64.84517023105309	
3626 ESTER CREEK DRIVE	99709	-148.02515785208493	64.84616706111802	
258 AMETHYST LOOP	99709	-148.02287062768795	64.86123169460069	
3499 PARKS HIGHWAY	99709	-147.99283051500473	64.84469616334225	
3499 PARKS HIGHWAY	99709	-147.99021330824377	64.84472409931058	
3033 PARKS HIGHWAY	99709	-147.95014369644608	64.84411557048477	
3241 GOLDHILL ROAD	99709	-147.97246131993353	64.84621170145336	
206 LEMON LANE	99709	-147.96264862676765	64.85899659706938	
261 ESTER DRIVE	99709	-147.97334826893845	64.85598153978839	
356 ESTER DRIVE	99709	-147.97692096476558	64.85186825898734	
2840 RELIANCE DRIVE	99709	-147.93080785848696	64.84553660619302	
2901 RELIANCE DRIVE	99709	-147.93430510087046	64.84323454171901	
3251 JUDGE AREND AVENUE	99709	-147.9747354278872	64.85777428711664	
2992 GOLDHILL ROAD	99709	-147.95098970992888	64.85906082773118	
3104 BUNCH BERRY LANE	99709	-147.955781753721	64.8600719822285	
2996 GOLDHILL ROAD	99709	-147.9537983533826	64.85815765441997	
2872 MIDWAY PLACER ROAD	99709	-147.93471895180684	64.84766013403642	
431 BERTON ROAD	99709	-147.93480687237053	64.84831580112647	
430 BERTON ROAD	99709	-147.9326776592608	64.84880381568382	
2844 MIDWAY PLACER ROAD	99709	-147.93188094240898	64.84871254547294	
405 BERTON ROAD	99709	-147.93548676828328	64.84930459289411	
3128 PARKS HIGHWAY	99709	-147.95979889580664	64.84601009008614	
480 LOST LANE	99709	-147.959778584806	64.84632495118811	
3113 GOLDHILL ROAD	99709	-147.9597944552462	64.84703952916071	
3166 PARKS HIGHWAY	99709	-147.96579896924737	64.84593423159521	
3171 GOLDHILL ROAD	99709	-147.96566737844418	64.8471942390962	
2814 GOLDHILL ROAD	99709	-147.92834245502632	64.85723675080219	
2820 GOLDHILL ROAD	99709	-147.93252987942438	64.85800545383002	
2844 GOLDHILL ROAD	99709	-147.93259559392234	64.85672640511507	
426 GOLD CHANNEL COURT	99709	-147.9432148530268	64.84944125138722	
2941 GOLDHILL ROAD	99709	-147.94097495838068	64.85254532268354	
2931 GOLDHILL ROAD	99709	-147.93979999901845	64.85205971256846	
2959 GOLDHILL ROAD	99709	-147.94138192462057	64.85132689662692	
2888 PARKS HIGHWAY	99709	-147.93725721236925	64.85036149366184	
2958 PARKS HIGHWAY	99709	-147.9443892082096	64.84810857490994	
2935 PARKS HIGHWAY	99709	-147.94015303424942	64.84735041007987	
2951 PARKS HIGHWAY	99709	-147.9418437930703	64.84701015244411	
2999 PARKS HIGHWAY	99709	-147.94629551322868	64.84601155363875	
2994 PARKS HIGHWAY	99709	-147.9473774662016	64.8478149839903	
3004 PARKS HIGHWAY	99709	-147.9491227993403	64.84749694098949	
3022 PARKS HIGHWAY	99709	-147.94914428835335	64.84725066054948	
3040 PARKS HIGHWAY	99709	-147.95146869506067	64.84696118043826	
2984 GOLDHILL ROAD	99709	-147.94940693862998	64.86320738790022	
2990 GOLDHILL ROAD	99709	-147.94645888491704	64.85886411508658	
2988 GOLDHILL ROAD	99709	-147.94910954047157	64.85820852864194	
2982 JUDGE AREND AVENUE	99709	-147.95302028762387	64.86328464123163	
3165 GOLDHILL ROAD	99709	-147.96512605008155	64.84720419983479	
3271 TURNABOUT AVENUE	99709	-147.97620140936547	64.8496962336291	
3268 TURNABOUT AVENUE	99709	-147.97635614413073	64.8507269126781	
3153 GOLDHILL ROAD	99709	-147.96417382945802	64.84735212714662	
3120 GOLDHILL ROAD	99709	-147.9596819075593	64.84923579469306	
3124 GOLDHILL ROAD	99709	-147.9607689483841	64.85004257831307	
3126 GOLDHILL ROAD	99709	-147.9607096220427	64.84935882716994	
440 TODD COURT	99709	-147.9678830257059	64.84814262615934	
430 TODD COURT	99709	-147.9682163525796	64.84869086106272	
425 TODD COURT	99709	-147.96893784710304	64.8487694052213	
435 TODD COURT	99709	-147.9690799551335	64.84812271769262	
3218 GOLDHILL ROAD	99709	-147.97030016834682	64.84757435441855	
3231 GOLDHILL ROAD	99709	-147.97100568889425	64.84617710501342	
3251 GOLDHILL ROAD	99709	-147.97414410258614	64.84624982844622	
324 YANA COURT	99709	-147.95936809222897	64.85318880344055	
348 CLOUDBERRY LANE	99709	-147.95791869735055	64.8530057415539	
318 YANA COURT	99709	-147.95981161937507	64.85385243233944	
299 YANA COURT	99709	-147.96162936564278	64.85545726928379	
325 YANA COURT	99709	-147.9606567960321	64.85259195184827	
362 PICO COURT	99709	-147.97529812271048	64.84754247063022	
381 LOUISE LANE	99709	-147.97362019792288	64.85084491668519	
373 LOUISE LANE	99709	-147.97480139120984	64.85109044785003	
365 LOUISE LANE	99709	-147.97488219232818	64.8515258620368	
3285 TURNABOUT AVENUE	99709	-147.97738216662324	64.84992926025268	
3242 LA REE WAY	99709	-147.97409434253433	64.85375427635992	
3160 BUNCH BERRY LANE	99709	-147.96495144479294	64.86238330134505	
3168 BUNCH BERRY LANE	99709	-147.96595390701427	64.86213654984856	
3121 BUNCH BERRY LANE	99709	-147.95984360873604	64.86054446727469	
3129 BUNCH BERRY LANE	99709	-147.96268058234708	64.86108875794133	
154 DEUCE STREET	99709	-147.9659110015571	64.86118817287698	
310 YANA COURT	99709	-147.9595059148542	64.85531165594139	
3260 LA REE WAY	99709	-147.97539278065668	64.85356284987179	
3239 LA REE WAY	99709	-147.9726552747575	64.85298458802384	
3267 BLUEBIRD AVENUE	99709	-147.97637519938246	64.85593769597413	
248 ESTER DRIVE	99709	-147.9719327265375	64.8571695990229	
185 DOME ROAD	99709	-147.97608730581413	64.85974894768752	
204 DOME ROAD	99709	-147.97466649921208	64.85870471290697	
180 DOME ROAD	99709	-147.97411264115735	64.85969891098388	
197 LEMON LANE	99709	-147.96541491787247	64.85963186084733	
196 LEMON LANE	99709	-147.9623554482928	64.85829451582156	
3135 JUDGE AREND AVENUE	99709	-147.96269202950282	64.85756078895304	
250 LITVINS STREET	99709	-147.9654502184384	64.85715968073781	
147 DOME ROAD	99709	-147.97190203576722	64.86144707474558	
153 DOME ROAD	99709	-147.97349536437665	64.86129569087055	
173 DOME ROAD	99709	-147.97495364244696	64.8604870633285	
2813 MIDWAY PLACER ROAD	99709	-147.928338272376	64.8489058556689	
2829 MIDWAY PLACER ROAD	99709	-147.93056185784613	64.84841962398595	
2847 MIDWAY PLACER ROAD	99709	-147.93117850654798	64.84820300937996	
2858 MIDWAY PLACER ROAD	99709	-147.9328093649391	64.84783642549303	
2825 OLD FAIRBANKS-NENANA HIGHWAY	99709	-147.9298500372186	64.85119719599714	
2911 GOLDHILL ROAD	99709	-147.93832348189372	64.85291199276315	
2890 PARKS HIGHWAY	99709	-147.9382116349671	64.85002741166026	
2908 PARKS HIGHWAY	99709	-147.94174133321403	64.84992613580113	
2922 PARKS HIGHWAY	99709	-147.9413485396691	64.84935408785041	
2835 OLD FAIRBANKS-NENANA HIGHWAY	99709	-147.9305123338359	64.85077088131845	
2849 OLD FAIRBANKS-NENANA HIGHWAY	99709	-147.93283842277845	64.85010582705665	
2855 OLD FAIRBANKS-NENANA HIGHWAY	99709	-147.93318780370947	64.84998568987154	
2885 GOLDHILL ROAD	99709	-147.9356686482757	64.85424913085055	
2832 MIDWAY PLACER ROAD	99709	-147.9305510399627	64.84905892081727	
2802 MIDWAY PLACER ROAD	99709	-147.92823516738943	64.84982195790697	
2829 OLD FAIRBANKS-NENANA HIGHWAY	99709	-147.9293581114462	64.85035184667362	
3017 PARKS HIGHWAY	99709	-147.94729542371388	64.84535116400137	
365 CLOUDBERRY LANE	99709	-147.9595272153539	64.85094752792413	
347 CLOUDBERRY LANE	99709	-147.95906959549458	64.8521103851938	
355 CLOUDBERRY LANE	99709	-147.9602132906413	64.85182046378264	
3025 PARKS HIGHWAY	99709	-147.95086447923032	64.84543946623425	
3055 PARKS HIGHWAY	99709	-147.95224191778138	64.8445342327712	
2984 PARKS HIGHWAY	99709	-147.94597576306344	64.84812193068083	
3096 PARKS HIGHWAY	99709	-147.95604724166415	64.84634183884688	
3093 GOLDHILL ROAD	99709	-147.95706094886276	64.84692835397395	
3109 GOLDHILL ROAD	99709	-147.95867049283106	64.8467067414913	
2967 GOLDHILL ROAD	99709	-147.94318584515253	64.85131124957078	
2986 GOLDHILL ROAD	99709	-147.94882150436504	64.85634680033066	
2998 GOLDHILL ROAD	99709	-147.95143014288	64.85728485865874	
478 LOST LANE	99709	-147.9615926965543	64.84651091188334	
485 LOST LANE	99709	-147.96348048025686	64.846292924042	
467 LOST LANE	99709	-147.96326692031892	64.84676886108342	
3143 GOLDHILL ROAD	99709	-147.9633251132262	64.84743262562426	
3133 GOLDHILL ROAD	99709	-147.96201904318067	64.84763110752145	
3135 GOLDHILL ROAD	99709	-147.96247871299906	64.8474738504641	
3131 GOLDHILL ROAD	99709	-147.9620682248414	64.84747535354256	
3125 GOLDHILL ROAD	99709	-147.96124130533005	64.8476016481991	
3160 GOLDHILL ROAD	99709	-147.9653974865527	64.84834885705129	
3180 GOLDHILL ROAD	99709	-147.96649114318592	64.84790795333844	
3210 PARKS HIGHWAY	99709	-147.96891030747358	64.84619644177437	
450 TODD COURT	99709	-147.96804166594757	64.84760456977622	
445 TODD COURT	99709	-147.96914202737048	64.84753940126814	
359 CLOUDBERRY LANE	99709	-147.96140133724256	64.85178335313316	
275 ESTER DRIVE	99709	-147.97393358543047	64.8553570212242	
270 ESTER DRIVE	99709	-147.9717342916772	64.85512502074195	
260 ESTER DRIVE	99709	-147.97231487646184	64.85595255390348	
191 DOME ROAD	99709	-147.97654529242746	64.85907286919145	
357 CLOUDBERRY LANE	99709	-147.96143452470352	64.85191351414826	
321 KINGSLEY COURT	99709	-147.96102503824767	64.85370887891672	
333 KINGSLEY COURT	99709	-147.96354087949953	64.85302966316853	
331 KINGSLEY COURT	99709	-147.96244813174576	64.85348313016728	
330 KINGSLEY COURT	99709	-147.96176678251587	64.85308601785296	
355 LOUISE LANE	99709	-147.97505662920904	64.8525167196542	
356 LOUISE LANE	99709	-147.97242004845108	64.85246057198134	
358 LOUISE LANE	99709	-147.97288089298797	64.85216106341453	
360 LOUISE LANE	99709	-147.97261947620044	64.85176016492281	
370 LOUISE LANE	99709	-147.9725121626055	64.85127533176329	
370 ESTER DRIVE	99709	-147.97653616716354	64.85107223700976	
344 ESTER DRIVE	99709	-147.97673681943857	64.85243657898236	
3269 LA REE WAY	99709	-147.9764792216828	64.85304193925917	
314 ESTER DRIVE	99709	-147.97662384587414	64.85373124957606	
286 ESTER DRIVE	99709	-147.97574989631502	64.85414794166688	
3266 BLUEBIRD AVENUE	99709	-147.97629433490934	64.85653847749897	
3210 JUDGE AREND AVENUE	99709	-147.97055890766848	64.85877361568922	
3198 JUDGE AREND AVENUE	99709	-147.96846403663542	64.8593819169323	
3170 JUDGE AREND AVENUE	99709	-147.96690288738608	64.85808726497996	
3191 JUDGE AREND AVENUE	99709	-147.96784728036	64.85757360948216	
3209 JUDGE AREND AVENUE	99709	-147.96983910460887	64.85732392992581	
217 DOME ROAD	99709	-147.97710090039527	64.85790622711038	
150 DOME ROAD	99709	-147.97289960535264	64.8602550934199	
3165 ACE ROAD	99709	-147.96616806903148	64.86030411043917	
3159 ACE ROAD	99709	-147.96373218640355	64.86033713138771	
3124 BUNCH BERRY LANE	99709	-147.9612999567344	64.86314751702085	
3110 BUNCH BERRY LANE	99709	-147.957804248944	64.86138617059613	
3110 JUDGE AREND AVENUE	99709	-147.95981379555784	64.85939481735097	
525 ANISHA DRIVE	99709	-147.92846012969056	64.84358541980443	
500 ANISHA DRIVE	99709	-147.92855876305012	64.84494516821535	
2855 RELIANCE DRIVE	99709	-147.9308553152863	64.84449027962413	
2860 RELIANCE DRIVE	99709	-147.93176579539187	64.84515248321956	
215 DOME ROAD	99709	-147.97696551329702	64.85792906288997	
219 DOME ROAD	99709	-147.97726395568412	64.8579069283844	
351 CLOUDBERRY LANE	99709	-147.95949251586785	64.85180099721387	
116 DEUCE STREET	99709	-147.96609912312076	64.86283269297599	
3068 PARKS HIGHWAY	99709	-147.9551561638189	64.84645253103231	
3064 PARKS HIGHWAY	99709	-147.95521009718877	64.84656329664588	
3060 PARKS HIGHWAY	99709	-147.95494554256385	64.84666412929879	
3056 PARKS HIGHWAY	99709	-147.95409496845872	64.84681129319807	
3052 PARKS HIGHWAY	99709	-147.95377512815284	64.84689837852943	
3048 PARKS HIGHWAY	99709	-147.95309554938692	64.84703249157207	
3255 PARKS HIGHWAY	99709	-147.97611395065073	64.84456440745957	
270 LITVINS STREET	99709	-147.9675252261852	64.85594122453796	
436 SOUTH HENDERSON ROAD	99709	-147.9701490862473	64.84823497108466	
344 SOUTH HENDERSON ROAD	99709	-147.969213984881	64.85230375591152	
464 SOUTH HENDERSON ROAD	99709	-147.972099168346	64.84740707520996	
446 SOUTH HENDERSON ROAD	99709	-147.971279993772	64.84816061135619	
424 SOUTH HENDERSON ROAD	99709	-147.97033728357093	64.8487413896085	
469 SOUTH HENDERSON ROAD	99709	-147.9738615668496	64.84831132771585	
403 SOUTH HENDERSON ROAD	99709	-147.97369593130261	64.85005866936251	
401 SOUTH HENDERSON ROAD	99709	-147.97356636949831	64.85008443400264	
281 SOUTH HENDERSON ROAD	99709	-147.9756244253136	64.85508225443665	
299 SOUTH HENDERSON ROAD	99709	-147.97489983772945	64.85442060739881	
308 SOUTH HENDERSON ROAD	99709	-147.9717625461404	64.85400667647401	
292 SOUTH HENDERSON ROAD	99709	-147.97327982087822	64.85482493707521	
262 SOUTH HENDERSON ROAD	99709	-147.9739690189665	64.85657299040626	
240 SOUTH HENDERSON ROAD	99709	-147.97364979019093	64.85721619317623	
232 SOUTH HENDERSON ROAD	99709	-147.9724768549851	64.85763530684244	
243 SOUTH HENDERSON ROAD	99709	-147.9758903305484	64.85721383775012	
212 SOUTH HENDERSON ROAD	99709	-147.97238347451324	64.85843327256386	
202 SOUTH HENDERSON ROAD	99709	-147.97216935269824	64.85890504625564	
176 SOUTH HENDERSON ROAD	99709	-147.97007224704214	64.8601770192808	
130 SOUTH HENDERSON ROAD	99709	-147.97029092398103	64.86223586503681	
110 SOUTH HENDERSON ROAD	99709	-147.9699758709178	64.86302417749548	
399 LOUISE LANE	99709	-147.9717823012578	64.85077106035348	
3179 ACE ROAD	99709	-147.96727884758587	64.86052461184275	
2818 OLD FAIRBANKS-NENANA HIGHWAY	99709	-147.9303108797864	64.85219470600033	
3029 PARKS HIGHWAY	99709	-147.95125185039421	64.84577248342362	
376 PICO COURT	99709	-147.97540025480552	64.84690778286243	
3033 PARKS HIGHWAY	99709	-147.94820378031642	64.8439988341115	
3033 PARKS HIGHWAY	99709	-147.9478803849128	64.84396843972517	
3033 PARKS HIGHWAY	99709	-147.94770470881085	64.8442040459558	
3033 PARKS HIGHWAY	99709	-147.94735972205098	64.84423043734093	
3033 PARKS HIGHWAY	99709	-147.94571788393023	64.84509766148186	
3033 PARKS HIGHWAY	99709	-147.94593879987175	64.8450728979777	
3121 GOLDHILL ROAD	99709	-147.9601974902632	64.8479209007048	
352 PICO COURT	99709	-147.97489766958049	64.84874644444537	
200 LEMON LANE	99709	-147.96169705150263	64.85969382881743	
2941 GOLDHILL ROAD	99709	-147.94272889932483	64.85223071205434	
2941 GOLDHILL ROAD	99709	-147.94141045745312	64.85230119841789	
320 MANO COURT	99709	-147.9623164185971	64.84844541371095	
310 MANO COURT	99709	-147.96160993209784	64.85120411614159	
311 MANO COURT	99709	-147.96273497527156	64.85122935073515	
315 MANO COURT	99709	-147.96301812837987	64.85050761375192	
316 MANO COURT	99709	-147.9622766067132	64.84924769575355	
357 PICO COURT	99709	-147.9762887105478	64.84823993060405	
145 DEUCE STREET	99709	-147.96755022648964	64.86182808653325	
223 DOME ROAD	99709	-147.97711887641972	64.85799421743917	
361 PICO COURT	99709	-147.97654638977838	64.84773429527141	
385 PICO COURT	99709	-147.97667227970607	64.84688202205756	
312 MANO COURT	99709	-147.9617292919925	64.85060164499049	
444 GOLD CHANNEL COURT	99709	-147.94292646332727	64.84867751594514	
314 MANO COURT	99709	-147.962268155174	64.84983656003912	
121 ACE LAKE LANE	99709	-147.9331509880951	64.86087418275982	
180 ACE LAKE LANE	99709	-147.9286369075686	64.85881939036312	
177 ACE LAKE LANE	99709	-147.9308116088627	64.85855612485877	
170 ACE LAKE LANE	99709	-147.92962512626315	64.8591733945892	
162 ACE LAKE LANE	99709	-147.9313867108007	64.85929773422235	
3206 JUDGE AREND AVENUE	99709	-147.9696362219432	64.85958929574231	
405 BERTON ROAD	99709	-147.93520452550942	64.84919715140067	
405 BERTON ROAD	99709	-147.93604563732174	64.84930159146707	
405 BERTON ROAD	99709	-147.93576905842434	64.84917983175941	
405 BERTON ROAD	99709	-147.93551985307903	64.8490662625592	
405 BERTON ROAD	99709	-147.93642328322417	64.849152794643	
405 BERTON ROAD	99709	-147.9361529840678	64.84902525565711	
405 BERTON ROAD	99709	-147.93587995578199	64.84890629904667	
405 BERTON ROAD	99709	-147.93673617998172	64.8490347553348	
405 BERTON ROAD	99709	-147.93644884924637	64.8489031646116	
405 BERTON ROAD	99709	-147.93619670735595	64.84879533299032	
268 LITVINS STREET	99709	-147.96700705151113	64.85601040354967	
272 LITVINS STREET	99709	-147.9677521408682	64.85541884777054	
275 LITVINS STREET	99709	-147.9694195146914	64.85494269437739	
276 LITVINS STREET	99709	-147.97012544576256	64.85553285157435	
3182 ACE ROAD	99709	-147.96830992278586	64.86134110319317	
3057 PARKS HIGHWAY	99709	-147.95872745596407	64.84419250676791	
325 KINGSLEY COURT	99709	-147.9613919317908	64.8535561691914	
3275 GOLDHILL ROAD	99709	-147.97519214626362	64.84597032452736	
332 FAITH LANE	99709	-147.91794452947963	64.8566348846711	
336 FAITH LANE	99709	-147.91815113777568	64.85663401936985	
2680 TANIN LANE	99709	-147.91176830253085	64.85569562151615	
2690 TANIN LANE	99709	-147.912089638175	64.85568765353277	
2720 TANIN LANE	99709	-147.91307628325166	64.85555782478109	
2730 TANIN LANE	99709	-147.91333173701162	64.85549404931083	
2510 WECOTA DRIVE	99709	-147.9020073461355	64.86164965016825	
2745 RELIANCE DRIVE	99709	-147.92151657189623	64.84716011014626	
2820 SARTY LANE	99709	-147.9031527869697	64.86588705921535	
2789 MIDWAY PLACER ROAD	99709	-147.92561318356388	64.85000036574408	
475 NORTH SLOPE LANE	99709	-147.9071954241439	64.84634094494083	
480 NORTH SLOPE LANE	99709	-147.90563715594908	64.84647719484838	
484 NORTH SLOPE LANE	99709	-147.90425000731932	64.84645849877577	
171 JAVA LANE	99709	-147.89576547037112	64.86007471335499	
179 JAVA LANE	99709	-147.89535602296505	64.8601732160975	
205 JAVA LANE	99709	-147.89662369804483	64.85957505910075	
211 JAVA LANE	99709	-147.89656857893044	64.85939017021201	
219 JAVA LANE	99709	-147.8959146594082	64.85941067828126	
2700 TANIN LANE	99709	-147.91242145408114	64.85572076074772	
2710 TANIN LANE	99709	-147.91272738696264	64.85562602216214	
491 SPRUCE HEN COURT	99709	-147.91743764447475	64.84645524060937	
2609 GOLDHILL ROAD	99709	-147.90793171136576	64.86126739509359	
2391 SOMERSET DRIVE	99709	-147.88321586973981	64.85115491670778	
2383 SOMERSET DRIVE	99709	-147.8821558211426	64.85090596036912	
366 CRESTMONT DRIVE	99709	-147.88586345523896	64.85058297086508	
408 CRESTMONT DRIVE	99709	-147.88222554150212	64.84987867007516	
480 FOREST HILLS COURT	99709	-147.886015855003	64.84617407538555	
472 FOREST HILLS COURT	99709	-147.8838114685056	64.84656833148063	
464 FOREST HILLS COURT	99709	-147.88285174968317	64.84693155686384	
448 FOREST HILLS COURT	99709	-147.88196194279072	64.84746753116241	
415 FOREST HILLS COURT	99709	-147.88109839853152	64.84936735173866	
405 FOREST HILLS COURT	99709	-147.88098226595272	64.84982016077453	
397 FOREST HILLS COURT	99709	-147.88083040633865	64.85013358233165	
411 MORNINGSIDE DRIVE	99709	-147.87930667336957	64.84954852053592	
422 MORNINGSIDE DRIVE	99709	-147.87871771631862	64.85006910368027	
400 MORNINGSIDE DRIVE	99709	-147.87914357015433	64.85049723233716	
362 MORNINGSIDE DRIVE	99709	-147.88004476111544	64.85153042212961	
2356 HAWTHORNE COURT	99709	-147.88015273356152	64.85253690249138	
2350 HAWTHORNE COURT	99709	-147.87905942202616	64.85238216808487	
2344 HAWTHORNE COURT	99709	-147.87863225938668	64.85220074939377	
2413 SOMERSET DRIVE	99709	-147.88580008305507	64.85107024693268	
2397 SOMERSET DRIVE	99709	-147.88429151367222	64.851130372985	
389 FOREST HILLS COURT	99709	-147.8808590277721	64.85053962516668	
385 FOREST HILLS COURT	99709	-147.88112607684394	64.85085669525549	
427 MORNINGSIDE DRIVE	99709	-147.87964944653908	64.84866602469185	
428 CRESTMONT DRIVE	99709	-147.88235880193182	64.84881426266018	
475 FOREST HILLS COURT	99709	-147.88487656796536	64.84710858454955	
436 FOREST HILLS COURT	99709	-147.88090588033924	64.84788687171817	
425 MORNINGSIDE DRIVE	99709	-147.87895792407025	64.84923979225172	
570 KENTSHIRE DRIVE	99709	-147.8868269084699	64.8421330188058	
550 KENTSHIRE DRIVE	99709	-147.8870085677009	64.8430132505534	
460 KENTSHIRE DRIVE	99709	-147.88085611431123	64.84447777305017	
2403 WOODMINSTER COURT	99709	-147.88492184873192	64.85176623103048	
2395 WOODMINSTER COURT	99709	-147.8841809740518	64.8518271109786	
2393 WOODMINSTER COURT	99709	-147.88350817521592	64.85175209988654	
2387 WOODMINSTER COURT	99709	-147.88246913783206	64.85179513863106	
359 MORNINGSIDE DRIVE	99709	-147.881427728956	64.85151530499697	
2406 WOODMINSTER COURT	99709	-147.88532464916543	64.85242651922233	
2400 WOODMINSTER COURT	99709	-147.8843700722801	64.852391000739	
2384 WOODMINSTER COURT	99709	-147.882639850409	64.85233543507324	
2347 HAWTHORNE COURT	99709	-147.87862075218982	64.85163376844399	
2353 HAWTHORNE COURT	99709	-147.8793272159465	64.85177841494725	
2371 HAWTHORNE COURT	99709	-147.88107789364446	64.85213528314969	
378 CRESTMONT DRIVE	99709	-147.884854031107	64.85052489177468	
386 CRESTMONT DRIVE	99709	-147.8837671537054	64.850444448203	
400 CRESTMONT DRIVE	99709	-147.88224835169535	64.85009565727769	
2394 ENGLEWOOD COURT	99709	-147.88354326883302	64.84988672973425	
2406 ENGLEWOOD COURT	99709	-147.88509999503688	64.84988774417721	
2418 ENGLEWOOD COURT	99709	-147.8859835257188	64.84985514119863	
451 CRESTMONT DRIVE	99709	-147.88598268120867	64.84816434829334	
325 MORNINGSIDE DRIVE	99709	-147.88164939903845	64.85339107639253	
445 KENTSHIRE DRIVE	99709	-147.87984921543654	64.84538968788902	
505 KENTSHIRE DRIVE	99709	-147.8862531829978	64.84457728416918	
515 KENTSHIRE DRIVE	99709	-147.8871996286589	64.84444402790123	
525 KENTSHIRE DRIVE	99709	-147.88790392655028	64.84421307461011	
535 KENTSHIRE DRIVE	99709	-147.88813504103595	64.8437489104785	
515 TUXFORD COURT	99709	-147.88041451864044	64.84441790970719	
440 KENTSHIRE DRIVE	99709	-147.8793146317828	64.84485540096846	
520 TUXFORD COURT	99709	-147.8788553587123	64.84432382712882	
580 TUXFORD COURT	99709	-147.88439846047117	64.84130113948409	
585 TUXFORD COURT	99709	-147.88533192770495	64.84170127379451	
575 TUXFORD COURT	99709	-147.88525917332657	64.84247451490945	
565 TUXFORD COURT	99709	-147.88463918050894	64.84302161279076	
560 DERBYSHIRE DRIVE	99709	-147.8904695300267	64.84288422841507	
570 DERBYSHIRE DRIVE	99709	-147.89047036760132	64.84243346361113	
580 DERBYSHIRE DRIVE	99709	-147.8900842863664	64.84204661408997	
590 DERBYSHIRE DRIVE	99709	-147.89023294536543	64.84157279980107	
591 DERBYSHIRE DRIVE	99709	-147.89248384900168	64.84150245197621	
571 DERBYSHIRE DRIVE	99709	-147.8924593508351	64.84204641657324	
510 KNIGHTSBRIDGE ROAD	99709	-147.89517180191712	64.84304530792292	
520 KNIGHTSBRIDGE ROAD	99709	-147.89592903405466	64.84258321027832	
530 KNIGHTSBRIDGE ROAD	99709	-147.89601188350733	64.84137672508429	
505 KNIGHTSBRIDGE ROAD	99709	-147.89410347347106	64.84213735919066	
2626 LINGONBERRY LANE	99709	-147.9085978810331	64.84578348731458	
2320 MARIA STREET	99709	-147.88004750826812	64.85782309920587	
2340 MARIA STREET	99709	-147.88128936705408	64.85821855351291	
2400 MARIA STREET	99709	-147.88617923715532	64.85910419307493	
2410 MARIA STREET	99709	-147.8869146774566	64.85895554623629	
550 BENNINGTON DRIVE	99709	-147.89825946232162	64.84337199099616	
534 BENNINGTON DRIVE	99709	-147.8978280308869	64.84401447183788	
516 BENNINGTON DRIVE	99709	-147.89609501152276	64.8449317610484	
504 BENNINGTON DRIVE	99709	-147.89476242777866	64.84526573197401	
519 BENNINGTON DRIVE	99709	-147.898537102689	64.84523640547914	
659 YAK ROAD	99709	-147.90192504641507	64.84248605943395	
633 YAK ROAD	99709	-147.90220943933264	64.84333354537131	
680 YAK ROAD	99709	-147.9004710329359	64.8427149032195	
607 YAK ROAD	99709	-147.90232709464064	64.84374924431432	
581 KAY STREET	99709	-147.9078275925053	64.84143006714193	
2629 LINGONBERRY LANE	99709	-147.90911585182585	64.84499547696875	
2420 MARIA STREET	99709	-147.88769666482702	64.85913101042127	
2500 MARIA STREET	99709	-147.89369877191956	64.8579004359009	
2510 MARIA STREET	99709	-147.89429518057747	64.85747312895924	
2525 MARIA STREET	99709	-147.89130912615713	64.85749747056573	
2495 MARIA STREET	99709	-147.89029104981734	64.85765774178547	
2485 MARIA STREET	99709	-147.88957302474174	64.85762832124864	
2455 MARIA STREET	99709	-147.88875221307507	64.85823118790258	
2365 MARIA STREET	99709	-147.88430950901025	64.85805163659315	
2335 MARIA STREET	99709	-147.88321300109249	64.85792956125722	
2646 CAMP COURT	99709	-147.90986795687184	64.85609859518063	
127 LULABELLE LANE	99709	-147.89395161127064	64.86228740915328	
2398 OLIVIA LANE	99709	-147.88437652152743	64.86267285268654	
2385 OLIVIA LANE	99709	-147.88241323189368	64.8622290292229	
2391 OLIVIA LANE	99709	-147.88417478172053	64.86234290352358	
134 HUNT STREET	99709	-147.89086322791783	64.86210873584916	
126 BOATER'S LANE	99709	-147.88821004988915	64.86236182521631	
123 ALPENGLOW LANE	99709	-147.88666393675175	64.86237694609432	
115 ALPENGLOW LANE	99709	-147.88694825144933	64.8627926361606	
109 ALPENGLOW LANE	99709	-147.8869310885584	64.86322893754526	
161 HUNT COURT	99709	-147.8916736485564	64.86064958784723	
155 JAVA LANE	99709	-147.89614966055333	64.860506714606	
161 JAVA LANE	99709	-147.89616234579623	64.86022053352677	
117 ELRAY STREET	99709	-147.89993327010484	64.8627717755643	
104 ELRAY STREET	99709	-147.8985705936195	64.86320971093191	
107 ELRAY STREET	99709	-147.90089799630402	64.86313564900655	
2551 WECOTA DRIVE	99709	-147.90123931691775	64.85990788983571	
2575 WECOTA DRIVE	99709	-147.90317913486214	64.85820393290022	
2629 WECOTA DRIVE	99709	-147.90934018139433	64.85816305276133	
2325 MARIA STREET	99709	-147.88256152687995	64.8577917911	
2305 MARIA STREET	99709	-147.88080619267205	64.85728671802914	
2295 MARIA STREET	99709	-147.88049208693621	64.85640805993454	
2395 MARIA STREET	99709	-147.88619912443062	64.8566370124702	
2610 LUCKY LAW COURT	99709	-147.90740616935315	64.86303123439511	
112 ROXIE ROAD	99709	-147.91259906235493	64.86319802930649	
143 ROXIE ROAD	99709	-147.91215743748552	64.86158909119415	
540 ANISHA DRIVE	99709	-147.92468884398545	64.84327899804808	
551 ANISHA DRIVE	99709	-147.92653761653366	64.84306899690014	
530 ANISHA DRIVE	99709	-147.92606715852475	64.84474209769462	
2664 MONTANA ROAD	99709	-147.91273467125234	64.84228720029084	
2700 MONTANA ROAD	99709	-147.91689564982758	64.84229736832062	
2780 MONTANA ROAD	99709	-147.92430500928086	64.84221438823113	
2700 CHENA-ESTER DITCH ROAD	99709	-147.91604831194283	64.84500163284943	
2720 CHENA-ESTER DITCH ROAD	99709	-147.91939777532536	64.84468699295904	
2740 CHENA-ESTER DITCH ROAD	99709	-147.92064940931536	64.84417031382172	
2760 CHENA-ESTER DITCH ROAD	99709	-147.9223674812639	64.84384720905388	
2770 RELIANCE DRIVE	99709	-147.9230456966596	64.84777697508196	
2800 RELIANCE DRIVE	99709	-147.92640192221714	64.84686029398455	
2588 WECOTA DRIVE	99709	-147.90596212435293	64.85931514136476	
2596 WECOTA DRIVE	99709	-147.90656044423815	64.8592562860647	
2608 WECOTA DRIVE	99709	-147.9076480590986	64.85890031615811	
2618 WECOTA DRIVE	99709	-147.90820045578795	64.85876651625793	
2615 DOC JOHN DRIVE	99709	-147.90793819442993	64.85950469767421	
2605 DOC JOHN DRIVE	99709	-147.90704096058175	64.85984266516185	
2595 DOC JOHN DRIVE	99709	-147.90642821459664	64.86005853785737	
2583 DOC JOHN DRIVE	99709	-147.90499194139215	64.86031866952278	
2578 DOC JOHN DRIVE	99709	-147.90513805892968	64.86094837122937	
2592 DOC JOHN DRIVE	99709	-147.90635845973648	64.86088155099449	
2604 DOC JOHN DRIVE	99709	-147.90755052154339	64.86069217390171	
2616 DOC JOHN DRIVE	99709	-147.9086702242394	64.86034177620046	
2583 GOLDHILL ROAD	99709	-147.90395594648402	64.861715497736	
2587 GOLDHILL ROAD	99709	-147.90536541778675	64.86152498894715	
2633 GOLDHILL ROAD	99709	-147.90937601280697	64.86095677860364	
2575 CRESBARD COURT	99709	-147.90267468768224	64.86257603671694	
2575 ALYSSA LOOP	99709	-147.91073907870881	64.86494583656297	
2570 ALYSSA LOOP	99709	-147.90973564869685	64.86467708772027	
2580 ALYSSA LOOP	99709	-147.90930398484	64.86482598745181	
2590 ALYSSA LOOP	99709	-147.9088571313394	64.8649691636936	
2733 DOC JOHN DRIVE	99709	-147.91942671813567	64.85772156954737	
93 ROXIE ROAD	99709	-147.9170592417359	64.86618599904975	
200 FAULK COUNTY ROAD	99709	-147.90583292024226	64.86563708236677	
2765 SARTY LANE	99709	-147.90323415221965	64.86486061390494	
2785 SARTY LANE	99709	-147.9024478787209	64.86509385184455	
2795 SARTY LANE	99709	-147.90263506207134	64.86530005246448	
2815 SARTY LANE	99709	-147.90233022059067	64.8655821548829	
2850 SARTY LANE	99709	-147.90289810398545	64.86630960758986	
2800 SARTY LANE	99709	-147.90344435934645	64.8655156328405	
2760 SARTY LANE	99709	-147.9035809381436	64.86511777029361	
185 JAVA LANE	99709	-147.89542691251648	64.8599391997939	
189 JAVA LANE	99709	-147.89554981661283	64.85966972888316	
193 JAVA LANE	99709	-147.89598348479484	64.85966066883425	
199 JAVA LANE	99709	-147.89626204122195	64.85967872496663	
512 VANWOOD TRAIL	99709	-147.9210903267297	64.85201497814751	
425 SPLIT SHOT LANE	99709	-147.90359820645347	64.85686488471319	
475 SPLIT SHOT LANE	99709	-147.90387919726453	64.85678450321993	
495 SPLIT SHOT LANE	99709	-147.90410040786043	64.85668456168017	
555 SPLIT SHOT LANE	99709	-147.90461077887358	64.85654478195495	
2775 SARTY LANE	99709	-147.90258351678926	64.86484930616571	
139 FAULK COUNTY ROAD	99709	-147.90747440437065	64.86365096018086	
2589 LINGONBERRY LANE	99709	-147.9062562735244	64.84327705410409	
2588 EILEEN LANE	99709	-147.9097633903001	64.86620771520826	
2583 EILEEN LANE	99709	-147.91035817509433	64.86650429670112	
2543 EILEEN LANE	99709	-147.91230244815605	64.86555702400727	
2537 EILEEN LANE	99709	-147.91174712779565	64.8652177732464	
2529 EILEEN LANE	99709	-147.9109560356108	64.86525239887133	
2534 EILEEN LANE	99709	-147.91117794039596	64.86558051079982	
2606 LUCKY LAW COURT	99709	-147.90656883155555	64.86311803831202	
2624 LUCKY LAW COURT	99709	-147.90834272604985	64.86296126221289	
2628 LUCKY LAW COURT	99709	-147.9087460689145	64.86337193579077	
2632 LUCKY LAW COURT	99709	-147.90950827129188	64.8634433564115	
468 VANWOOD TRAIL	99709	-147.9203634814356	64.85111796093653	
175 FAULK COUNTY ROAD	99709	-147.9090815467333	64.86533665226509	
2526 EILEEN LANE	99709	-147.91060729116657	64.86572338289388	
2509 EILEEN LANE	99709	-147.90948368491627	64.86556009787736	
2516 EILEEN LANE	99709	-147.9097413449255	64.86589715343679	
2591 EILEEN LANE	99709	-147.90955332992348	64.86664113621727	
211 MILLER HILL ROAD	99709	-147.88087265129923	64.86812933624415	
2786 OLD FAIRBANKS-NENANA HIGHWAY	99709	-147.92555859360638	64.85336092549987	
2574 STRAIGHT SHOT LANE	99709	-147.90726052402988	64.85634192575972	
2576 STRAIGHT SHOT LANE	99709	-147.90760036893658	64.85631073393935	
320 BUCK SHOT LOOP	99709	-147.9081821202771	64.8568493372745	
2578 STRAIGHT SHOT LANE	99709	-147.90806602936524	64.8563126626085	
2568 STRAIGHT SHOT LANE	99709	-147.90633072515556	64.85632031086895	
2566 STRAIGHT SHOT LANE	99709	-147.9060015293222	64.85630676526799	
285 BUCK SHOT LOOP	99709	-147.9089842765179	64.85673523771926	
260 BUCK SHOT LOOP	99709	-147.9092512669079	64.85678723962762	
240 BUCK SHOT LOOP	99709	-147.90909679592883	64.85650275295652	
380 MINI SHOT LOOP	99709	-147.90961719012	64.85662368913997	
355 MINI SHOT LOOP	99709	-147.9099199689796	64.85688641981598	
375 MINI SHOT LOOP	99709	-147.91003401536574	64.85666363740924	
260 MINI SHOT LOOP	99709	-147.90994640999088	64.85652331020408	
280 MINI SHOT LOOP	99709	-147.91042494402876	64.85658191039236	
300 MINI SHOT LOOP	99709	-147.91063811900068	64.85674493517828	
2640 STRAIGHT SHOT LANE	99709	-147.91000630278577	64.85636857083418	
2630 STRAIGHT SHOT LANE	99709	-147.90962768971366	64.85635814901998	
2650 CAMP COURT	99709	-147.91210254600566	64.85688776963833	
2570 STRAIGHT SHOT LANE	99709	-147.9066212410352	64.85632363461828	
2660 TANIN LANE	99709	-147.91109016159803	64.85563424713094	
2681 TANIN LANE	99709	-147.91178501304645	64.85532829857033	
2415 MARIA STREET	99709	-147.8869866370133	64.85818549876622	
2740 GOLDHILL ROAD	99709	-147.92074193385477	64.85878324772838	
175 EVERETT WAY	99709	-147.92119639563515	64.86057069614442	
2780 GOLDHILL ROAD	99709	-147.92608923661527	64.8583303093148	
410 VANWOOD TRAIL	99709	-147.92174344492912	64.84980117203233	
415 VANWOOD TRAIL	99709	-147.9245086764146	64.84913777266136	
2795 MIDWAY PLACER ROAD	99709	-147.92660654686478	64.84957550445115	
2786 MIDWAY PLACER ROAD	99709	-147.9273706860992	64.84999250659283	
2774 MIDWAY PLACER ROAD	99709	-147.9267670630918	64.85072129800382	
2770 MIDWAY PLACER ROAD	99709	-147.92735780142291	64.85091254247767	
2760 OLD FAIRBANKS-NENANA HIGHWAY	99709	-147.92227021335614	64.8539683242968	
2679 PARKS HIGHWAY	99709	-147.91310240041142	64.85639215356868	
2664 DOC JOHN DRIVE	99709	-147.91271688863122	64.85933452195914	
2703 GOLDHILL ROAD	99709	-147.91597560016197	64.85929811407131	
2671 GOLDHILL ROAD	99709	-147.91384074497998	64.85972566370023	
2667 GOLDHILL ROAD	99709	-147.91277512544065	64.85996397779466	
2670 DOC JOHN DRIVE	99709	-147.91313801420506	64.85853726465565	
2749 GOLDHILL ROAD	99709	-147.92070467608022	64.85803637947348	
2767 GOLDHILL ROAD	99709	-147.92264345035426	64.85764053968134	
404 VANWOOD TRAIL	99709	-147.9233130519551	64.84998858392844	
2757 MIDWAY PLACER ROAD	99709	-147.92422745909258	64.85051682942527	
2753 MIDWAY PLACER ROAD	99709	-147.9224116501074	64.85107835333217	
2676 DOC JOHN DRIVE	99709	-147.91421578965173	64.85915649417983	
2712 DOC JOHN DRIVE	99709	-147.91815147271865	64.8587742696118	
2668 GOLDHILL ROAD	99709	-147.91395314742186	64.86107041906205	
2714 GOLDHILL ROAD	99709	-147.9182045247298	64.8593673708086	
2726 GOLDHILL ROAD	99709	-147.91985563966406	64.85943609751929	
156 EVERETT WAY	99709	-147.9198156286615	64.86120871024427	
2682 GOLDHILL ROAD	99709	-147.91747899770738	64.8620229980051	
2752 GOLDHILL ROAD	99709	-147.92209342681429	64.85862955234163	
2661 WECOTA DRIVE	99709	-147.91255879523717	64.85822451893324	
2681 DOC JOHN DRIVE	99709	-147.91443320039662	64.85831683534782	
2693 DOC JOHN DRIVE	99709	-147.9154496070653	64.85822238143429	
2703 DOC JOHN DRIVE	99709	-147.91692683200077	64.85812899397148	
2719 DOC JOHN DRIVE	99709	-147.91789490005635	64.85806416014746	
2775 GOLDHILL ROAD	99709	-147.9237004124426	64.85740473270333	
188 SHIRLEY ANN WAY	99709	-147.92199861262293	64.85934965794868	
423 CRESTMONT DRIVE	99709	-147.8835012579629	64.8494085975477	
427 CRESTMONT DRIVE	99709	-147.8850250232398	64.84883172042441	
455 KENTSHIRE DRIVE	99709	-147.88098949145297	64.84528652161764	
465 KENTSHIRE DRIVE	99709	-147.88193097407293	64.84515253753884	
475 KENTSHIRE DRIVE	99709	-147.88294409712685	64.84501965735475	
414 CRESTMONT DRIVE	99709	-147.88224978812826	64.8493788826292	
490 CRESTMONT DRIVE	99709	-147.8874524513376	64.84621338314625	
510 CRESTMONT DRIVE	99709	-147.88890878529355	64.84558489675075	
2409 ENGLEWOOD COURT	99709	-147.88516109664735	64.84929937434259	
485 KENTSHIRE DRIVE	99709	-147.8841796931316	64.84479904030817	
480 KNIGHTSBRIDGE ROAD	99709	-147.89224395390818	64.84393241991434	
500 KNIGHTSBRIDGE ROAD	99709	-147.89420365054414	64.8435050700078	
495 KENTSHIRE DRIVE	99709	-147.88530396078738	64.84469853620739	
545 KENTSHIRE DRIVE	99709	-147.88847205619157	64.84332422344816	
555 KENTSHIRE DRIVE	99709	-147.8883319684066	64.84278046925583	
565 KENTSHIRE DRIVE	99709	-147.88820800379747	64.84226843574965	
575 KENTSHIRE DRIVE	99709	-147.88800708911353	64.84163020116299	
530 KENTSHIRE DRIVE	99709	-147.8866200289889	64.84338997185014	
520 KENTSHIRE DRIVE	99709	-147.8860537610322	64.84384799607406	
500 KENTSHIRE DRIVE	99709	-147.8846081840395	64.84400667288223	
480 KENTSHIRE DRIVE	99709	-147.88352243445246	64.84417039955147	
530 TUXFORD COURT	99709	-147.88004407366807	64.84387312603826	
540 TUXFORD COURT	99709	-147.88088923003252	64.84363526096523	
550 TUXFORD COURT	99709	-147.88191683179858	64.84321176711587	
560 TUXFORD COURT	99709	-147.88300670610298	64.84276218652437	
570 TUXFORD COURT	99709	-147.88303609884983	64.84185787567424	
555 TUXFORD COURT	99709	-147.883590152068	64.8433226881501	
545 TUXFORD COURT	99709	-147.88246084611797	64.84372855758349	
525 TUXFORD COURT	99709	-147.88159663666238	64.84411625817201	
550 DERBYSHIRE DRIVE	99709	-147.89048150882013	64.84346663166795	
561 DERBYSHIRE DRIVE	99709	-147.89205043306086	64.84265177238606	
551 DERBYSHIRE DRIVE	99709	-147.8922764946379	64.84313753991836	
588 BENNINGTON DRIVE	99709	-147.89954731807168	64.84144232629266	
2445 MARIA STREET	99709	-147.88779043794656	64.85827994030686	
2405 MARIA STREET	99709	-147.88640058924491	64.85837239845652	
2315 MARIA STREET	99709	-147.8824916740128	64.856715989459	
2345 MARIA STREET	99709	-147.88293380875123	64.85712396993269	
2355 MARIA STREET	99709	-147.88405938922753	64.85702234133096	
2385 MARIA STREET	99709	-147.8853573495695	64.85668643612503	
2475 MARIA STREET	99709	-147.88946342533688	64.85652866140194	
572 BENNINGTON DRIVE	99709	-147.8988586836815	64.84262068225613	
537 BENNINGTON DRIVE	99709	-147.8996234356839	64.84422842179372	
699 YAK ROAD	99709	-147.90245099069875	64.84118075950305	
681 YAK ROAD	99709	-147.90223469945104	64.8418677106934	
559 YAK ROAD	99709	-147.90225517909067	64.84446296045192	
543 YAK ROAD	99709	-147.90193631029635	64.84519540196345	
560 YAK ROAD	99709	-147.90024534541553	64.84474289106291	
620 YAK ROAD	99709	-147.90041948686533	64.84342137278433	
461 YAK ROAD	99709	-147.89303029999687	64.8473263367891	
2593 LINGONBERRY LANE	99709	-147.90428763844406	64.8448976607543	
2590 LINGONBERRY LANE	99709	-147.90433484835845	64.84579373919505	
2608 LINGONBERRY LANE	99709	-147.90606566550613	64.84586398997953	
2611 LINGONBERRY LANE	99709	-147.90632074917318	64.8447894078609	
2300 MARIA STREET	99709	-147.8790039894753	64.85731216372217	
2430 MARIA STREET	99709	-147.88843306580247	64.85905021221835	
2440 MARIA STREET	99709	-147.8890996970148	64.85883213410027	
2450 MARIA STREET	99709	-147.88971794539836	64.85863898817243	
2460 MARIA STREET	99709	-147.89050573153784	64.85862018606394	
2470 MARIA STREET	99709	-147.89134370527808	64.85845583112149	
2565 MARIA STREET	99709	-147.89456192592172	64.85685025843912	
2555 MARIA STREET	99709	-147.8938239115335	64.85654650993006	
2545 MARIA STREET	99709	-147.8924195727786	64.8565187222816	
2535 MARIA STREET	99709	-147.89240623946938	64.85705496653476	
2505 MARIA STREET	99709	-147.8904176684898	64.85663620301668	
2382 OLIVIA LANE	99709	-147.88227072389873	64.86267264587032	
2392 OLIVIA LANE	99709	-147.88378181736016	64.86271541426004	
125 BOATER'S LANE	99709	-147.88934763514965	64.86239771720386	
2503 PARKS HIGHWAY	99709	-147.8952440919607	64.8579651450586	
111 LULABELLE LANE	99709	-147.89344655573706	64.8625078758067	
132 LULABELLE LANE	99709	-147.8942804913856	64.86309205245611	
115 BOATER'S LANE	99709	-147.8893581154737	64.86281798180599	
2641 DOC JOHN DRIVE	99709	-147.91066583688877	64.85914867160895	
2627 DOC JOHN DRIVE	99709	-147.90946137201928	64.85942102203579	
2571 DOC JOHN DRIVE	99709	-147.90379757829248	64.860442839322	
2559 DOC JOHN DRIVE	99709	-147.90224366566068	64.86068650990713	
2552 DOC JOHN DRIVE	99709	-147.90258481863557	64.86126164906061	
2566 DOC JOHN DRIVE	99709	-147.9038430226862	64.86118182935593	
107 BOATER'S LANE	99709	-147.88930842474608	64.86316545307967	
114 BOATER'S LANE	99709	-147.88820895363477	64.86282934153682	
103 CORNELIA LANE	99709	-147.88530502893883	64.86318144293642	
109 CORNELIA LANE	99709	-147.88250272750616	64.86308166007886	
116 ALPENGLOW LANE	99709	-147.8855199886249	64.8627339981449	
128 ALPENGLOW LANE	99709	-147.88551472284772	64.8623830184774	
165 HUNT COURT	99709	-147.89290366426985	64.86078818305093	
147 HUNT COURT	99709	-147.89286572834942	64.86127852273144	
167 JAVA LANE	99709	-147.89643319902788	64.8600822550125	
2502 PARKS HIGHWAY	99709	-147.89584807286303	64.85905745238193	
2494 PARKS HIGHWAY	99709	-147.894501769178	64.85966344031138	
129 ELRAY STREET	99709	-147.9000642953729	64.86237437866541	
2504 GOLDHILL ROAD	99709	-147.89539279591415	64.86245079035844	
2510 GOLDHILL ROAD	99709	-147.89664043816754	64.86231554076474	
2530 GOLDHILL ROAD	99709	-147.8989116235097	64.8624122390193	
2531 WECOTA DRIVE	99709	-147.9004924995981	64.86060257538685	
2641 WECOTA DRIVE	99709	-147.91068045713033	64.85821049607287	
2653 WECOTA DRIVE	99709	-147.91184280354528	64.85812657274589	
2550 WECOTA DRIVE	99709	-147.9025337786125	64.86003728138436	
2564 WECOTA DRIVE	99709	-147.9038201478418	64.85975645859406	
2632 WECOTA DRIVE	99709	-147.91008524625764	64.85880460412106	
2660 WECOTA DRIVE	99709	-147.91141980849108	64.85887277048516	
2628 DOC JOHN DRIVE	99709	-147.90984621307092	64.8601325676583	
2638 DOC JOHN DRIVE	99709	-147.91076382842076	64.8599784224676	
2652 DOC JOHN DRIVE	99709	-147.91205581259533	64.8596295666909	
2641 GOLDHILL ROAD	99709	-147.91059041122034	64.86067657138906	
2649 GOLDHILL ROAD	99709	-147.91191130287785	64.86034272107358	
2660 GOLDHILL ROAD	99709	-147.91218022946737	64.8611430280008	
2565 CRESBARD COURT	99709	-147.90177890887404	64.86250555167415	
2625 LUCKY LAW COURT	99709	-147.9071652637322	64.862214105494	
2635 LUCKY LAW COURT	99709	-147.90806839084203	64.86197741134856	
2645 LUCKY LAW COURT	99709	-147.90921824074357	64.86194518716235	
2655 LUCKY LAW COURT	99709	-147.91007758748478	64.86164850124543	
2640 LUCKY LAW COURT	99709	-147.90991343919353	64.86288429284703	
2650 LUCKY LAW COURT	99709	-147.91136065559724	64.8629474770606	
144 ROXIE ROAD	99709	-147.9114999096634	64.86197830577993	
124 ROXIE ROAD	99709	-147.91206317661928	64.86256859499875	
113 ROXIE ROAD	99709	-147.9139773521533	64.86288628005589	
105 ROXIE ROAD	99709	-147.91416080715092	64.86324276396915	
101 ROXIE ROAD	99709	-147.9154133613356	64.8634114426735	
2515 ALYSSA LOOP	99709	-147.90829955967132	64.86420495066353	
2585 ALYSSA LOOP	99709	-147.90997190597662	64.86510472283565	
2510 ALYSSA LOOP	99709	-147.90836110699792	64.86460293659736	
2520 ALYSSA LOOP	99709	-147.90897278418495	64.86439910314982	
2550 ALYSSA LOOP	99709	-147.909433238671	64.86431511393917	
470 SPRUCE HEN COURT	99709	-147.91438302991253	64.84551477492529	
2745 CHENA-ESTER DITCH ROAD	99709	-147.92125584549652	64.84307974245837	
2671 CHENA-ESTER DITCH ROAD	99709	-147.9133508922392	64.8447780966556	
2805 RELIANCE DRIVE	99709	-147.92657784071963	64.84599432345425	
2688 OLD CROW LANE	99709	-147.92002587402067	64.86081248932885	
2672 OLD CROW LANE	99709	-147.91973626166777	64.86088589933604	
2654 OLD CROW LANE	99709	-147.91941850328877	64.86096663987207	
2638 OLD CROW LANE	99709	-147.9191249204939	64.86104184253927	
2624 OLD CROW LANE	99709	-147.9188599729445	64.86111667431783	
2679 OLD CROW LANE	99709	-147.91947884839988	64.86054956942165	
2663 OLD CROW LANE	99709	-147.91917311858185	64.8606266698417	
2645 OLD CROW LANE	99709	-147.91887147830172	64.86070371775604	
2631 OLD CROW LANE	99709	-147.91858173986333	64.86077538536956	
2615 OLD CROW LANE	99709	-147.9182884027721	64.86085406672197	
2682 WILD IRIS LANE	99709	-147.91911408921845	64.86043060699646	
2664 WILD IRIS LANE	99709	-147.918812450892	64.86050765389075	
2646 WILD IRIS LANE	99709	-147.91852308664832	64.86058454274163	
2673 WILD IRIS LANE	99709	-147.91853323234287	64.86015244358133	
2610 WILD IRIS LANE	99709	-147.91793591837578	64.86073494312235	
2628 WILD IRIS LANE	99709	-147.91821351058846	64.86066517516976	
2655 WILD IRIS LANE	99709	-147.91824374494576	64.86022759175768	
2637 WILD IRIS LANE	99709	-147.91796231629223	64.86030089279112	
2813 OLD FAIRBANKS-NENANA HIGHWAY	99709	-147.92699643564444	64.85209942006223	
2589 WECOTA DRIVE	99709	-147.90470209335612	64.8588211509632	
2611 WECOTA DRIVE	99709	-147.90753846825274	64.85830886917108	
2621 WECOTA DRIVE	99709	-147.90820998628075	64.85814789699488	
325 FAITH LANE	99709	-147.92044244661255	64.8559380349116	
334 FAITH LANE	99709	-147.91776872551648	64.85665378671659	
530 CHANGE LANE	99709	-147.90802554097914	64.84433588886759	
550 CHANGE LANE	99709	-147.90877285732395	64.84255425397502	
134 BOATER'S LANE	99709	-147.88806749968296	64.86204560809172	
429 CRESTMONT DRIVE	99709	-147.88516231034322	64.84878032843176	
535 CRESTMONT DRIVE	99709	-147.89147864402244	64.84538334658544	
345 FAITH LANE	99709	-147.9172368927265	64.85552864010404	
330 FAITH LANE	99709	-147.91763989894545	64.85663791361455	
133 ALPENGLOW LANE	99709	-147.88699772359485	64.8620241207895	
570 CHANGE LANE	99709	-147.91032591918398	64.84229324685019	
574 CHANGE LANE	99709	-147.91031261627467	64.84226100200048	
597 KAY STREET	99709	-147.91011629186445	64.8413246225228	
2525 GOLDHILL ROAD	99709	-147.8953287760287	64.86109444572925	
2541 GOLDHILL ROAD	99709	-147.89975816029295	64.8616070519046	
2800 OLD FAIRBANKS-NENANA HIGHWAY	99709	-147.9266408083449	64.85314975085063	
419 FOREST HILLS COURT	99709	-147.88054380658224	64.84899878516566	
2621 WILD IRIS LANE	99709	-147.9176729496999	64.86037778001825	
2603 WILD IRIS LANE	99709	-147.9173754011613	64.8604547721335	
2630 DANDELION LANE	99709	-147.91757773135961	64.8601908911	
2608 DANDELION LANE	99709	-147.91727658724648	64.86027489640105	
2683 DANDELION LANE	99709	-147.91789026774973	64.85969218938271	
2661 DANDELION LANE	99709	-147.91759694241506	64.85977086843117	
2601 DANDELION LANE	99709	-147.91672439060596	64.85999635760969	
2608 OLD CROW LANE	99709	-147.91857077605243	64.86119600002543	
2562 STRAIGHT SHOT LANE	99709	-147.9053403086841	64.85627592941402	
269 SHLOMO LOOP	99709	-147.8844880756434	64.86948808167777	
268 SHLOMO LOOP	99709	-147.88508368147058	64.8695066778824	
278 SHLOMO LOOP	99709	-147.88572428712064	64.86950945204906	
283 SHLOMO LOOP	99709	-147.88675705491454	64.86947893190428	
2411 WOODMINSTER COURT	99709	-147.8856871428453	64.85191964428614	
394 CRESTMONT DRIVE	99709	-147.88294872201178	64.85026819894317	
2370 GOLDHILL ROAD	99709	-147.87829099863066	64.86205104303873	
111 SHEEP CREEK ROAD	99709	-147.88260465905282	64.86152045679961	
355 FAITH LANE	99709	-147.9141127306533	64.85665671085722	
2672 DANDELION LANE	99709	-147.9181650117634	64.86004223233138	
2652 DANDELION LANE	99709	-147.9178757725435	64.8601208600997	
655 SPLIT SHOT LANE	99709	-147.90493643107882	64.85649544438687	
500 SPLIT SHOT LANE	99709	-147.90445260112577	64.85693524803104	
600 SPLIT SHOT LANE	99709	-147.90506605423087	64.85667671223771	
2845 SARTY LANE	99709	-147.90244445503177	64.8662502838928	
2561 WECOTA DRIVE	99709	-147.90146600687058	64.859502016975	
2563 WECOTA DRIVE	99709	-147.90191180712645	64.85945410901694	
349 FAITH LANE	99709	-147.91637834979775	64.85585153385199	
320 FAITH LANE	99709	-147.9179893308589	64.85572173914333	
2640 CAMP COURT	99709	-147.90906679035993	64.85577307105429	
2638 CAMP COURT	99709	-147.90865893884694	64.85576530770786	
2564 STRAIGHT SHOT LANE	99709	-147.90569498887024	64.85628255804083	
2600 STRAIGHT SHOT LANE	99709	-147.90859645587324	64.85637074553061	
2572 STRAIGHT SHOT LANE	99709	-147.90693264263606	64.85635679952834	
2425 MARIA STREET	99709	-147.8868112980314	64.85678112840539	
2435 MARIA STREET	99709	-147.88787985450554	64.85652731799937	
2465 MARIA STREET	99709	-147.88851686736393	64.85656408697317	
2535 LITTLE SHOT ROAD	99709	-147.8999283816001	64.85683236503067	
2585 CRESBARD COURT	99709	-147.90372876540422	64.8625376215305	
133 ROXIE ROAD	99709	-147.912964164721	64.86195271741367	
127 ROXIE ROAD	99709	-147.9130666222587	64.86240349546566	
121 ROXIE ROAD	99709	-147.91419519360127	64.86239220747883	
2525 ALYSSA LOOP	99709	-147.90889308006584	64.86399900201033	
2535 ALYSSA LOOP	99709	-147.90950722344053	64.86386501078776	
2555 ALYSSA LOOP	99709	-147.9103242146623	64.86441607483897	
110 FAULK COUNTY ROAD	99709	-147.9046423696	64.86251786040468	
105 FAULK COUNTY ROAD	99709	-147.90620514201444	64.86235031111698	
2570 CRESBARD COURT	99709	-147.9024702722139	64.86330901018155	
2590 CRESBARD COURT	99709	-147.90422495174892	64.86377497690064	
140 FAULK COUNTY ROAD	99709	-147.90562612728525	64.86386010055674	
2310 MARIA STREET	99709	-147.8795629870262	64.8575447602189	
2740 RELIANCE DRIVE	99709	-147.92179772590555	64.84763010818075	
2639 DANDELION LANE	99709	-147.91729493518855	64.85984269267993	
2619 DANDELION LANE	99709	-147.91700520173697	64.85991435721657	
258 TOGA LANE	99709	-147.898497702046	64.85868116975394	
216 TOGA LANE	99709	-147.89942541543033	64.85898147768778	
214 TOGA LANE	99709	-147.90011497308228	64.85903818441699	
237 TOGA LANE	99709	-147.89968635017541	64.85847494619787	
211 TOGA LANE	99709	-147.90096682330977	64.85870001465652	
205 TOGA LANE	99709	-147.90135639736496	64.85890214638037	
197 TOGA LANE	99709	-147.90193885759624	64.85911514175464	
195 TOGA LANE	99709	-147.90206277159848	64.85915923467087	
105 CORNELIA LANE	99709	-147.8841189385651	64.86326870044397	
107 CORNELIA LANE	99709	-147.88322922384916	64.86318582875867	
2595 ALYSSA LOOP	99709	-147.909268231832	64.86523105283732	
250 TOGA LANE	99709	-147.8989798086312	64.85852672598051	
256 TOGA LANE	99709	-147.89863899938513	64.85863546460513	
233 TOGA LANE	99709	-147.90010743522046	64.85830040314437	
229 TOGA LANE	99709	-147.9004543346744	64.85847091702963	
225 TOGA LANE	99709	-147.90020047418065	64.8586032467678	
190 TOGA LANE	99709	-147.90201350761527	64.85941458534433	
213 TOGA LANE	99709	-147.90073094115334	64.85877702945186	
239 TOGA LANE	99709	-147.89916572581677	64.8588027750522	
224 TOGA LANE	99709	-147.8995940920066	64.85888766902512	
2576 EILEEN LANE	99709	-147.910527923857	64.86600211436274	
2573 EILEEN LANE	99709	-147.9110397183948	64.86632686772566	
2563 EILEEN LANE	99709	-147.9117147570347	64.8662187080522	
2564 EILEEN LANE	99709	-147.91131800040324	64.8658453845487	
2553 EILEEN LANE	99709	-147.91255240500482	64.865884836288	
2519 EILEEN LANE	99709	-147.91014822970962	64.86537357024244	
299 SHEEP CREEK ROAD	99709	-147.90099089029619	64.86932423091974	
554 DERBYSHIRE DRIVE	99709	-147.88936915507003	64.84416780719862	
350 FAITH LANE	99709	-147.916153887586	64.8566800696859	
2752 MIDWAY PLACER ROAD	99709	-147.92490871677157	64.85118710105786	
2752 MIDWAY PLACER ROAD	99709	-147.92392566529912	64.85117073619773	
2752 MIDWAY PLACER ROAD	99709	-147.92422448391292	64.85135196198613	
2752 MIDWAY PLACER ROAD	99709	-147.9231827168731	64.8512966899006	
2752 MIDWAY PLACER ROAD	99709	-147.9232409178314	64.85158943916556	
2752 MIDWAY PLACER ROAD	99709	-147.9243292942973	64.8521227029738	
2752 MIDWAY PLACER ROAD	99709	-147.9242479195655	64.85176679320406	
2752 MIDWAY PLACER ROAD	99709	-147.92357495252017	64.85191563999781	
2752 MIDWAY PLACER ROAD	99709	-147.92477956374233	64.85155366737196	
2752 MIDWAY PLACER ROAD	99709	-147.92387878840754	64.85181916386226	
2752 MIDWAY PLACER ROAD	99709	-147.92571522718222	64.85160236986981	
2752 MIDWAY PLACER ROAD	99709	-147.92285027683602	64.85134065184279	
2752 MIDWAY PLACER ROAD	99709	-147.9245660569211	64.85169657191848	
2752 MIDWAY PLACER ROAD	99709	-147.9244965350532	64.85133257715631	
2752 MIDWAY PLACER ROAD	99709	-147.92536305478197	64.85171798536456	
2752 MIDWAY PLACER ROAD	99709	-147.92371352021172	64.8515066457223	
2752 MIDWAY PLACER ROAD	99709	-147.9245157973854	64.85229744815075	
2752 MIDWAY PLACER ROAD	99709	-147.92596606378174	64.85172075293893	
2752 MIDWAY PLACER ROAD	99709	-147.9240171622467	64.85140752815856	
2752 MIDWAY PLACER ROAD	99709	-147.92525666989263	64.85144701290801	
2752 MIDWAY PLACER ROAD	99709	-147.92474267088545	64.85216759230872	
2752 MIDWAY PLACER ROAD	99709	-147.9256722254831	64.85186998759761	
2752 MIDWAY PLACER ROAD	99709	-147.92494052607006	64.85189268244831	
2380 HAWTHORNE COURT	99709	-147.88115692394538	64.85257347066255	
2835 SARTY LANE	99709	-147.90215049808629	64.8658320700822	
2840 SARTY LANE	99709	-147.90334319960937	64.86625507233563	
510 YAK ROAD	99709	-147.89843257650043	64.84556565546328	
510 YAK ROAD	99709	-147.89854626478555	64.84554095811674	
510 YAK ROAD	99709	-147.89865146623413	64.84553289094531	
510 YAK ROAD	99709	-147.89876922353253	64.84555526007306	
510 YAK ROAD	99709	-147.89885311373678	64.84559718492646	
510 YAK ROAD	99709	-147.8989055157178	64.8456409996886	
510 YAK ROAD	99709	-147.89922252021145	64.8459464857871	
510 YAK ROAD	99709	-147.89927444729503	64.84599383305661	
510 YAK ROAD	99709	-147.89926262995516	64.84603519541244	
510 YAK ROAD	99709	-147.8992107824164	64.8460800114869	
510 YAK ROAD	99709	-147.8990973305225	64.84610294212662	
510 YAK ROAD	99709	-147.89898263555682	64.84611964035145	
510 YAK ROAD	99709	-147.89794942878942	64.84564336889301	
510 YAK ROAD	99709	-147.8978381709232	64.84566546655415	
510 YAK ROAD	99709	-147.89776846920756	64.84584277210378	
510 YAK ROAD	99709	-147.8977167831886	64.84579365708325	
510 YAK ROAD	99709	-147.8977029318927	64.84574192167783	
510 YAK ROAD	99709	-147.89774991636958	64.84570230460913	
510 YAK ROAD	99709	-147.8985611356092	64.846234306083	
510 YAK ROAD	99709	-147.89844424643496	64.8462518359209	
510 YAK ROAD	99709	-147.89833216784817	64.84624910145995	
510 YAK ROAD	99709	-147.89824690169831	64.84623284173496	
510 YAK ROAD	99709	-147.8981598624729	64.84619881566591	
510 YAK ROAD	99709	-147.89812039055195	64.84615177204935	
510 YAK ROAD	99709	-147.89685014548826	64.84596657592036	
510 YAK ROAD	99709	-147.89694125573078	64.84595285612517	
510 YAK ROAD	99709	-147.897082811264	64.84593770208035	
510 YAK ROAD	99709	-147.89720256041235	64.84592333314959	
510 YAK ROAD	99709	-147.89729977467945	64.8459367875494	
510 YAK ROAD	99709	-147.8973407277294	64.84598829828455	
510 YAK ROAD	99709	-147.89767413644228	64.84631102614155	
510 YAK ROAD	99709	-147.89775678465526	64.84634671837065	
510 YAK ROAD	99709	-147.8978184400479	64.84638366917648	
510 YAK ROAD	99709	-147.89782079094135	64.84642803521854	
510 YAK ROAD	99709	-147.89775791560524	64.8464619479101	
510 YAK ROAD	99709	-147.89766082696178	64.84648704922118	
510 YAK ROAD	99709	-147.89728055183878	64.8466511230802	
510 YAK ROAD	99709	-147.89721480246575	64.8466817906199	
510 YAK ROAD	99709	-147.8971362379435	64.84670205991664	
510 YAK ROAD	99709	-147.89701536654763	64.8467021349454	
510 YAK ROAD	99709	-147.8969410770933	64.84667309175751	
510 YAK ROAD	99709	-147.8969120721851	64.84664212928213	
510 YAK ROAD	99709	-147.8965210872809	64.84630784687853	
510 YAK ROAD	99709	-147.8964183951573	64.84626096582309	
510 YAK ROAD	99709	-147.89639965428756	64.84622420203408	
510 YAK ROAD	99709	-147.8964075708873	64.84618304763602	
510 YAK ROAD	99709	-147.89650220498635	64.84614905168654	
510 YAK ROAD	99709	-147.8965732785971	64.84613162503028	
510 YAK ROAD	99709	-147.8961126913203	64.84648949191148	
510 YAK ROAD	99709	-147.89569279253536	64.84647520503952	
510 YAK ROAD	99709	-147.8957510490392	64.84644738138148	
510 YAK ROAD	99709	-147.89582098110202	64.84642085085932	
510 YAK ROAD	99709	-147.89595548083543	64.84642514356146	
510 YAK ROAD	99709	-147.89604421121044	64.84645252245977	
510 YAK ROAD	99709	-147.89648303473655	64.84680108371715	
510 YAK ROAD	99709	-147.8965615078589	64.84683426256319	
510 YAK ROAD	99709	-147.89660718121274	64.84686462483602	
510 YAK ROAD	99709	-147.89660594390182	64.84690896844712	
510 YAK ROAD	99709	-147.89654633095054	64.8469468447215	
510 YAK ROAD	99709	-147.89645473486624	64.84697587191978	
510 YAK ROAD	99709	-147.89608205120805	64.84712107423006	
510 YAK ROAD	99709	-147.8959977118233	64.8471606995348	
510 YAK ROAD	99709	-147.89590142111524	64.84717179542452	
510 YAK ROAD	99709	-147.89580990603045	64.84717090557885	
510 YAK ROAD	99709	-147.8957127388739	64.84714163929537	
510 YAK ROAD	99709	-147.89566371622456	64.84710682556494	
510 YAK ROAD	99709	-147.8953038329224	64.84680557222669	
510 YAK ROAD	99709	-147.895229614303	64.84677014270703	
510 YAK ROAD	99709	-147.89517693675117	64.84673607982802	
510 YAK ROAD	99709	-147.89518000333385	64.84668404873558	
510 YAK ROAD	99709	-147.89526045121139	64.846643992518	
510 YAK ROAD	99709	-147.8953268272803	64.8466204014946	
510 YAK ROAD	99709	-147.89452402123453	64.84696469526791	
510 YAK ROAD	99709	-147.89458759273657	64.84693263172804	
510 YAK ROAD	99709	-147.8946613929326	64.84691258334362	
510 YAK ROAD	99709	-147.89477578460492	64.84691369654203	
510 YAK ROAD	99709	-147.89484258010583	64.84694558305966	
510 YAK ROAD	99709	-147.89489992051267	64.84698900423696	
510 YAK ROAD	99709	-147.89527211850825	64.84728971928882	
510 YAK ROAD	99709	-147.89533846392212	64.84732495572861	
510 YAK ROAD	99709	-147.89538326818996	64.84735882639082	
510 YAK ROAD	99709	-147.89538757660546	64.847400112024	
510 YAK ROAD	99709	-147.89533283123362	64.84743995552138	
510 YAK ROAD	99709	-147.89524794592018	64.84746897806147	
510 YAK ROAD	99709	-147.8948754217104	64.84762460318487	
510 YAK ROAD	99709	-147.89478800313321	64.84765776576566	
510 YAK ROAD	99709	-147.89473135354302	64.84768243501193	
510 YAK ROAD	99709	-147.89464153002433	64.84768948588705	
510 YAK ROAD	99709	-147.89457867026783	64.84765769538461	
510 YAK ROAD	99709	-147.89451418180514	64.84762334395627	
510 YAK ROAD	99709	-147.89417107781193	64.84729728430456	
510 YAK ROAD	99709	-147.89410197587816	64.84726786314958	
510 YAK ROAD	99709	-147.8940238040745	64.84722662105774	
510 YAK ROAD	99709	-147.89401228637936	64.84718902557816	
510 YAK ROAD	99709	-147.89408134955573	64.84715138084024	
510 YAK ROAD	99709	-147.8941682257306	64.84712223938482	
349 FAITH LANE	99709	-147.9164074953323	64.85567313606882	
349 FAITH LANE	99709	-147.91639502677697	64.8554980132083	
349 FAITH LANE	99709	-147.91570658823605	64.85586566564373	
349 FAITH LANE	99709	-147.91566634483763	64.85575252411422	
349 FAITH LANE	99709	-147.9153992270406	64.8556628449276	
111 SHEEP CREEK ROAD	99709	-147.8822021960492	64.86152879640227	
111 SHEEP CREEK ROAD	99709	-147.88424510159612	64.86151021918688	
111 SHEEP CREEK ROAD	99709	-147.88384524150985	64.86150799733066	
111 SHEEP CREEK ROAD	99709	-147.88343448093593	64.86151319879235	
111 SHEEP CREEK ROAD	99709	-147.88302942206488	64.86151832694107	
159 NASH STREET	99709	-147.89289290623736	64.85794625739123	
142 NASH STREET	99709	-147.89251945415614	64.85870743592587	
2449 MARIA STREET	99709	-147.8880719567201	64.8581529416392	
2626 LUCKY LAW COURT	99709	-147.9088834682455	64.86299878319245	
2630 LUCKY LAW COURT	99709	-147.90862778562933	64.86363665905509	
2531 WECOTA DRIVE	99709	-147.90105584261138	64.86075444946636	
2531 WECOTA DRIVE	99709	-147.90099057472162	64.86109479764865	
2531 WECOTA DRIVE	99709	-147.90027276387255	64.86120606098352	
2531 WECOTA DRIVE	99709	-147.90036030108175	64.86094377836152	
495 VANWOOD TRAIL	99709	-147.919320548896	64.85226218945628	
320 FAITH LANE	99709	-147.9182952051052	64.85565595159959	
320 FAITH LANE	99709	-147.9185285584572	64.85554612201791	
320 FAITH LANE	99709	-147.91873029814914	64.85540999570084	
320 FAITH LANE	99709	-147.91899185152272	64.8552787201028	
2310 MARIA STREET	99709	-147.87903698383187	64.85764151147053	
2595 WECOTA DRIVE	99709	-147.90533230796373	64.85853104129788	
2776 GOLDHILL ROAD	99709	-147.92486785183107	64.85810105355101	
2332 CHENA RIDGE SPUR ROAD	99709	-147.87901468313729	64.85104594636648	
2365 MARIA STREET	99709	-147.8846751353735	64.85809211415476	
2541 LITTLE SHOT ROAD	99709	-147.90125144627882	64.85680633011019	
2360 MARIA STREET	99709	-147.88366226806298	64.85872544908982	
2360 MARIA STREET	99709	-147.8835632717096	64.85886775786335	
2360 MARIA STREET	99709	-147.88347027636672	64.85902812664641	
2360 MARIA STREET	99709	-147.8833685165158	64.85919868163292	
2360 MARIA STREET	99709	-147.88454352102988	64.85879488945865	
2360 MARIA STREET	99709	-147.88424978426428	64.85926812369652	
2360 MARIA STREET	99709	-147.88435153877757	64.85909756812359	
2360 MARIA STREET	99709	-147.884444529095	64.8589371988051	
2350 MARIA STREET	99709	-147.88251211170345	64.85853648817736	
2350 MARIA STREET	99709	-147.8823735556525	64.85865511625884	
2350 MARIA STREET	99709	-147.88213453087369	64.8588274074429	
2350 MARIA STREET	99709	-147.88199597167548	64.85894603517703	
2350 MARIA STREET	99709	-147.88325933777298	64.85865397887137	
2350 MARIA STREET	99709	-147.8831603395422	64.85879628738331	
2350 MARIA STREET	99709	-147.88298856871688	64.85898183371363	
2350 MARIA STREET	99709	-147.88282054141658	64.85915322719495	
490 VANWOOD TRAIL	99709	-147.9215388078013	64.85126867582873	
170 JAVA LANE	99709	-147.89472269896666	64.86033337680772	
2515 MARIA STREET	99709	-147.89113904251457	64.85673241050826	
2515 MARIA STREET	99709	-147.89121909495154	64.85647880939864	
139 FAULK COUNTY ROAD	99709	-147.90676321475476	64.86359586110163	
139 FAULK COUNTY ROAD	99709	-147.90723045239497	64.86335968374172	
2598 DUPA ROAD	99709	-147.90507125163924	64.84215649989714	
585 RIDGECREST DRIVE	99709	-147.90502374564804	64.84217491558255	
145 SUNDOG LANE	99709	-147.8942448617751	64.86135024482236	
171 SUNDOG LANE	99709	-147.8939868472027	64.86027730164535	
172 SUNDOG LANE	99709	-147.8938869263451	64.8601586829681	
173 SUNDOG LANE	99709	-147.89434866683274	64.86023969982064	
454 VANWOOD TRAIL	99709	-147.91926369735853	64.85043981192692	
460 VANWOOD TRAIL	99709	-147.92032726442935	64.85020285512563	
480 VANWOOD TRAIL	99709	-147.9212324960673	64.85089804457117	
2709 CHENA-ESTER DITCH ROAD	99709	-147.91483657486276	64.8444914269658	
2679 PARKS HIGHWAY	99709	-147.91272086473197	64.85640299677105	
2679 PARKS HIGHWAY	99709	-147.91235140840223	64.85642674186606	
2679 PARKS HIGHWAY	99709	-147.9133236087248	64.85679530281483	
2575 WECOTA DRIVE	99709	-147.90328597409797	64.85864132282768	
2575 WECOTA DRIVE	99709	-147.90289804974273	64.85852282619342	
2575 WECOTA DRIVE	99709	-147.90218553619124	64.85842367569063	
2575 WECOTA DRIVE	99709	-147.90238555436062	64.85828436242124	
2575 WECOTA DRIVE	99709	-147.9036993835947	64.85836252179897	
2575 WECOTA DRIVE	99709	-147.90391037952764	64.85869411215685	
2575 WECOTA DRIVE	99709	-147.90383008665523	64.85894775743267	
240 ACE LAKE LANE	99709	-147.92640988697272	64.85741657971025	
210 ACE LAKE LANE	99709	-147.92762168808926	64.85804904895106	
2236 ACE LAKE LANE	99709	-147.92684730447326	64.8574845151841	
2755 MIDWAY PLACER ROAD	99709	-147.92277423312387	64.8509672989089	
2530 GOLDHILL ROAD	99709	-147.89898372287723	64.86249578899006	
2530 GOLDHILL ROAD	99709	-147.8985908311017	64.86255711764119	
2530 GOLDHILL ROAD	99709	-147.89852609605865	64.86269520749887	
2530 GOLDHILL ROAD	99709	-147.8988072761506	64.8622235131536	
2530 GOLDHILL ROAD	99709	-147.89756255525643	64.86194023190754	
2530 GOLDHILL ROAD	99709	-147.8977269980562	64.86215986804649	
2530 GOLDHILL ROAD	99709	-147.8975332811113	64.86222921183396	
2530 GOLDHILL ROAD	99709	-147.89733865641918	64.86216834208926	
2530 GOLDHILL ROAD	99709	-147.8975000460192	64.86210996994211	
133 ROXIE ROAD	99709	-147.91303481096543	64.86194136197035	
133 ROXIE ROAD	99709	-147.91311843755557	64.86192414140083	
133 ROXIE ROAD	99709	-147.9132047664688	64.861913534467	
380 MORNINGSIDE DRIVE	99709	-147.8799103214848	64.85122380762144	
2305 MARIA STREET	99709	-147.88056953086482	64.85715865459171	
2325 MARIA STREET	99709	-147.8817724720938	64.85768211633294	
2345 MARIA STREET	99709	-147.88352746721972	64.8570575725341	
2355 MARIA STREET	99709	-147.8841732831714	64.85718234479324	
2385 MARIA STREET	99709	-147.88564725010292	64.85661818224607	
2395 MARIA STREET	99709	-147.8862526213779	64.85701810741423	
2405 MARIA STREET	99709	-147.88594242673543	64.85826994468923	
2415 MARIA STREET	99709	-147.8871621217385	64.85756787682134	
2425 MARIA STREET	99709	-147.88723649533011	64.85660479073124	
2455 MARIA STREET	99709	-147.888352838133	64.85826664903921	
2465 MARIA STREET	99709	-147.88864270511905	64.85695755868971	
2475 MARIA STREET	99709	-147.88947808360976	64.85689647847569	
2505 MARIA STREET	99709	-147.8904341627547	64.85687104068451	
2545 MARIA STREET	99709	-147.89290402675223	64.85650306078759	
2335 MARIA STREET	99709	-147.883447607177	64.85777274217487	
810 SHEEP CREEK ROAD	99709	-147.9431691596906	64.89291120685574	
2365 PRUITT LANE	99709	-147.88349781688856	64.8747477024958	
2399 SIBERIAN TIT TRAIL	99709	-147.88841418248592	64.88589167499975	
2600 MARE'S TAIL LANE	99709	-147.90768239629872	64.88709182711756	
2626 GAIA LANE	99709	-147.91223724064304	64.88086481139534	
785 SCHLOESSER DRIVE	99709	-147.96009614071266	64.89376343516737	
2610 MARE'S TAIL LANE	99709	-147.90958157609333	64.88746994104142	
398 CINNABAR DRIVE	99709	-147.90248871131206	64.87682129487844	
382 CINNABAR DRIVE	99709	-147.90195918967444	64.87612159654445	
362 SHEEP CREEK ROAD	99709	-147.90016817298215	64.87267203929672	
456 MILLER HILL ROAD	99709	-147.87804016921913	64.87912377428376	
2860 SAXON AVENUE	99709	-147.93069533549803	64.8876480055025	
2590 HOME RUN	99709	-147.90655097216586	64.88383166823687	
2610 HOME RUN	99709	-147.90932146533808	64.88374722358935	
2615 HOME RUN	99709	-147.90832672680213	64.88299608058325	
695 MCFADDEN LANE	99709	-147.94911998055662	64.89040210030664	
661 MCFADDEN LANE	99709	-147.9494260320401	64.88927076652251	
2960 ESTER DOME ROAD	99709	-147.9475464289773	64.89221639139475	
3023 ESTER DOME ROAD	99709	-147.95302353166483	64.89121263318177	
485 LINE DRIVE	99709	-147.91537255500896	64.88096340795633	
495 LINE DRIVE	99709	-147.91575759090557	64.88142788687955	
505 LINE DRIVE	99709	-147.91570303879894	64.88221446782242	
548 SHEEP CREEK ROAD	99709	-147.92077318004783	64.88284246781762	
615 SHEEP CREEK ROAD	99709	-147.924756145188	64.88510659740017	
2345 SOLOMON LANE	99709	-147.88246991815285	64.8698085181521	
232 SHEEP CREEK ROAD	99709	-147.89077157092652	64.87011778116616	
2434 KILLARNEY WAY	99709	-147.88987034938688	64.8714479263057	
2355 B-LINE COURT	99709	-147.88385190497334	64.87102016059485	
2351 B-LINE COURT	99709	-147.88248011035282	64.87132405238587	
2341 B-LINE COURT	99709	-147.88149374048132	64.87108507883627	
325 JACOBSON LANE	99709	-147.88421677414973	64.87386245491783	
341 MILLER HILL ROAD	99709	-147.88201065446867	64.87443958066622	
375 MILLER HILL ROAD	99709	-147.88149517700546	64.87603348130418	
2358 PRUITT LANE	99709	-147.8830530132341	64.87617685602874	
2362 PRUITT LANE	99709	-147.88426398914828	64.87562394406139	
2481 LAWLOR ROAD	99709	-147.89411798222534	64.87597303396342	
2449 LAWLOR ROAD	99709	-147.8905765440668	64.87768785190259	
2455 LAWLOR ROAD	99709	-147.89370843142902	64.87749966647279	
3031 ESTER DOME ROAD	99709	-147.95399370352328	64.89114031745787	
3079 ESTER DOME ROAD	99709	-147.95893694169808	64.89111405210402	
3093 ESTER DOME ROAD	99709	-147.96091642688953	64.89070608872986	
537 SAINT PATRICK ROAD	99709	-147.96430772966295	64.88303538223514	
540 SAINT PATRICK ROAD	99709	-147.96145327584773	64.88105087962467	
531 SAINT PATRICK ROAD	99709	-147.9637246991489	64.88306800430297	
499 SAINT PATRICK ROAD	99709	-147.9635005481309	64.87987205630608	
3225 FITZPATRICK'S LANE	99709	-147.97258010340747	64.87273521394721	
685 MILLER HILL ROAD	99709	-147.88182166854727	64.890004665096	
641 MILLER HILL ROAD	99709	-147.8828453444265	64.88856972753108	
608 FOX HOLLOW LANE	99709	-147.88434334952626	64.88522813615224	
2700 LAWLOR ROAD	99709	-147.89026379765536	64.8854690872046	
2780 LAWLOR ROAD	99709	-147.89132170107774	64.88745707165158	
2441 LAWLOR ROAD	99709	-147.89911598849426	64.88337292251363	
2650 MARE'S TAIL LANE	99709	-147.91356848883134	64.88714907974884	
572 LINE DRIVE	99709	-147.9133641422901	64.88564430951536	
725 MILLER HILL ROAD	99709	-147.88179329858642	64.8922620780437	
2650 HOME RUN	99709	-147.91353224593567	64.8837714166552	
2475 LAWLOR ROAD	99709	-147.89068853866348	64.87617937337255	
260 SHEEP CREEK ROAD	99709	-147.89308370082793	64.87022796576048	
282 HAY WAY	99709	-147.89675466310285	64.87199340532463	
3063 ESTER DOME ROAD	99709	-147.95762661149672	64.89085399882153	
3071 ESTER DOME ROAD	99709	-147.9579726959284	64.89113954654005	
711 SAINT PATRICK ROAD	99709	-147.97208947466422	64.88890084334015	
3243 ESTER DOME ROAD	99709	-147.9682105041244	64.89107757450864	
3221 ESTER DOME ROAD	99709	-147.96394404450098	64.89116838510199	
410 SAINT PATRICK ROAD	99709	-147.9697760835952	64.8751898270581	
3255 FITZPATRICK'S LANE	99709	-147.97647541780844	64.87266387019177	
2454 KILLARNEY WAY	99709	-147.8917800275565	64.87138411394245	
2338 B-LINE COURT	99709	-147.8812846285593	64.871737287504	
2344 B-LINE COURT	99709	-147.8821523697206	64.8721472168987	
321 MILLER HILL ROAD	99709	-147.88263506572906	64.873284599967	
300 HAY WAY	99709	-147.89522449884495	64.87271999027121	
2394 PRUITT LANE	99709	-147.88804579961857	64.87565894700764	
2351 LAWLOR ROAD	99709	-147.88337026085156	64.87693918521018	
2411 LAWLOR ROAD	99709	-147.88716393725872	64.8772275040576	
2671 BLACK SHEEP LANE	99709	-147.91544223083486	64.88374783354692	
2687 BLACK SHEEP LANE	99709	-147.91753041877055	64.88362205839601	
2701 BLACK SHEEP LANE	99709	-147.92083885259527	64.88356532779824	
2721 BLACK SHEEP LANE	99709	-147.91973566410306	64.88411356035985	
570 MCFADDEN LANE	99709	-147.94731982158834	64.8844013889177	
711 SHEEP CREEK ROAD	99709	-147.94135346789045	64.89017562410561	
2965 ESTER DOME ROAD	99709	-147.9481175838599	64.89079581877829	
2984 ESTER DOME ROAD	99709	-147.94949148720565	64.89224548423479	
2999 ESTER DOME ROAD	99709	-147.95031547363791	64.89098200697394	
3009 ESTER DOME ROAD	99709	-147.9512545877731	64.89126885743794	
3047 ESTER DOME ROAD	99709	-147.95569209400958	64.89115015436207	
3055 ESTER DOME ROAD	99709	-147.95651129737482	64.89113097798489	
2354 B-LINE COURT	99709	-147.88379968398874	64.8720452740505	
2630 MARE'S TAIL LANE	99709	-147.91170608091392	64.88739055269393	
2930 SAXON AVENUE	99709	-147.9428531966502	64.8872695232344	
691 VIKING COURT	99709	-147.9435442353866	64.88843250507651	
690 VIKING COURT	99709	-147.93988445737324	64.88866821063397	
655 VIKING COURT	99709	-147.94125088210797	64.88758478610684	
735 SHEEP CREEK ROAD	99709	-147.94304575240037	64.8915465198683	
685 VIKING COURT	99709	-147.9413510955927	64.88830196659647	
705 SHEEP CREEK ROAD	99709	-147.9411146077449	64.88945075131765	
695 VIKING COURT	99709	-147.94303371118338	64.88889430279849	
2938 SAXON AVENUE	99709	-147.94385684263415	64.88728042311077	
670 SHEEP CREEK ROAD	99709	-147.92251056601913	64.8895614983075	
780 SHEEP CREEK ROAD	99709	-147.93490732373155	64.89006627944408	
3261 FITZPATRICK'S LANE	99709	-147.97716887399648	64.87263978693616	
2584 HAFELE AVENUE	99709	-147.9055269745286	64.88575613441081	
2560 HAFELE AVENUE	99709	-147.90366098269092	64.88579985702933	
2949 SAXON AVENUE	99709	-147.94589040052	64.886523627347	
2945 SAXON AVENUE	99709	-147.94490073660847	64.8857162965532	
2912 SAXON AVENUE	99709	-147.93706524442322	64.88818985579672	
2697 BLACK SHEEP LANE	99709	-147.91822258989197	64.88261422055925	
815 SHEEP CREEK ROAD	99709	-147.9459110248307	64.89294749568653	
2475 KILLARNEY WAY	99709	-147.89426550763443	64.87039337232675	
815 SCHLOESSER DRIVE	99709	-147.96069595776964	64.89507733386769	
2640 GAIA LANE	99709	-147.91323651833886	64.88104507859342	
745 SHEEP CREEK ROAD	99709	-147.94474929392274	64.89216322956362	
760 SCHLOESSER DRIVE	99709	-147.95712105332345	64.89399226763463	
787 ARBUCKLE COURT	99709	-147.95320531655602	64.89411577098147	
801 ARBUCKLE COURT	99709	-147.95196838879488	64.89472818966475	
811 ARBUCKLE COURT	99709	-147.95061038599738	64.89579710971313	
830 SHEEP CREEK ROAD	99709	-147.93888410307173	64.89609883619534	
831 SHEEP CREEK ROAD	99709	-147.94800047915575	64.8966478848294	
3036 ESTER DOME ROAD	99709	-147.9537608503914	64.89268591221048	
734 SCHLOESSER DRIVE	99709	-147.9559086863387	64.89201040740726	
3080 ESTER DOME ROAD	99709	-147.9587845415071	64.89192985046961	
3061 LITTLE DOME COURT	99709	-147.95601948799683	64.89780681141185	
756 MILLER HILL ROAD	99709	-147.8792136511988	64.89369213554093	
824 SHEEP CREEK ROAD	99709	-147.93975149746586	64.89621420633746	
3014 ESTER DOME ROAD	99709	-147.9522534854533	64.89227577367444	
820 SCHLOESSER DRIVE	99709	-147.95872208726584	64.89554943005949	
825 SCHLOESSER DRIVE	99709	-147.96234252709797	64.89642958273988	
790 ARBUCKLE COURT	99709	-147.9510182287569	64.89438854505379	
784 ARBUCKLE COURT	99709	-147.9514336334911	64.8937529301879	
2865 SAXON AVENUE	99709	-147.9307124526033	64.88650328934649	
620 MAMMOTH DRIVE	99709	-147.92803549146365	64.88639387096374	
384 CINNABAR DRIVE	99709	-147.90202197058954	64.87613994699207	
410 CINNABAR DRIVE	99709	-147.90274585495138	64.87756309856654	
590 MAMMOTH DRIVE	99709	-147.92863049930912	64.88537596511284	
2929 ESTER DOME ROAD	99709	-147.94392236126598	64.89083381515009	
760 SHEEP CREEK ROAD	99709	-147.9277390879298	64.88941059985999	
800 SHEEP CREEK ROAD	99709	-147.93752558452923	64.89055272464691	
257 SHLOMO LOOP	99709	-147.88428308244562	64.87007231412368	
286 SHLOMO LOOP	99709	-147.8865036186525	64.86973702058513	
293 SHLOMO LOOP	99709	-147.8875615983725	64.86991965894987	
297 SHLOMO LOOP	99709	-147.88757306750784	64.87019263236022	
306 SHLOMO LOOP	99709	-147.88639146935714	64.87016513869541	
3235 FITZPATRICK'S LANE	99709	-147.97541667918028	64.87303971759053	
582 MCFADDEN LANE	99709	-147.9472533334827	64.88566259996033	
2615 HAFELE AVENUE	99709	-147.908687043001	64.88460525767638	
475 LINE DRIVE	99709	-147.9153619705848	64.88047642749994	
670 MAMMOTH DRIVE	99709	-147.92819476675868	64.88744866051363	
690 MAMMOTH DRIVE	99709	-147.92811885767617	64.88818692071622	
595 MAMMOTH DRIVE	99709	-147.9310036889315	64.88551340397494	
2926 ESTER DOME ROAD	99709	-147.94265958413305	64.89130417699396	
2918 ESTER DOME ROAD	99709	-147.9417442302716	64.89112296944354	
724 MILLER HILL ROAD	99709	-147.87872234164325	64.8909353847429	
635 FOX HOLLOW LANE	99709	-147.88598571497417	64.88731163057052	
639 FOX HOLLOW LANE	99709	-147.88723620658823	64.88729020018484	
2390 SIBERIAN TIT TRAIL	99709	-147.88628408929398	64.88676055030467	
2660 LAWLOR ROAD	99709	-147.89534107425845	64.88537549409234	
2550 LAWLOR ROAD	99709	-147.88701900463371	64.8808766814492	
2431 LAWLOR ROAD	99709	-147.90103071547338	64.88231527640592	
2597 HAFELE AVENUE	99709	-147.90798878574583	64.88470404085167	
2585 HOME RUN	99709	-147.90649632536181	64.88280116433563	
2615 STODDEN LANE	99709	-147.90851551550293	64.88167524454552	
2575 YANKOVICH ROAD WEST	99709	-147.9053113344477	64.87747856508338	
395 CINNABAR DRIVE	99709	-147.90500125607994	64.87675092621501	
555 LINE DRIVE	99709	-147.91530307604242	64.88445681179819	
583 MILLER HILL ROAD	99709	-147.88128349914524	64.884821704461	
2593 LAWLOR ROAD	99709	-147.89021673786007	64.88248779347012	
533 MILLER HILL ROAD	99709	-147.88152458276602	64.8824934603229	
256 SHLOMO LOOP	99709	-147.88525342916597	64.87024736640502	
2495 KILLARNEY WAY	99709	-147.89656442315786	64.87047731476541	
2457 LAWLOR ROAD	99709	-147.89413608411263	64.87710841874865	
2459 LAWLOR ROAD	99709	-147.89399000052725	64.87662039668469	
406 LAWLOR ROAD	99709	-147.89679379820603	64.87698402290111	
2645 HOME RUN	99709	-147.91337719528528	64.88292709308922	
2631 HOME RUN	99709	-147.91063169033956	64.88291725455626	
2641 STODDEN LANE	99709	-147.9121459072141	64.88165387895468	
2591 YANKOVICH ROAD WEST	99709	-147.90666183078977	64.87743054553377	
381 CINNABAR DRIVE	99709	-147.90460909492867	64.87600102801774	
363 CINNABAR DRIVE	99709	-147.90364192632398	64.8752624215434	
368 CINNABAR DRIVE	99709	-147.90187585355633	64.87558967951603	
350 CINNABAR DRIVE	99709	-147.90136214969903	64.87495250672254	
338 CINNABAR DRIVE	99709	-147.90071652463715	64.87403402121767	
2655 HAFELE AVENUE	99709	-147.91328904036908	64.884749829599	
2635 HAFELE AVENUE	99709	-147.91132927232584	64.88466466255606	
2630 HOME RUN	99709	-147.9119592488548	64.88396244518275	
2910 SAXON AVENUE	99709	-147.93706587053018	64.88769454896944	
2908 SAXON AVENUE	99709	-147.93651705446675	64.88753010683159	
480 MILLER HILL ROAD	99709	-147.87992695144953	64.88005192638217	
3202 PANDALUNA AVENUE	99709	-147.97205659545796	64.87096807069248	
3140 PANDALUNA AVENUE	99709	-147.9676853660091	64.87013633091162	
3132 PANDALUNA AVENUE	99709	-147.96687062222446	64.87019553987416	
3186 PANDALUNA AVENUE	99709	-147.97055784284484	64.87013541763696	
2925 SAXON AVENUE	99709	-147.9413892161911	64.88653405053444	
2905 SAXON AVENUE	99709	-147.9369589173325	64.8864324083002	
830 SHEEP CREEK ROAD	99709	-147.93916777370757	64.8961150229201	
618 MCFADDEN LANE	99709	-147.94771437245188	64.888671718241	
830 SHEEP CREEK ROAD	99709	-147.93905994270128	64.89610072445716	
745 SHEEP CREEK ROAD	99709	-147.94476036421375	64.89208662053402	
745 SHEEP CREEK ROAD	99709	-147.94476658194782	64.89201948633746	
745 SHEEP CREEK ROAD	99709	-147.94477782226102	64.89194522794527	
745 SHEEP CREEK ROAD	99709	-147.94478940276457	64.89187567083113	
745 SHEEP CREEK ROAD	99709	-147.94480149352177	64.89181316473835	
2664 STODDEN LANE	99709	-147.91387212631832	64.88221928467357	
808 SHEEP CREEK ROAD	99709	-147.94126647903482	64.89205550837869	
806 SHEEP CREEK ROAD	99709	-147.94103551417177	64.89171197563097	
468 LINE DRIVE	99709	-147.90834428153005	64.88012537173788	
2441 LAWLOR ROAD	99709	-147.89808129181657	64.88408063057001	
2441 LAWLOR ROAD	99709	-147.8986209496293	64.8831211011725	
524 MILLER HILL ROAD	99709	-147.87857756971655	64.88213776123158	
745 SHEEP CREEK ROAD	99709	-147.94479196076966	64.89174139416217	
741 SCHLOESSER DRIVE	99709	-147.96017689508534	64.89279920962137	
2633 HOME RUN	99709	-147.9117984321749	64.88307861360688	
3055 SPONY LANE	99709	-147.95840411698458	64.89440113632702	
3050 SPONY LANE	99709	-147.9584259075092	64.89477818977355	
3043 SPONY LANE	99709	-147.9572260566656	64.89464399879566	
3040 SPONY LANE	99709	-147.9572571501885	64.89491450150615	
3046 SPONY LANE	99709	-147.9579920517696	64.89491935202564	
2700 BLACK SHEEP LANE	99709	-147.92055692332468	64.88409657871105	
3045 SAXON AVENUE	99709	-147.95649010797567	64.88664308770151	
3039 SAXON AVENUE	99709	-147.95639365187208	64.88550250798896	
2991 SAXON AVENUE	99709	-147.9497386082726	64.88633643931595	
2880 SAXON AVENUE	99709	-147.93257923071243	64.88830747997062	
615 SHEEP CREEK ROAD	99709	-147.9246850794607	64.88537817975869	
615 SHEEP CREEK ROAD	99709	-147.92451982660629	64.8856452816708	
615 SHEEP CREEK ROAD	99709	-147.92519839354756	64.88561798750459	
615 SHEEP CREEK ROAD	99709	-147.92523159327905	64.88533264922032	
3026 SAXON AVENUE	99709	-147.95202963172164	64.88810847830199	
2914 SAXON AVENUE	99709	-147.9386931145005	64.88724965819029	
499 LINE DRIVE	99709	-147.91960194016116	64.88209063286618	
2882 SAXON AVENUE	99709	-147.93449744809524	64.88836863178949	
2884 SAXON AVENUE	99709	-147.93441050471557	64.88735477162946	
3038 SAXON AVENUE	99709	-147.95404358101405	64.88738757019746	
2628 HOME RUN	99709	-147.91150247902354	64.88369859987668	
3370 MOOSE MOUNTAIN ROAD	99709	-147.98900762859975	64.93223953543466	
3921 MURPHY DOME ROAD	99709	-148.04901007590473	64.92731797615978	
3845 MURPHY DOME ROAD	99709	-148.0395362072762	64.92652997260551	
3805 MURPHY DOME ROAD	99709	-148.03704073206185	64.92623232789336	
1602 PHOTON DRIVE	99709	-148.00715234273474	64.93197052291193	
3611 KEYSTONE ROAD	99709	-148.01304502021748	64.93382349314365	
4075 MURPHY DOME ROAD	99709	-148.06349667503105	64.92999626977053	
3961 MURPHY DOME ROAD	99709	-148.05550941251934	64.92789524051976	
4055 MURPHY DOME ROAD	99709	-148.06168782026606	64.9295953798813	
4035 MURPHY DOME ROAD	99709	-148.0595316926718	64.92919189685152	
4015 MURPHY DOME ROAD	99709	-148.05723407803512	64.92904902150184	
4185 MURPHY DOME ROAD	99709	-148.0755349159704	64.92963535136977	
1638 SUNLIGHT DRIVE	99709	-148.00063373205506	64.9341149507071	
3618 HARDLUCK DRIVE	99709	-148.0158960230168	64.92916681304054	
3601 KEYSTONE ROAD	99709	-148.0132421773079	64.93532892870098	
1639 SUNLIGHT DRIVE	99709	-148.00226721926956	64.9333020610224	
1649 SUNLIGHT DRIVE	99709	-148.00223646575608	64.93377696445039	
3590 MOOSE MOUNTAIN ROAD	99709	-147.99770543456148	64.931304953343	
1658 SUNLIGHT DRIVE	99709	-148.00115991144975	64.93525888784096	
3621 MOOSE MOUNTAIN ROAD	99709	-147.9947768608273	64.92979146862014	
1627 SUNLIGHT DRIVE	99709	-148.00359202675324	64.93193339605632	
1529 PHOTON DRIVE	99709	-148.0142821311513	64.93140026584722	
3695 SPINACH CREEK ROAD	99709	-148.02524425407128	64.93173008442541	
3613 KEYSTONE ROAD	99709	-148.01560054571215	64.93347801213349	
1640 SNOWBASIN ROAD	99709	-147.97852782144903	64.93103994143083	
3560 MOOSE MOUNTAIN ROAD	99709	-147.99804280731271	64.93217362587643	
1469 JENNIFER DRIVE	99709	-147.97926738829008	64.92536453280641	
1482 JENNIFER DRIVE	99709	-147.9801402173279	64.9261001516468	
1488 JENNIFER DRIVE	99709	-147.98127160278267	64.92603267162907	
1519 JENNIFER DRIVE	99709	-147.97990181000685	64.92753262706383	
1510 JENNIFER DRIVE	99709	-147.98142311458716	64.92655860091948	
1520 JENNIFER DRIVE	99709	-147.9791662945527	64.92701620059181	
1448 JENNIFER DRIVE	99709	-147.97838123604183	64.9247996854415	
3400 JACKSON HOLE ROAD	99709	-147.9807918590054	64.93018488314564	
1645 MERIBEL ROAD	99709	-147.97997790199796	64.93338582213195	
1667 MERIBEL ROAD	99709	-147.9824061926594	64.93479133922932	
3274 MONTEVERDE ROAD	99709	-147.98133342197102	64.93559637270116	
3260 MONTEVERDE ROAD	99709	-147.97943390916757	64.9357472143139	
3271 MONTEVERDE ROAD	99709	-147.97800583631548	64.93437756572143	
3805 FRENCHMAN ROAD	99709	-148.03672896834934	64.93091874117887	
3919 FRENCHMAN ROAD	99709	-148.04791554886998	64.93162459812879	
3923 FRENCHMAN ROAD	99709	-148.0489934611498	64.93284257846128	
3920 FRENCHMAN ROAD	99709	-148.04648457968028	64.93417554215485	
1489 JENNIFER DRIVE	99709	-147.98224788880242	64.9253165608445	
1494 JENNIFER DRIVE	99709	-147.98398956785704	64.92598217029098	
1500 JENNIFER DRIVE	99709	-147.98328580179077	64.92645061114709	
3744 MURPHY DOME ROAD	99709	-148.0278441826052	64.92695840643201	
3738 MURPHY DOME ROAD	99709	-148.0227616926903	64.92697237652196	
3899 MURPHY DOME ROAD	99709	-148.04599561099556	64.92739338872444	
3898 MURPHY DOME ROAD	99709	-148.04546833715878	64.92919987244014	
3820 HARDLUCK DRIVE	99709	-148.0373967756395	64.92945594813555	
3800 HARDLUCK DRIVE	99709	-148.03523890107212	64.92920747561014	
3776 HARDLUCK DRIVE	99709	-148.03306608281403	64.92902108012916	
3748 HARDLUCK DRIVE	99709	-148.03170488070703	64.9291025212315	
3662 HARDLUCK DRIVE	99709	-148.02164641721563	64.92907148904627	
3644 HARDLUCK DRIVE	99709	-148.01999879887856	64.92898054740516	
3628 HARDLUCK DRIVE	99709	-148.01855398398973	64.92898080252627	
3626 HARDLUCK DRIVE	99709	-148.01773254199904	64.92896359575447	
3635 SPINACH CREEK ROAD	99709	-148.01888572119552	64.93012205228469	
3741 FRENCHMAN ROAD	99709	-148.0294636956042	64.93030497866431	
3767 FRENCHMAN ROAD	99709	-148.03234945728883	64.93069085089263	
3806 FRENCHMAN ROAD	99709	-148.03596679378603	64.93212641314821	
3772 FRENCHMAN ROAD	99709	-148.03309958794762	64.93236041058445	
3754 FRENCHMAN ROAD	99709	-148.03086478957312	64.93176248807644	
3730 FRENCHMAN ROAD	99709	-148.0287992483921	64.93130876585316	
3751 SPINACH CREEK ROAD	99709	-148.0315734439082	64.93319372732093	
3773 SPINACH CREEK ROAD	99709	-148.03344088591484	64.93375275265133	
3801 SPINACH CREEK ROAD	99709	-148.03532572331162	64.93425886312653	
3823 SPINACH CREEK ROAD	99709	-148.03812169184675	64.93366858257819	
3810 SPINACH CREEK ROAD	99709	-148.03666050533081	64.93511444836318	
3762 KEYSTONE ROAD	99709	-148.0340458083731	64.93524603015614	
3716 KEYSTONE ROAD	99709	-148.02796239683389	64.9349711757473	
3681 KEYSTONE ROAD	99709	-148.02298212440925	64.93335572951598	
3711 KEYSTONE ROAD	99709	-148.02618294980928	64.93355341112141	
3725 KEYSTONE ROAD	99709	-148.02893843873613	64.93384749881798	
3704 SPINACH CREEK ROAD	99709	-148.02612248257054	64.93266073640403	
1511 BACKSIDE ROAD	99709	-147.9822038415574	64.92825209020074	
3403 JACKSON HOLE ROAD	99709	-147.97924967518202	64.92936887258824	
1635 MERIBEL ROAD	99709	-147.9805947902993	64.9324432700668	
3290 MOOSE MOUNTAIN ROAD	99709	-147.98282421527264	64.93221738052452	
3310 MOOSE MOUNTAIN ROAD	99709	-147.98645632911828	64.93180728866501	
1661 MERIBEL ROAD	99709	-147.9829784277381	64.93344989544136	
3244 MONTEVERDE ROAD	99709	-147.97784520354278	64.93579119435084	
1455 BACKSIDE ROAD	99709	-147.98508410755778	64.92701218111146	
3698 HARDLUCK DRIVE	99709	-148.02563306493207	64.92920038246821	
3680 HARDLUCK DRIVE	99709	-148.02331122109388	64.92924459709909	
3645 SPINACH CREEK ROAD	99709	-148.01986060341386	64.93055148764931	
3425 MURPHY DOME ROAD	99709	-147.99647371376489	64.92458664900595	
3360 MURPHY DOME ROAD	99709	-147.9882891098122	64.92744819834834	
3908 MURPHY DOME ROAD	99709	-148.04749708405848	64.9296762244012	
3932 MURPHY DOME ROAD	99709	-148.04915402651483	64.93001064489913	
3864 HARDLUCK DRIVE	99709	-148.0427491194705	64.9289352843627	
3842 HARDLUCK DRIVE	99709	-148.04082662387427	64.92912494378447	
3738 HARDLUCK DRIVE	99709	-148.029092771455	64.92903488090279	
3720 HARDLUCK DRIVE	99709	-148.02733102056965	64.92911736810302	
3446 MOOSE MOUNTAIN ROAD	99709	-147.99084890157548	64.9401330713408	
3450 MOOSE MOUNTAIN ROAD	99709	-147.99127031028135	64.94047487702856	
1520 BACKSIDE ROAD	99709	-147.98601302860254	64.9280701658424	
1530 BACKSIDE ROAD	99709	-147.98404602095195	64.92814486472656	
3683 FRENCHMAN ROAD	99709	-148.02253156285687	64.93036974772666	
3626 SPINACH CREEK ROAD	99709	-148.01783283333597	64.93151485126191	
3299 MURPHY DOME ROAD	99709	-147.98843453061423	64.9151001098191	
3697 FRENCHMAN ROAD	99709	-148.02584209576844	64.93024928365097	
3721 FRENCHMAN ROAD	99709	-148.02828221829452	64.93018741343796	
3825 FRENCHMAN ROAD	99709	-148.03830240052892	64.9307460826166	
3845 FRENCHMAN ROAD	99709	-148.04022209324364	64.93079544358916	
3891 FRENCHMAN ROAD	99709	-148.04509570981196	64.93098459916114	
3910 FRENCHMAN ROAD	99709	-148.0461583076785	64.93314688184009	
3872 FRENCHMAN ROAD	99709	-148.04461939282376	64.9324451565134	
3870 FRENCHMAN ROAD	99709	-148.0448135829158	64.9323814156583	
3854 FRENCHMAN ROAD	99709	-148.04086772723724	64.93204880429028	
3826 FRENCHMAN ROAD	99709	-148.0379394771097	64.93191285305146	
3708 FRENCHMAN ROAD	99709	-148.02709318305781	64.93088781515729	
3675 SPINACH CREEK ROAD	99709	-148.02376518728587	64.93119511614866	
3703 SPINACH CREEK ROAD	99709	-148.02666954180847	64.93200909998733	
3729 SPINACH CREEK ROAD	99709	-148.02826706913459	64.93235814285686	
3847 SPINACH CREEK ROAD	99709	-148.0418727394272	64.93370999957405	
3863 SPINACH CREEK ROAD	99709	-148.04339917507184	64.93439810901218	
3850 SPINACH CREEK ROAD	99709	-148.03942603688327	64.935066096085	
3688 KEYSTONE ROAD	99709	-148.02435970913353	64.93476540946239	
3660 KEYSTONE ROAD	99709	-148.0209127991703	64.93431377045168	
3640 KEYSTONE ROAD	99709	-148.01758906375605	64.93457267510013	
3629 KEYSTONE ROAD	99709	-148.01761064395467	64.93362443226621	
3655 KEYSTONE ROAD	99709	-148.0205874357164	64.93354628647448	
3688 SPINACH CREEK ROAD	99709	-148.02406327298246	64.93246073603008	
3656 SPINACH CREEK ROAD	99709	-148.01998315674055	64.93221858054171	
3945 MURPHY DOME ROAD	99709	-148.0490114900795	64.92818198024551	
3645 MOOSE MOUNTAIN ROAD	99709	-147.99397509155747	64.92858032105134	
3580 HARDLUCK DRIVE	99709	-148.01405963834472	64.92920040639049	
3392 JACKSON HOLE ROAD	99709	-147.97969458951883	64.93024195187361	
3934 FRENCHMAN ROAD	99709	-148.04990580304542	64.93425629467549	
4105 MURPHY DOME ROAD	99709	-148.06767247806889	64.93026854987401	
1528 SUNLIGHT DRIVE	99709	-147.99730481248957	64.92904499053024	
3550 MOOSE MOUNTAIN ROAD	99709	-147.99806614300834	64.93305708680798	
3911 MURPHY DOME ROAD	99709	-148.0473978794182	64.92776763959439	
1618 SUNLIGHT DRIVE	99709	-147.9999495668016	64.93305716238696	
1605 PHOTON DRIVE	99709	-148.00914143286107	64.93449051270008	
1558 PHOTON DRIVE	99709	-148.01029457876075	64.93007831398151	
1530 JENNIFER DRIVE	99709	-147.97771003287144	64.9270889870803	
1565 PHOTON DRIVE	99709	-148.01243372202626	64.93099166773221	
1580 PHOTON DRIVE	99709	-148.0078864429304	64.93108733774275	
3397 JACKSON HOLE ROAD	99709	-147.97852542465867	64.9295743290051	
3428 JACKSON HOLE ROAD	99709	-147.98252489472583	64.9302097225271	
3446 JACKSON HOLE ROAD	99709	-147.9842701139901	64.93006481648648	
3456 JACKSON HOLE ROAD	99709	-147.98605098845215	64.9301182598025	
3465 JACKSON HOLE ROAD	99709	-147.98459765455212	64.9291968111933	
3447 JACKSON HOLE ROAD	99709	-147.9828723408897	64.92923164654732	
3429 JACKSON HOLE ROAD	99709	-147.9814549811976	64.92936327553574	
3592 MURPHY DOME ROAD	99709	-148.01249364809757	64.92593450624867	
3540 MOOSE MOUNTAIN ROAD	99709	-147.99798732906203	64.93395048945993	
3582 MURPHY DOME ROAD	99709	-148.01048062383194	64.92581646736876	
1657 SUNLIGHT DRIVE	99709	-148.00365251981952	64.93513463984867	
3921 MURPHY DOME ROAD	99709	-148.0489475645631	64.92731589668794	
3875 MURPHY DOME ROAD	99709	-148.04341191572865	64.9275975783156	
3801 MURPHY DOME ROAD	99709	-148.03681209640283	64.92645060041869	
1659 PHOTON DRIVE	99709	-148.00841622823918	64.93534834023905	
1532 SUNLIGHT DRIVE	99709	-147.99883944745318	64.92983838544387	
3629 MOOSE MOUNTAIN ROAD	99709	-147.99475244041741	64.92899617986603	
1654 PHOTON DRIVE	99709	-148.00638121471698	64.93521211212285	
3861 FRENCHMAN ROAD	99709	-148.04241491077366	64.93081501146261	
3631 MURPHY DOME ROAD	99709	-148.0151691535203	64.92539214344534	
1641 PHOTON DRIVE	99709	-148.0083377303746	64.93345508901889	
1645 PHOTON DRIVE	99709	-148.0095984658723	64.93477255981897	
1607 PHOTON DRIVE	99709	-148.00918339199913	64.93228952687838	
3621 HARDLUCK DRIVE	99709	-148.016019796643	64.92804302646441	
3611 HARDLUCK DRIVE	99709	-148.0143080101539	64.92811499245305	
1614 PHOTON DRIVE	99709	-148.00701989311898	64.93290075984099	
3585 HARDLUCK DRIVE	99709	-148.01126259674834	64.92863109055719	
1570 SUNLIGHT DRIVE	99709	-147.99948414620604	64.9310192502707	
4098 SPINACH CREEK ROAD	99709	-148.0544356542123	64.94054818468906	
1595 SUNLIGHT DRIVE	99709	-148.00375400601922	64.93104925004978	
3518 MOOSE MOUNTAIN ROAD	99709	-147.99849408824338	64.93466666767696	
3588 MURPHY DOME ROAD	99709	-148.01268076577	64.9271756405157	
3594 MOOSE MOUNTAIN ROAD	99709	-147.99744627333	64.93060563683275	
3582 MURPHY DOME ROAD	99709	-148.00903549997267	64.92763142569821	
3341 MURPHY DOME ROAD	99709	-147.98502503944178	64.9234585270883	
1630 PHOTON DRIVE	99709	-148.00677158047682	64.93347203579864	
3781 MURPHY DOME ROAD	99709	-148.0346084426569	64.92628125981486	
3781 MURPHY DOME ROAD	99709	-148.03469237536245	64.92583848903696	
1583 PHOTON DRIVE	99709	-148.0112637684371	64.93226621817861	
3376 JACKSON HOLE ROAD	99709	-147.98111900464934	64.93061430560581	
1475 SOUTH HARVEST MOON DRIVE	99709	-148.0000738842331	64.92698803281272	
1669 SKYFLIGHT AVENUE	99709	-147.87847124103808	64.92996671869892	
2492 NUGGET LOOP	99709	-147.89458243320274	64.91829006449407	
2494 NUGGET LOOP	99709	-147.8958577569024	64.91792691056922	
2432 NUGGET LOOP	99709	-147.89341334592916	64.9201828834598	
2564 GOLDSTREAM ROAD	99709	-147.90512192441227	64.91423436452591	
1248 JONES ROAD	99709	-147.90494373414504	64.9150747451719	
1256 JONES ROAD	99709	-147.90040828036405	64.91545980987162	
1330 JONES ROAD	99709	-147.901429891696	64.91815470816353	
1334 JONES ROAD	99709	-147.9049069567615	64.91885827580884	
1332 JONES ROAD	99709	-147.9033124802227	64.91881544910653	
1344 JONES ROAD	99709	-147.90439065522787	64.91959009924902	
1333 JONES ROAD	99709	-147.90683091069118	64.9187667723508	
1107 SHEEP CREEK ROAD	99709	-147.9504556153616	64.91130217394252	
1010 MAURA STREET	99709	-147.89915385465224	64.90499996523732	
1014 MAURA STREET	99709	-147.90086579669705	64.90501407431064	
1014 MAURA STREET	99709	-147.90065332507905	64.90503381375021	
2960 KILLIK LANE	99709	-147.94683257446414	64.9054888533874	
2950 KILLIK LANE	99709	-147.94607169454744	64.90461854149586	
2920 KILLIK LANE	99709	-147.94408341853486	64.90399681363522	
2900 KILLIK LANE	99709	-147.94359156238758	64.90352260600172	
2915 KILLIK LANE	99709	-147.9454135880594	64.90336942026401	
2929 KILLIK LANE	99709	-147.94647924397728	64.903539650091	
2349 NUGGET LOOP	99709	-147.87973431117928	64.92072601869607	
2324 WHEAT LANE	99709	-147.87970441931716	64.91160814857304	
999 MAURA STREET	99709	-147.9024650392419	64.90278350879211	
2855 MONARCH ROAD	99709	-147.9351619317181	64.91292386924134	
2872 MURPHY DOME ROAD	99709	-147.9402391544427	64.91363511339003	
2876 MURPHY DOME ROAD	99709	-147.94062459017863	64.91382179390101	
1152 PROPWASH DRIVE	99709	-147.90113564497761	64.91093848833889	
2575 SAUNA AVENUE	99709	-147.9036021897552	64.90658709686579	
3081 MONTEVERDE ROAD	99709	-147.96100481406097	64.93384048598875	
2385 DOME VIEW AVENUE	99709	-147.88795482833126	64.90175328154582	
2828 MOOSE MOUNTAIN ROAD	99709	-147.95978883053823	64.93817043910622	
2784 WALDHEIM DRIVE	99709	-147.9284346142245	64.93613023205604	
3230 MONTEVERDE ROAD	99709	-147.97660178809028	64.93580754682964	
2711 MONTEVERDE ROAD	99709	-147.94667949365117	64.94074209127126	
2915 GOLDSTREAM ROAD	99709	-147.93945588312522	64.91196824288787	
3180 MONTEVERDE ROAD	99709	-147.96837188311534	64.9367872360731	
2865 GOLDSTREAM ROAD	99709	-147.9347150411262	64.91146955609128	
1350 WINDFALL WAY	99709	-147.92472489561519	64.92007086601149	
2921 TEKAPO COURT	99709	-147.94976519162054	64.92941003949815	
2707 BONANZA TRAIL	99709	-147.9181779200387	64.91900009288284	
1005 SHAKER BOX COURT	99709	-147.95638922189391	64.90389850832592	
2351 NUGGET LOOP	99709	-147.8818994458346	64.92094808926622	
1361 SARGENT'S CIRCLE	99709	-147.8810813848883	64.92035993395217	
1347 SARGENT'S CIRCLE	99709	-147.881238569515	64.91996727378084	
2368 GOLDSTREAM ROAD	99709	-147.88357546384597	64.91923589633609	
2451 NUGGET LOOP	99709	-147.88868324631667	64.91982780872176	
2459 NUGGET LOOP	99709	-147.88735973165942	64.91963321059383	
2471 NUGGET LOOP	99709	-147.88746445903945	64.91894828503004	
1270 JONES ROAD	99709	-147.90165731391684	64.91589859863352	
1290 JONES ROAD	99709	-147.90462261460067	64.91736774050186	
1280 JONES ROAD	99709	-147.90137819664523	64.91695253846278	
1328 JONES ROAD	99709	-147.90211624621278	64.91817725298957	
1356 JONES ROAD	99709	-147.9025527910839	64.9198500212736	
1366 JONES ROAD	99709	-147.90533901205058	64.92047141042002	
1285 JONES ROAD	99709	-147.91249210987527	64.91705708469264	
2424 NUGGET LOOP	99709	-147.8932921680148	64.92087530992734	
2436 NUGGET LOOP	99709	-147.89119367782376	64.91980596858858	
1080 O'BRIEN STREET	99709	-147.91329905748483	64.90739093365518	
1005 BREANNE STREET	99709	-147.9086861591268	64.90429125437255	
2618 GOLDSTREAM ROAD	99709	-147.90876841300692	64.91414203423147	
2654 GOLDSTREAM ROAD	99709	-147.91391596057218	64.91442990414299	
1250 IVORY ROAD	99709	-147.91404697204734	64.91522409793389	
1260 IVORY ROAD	99709	-147.91407929844496	64.9167431931576	
2511 GOLDSTREAM ROAD	99709	-147.89942327915233	64.9140800175075	
1220 PROPWASH DRIVE	99709	-147.90369373245133	64.91305230810941	
1210 PROPWASH DRIVE	99709	-147.90331599708972	64.91279897771955	
1190 PROPWASH DRIVE	99709	-147.90319622224933	64.9122101485702	
1112 PROPWASH DRIVE	99709	-147.9006385568279	64.9091810992372	
1100 PROPWASH DRIVE	99709	-147.89978719005157	64.90900280308627	
1096 PROPWASH DRIVE	99709	-147.90130671436546	64.90849819626577	
1092 PROPWASH DRIVE	99709	-147.90127205310432	64.90844858430744	
1197 PROPWASH DRIVE	99709	-147.90512546597162	64.91203591402368	
2650 ELSIE AVENUE	99709	-147.91356418220087	64.91187103978923	
2640 ELSIE AVENUE	99709	-147.9117457039272	64.9123058526163	
2620 ELSIE AVENUE	99709	-147.9097577822302	64.91191572684379	
1115 BREANNE STREET	99709	-147.9095018041951	64.90818758372258	
1370 JONES ROAD	99709	-147.90283464084706	64.92096786340525	
1375 JONES ROAD	99709	-147.90790757300536	64.92097943366262	
1331 JONES ROAD	99709	-147.90645160163805	64.91839183224843	
1319 JONES ROAD	99709	-147.90690717880653	64.91819038347786	
1287 JONES ROAD	99709	-147.90890834806075	64.91735697998818	
1125 BREANNE STREET	99709	-147.90908064554498	64.91021290266973	
1096 O'BRIEN STREET	99709	-147.9104955347307	64.90839191331074	
1025 BREANNE STREET	99709	-147.9096881539765	64.90537753293347	
960 MAURA STREET	99709	-147.90200992807715	64.90177331038701	
940 MAURA STREET	99709	-147.90332381581413	64.9015047972395	
920 MAURA STREET	99709	-147.90502756791437	64.90012093728781	
1020 BREANNE STREET	99709	-147.90752138736468	64.90461112540726	
1000 BREANNE STREET	99709	-147.90767200367603	64.9039591039156	
1025 MAURA STREET	99709	-147.90280686294767	64.90554761052985	
1329 COLLINS STREET	99709	-147.88596297503784	64.91903009903018	
1337 COLLINS STREET	99709	-147.88564048312358	64.91951422672805	
1349 COLLINS STREET	99709	-147.88576091943344	64.91977270784251	
2440 GOLDSTREAM ROAD	99709	-147.89603716896562	64.91632652539923	
1129 PROPWASH DRIVE	99709	-147.90255574510562	64.9104409659127	
2610 ELSIE AVENUE	99709	-147.90955526542456	64.91191132279532	
1030 MAURA STREET	99709	-147.90058080273838	64.90573192386903	
1010 MAURA STREET	99709	-147.89882578843367	64.90474124719442	
990 MAURA STREET	99709	-147.90024740070135	64.90384678339295	
980 MAURA STREET	99709	-147.89995204662213	64.90272095240405	
955 MAURA STREET	99709	-147.9044228390457	64.90183530204092	
995 MAURA STREET	99709	-147.90331482205264	64.90235722171303	
1015 MAURA STREET	99709	-147.9032276394012	64.90478052220818	
1259 JONES ROAD	99709	-147.90715009278782	64.91554908017778	
2590 GOLDSTREAM ROAD	99709	-147.90698811605253	64.91472171378925	
2624 GOLDSTREAM ROAD	99709	-147.9122763383293	64.9152914512684	
2645 GOLDSTREAM ROAD	99709	-147.9104143818992	64.91317067212736	
2625 GOLDSTREAM ROAD	99709	-147.90898247455905	64.91316567716615	
2601 GOLDSTREAM ROAD	99709	-147.90661498549218	64.91319758137448	
2581 GOLDSTREAM ROAD	99709	-147.90564984772254	64.91326436647924	
1170 PROPWASH DRIVE	99709	-147.90196067433524	64.91140468164635	
1174 PROPWASH DRIVE	99709	-147.90167983867295	64.91105747091324	
1142 PROPWASH DRIVE	99709	-147.90000226168408	64.91065896849855	
1132 PROPWASH DRIVE	99709	-147.90139447148323	64.91014164885893	
1066 PROPWASH DRIVE	99709	-147.90041105048218	64.90711302923829	
1095 PROPWASH DRIVE	99709	-147.90309984809522	64.90888276949661	
3200 EMILY LANE	99709	-147.9705453339135	64.90939157741487	
895 MAURA STREET	99709	-147.9105207603889	64.90151402667261	
2992 ALDERBERRY TRAIL	99709	-147.93262928961977	64.91490914717491	
1291 IVORY ROAD	99709	-147.91526514620523	64.91768240536815	
3061 MONTEVERDE ROAD	99709	-147.9575365865381	64.9332619603034	
1029 O'BRIEN STREET	99709	-147.91530869612367	64.90550614140749	
2700 SAUNA AVENUE	99709	-147.91276051765752	64.9069740521844	
2455 HARPER'S ROAD	99709	-147.88928706109522	64.90370433286787	
2325 SANDHILL AVENUE	99709	-147.87953356381675	64.9064932472213	
1024 AURORA BOREALIS LANE	99709	-147.94841542015996	64.90618848500952	
986 AURORA BOREALIS LANE	99709	-147.94834642440512	64.90325946827758	
1008 AURORA BOREALIS LANE	99709	-147.94746303861814	64.90410781365674	
2883 MONTEVERDE ROAD	99709	-147.95252066982815	64.93537839572187	
2890 WALDHEIM DRIVE	99709	-147.92456182065675	64.93760090459315	
2840 MOOSE MOUNTAIN ROAD	99709	-147.9572451300129	64.93580230029215	
1595 COYOTE TRAIL	99709	-147.9450898042598	64.93070487589765	
1629 SKYFLIGHT AVENUE	99709	-147.88570497465767	64.92759663556879	
1469 JONES ROAD	99709	-147.9101908892123	64.92530425004911	
1380 IVORY ROAD	99709	-147.91193863643858	64.92176829872717	
2690 SAUNA AVENUE	99709	-147.9117674625629	64.90704496991812	
1079 BREANNE STREET	99709	-147.9094256964005	64.90768993070621	
980 BREANNE STREET	99709	-147.90781551666274	64.90179199784792	
975 WOODROW WAY	99709	-147.95556864843778	64.9016515364499	
1050 AURORA BOREALIS LANE	99709	-147.9482323460222	64.9065357319029	
2335 DOME VIEW AVENUE	99709	-147.88213254170932	64.90187732780747	
1105 JURE STREET	99709	-147.95518699805555	64.91029494315639	
1597 IVAN'S ALLEY	99709	-147.9618226571226	64.92752679559024	
925 WOODROW WAY	99709	-147.95290700455314	64.90021448756016	
2345 NUGGET LOOP	99709	-147.8798241051178	64.92089558483266	
2343 NUGGET LOOP	99709	-147.88009566829757	64.92105008323173	
1421 NORTH RADER DRIVE	99709	-147.93676605660914	64.92310895923418	
2855 BEVERLY LANE	99709	-147.93506081134885	64.92093890640412	
1369 WINDFALL WAY	99709	-147.92656803358872	64.92060405943111	
2990 MOOSE MOUNTAIN ROAD	99709	-147.95936688195644	64.93207358323342	
1255 IVORY ROAD	99709	-147.91532265439267	64.91552251931319	
2988 MOOSE MOUNTAIN ROAD	99709	-147.95912178031648	64.93206965845756	
1385 WINDFALL WAY	99709	-147.9258831077433	64.92097287794245	
1070 JURE STREET	99709	-147.95322076712685	64.90716603200286	
1072 JURE STREET	99709	-147.95327577509102	64.90742539916546	
1076 JURE STREET	99709	-147.95236168313815	64.90729251921714	
3030 BAILEY LANE	99709	-147.95319515365142	64.90875902509671	
3018 SAVAGE LANE	99709	-147.953205253191	64.90960839616494	
890 MILLER HILL ROAD EXT	99709	-147.87900819035744	64.89921549297408	
2882 STARWOOD COURT	99709	-147.9385915197569	64.90589048590685	
2958 THUNDERBIRD ROAD	99709	-147.9420279855497	64.90462886137436	
2944 THUNDERBIRD ROAD	99709	-147.94294756893458	64.90527335419789	
3020 BAILEY LANE	99709	-147.95413645617876	64.90903985657141	
3025 BAILEY LANE	99709	-147.95312813788723	64.90911801488308	
3035 BAILEY LANE	99709	-147.95389177589976	64.90849515740113	
3031 SAVAGE LANE	99709	-147.9540866978015	64.90935648428616	
3030 SAVAGE LANE	99709	-147.95412059200464	64.90970707782401	
1130 JURE STREET	99709	-147.9535419727133	64.91024846086113	
3131 TRILBY AVENUE	99709	-147.96418266445085	64.90637657663223	
1542 SNOWBASIN ROAD	99709	-147.9702703556231	64.92859147582567	
1569 SNOWBASIN ROAD	99709	-147.97395295238306	64.92927713964504	
1635 SNOWBASIN ROAD	99709	-147.97651728149015	64.9305901800626	
1076 PROPWASH DRIVE	99709	-147.89906829865018	64.90777405449819	
975 AURORA BOREALIS LANE	99709	-147.94946020226732	64.90291324271693	
1578 JONES ROAD	99709	-147.90423581634943	64.92984727217869	
997 BREANNE STREET	99709	-147.909570184268	64.90368650029464	
1008 OH BABY LANE	99709	-147.95521305261886	64.90538993800298	
1615 GILLETTE STREET	99709	-147.91661815197287	64.93183877059462	
1030 OH BABY LANE	99709	-147.9547788880276	64.9064917804584	
1024 OH BABY LANE	99709	-147.95491472517216	64.90621417914492	
1020 OH BABY LANE	99709	-147.955006294888	64.90595281669984	
2357 DOME VIEW AVENUE	99709	-147.883922537163	64.90173467059279	
3095 TRILBY AVENUE	99709	-147.9611818265024	64.90618826582569	
1581 SNOWBASIN ROAD	99709	-147.97235872965356	64.93038696684921	
2339 NUGGET LOOP	99709	-147.87888233114	64.92038227867663	
1626 SNOWBASIN ROAD	99709	-147.97646445699553	64.93136884915428	
1614 SNOWBASIN ROAD	99709	-147.97452484473092	64.93170677330703	
1617 SNOWBASIN ROAD	99709	-147.9729001183415	64.9314564344796	
1619 SNOWBASIN ROAD	99709	-147.9746530498923	64.93086339699587	
1281 IVORY ROAD	99709	-147.9151961312082	64.91684776376354	
985 AURORA BOREALIS LANE	99709	-147.94942337700977	64.90320767739243	
1005 AURORA BOREALIS LANE	99709	-147.94997892709588	64.90427498005012	
902 AURORA BOREALIS LANE	99709	-147.9474581187169	64.89971572520109	
3081 LITTLE DOME COURT	99709	-147.95952330777004	64.89801338242468	
3090 LITTLE DOME COURT	99709	-147.9614930360122	64.89841665548359	
3080 LITTLE DOME COURT	99709	-147.9593056034212	64.89929682213713	
1073 JURE STREET	99709	-147.95555923393388	64.90712692157383	
3183 ADELAIDE COURT	99709	-147.96747368072585	64.90719306447555	
3170 ADELAIDE COURT	99709	-147.97067299597268	64.90709286134184	
3180 ADELAIDE COURT	99709	-147.97084393773727	64.90784916227473	
2325 BLACK SPRUCE COURT	99709	-147.87850408164428	64.9041640534512	
940 LITTLE CREEK COURT	99709	-147.88239668304814	64.901062453056	
935 LITTLE CREEK COURT	99709	-147.88631575674086	64.90022423903001	
945 LITTLE CREEK COURT	99709	-147.88711772020235	64.90090465405667	
2380 DOME VIEW AVENUE	99709	-147.88872664478396	64.90258636454205	
2367 HARPER'S ROAD	99709	-147.8837127362609	64.90460633705479	
2484 HARPER'S ROAD	99709	-147.89658899983974	64.90651024682374	
1040 DAWN DRIVE	99709	-147.8923011850517	64.90662168709939	
1045 DAWN DRIVE	99709	-147.8941551195901	64.90659612824578	
2325 WHEAT LANE	99709	-147.87912307265717	64.9112040168031	
940 SHEEP CREEK ROAD	99709	-147.94140173834992	64.90160633944014	
950 SHEEP CREEK ROAD	99709	-147.94646722012664	64.90198803653315	
2330 BLACK SPRUCE COURT	99709	-147.8781437580171	64.90486558552627	
2315 SANDHILL AVENUE	99709	-147.87851706259409	64.90642516032995	
3001 LITTLE DOME COURT	99709	-147.95200282233407	64.89850701809729	
3031 LITTLE DOME COURT	99709	-147.95442267934874	64.89832590931233	
3060 LITTLE DOME COURT	99709	-147.95698194605404	64.89900981098539	
925 SCHLOESSER DRIVE	99709	-147.96759065300637	64.90125541186906	
1000 SHAKER BOX COURT	99709	-147.95325431990014	64.90426331329485	
1049 AURORA BOREALIS LANE	99709	-147.94940372222123	64.90596825705313	
1135 JURE STREET	99709	-147.95388411865113	64.91156959640759	
3110 TRILBY AVENUE	99709	-147.96188099182848	64.90696900143527	
3150 TRILBY AVENUE	99709	-147.96654304734278	64.90717997376984	
2335 BLACK SPRUCE COURT	99709	-147.8795066825046	64.90419335292106	
930 LITTLE CREEK COURT	99709	-147.88463618613017	64.89982701862009	
990 FAMILY CIRCLE COURT	99709	-147.88523472687797	64.90339738262273	
995 FAMILY CIRCLE COURT	99709	-147.88827242404648	64.90342043785196	
1005 FAMILY CIRCLE COURT	99709	-147.8886115810499	64.90410914023128	
2350 HARPER'S ROAD	99709	-147.8812084537597	64.90516103544081	
2352 HARPER'S ROAD	99709	-147.88231329124568	64.90522827883792	
2372 HARPER'S ROAD	99709	-147.88315054647808	64.90511731076228	
2404 HARPER'S ROAD	99709	-147.88650978214775	64.90637448429838	
2430 HARPER'S ROAD	99709	-147.89019105850372	64.90567503171394	
1078 DAWN DRIVE	99709	-147.89158245849737	64.90770530714254	
1075 DAWN DRIVE	99709	-147.89512740340248	64.90739055586597	
2361 DEBBIE WAY	99709	-147.88230749321337	64.92362772790179	
2366 DEBBIE WAY	99709	-147.88256422738448	64.92429274325693	
2370 DEBBIE WAY	99709	-147.88419631133303	64.92443859936876	
2390 DEBBIE WAY	99709	-147.88624419886827	64.92416536595962	
2410 NUGGET LOOP	99709	-147.8886309809997	64.92154230619157	
2422 NUGGET LOOP	99709	-147.89021579250104	64.92133748909316	
1648 SKYFLIGHT AVENUE	99709	-147.87835420669862	64.92852118278971	
2360 INCLINATION DRIVE	99709	-147.8827884819243	64.9224701352779	
2420 NUGGET LOOP	99709	-147.89062300158258	64.92225473781349	
2675 ARBOLES LANE	99709	-147.91598250314107	64.93728389016161	
2710 ARBOLES LANE	99709	-147.9203688796429	64.93799152336037	
2860 WALDHEIM DRIVE	99709	-147.92910030031408	64.93785279895374	
2856 WALDHEIM DRIVE	99709	-147.92983184016114	64.93908328795065	
2830 WALDHEIM DRIVE	99709	-147.93037697299374	64.93731841066118	
1770 GILLETTE STREET	99709	-147.914101169546	64.93843014708746	
1750 GILLETTE STREET	99709	-147.91384353669696	64.93771470174649	
2644 WALDHEIM DRIVE	99709	-147.90997710568263	64.93685380315888	
2596 WALDHEIM DRIVE	99709	-147.90824843374017	64.93620185158797	
1710 JONES ROAD	99709	-147.90470710658627	64.93624758309251	
1676 JONES ROAD	99709	-147.904945872347	64.93504406384437	
2640 HORSETAIL TRAIL	99709	-147.9125425412376	64.93442309904147	
2651 HORSETAIL TRAIL	99709	-147.9140652667227	64.93338181016453	
2611 HORSETAIL TRAIL	99709	-147.91204311824185	64.93182971182132	
2593 HORSETAIL TRAIL	99709	-147.9138367248769	64.93070112357222	
2589 HORSETAIL TRAIL	99709	-147.91098725715347	64.9304759968817	
2583 HORSETAIL TRAIL	99709	-147.91080820658738	64.92959013113368	
2585 HORSETAIL TRAIL	99709	-147.90966886424513	64.93096483130277	
1590 JONES ROAD	99709	-147.90097466489496	64.93063603219248	
1560 JONES ROAD	99709	-147.90508070480413	64.92908386224823	
1563 JONES ROAD	99709	-147.90798322644397	64.9289789982984	
1381 JONES ROAD	99709	-147.90807917406445	64.92192943622041	
1417 JONES ROAD	99709	-147.9069482424411	64.92273487360733	
1427 JONES ROAD	99709	-147.90689554314213	64.92353897579206	
1771 GILLETTE STREET	99709	-147.91546393937284	64.9387445994331	
2674 ARBOLES LANE	99709	-147.9159820492908	64.93808420417193	
2820 WALDHEIM DRIVE	99709	-147.92869974387025	64.93692393308486	
2844 OPAL AVENUE	99709	-147.93440697163015	64.92463754747273	
2880 OBSIDIAN COURT	99709	-147.93729662579793	64.92448493668238	
2888 OBSIDIAN COURT	99709	-147.9388344908645	64.92460411239111	
2875 GOLDSTREAM ACCESS	99709	-147.93770277508722	64.92617113188224	
2716 WALDHEIM DRIVE	99709	-147.9217061326497	64.93622453912465	
2725 ARBOLES LANE	99709	-147.91999538260959	64.93717737251674	
2699 WALDHEIM DRIVE	99709	-147.91879873803495	64.9352806978692	
2809 WALDHEIM DRIVE	99709	-147.93084505673764	64.9344399635138	
1630 HOWLING DOG TRAIL	99709	-147.9254087162188	64.93269740623931	
2721 HORSETAIL TRAIL	99709	-147.9201606051369	64.93312169970885	
2687 HORSETAIL TRAIL	99709	-147.91816119354635	64.93346736295047	
2669 HORSETAIL TRAIL	99709	-147.91581452053748	64.93329733289023	
1526 GUS'S GRIND	99709	-147.9197954996887	64.92777134309611	
1506 GUS'S GRIND	99709	-147.91976539159387	64.92693104203943	
1490 GUS'S GRIND	99709	-147.9219356314992	64.92628742975215	
1444 GUS'S GRIND	99709	-147.9209562670069	64.92432477121608	
1501 GUS'S GRIND	99709	-147.92539296407014	64.92727851245087	
1398 WINDFALL WAY	99709	-147.9244383744162	64.92259083122494	
2880 BONANZA TRAIL	99709	-147.93126931374766	64.92412604614209	
2890 BONANZA TRAIL	99709	-147.930417420331	64.92529601475948	
2900 BONANZA TRAIL	99709	-147.9307474265813	64.92670186066002	
2882 BEVERLY LANE	99709	-147.93793025515774	64.92164807422618	
2855 BLACK DIAMOND AVENUE	99709	-147.9348821403124	64.9225341761004	
2878 AGATE AVENUE	99709	-147.93820382855654	64.92314820368243	
2892 AGATE AVENUE	99709	-147.9392831641626	64.92309513817635	
2889 AGATE AVENUE	99709	-147.93921759475222	64.92237095344822	
2881 AGATE AVENUE	99709	-147.93817887094986	64.92240108645666	
2885 GOLDSTREAM ACCESS	99709	-147.93844822737697	64.9254205976548	
1480 SOUTHFIELD ROAD	99709	-147.93947480909873	64.92571894027087	
1475 SOUTHFIELD ROAD	99709	-147.94118048895143	64.92527013796933	
1491 SOUTHFIELD ROAD	99709	-147.94121553388788	64.92637889735903	
1520 GOLDRIDGE DRIVE	99709	-147.937655525157	64.92718667437688	
1532 GOLDRIDGE DRIVE	99709	-147.93766567993555	64.92761794046123	
1542 GOLDRIDGE DRIVE	99709	-147.9376135549247	64.92883684557592	
2335 NUGGET LOOP	99709	-147.87874319139206	64.92102074971363	
2717 BONANZA TRAIL	99709	-147.91971950824407	64.9190492471847	
1499 GOLDEN VIEW DRIVE	99709	-147.87829322961412	64.92699124461959	
2348 INCLINATION DRIVE	99709	-147.88136510715736	64.922042811005	
2344 NUGGET LOOP	99709	-147.87907234175842	64.92203949311141	
2352 STEVENS AVENUE	99709	-147.88326217430512	64.92330822564757	
2390 INCLINATION DRIVE	99709	-147.88476314305925	64.92302921643119	
1636 SKYFLIGHT AVENUE	99709	-147.87933677673226	64.92812516443693	
1630 SKYFLIGHT AVENUE	99709	-147.8803604229688	64.92761903841385	
1622 SKYFLIGHT AVENUE	99709	-147.8812794149108	64.92725612782107	
1610 SKYFLIGHT AVENUE	99709	-147.8824434081581	64.92691797541234	
2401 CORDES DRIVE	99709	-147.88671988502816	64.92507283611756	
2409 CORDES DRIVE	99709	-147.8882696835234	64.92579021059892	
1595 SKYFLIGHT AVENUE	99709	-147.887802877759	64.9265124540331	
2366 CORDES DRIVE	99709	-147.88377029334399	64.9259342670206	
2350 CORDES DRIVE	99709	-147.88193071111766	64.92590764897389	
2414 NUGGET LOOP	99709	-147.89074474871023	64.92715044038488	
2403 CORDES DRIVE	99709	-147.8881012125891	64.92441915626591	
1624 JONES ROAD	99709	-147.90562211366267	64.93227692835376	
1632 JONES ROAD	99709	-147.90489161308548	64.93281284129789	
2631 HORSETAIL TRAIL	99709	-147.91429298184144	64.93276480533898	
1595 JONES ROAD	99709	-147.90691130001213	64.93073664111627	
1600 JONES ROAD	99709	-147.90227733166597	64.9306485901908	
1640 JONES ROAD	99709	-147.8987975201217	64.93265844232339	
1610 JONES ROAD	99709	-147.9002401598492	64.93181708846704	
1535 JONES ROAD	99709	-147.90749686791852	64.92818812152609	
1519 JONES ROAD	99709	-147.9072072772442	64.9270403821742	
1452 JONES ROAD	99709	-147.9050219077347	64.92444469529305	
1444 JONES ROAD	99709	-147.9001112984019	64.92369069830895	
1436 JONES ROAD	99709	-147.90077467674632	64.92365645067544	
1428 JONES ROAD	99709	-147.900425863234	64.92367321715818	
1390 JONES ROAD	99709	-147.9043329407867	64.92220466522859	
1449 JONES ROAD	99709	-147.90992607617457	64.92438669203528	
1421 JONES ROAD	99709	-147.9121487214893	64.92368651006991	
2790 WALDHEIM DRIVE	99709	-147.9306906832665	64.93627233937893	
2842 BLACK DIAMOND AVENUE	99709	-147.93391011583688	64.92306471422029	
2850 BLACK DIAMOND AVENUE	99709	-147.93500924210667	64.9232760757119	
2833 OPAL AVENUE	99709	-147.93359331935923	64.92389114122281	
2788 WALDHEIM DRIVE	99709	-147.92858405603909	64.936138720525	
2789 WALDHEIM DRIVE	99709	-147.92917943515408	64.93521736724101	
2761 WALDHEIM DRIVE	99709	-147.9256308849581	64.9351469098826	
1621 HOWLING DOG TRAIL	99709	-147.92971998730624	64.9332064403055	
1645 HOWLING DOG TRAIL	99709	-147.92718798229095	64.93286294352896	
1665 HOWLING DOG TRAIL	99709	-147.92702414999675	64.93445189592165	
1670 HOWLING DOG TRAIL	99709	-147.92500519931954	64.93382857947853	
1599 GUS'S GRIND	99709	-147.92118775237435	64.93131012211985	
1583 GUS'S GRIND	99709	-147.92314418195835	64.9313109258661	
1570 GUS'S GRIND	99709	-147.91833524881878	64.92996013720608	
1555 GUS'S GRIND	99709	-147.92587420023108	64.92886817621999	
2672 BONANZA TRAIL	99709	-147.9158105735706	64.92403759208538	
2668 BONANZA TRAIL	99709	-147.9158580967301	64.92325224228624	
1394 GUS'S GRIND	99709	-147.9208660230475	64.92169691210235	
1420 GUS'S GRIND	99709	-147.9216295058409	64.92319269461358	
1391 WINDFALL WAY	99709	-147.92705039790107	64.92233471253003	
1445 WINDFALL WAY	99709	-147.92692696709992	64.92383329473324	
2860 BONANZA TRAIL	99709	-147.93087752242178	64.92238033140875	
2897 BONANZA TRAIL	99709	-147.93215968545218	64.92525813532573	
2830 BEVERLY LANE	99709	-147.9327372642046	64.9217510950765	
2865 BONANZA TRAIL	99709	-147.93241753503602	64.92230884445075	
2838 BEVERLY LANE	99709	-147.93378126352343	64.9217850449904	
2839 BLACK DIAMOND AVENUE	99709	-147.9338777737856	64.92239700353282	
2830 BLACK DIAMOND AVENUE	99709	-147.93267339372022	64.92319563472664	
2825 OPAL AVENUE	99709	-147.9325443112739	64.92400864183986	
2885 OBSIDIAN COURT	99709	-147.93870359920436	64.92381439437895	
1562 GOLDRIDGE DRIVE	99709	-147.93725264327276	64.92929905155106	
1590 GOLDRIDGE DRIVE	99709	-147.93747075847995	64.93073544662865	
1630 GOLDRIDGE DRIVE	99709	-147.93888565641848	64.93249362657468	
1740 COYOTE TRAIL	99709	-147.94403765634047	64.93708271075188	
1010 SHAKER BOX COURT	99709	-147.95420813816185	64.90451458852031	
1719 COYOTE TRAIL	99709	-147.9473468563689	64.9368574038685	
1711 COYOTE TRAIL	99709	-147.94552923553098	64.93588106261483	
1691 COYOTE TRAIL	99709	-147.94579639029794	64.93498245155322	
1669 COYOTE TRAIL	99709	-147.94528900003945	64.93417102927542	
1630 COYOTE TRAIL	99709	-147.94225970946675	64.93242325921491	
1604 COYOTE TRAIL	99709	-147.9426697500727	64.9316127881965	
1586 COYOTE TRAIL	99709	-147.94198499900742	64.93083236743746	
1568 COYOTE TRAIL	99709	-147.94281926505465	64.9296302939305	
1550 COYOTE TRAIL	99709	-147.94257025577733	64.92892556342615	
1629 NORTHFIELD ROAD	99709	-147.94838217651267	64.93257451266133	
1641 NORTHFIELD ROAD	99709	-147.9482324807464	64.93346089188945	
1500 COYOTE TRAIL	99709	-147.94442740050343	64.92710127654013	
1535 COYOTE TRAIL	99709	-147.94512918099414	64.92834999197966	
1491 COYOTE TRAIL	99709	-147.94740477909593	64.92802714659533	
1470 IVAN'S ALLEY	99709	-147.95116758310073	64.92524418462868	
1494 IVAN'S ALLEY	99709	-147.95023492630017	64.92636919665206	
1606 IVAN'S ALLEY	99709	-147.9600675152485	64.92805361250392	
1599 IVAN'S ALLEY	99709	-147.9637208239533	64.92799721112532	
1593 IVAN'S ALLEY	99709	-147.96168108028488	64.92621150126067	
1575 IVAN'S ALLEY	99709	-147.96135553343328	64.9254839770974	
1485 COYOTE TRAIL	99709	-147.94684218835465	64.92584724611545	
1410 IVAN'S ALLEY	99709	-147.95106998060126	64.92290040998857	
1430 IVAN'S ALLEY	99709	-147.95120730611328	64.92364599277923	
1448 IVAN'S ALLEY	99709	-147.95154699385245	64.924514952403	
3121 MURPHY DOME ROAD	99709	-147.96445117198348	64.92252116940011	
3211 MURPHY DOME ROAD	99709	-147.97084560185723	64.92357549917226	
3150 MURPHY DOME ROAD	99709	-147.96653582345687	64.92405318282322	
1476 JENNIFER DRIVE	99709	-147.97724980581418	64.92607453010643	
1587 GOLDRIDGE DRIVE	99709	-147.93961675506958	64.93077275125107	
1573 GOLDRIDGE DRIVE	99709	-147.93944167902384	64.92989045342843	
1559 GOLDRIDGE DRIVE	99709	-147.938738145148	64.92932706893434	
1748 COYOTE TRAIL	99709	-147.94168731670985	64.93685947230988	
1743 COYOTE TRAIL	99709	-147.9417343037148	64.93837816286654	
1458 JENNIFER DRIVE	99709	-147.97589548268806	64.92527593559208	
1470 JENNIFER DRIVE	99709	-147.97490285776047	64.92642844178617	
1510 IVAN'S ALLEY	99709	-147.9509729557222	64.92730996297288	
1540 IVAN'S ALLEY	99709	-147.9569864420284	64.92595405885979	
1580 IVAN'S ALLEY	99709	-147.95970580702638	64.92627565176922	
1561 IVAN'S ALLEY	99709	-147.95797086765782	64.9240643034331	
1515 IVAN'S ALLEY	99709	-147.95308106368643	64.9261228650958	
1441 IVAN'S ALLEY	99709	-147.9540146209186	64.92458116470313	
1391 IVAN'S ALLEY	99709	-147.95415590203882	64.92174847949939	
3210 MURPHY DOME ROAD	99709	-147.97390689385654	64.92489723041392	
1533 JENNIFER DRIVE	99709	-147.97472543454353	64.9280411205129	
3073 MOOSE MOUNTAIN ROAD	99709	-147.9655843570464	64.92934813659741	
2865 MONTEVERDE ROAD	99709	-147.95200696277732	64.93712504161496	
2805 MONTEVERDE ROAD	99709	-147.951862360969	64.93953429626478	
2775 MONTEVERDE ROAD	99709	-147.949511550788	64.94062085038658	
1610 MERIBEL ROAD	99709	-147.97202819867286	64.93365277016083	
3164 MONTEVERDE ROAD	99709	-147.96684672969343	64.93653810558949	
3241 MONTEVERDE ROAD	99709	-147.97675123540336	64.93473771269883	
3235 MONTEVERDE ROAD	99709	-147.97526694541796	64.93467940622922	
3140 MOOSE MOUNTAIN ROAD	99709	-147.96694766877465	64.93351361336873	
3100 MOOSE MOUNTAIN ROAD	99709	-147.96427838230628	64.93240991416555	
3060 MOOSE MOUNTAIN ROAD	99709	-147.9623468983993	64.93054338390078	
2909 MOOSE MOUNTAIN ROAD	99709	-147.95152298237056	64.93439558032023	
2923 MOOSE MOUNTAIN ROAD	99709	-147.95197811852321	64.93384795255399	
2935 PORTILLO PLACE	99709	-147.95207975477712	64.93155222790551	
2955 PORTILLO PLACE	99709	-147.95435228472698	64.93184431861603	
2928 TEKAPO COURT	99709	-147.95017808573547	64.93041686184309	
2945 TEKAPO COURT	99709	-147.95213279001126	64.92990022745113	
3031 TEKAPO COURT	99709	-147.96072570209986	64.9293416154726	
3043 TEKAPO COURT	99709	-147.9622828058086	64.92935192538239	
3059 MOOSE MOUNTAIN ROAD	99709	-147.9634972588107	64.92949586224483	
2650 MONTEVERDE ROAD	99709	-147.93754813317238	64.94173638617183	
2680 MONTEVERDE ROAD	99709	-147.94044747384194	64.94154223416564	
2710 MONTEVERDE ROAD	99709	-147.94278511584906	64.94192053034182	
2730 MONTEVERDE ROAD	99709	-147.94608758962727	64.94178167215033	
2790 MONTEVERDE ROAD	99709	-147.9539996487391	64.9406804743314	
2810 MONTEVERDE ROAD	99709	-147.9544035932533	64.93968102398114	
2840 MONTEVERDE ROAD	99709	-147.95562224660335	64.93807045958523	
1364 FERGUSON COURT	99709	-147.9164436860739	64.92091821116448	
1367 FERGUSON COURT	99709	-147.91801869136003	64.92054110105153	
1343 FERGUSON COURT	99709	-147.91720622674453	64.91985789040662	
1341 GUS'S GRIND	99709	-147.9226372585661	64.91959175406393	
2750 BONANZA TRAIL	99709	-147.9247739059236	64.91977647295845	
1354 OPPORTUNITY WAY	99709	-147.92901407465138	64.92002624654113	
1366 OPPORTUNITY WAY	99709	-147.92854504944575	64.92060666378217	
1364 OPPORTUNITY WAY	99709	-147.92942969192384	64.92102214512592	
1312 OPPORTUNITY WAY	99709	-147.92946837082815	64.9181336885923	
1015 SHAKER BOX COURT	99709	-147.95627539789558	64.90435526388325	
990 SHAKER BOX COURT	99709	-147.95386282309096	64.9036494109085	
995 SHAKER BOX COURT	99709	-147.9567170245356	64.90342225145538	
2550 WALDHEIM DRIVE	99709	-147.8970722629854	64.93592336853293	
2899 BONANZA TRAIL	99709	-147.9334321350358	64.92627882379182	
2875 OBSIDIAN COURT	99709	-147.93762188471058	64.92368815398785	
3150 MONTEVERDE ROAD	99709	-147.96506702417685	64.9362326539005	
3080 MONTEVERDE ROAD	99709	-147.96023134989218	64.93508370370613	
3211 MONTEVERDE ROAD	99709	-147.97270214073774	64.93536883216075	
3195 MONTEVERDE ROAD	99709	-147.97049079457366	64.9353913533283	
3185 MONTEVERDE ROAD	99709	-147.96885910979282	64.93557946464729	
3135 MONTEVERDE ROAD	99709	-147.96335482399806	64.93428919701671	
3085 MONTEVERDE ROAD	99709	-147.9621941458933	64.93424797816945	
3020 MOOSE MOUNTAIN ROAD	99709	-147.9612098053679	64.93098393386619	
3000 MOOSE MOUNTAIN ROAD	99709	-147.9600442382615	64.93159989531509	
2976 MOOSE MOUNTAIN ROAD	99709	-147.95883399621036	64.93276773729278	
3051 MONTEVERDE ROAD	99709	-147.95586549726295	64.93373303730725	
2932 PORTILLO PLACE	99709	-147.95126129196743	64.93235311962005	
2920 PORTILLO PLACE	99709	-147.94979478364738	64.93207171461464	
2917 PORTILLO PLACE	99709	-147.94976107879023	64.93122051253054	
3010 TEKAPO COURT	99709	-147.9576095661531	64.93094528295047	
2990 TEKAPO COURT	99709	-147.95619497475852	64.93092006824118	
2956 TEKAPO COURT	99709	-147.95193285361805	64.93087563596735	
3001 TEKAPO COURT	99709	-147.9575783514337	64.92983479985928	
3395 JACKSON HOLE ROAD	99709	-147.97730059151073	64.92973671079565	
3015 TEKAPO COURT	99709	-147.95942291648657	64.9292712960322	
3083 MOOSE MOUNTAIN ROAD	99709	-147.96806747859162	64.92918905141642	
2885 MONTEVERDE ROAD	99709	-147.95225737004947	64.93518698159038	
2875 MONTEVERDE ROAD	99709	-147.95212555958202	64.93603009708609	
2665 MONTEVERDE ROAD	99709	-147.94027005219564	64.94019308812193	
2645 MONTEVERDE ROAD	99709	-147.9367561410647	64.93973689313769	
2750 MONTEVERDE ROAD	99709	-147.94799863952866	64.94242537593861	
2760 MONTEVERDE ROAD	99709	-147.94989782597318	64.94194562466666	
2780 MONTEVERDE ROAD	99709	-147.95207622305236	64.94154580915281	
1356 FERGUSON COURT	99709	-147.91598343348676	64.92023627849721	
1355 IVORY ROAD	99709	-147.91528081789585	64.92016210821954	
2710 BONANZA TRAIL	99709	-147.92046309080752	64.91999055928754	
2730 GOLDSTREAM ROAD	99709	-147.92241749011004	64.91367596008092	
2750 GOLDSTREAM ROAD	99709	-147.92435839502485	64.912198654003	
2691 GOLDSTREAM ROAD	99709	-147.91739481588078	64.91212001782668	
1370 WINDFALL WAY	99709	-147.92438128321777	64.92071185305507	
1355 WINDFALL WAY	99709	-147.9266264133518	64.92016700662275	
2772 BONANZA TRAIL	99709	-147.92699057037208	64.9196020268566	
2770 BONANZA TRAIL	99709	-147.9267241877459	64.91970906115927	
1361 OPPORTUNITY WAY	99709	-147.9310061408325	64.9209141376434	
1355 OPPORTUNITY WAY	99709	-147.93023008820796	64.92017349637837	
2810 BONANZA TRAIL	99709	-147.9306739487448	64.91975111250514	
1331 OPPORTUNITY WAY	99709	-147.93015395835775	64.91886696329459	
1327 WINDFALL WAY	99709	-147.92607435453218	64.91872725270981	
1320 WINDFALL WAY	99709	-147.92459211199275	64.91877593504014	
2745 BONANZA TRAIL	99709	-147.9237661378878	64.91916006735751	
2835 ALDERBERRY TRAIL	99709	-147.93110215320044	64.91837271504639	
1295 WINDFALL WAY	99709	-147.92689001529732	64.91644979829516	
1300 WINDFALL WAY	99709	-147.9245077224785	64.91701062799729	
1285 LOWBUSH LANE	99709	-147.92275390071143	64.91693158572838	
1261 IVORY ROAD	99709	-147.91506715603825	64.91603367022815	
1271 IVORY ROAD	99709	-147.9152654354	64.91632334600995	
1301 IVORY ROAD	99709	-147.9162350663784	64.9173211653415	
2695 AKSALA AVENUE	99709	-147.91835429033256	64.91448569607813	
2681 AKSALA AVENUE	99709	-147.91719848370798	64.91480239105205	
1235 IVORY ROAD	99709	-147.91525324938004	64.91423669117316	
2749 GOLDSTREAM ROAD	99709	-147.92405624566368	64.9109679054882	
2862 GOLDSTREAM ROAD	99709	-147.93500049118316	64.9128839632077	
2900 MURPHY DOME ROAD	99709	-147.94052736752275	64.91525575059569	
2887 MURPHY DOME ROAD	99709	-147.94310246392803	64.91420992930574	
2935 MURPHY DOME ROAD	99709	-147.94669204375896	64.91569153055843	
2854 ALDERBERRY TRAIL	99709	-147.93597316171181	64.91707909069139	
2844 ALDERBERRY TRAIL	99709	-147.93561970520554	64.91819394851038	
2870 ALDERBERRY TRAIL	99709	-147.9364013248965	64.9165288844865	
2867 ALDERBERRY TRAIL	99709	-147.93745645701918	64.91619452730282	
2920 MURPHY DOME ROAD	99709	-147.94335261199214	64.91753633977683	
2813 BONANZA TRAIL	99709	-147.93295876726756	64.91986196749465	
2861 BEVERLY LANE	99709	-147.9368790482019	64.91993354539981	
2885 BEVERLY LANE	99709	-147.93738151282687	64.92065127543597	
1360 COYOTE TRAIL	99709	-147.9459525633047	64.92002502665464	
1366 COYOTE TRAIL	99709	-147.94586682130742	64.92084729279165	
1370 COYOTE TRAIL	99709	-147.94482924343714	64.92104156898658	
1374 COYOTE TRAIL	99709	-147.947084197867	64.92043891356883	
1045 GOLDEN VALLEY DRIVE	99709	-147.94381122804236	64.90588205028354	
1032 GOLDEN VALLEY DRIVE	99709	-147.94253833759228	64.90641017729094	
2896 STARWOOD COURT	99709	-147.93924952855153	64.90602508859388	
969 O'BRIEN STREET	99709	-147.9151461413619	64.9025282322334	
1049 O'BRIEN STREET	99709	-147.9156995475893	64.90627997938176	
2710 JAIME WAY	99709	-147.91908823486744	64.90517400132215	
3191 EMILY LANE	99709	-147.96991043336553	64.90858805229225	
2670 GOLDSTREAM ROAD	99709	-147.91560000615806	64.91390918450337	
2806 GOLDSTREAM ROAD	99709	-147.93001294604247	64.91216861136375	
2842 GOLDSTREAM ROAD	99709	-147.93305430093582	64.91248516648571	
1035 AURORA BOREALIS LANE	99709	-147.94952115871652	64.90550198924403	
2787 BONANZA TRAIL	99709	-147.92888352206998	64.91886255482929	
2783 BONANZA TRAIL	99709	-147.92800641275085	64.91879816931468	
1318 WINDFALL WAY	99709	-147.92465461197466	64.9182560697036	
1314 WINDFALL WAY	99709	-147.92556645641793	64.9177592545064	
1307 WINDFALL WAY	99709	-147.92715233172015	64.91778760458878	
2737 BONANZA TRAIL	99709	-147.92260743938002	64.91852659367146	
1289 LOWBUSH LANE	99709	-147.92476004951948	64.91635702702374	
1299 LOWBUSH LANE	99709	-147.922731863663	64.91718623926013	
1271 LOWBUSH LANE	99709	-147.92291833915607	64.91633145022621	
1245 LOWBUSH LANE	99709	-147.92292661783634	64.91511215711691	
1250 LOWBUSH LANE	99709	-147.92157701738378	64.91526811581872	
2707 AKSALA AVENUE	99709	-147.92005202294538	64.91475807306988	
2838 GOLDSTREAM ROAD	99709	-147.9325930050823	64.91235763616453	
2848 MONARCH ROAD	99709	-147.93573515639557	64.91382520264129	
2866 MONARCH ROAD	99709	-147.93818154657714	64.9138142466859	
2865 ALDERBERRY TRAIL	99709	-147.93655067067746	64.91535827607483	
2853 ALDERBERRY TRAIL	99709	-147.93477540080914	64.91443956744322	
2860 ALDERBERRY TRAIL	99709	-147.9350703863431	64.91602669582902	
2859 ALDERBERRY TRAIL	99709	-147.93308914345454	64.91616739193671	
2873 ALDERBERRY TRAIL	99709	-147.9386048784435	64.91643921758488	
2950 ALDERBERRY TRAIL	99709	-147.94113203467646	64.91989624835877	
2911 ALDERBERRY TRAIL	99709	-147.94083876275153	64.91705462023742	
2942 MURPHY DOME ROAD	99709	-147.94363205814142	64.91818128894145	
2952 MURPHY DOME ROAD	99709	-147.94528202220766	64.91927374300722	
2960 ALDERBERRY TRAIL	99709	-147.9430692179377	64.91978528489571	
2964 ALDERBERRY TRAIL	99709	-147.94325761327002	64.9207644503147	
1368 IVAN'S ALLEY	99709	-147.95142356174688	64.92076599889188	
1371 IVAN'S ALLEY	99709	-147.95319353990223	64.9206978999769	
3031 MURPHY DOME ROAD	99709	-147.9522881709896	64.91790625668689	
1101 SHEEP CREEK ROAD	99709	-147.94937622773898	64.91006563182854	
2878 ALASKANA COURT	99709	-147.93858322700302	64.90526084233413	
1009 O'BRIEN STREET	99709	-147.91566479957538	64.90474503536846	
989 O'BRIEN STREET	99709	-147.9154710087599	64.90371680589365	
2711 JAIME WAY	99709	-147.9199227931015	64.90449617256203	
1345 GUS'S GRIND	99709	-147.9226440550803	64.9197171131851	
1351 IVORY ROAD	99709	-147.91547214756542	64.91887097099655	
933 LITTLE CREEK COURT	99709	-147.88555118132174	64.90007561868352	
2821 WALDHEIM DRIVE	99709	-147.93412004084598	64.93502787942066	
1574 NORTH RADER DRIVE	99709	-147.93322997016926	64.93024602470597	
1251 IVORY ROAD	99709	-147.91519686590203	64.91537983760448	
1127 MILLER HILL ROAD EXT	99709	-147.88174790968748	64.90981577176773	
925 NORHEIM COURT	99709	-147.96066369712125	64.90420289804321	
915 NORHEIM COURT	99709	-147.95943812201696	64.90462643050428	
905 NORHEIM COURT	99709	-147.95757681087412	64.90573616057979	
1029 MILLER HILL ROAD EXT	99709	-147.88088459334514	64.90555186097176	
1226 MILLER HILL ROAD EXT	99709	-147.87842002072227	64.91429138241519	
1210 MILLER HILL ROAD EXT	99709	-147.87835432864432	64.91347700313162	
1308 MILLER HILL ROAD EXT	99709	-147.87903851533184	64.91845742837928	
1093 MILLER HILL ROAD EXT	99709	-147.88232230698407	64.90841349038139	
1089 MILLER HILL ROAD EXT	99709	-147.88279684198167	64.90821059336108	
1069 MILLER HILL ROAD EXT	99709	-147.88287610370975	64.90740680103248	
1049 MILLER HILL ROAD EXT	99709	-147.88091378826445	64.90619788919184	
1035 MILLER HILL ROAD EXT	99709	-147.88104143989528	64.90578019906462	
1015 MILLER HILL ROAD EXT	99709	-147.881118625448	64.90464721583947	
1126 PROPWASH DRIVE	99709	-147.90117349977928	64.90956879326308	
1544 NORTH RADER DRIVE	99709	-147.9339189135624	64.92826825743003	
1548 NORTH RADER DRIVE	99709	-147.93346879453702	64.92876728700578	
1389 NORTH RADER DRIVE	99709	-147.93675505455766	64.92174228878751	
1576 NORTH RADER DRIVE	99709	-147.93242936266142	64.93022704127645	
1610 NORTH RADER DRIVE	99709	-147.93318193086742	64.93140876087153	
1589 NORTH RADER DRIVE	99709	-147.93515114787374	64.9307759326989	
1573 NORTH RADER DRIVE	99709	-147.93500021955208	64.9296339431949	
1555 NORTH RADER DRIVE	99709	-147.9355853466058	64.92898239957886	
1395 NORTH RADER DRIVE	99709	-147.93687448389787	64.92228336369661	
1430 NORTH RADER DRIVE	99709	-147.93473209238994	64.92372513445777	
1450 NORTH RADER DRIVE	99709	-147.9354574145661	64.92454119626804	
1470 NORTH RADER DRIVE	99709	-147.93521848669462	64.92515187141952	
1471 NORTH RADER DRIVE	99709	-147.9370258334863	64.92525677847165	
1504 NORTH RADER DRIVE	99709	-147.93300778727718	64.9268486281992	
1524 NORTH RADER DRIVE	99709	-147.93463712978132	64.92744046359346	
2720 TRIPLE HORN LANE	99709	-147.92096312285193	64.91449743820445	
2768 TRIPLE HORN LANE	99709	-147.92644086467635	64.91464469582779	
2752 TRIPLE HORN LANE	99709	-147.92432916601734	64.91482082148583	
2700 TRIPLE HORN LANE	99709	-147.91851038156938	64.91393500410634	
2751 TRIPLE HORN LANE	99709	-147.92457769272409	64.91334953636105	
2771 TRIPLE HORN LANE	99709	-147.926448128681	64.91310930680231	
2825 TRIPLE HORN LANE	99709	-147.93252359896357	64.91392172665998	
2880 ALDERBERRY TRAIL	99709	-147.9379341776451	64.91824315511718	
969 MILLER HILL ROAD EXT	99709	-147.8816201561357	64.90304483294449	
920 NORHEIM COURT	99709	-147.96404882798944	64.90546586741596	
930 NORHEIM COURT	99709	-147.96347113489065	64.90449726105923	
1567 NORTH RADER DRIVE	99709	-147.93431113219134	64.92915079296081	
1109 MILLER HILL ROAD EXT	99709	-147.88123979862615	64.90880771229075	
962 MILLER HILL ROAD EXT	99709	-147.87997381465914	64.90208721625204	
1090 MILLER HILL ROAD EXT	99709	-147.87921287626438	64.90741193344445	
1110 MILLER HILL ROAD EXT	99709	-147.87933162770585	64.90896178373208	
2679 SAUNA AVENUE	99709	-147.9100939981233	64.9062904608277	
2832 OPAL AVENUE	99709	-147.93293792591098	64.92463848744974	
968 AURORA BOREALIS LANE	99709	-147.94811979018016	64.90291338031592	
855 MILLER HILL ROAD EXT	99709	-147.8810248450408	64.89943560150783	
1485 GUS'S GRIND	99709	-147.9266119699716	64.9259479238471	
2970 TEKAPO COURT	99709	-147.95483674336518	64.93107041470411	
2989 TEKAPO COURT	99709	-147.95583817698534	64.92998488851107	
1449 WINDFALL WAY	99709	-147.92482079281763	64.92338275755435	
2950 PORTILLO PLACE	99709	-147.95388620344275	64.93258460535836	
1015 AURORA BOREALIS LANE	99709	-147.94924071432746	64.90463693408347	
2329 CORDES DRIVE	99709	-147.87968231067137	64.92533266148611	
2353 CORDES DRIVE	99709	-147.88166528479866	64.9252081647258	
2375 CORDES DRIVE	99709	-147.88427961147326	64.92529977895968	
2332 CORDES DRIVE	99709	-147.8796509240662	64.92604775974974	
2310 CORDES DRIVE	99709	-147.8784051915945	64.92630034915253	
2405 CORDES DRIVE	99709	-147.8896208339742	64.9252444981289	
2407 CORDES DRIVE	99709	-147.89019435358836	64.9258719940448	
2327 STEVENS AVENUE	99709	-147.87935131461333	64.92305023103903	
2349 STEVENS AVENUE	99709	-147.88114974317125	64.92287707421934	
2851 MONTEVERDE ROAD	99709	-147.9527961850998	64.93824677208055	
2336 BLACK SPRUCE COURT	99709	-147.8794169743871	64.90491867839295	
1535 GOLDRIDGE DRIVE	99709	-147.93975976761078	64.92777388080373	
1606 SNOWBASIN ROAD	99709	-147.97263887875943	64.93219787228591	
1143 BREANNE STREET	99709	-147.90955560569162	64.91110946264251	
1014 OH BABY LANE	99709	-147.95508779419288	64.90567753735917	
3127 MOOSE MOUNTAIN ROAD	99709	-147.96767152289695	64.93081266853613	
991 MILLER HILL ROAD EXT	99709	-147.8810864957768	64.90338093441558	
2700 AKSALA AVENUE	99709	-147.91875800409827	64.91515642849076	
1521 GOLDRIDGE DRIVE	99709	-147.93935474543025	64.92721439487406	
2333 SOLAR AVENUE	99709	-147.87935487336722	64.91521763831051	
1361 JONES ROAD	99709	-147.90662407801273	64.9210668002069	
1353 JONES ROAD	99709	-147.90646557115414	64.9196997875911	
1343 JONES ROAD	99709	-147.90696242891508	64.91943325082164	
2320 SOLAR AVENUE	99709	-147.87817054395344	64.91637443880401	
1344 COLLINS STREET	99709	-147.88446971007713	64.92011434738103	
2369 NUGGET LOOP	99709	-147.8832334363118	64.92073279930844	
2383 NUGGET LOOP	99709	-147.88582815409447	64.9208258952335	
2425 NUGGET LOOP	99709	-147.88789375460055	64.92063425580531	
2390 GOLDSTREAM ROAD	99709	-147.88607934081153	64.91856149334578	
1625 SNOWBASIN ROAD	99709	-147.97558400041814	64.9306611179186	
1209 O'BRIEN STREET	99709	-147.91548206248402	64.91296059291751	
1193 O'BRIEN STREET	99709	-147.9154308558342	64.91264991141506	
1187 O'BRIEN STREET	99709	-147.91582861526558	64.91192003863868	
1171 O'BRIEN STREET	99709	-147.91523993058428	64.91122042221077	
1165 O'BRIEN STREET	99709	-147.91536021890812	64.9109274826729	
1157 O'BRIEN STREET	99709	-147.9152448303986	64.91064645971049	
890 MAURA STREET	99709	-147.91055094902208	64.90110431711494	
2314 STEVENS AVENUE	99709	-147.87803104413243	64.92463882060062	
2330 STEVENS AVENUE	99709	-147.87993743588262	64.92448755799192	
2401 INCLINATION DRIVE	99709	-147.88797448009694	64.92270272120435	
1453 JONES ROAD	99709	-147.91182205802997	64.92423546704549	
1457 JONES ROAD	99709	-147.91339388919718	64.92453251304516	
2730 ARBOLES LANE	99709	-147.92213910346823	64.93794378096277	
2870 WALDHEIM DRIVE	99709	-147.92620498834094	64.93808308312961	
2880 WALDHEIM DRIVE	99709	-147.92685884935042	64.93915868107204	
2383 INCLINATION DRIVE	99709	-147.88580061400398	64.92238794150839	
2376 NUGGET LOOP	99709	-147.884336777433	64.92161585281274	
2386 NUGGET LOOP	99709	-147.88650837703446	64.92183246890463	
1720 GILLETTE STREET	99709	-147.91359947752824	64.93693485659028	
2626 WALDHEIM DRIVE	99709	-147.912271250123	64.9362339318464	
1670 JONES ROAD	99709	-147.9051820933502	64.93429457903247	
2659 WALDHEIM DRIVE	99709	-147.91355624068038	64.93537164470078	
2629 WALDHEIM DRIVE	99709	-147.9120204911479	64.93521805211113	
980 GOLD FLAKE AVENUE	99709	-147.95242888314496	64.9035967383821	
2586 HORSETAIL TRAIL	99709	-147.90764965856502	64.93159063679948	
1550 GUS'S GRIND	99709	-147.9209263442993	64.9299530315315	
1210 MILLER HILL ROAD EXT	99709	-147.8795135723734	64.91369079597871	
1210 MILLER HILL ROAD EXT	99709	-147.8779607731562	64.91307448567363	
1733 COYOTE TRAIL	99709	-147.9442552084326	64.9382988367363	
1727 COYOTE TRAIL	99709	-147.94628410103726	64.93816074079493	
1708 COYOTE TRAIL	99709	-147.94367217910175	64.93588650153421	
1670 COYOTE TRAIL	99709	-147.943237789888	64.93436335162221	
1532 COYOTE TRAIL	99709	-147.9421010757306	64.9281457194422	
1553 NORTHFIELD ROAD	99709	-147.94566426459212	64.92889946520762	
1569 NORTHFIELD ROAD	99709	-147.94774480814513	64.92983857720861	
1650 NORTHFIELD ROAD	99709	-147.94634019208328	64.93353567991348	
1628 NORTHFIELD ROAD	99709	-147.94588569636053	64.93224739647842	
1610 NORTHFIELD ROAD	99709	-147.94618667214286	64.93122194962233	
1509 SOUTHFIELD ROAD	99709	-147.94269939070855	64.92730191145549	
1440 COYOTE TRAIL	99709	-147.946729432346	64.92420120859366	
1466 COYOTE TRAIL	99709	-147.9473666989012	64.9250714717455	
1380 COYOTE TRAIL	99709	-147.94621949105	64.9220406974305	
1385 COYOTE TRAIL	99709	-147.95020853933772	64.92199768991527	
2866 WALDHEIM DRIVE	99709	-147.9272761350661	64.9378703102702	
2934 MOOSE MOUNTAIN ROAD	99709	-147.95461928088957	64.93420446569547	
2732 GOLDSTREAM ROAD	99709	-147.92261140119493	64.91366635071286	
2697 TRIPLE HORN LANE	99709	-147.9194235284275	64.91383217682781	
877 SCHLOESSER DRIVE	99709	-147.96526346739907	64.89968379309285	
2861 MOOSE MOUNTAIN ROAD	99709	-147.95579178856488	64.93684290826661	
2386 HARPER'S ROAD	99709	-147.8840335139175	64.90649538118745	
907 AURORA BOREALIS LANE	99709	-147.9489129466433	64.90028326405829	
1189 O'BRIEN STREET	99709	-147.91605856146407	64.91220396684464	
2635 GOLDSTREAM ROAD	99709	-147.90982430714126	64.91263211332131	
2591 GOLDSTREAM ROAD	99709	-147.90668513125615	64.9133632368712	
2611 GOLDSTREAM ROAD	99709	-147.9071849957857	64.91332713471049	
2711 TRIPLE HORN LANE	99709	-147.91998732730207	64.91386554612336	
2715 TRIPLE HORN LANE	99709	-147.92033310725768	64.91382702351724	
1291 JONES ROAD	99709	-147.90719737498364	64.91765525814354	
1590 SNOWBASIN ROAD	99709	-147.96811044984136	64.93171532597124	
2391 HARPER'S ROAD	99709	-147.88539480311184	64.90461281959949	
3010 LITTLE DOME COURT	99709	-147.95369142179504	64.89921214254436	
2684 SAUNA AVENUE	99709	-147.91103407926633	64.9069945483259	
1595 NORTHFIELD ROAD	99709	-147.9478264207724	64.93081366954337	
1431 JURE STREET	99709	-147.9767978969276	64.91317307636238	
2656 MOOSE MOUNTAIN ROAD	99709	-147.9607149711359	64.94770626211476	
2575 GOLDSTREAM ROAD	99709	-147.90459004661466	64.91312162646399	
1005 AURORA BOREALIS LANE	99709	-147.94944903566693	64.90427488530061	
1015 AURORA BOREALIS LANE	99709	-147.9497691152435	64.90484448336535	
2495 NUGGET LOOP	99709	-147.88871816367353	64.91782689586123	
1605 MERIBEL ROAD	99709	-147.97555676667	64.93289975194185	
1046 MAURA STREET	99709	-147.9014357442214	64.90635723699319	
1576 SNOWBASIN ROAD	99709	-147.97061903729383	64.92969821243258	
1749 GILLETTE STREET	99709	-147.91611575235098	64.93800455635169	
2309 LICHEN WAY	99709	-147.88180563866337	64.91434036807709	
1005 GOLD FLAKE AVENUE	99709	-147.95613474319782	64.90290375895849	
2381 LICHEN WAY	99709	-147.8882686883232	64.91435507642858	
1474 JENNIFER DRIVE	99709	-147.97571655729908	64.92623063572938	
3126 MONTEVERDE ROAD	99709	-147.96335193719986	64.93602143385195	
1091 MILLER HILL EXT ROAD	99709	-147.88208412585146	64.90833974952207	
1119 PROPWASH DRIVE	99709	-147.90243427898594	64.90942149674783	
2972 PORTILLO PLACE	99709	-147.95502760141332	64.93270696191794	
2391 LICHEN WAY	99709	-147.890618562268	64.91440313665929	
2336 LICHEN WAY	99709	-147.88354014692692	64.91543274832317	
3061 MOOSE MOUNTAIN ROAD	99709	-147.95972361000514	64.9302042592292	
1635 JONES ROAD	99709	-147.90744145133925	64.93323449030564	
2409 LICHEN WAY	99709	-147.89546443402998	64.9146941265131	
2399 LICHEN WAY	99709	-147.89270030121182	64.9143612672191	
2405 LICHEN WAY	99709	-147.89382796462166	64.914489389424	
2345 LICHEN WAY	99709	-147.88583184355684	64.91440544870954	
2350 LICHEN WAY	99709	-147.8857706800757	64.91542613277966	
2360 LICHEN WAY	99709	-147.88715260041118	64.9154050643198	
2310 LICHEN WAY	99709	-147.88156860054448	64.91535203927195	
943 LITTLE CREEK COURT	99709	-147.8872131704327	64.9007500103087	
2426 NUGGET LOOP	99709	-147.8922719709684	64.92155237715515	
1224 PROPWASH DRIVE	99709	-147.90370299924004	64.91323688334862	
1315 COLLINS STREET	99709	-147.88607229267984	64.91853424626039	
2325 LICHEN WAY	99709	-147.88329034862738	64.91453164166033	
2535 RALF D LANE	99709	-147.90298458997205	64.9133863391377	
2549 RALF D LANE	99709	-147.9023080596751	64.91332259755175	
2550 RALF D LANE	99709	-147.90173565730333	64.91331287326858	
2555 RALF D LANE	99709	-147.90216071818895	64.91315416700112	
2556 RALF D LANE	99709	-147.901620492194	64.91317383741774	
2559 RALF D LANE	99709	-147.9019839203456	64.91299462902695	
2560 RALF D LANE	99709	-147.90146558747523	64.91296931226881	
2565 RALF D LANE	99709	-147.90184054171334	64.91281124641422	
2566 RALF D LANE	99709	-147.90130036077196	64.91276066085004	
2569 RALF D LANE	99709	-147.90168401579442	64.91264765806845	
1121 BREANNE STREET	99712	-147.9088847773239	64.90968183025545	
855 MILLER HILL ROAD EXT	99709	-147.88446727415692	64.8990588631962	
1696 COYOTE TRAIL	99709	-147.9432463987718	64.9354318696367	
3072 TRILBY AVENUE	99709	-147.9585437470272	64.90775997432189	
1199 MILLER HILL ROAD EXT	99709	-147.88585183806404	64.91095657760128	
2680 WALDHEIM DRIVE	99709	-147.91689913364158	64.93607400564147	
3145 MONTEVERDE ROAD	99709	-147.96480152097968	64.9350165846883	
1349 GUS'S GRIND	99709	-147.92262173572456	64.91987409977762	
1353 GUS'S GRIND	99709	-147.92264362060274	64.92002339466681	
1357 GUS'S GRIND	99709	-147.92261960170916	64.92015666126888	
1361 GUS'S GRIND	99709	-147.92262386825703	64.92029431073806	
1365 GUS'S GRIND	99709	-147.92261695574643	64.92043210624415	
1369 GUS'S GRIND	99709	-147.92262698194367	64.92057205576268	
1373 GUS'S GRIND	99709	-147.9226192195326	64.92069798858304	
1377 GUS'S GRIND	99709	-147.9226395756489	64.92082593475354	
1385 GUS'S GRIND	99709	-147.92270789306548	64.92107672124966	
1381 GUS'S GRIND	99709	-147.92267161911374	64.92096085233135	
1340 GUS'S GRIND	99709	-147.92212831074812	64.9195935716576	
1344 GUS'S GRIND	99709	-147.9221356145786	64.91972604734447	
1348 GUS'S GRIND	99709	-147.92211363203495	64.91988777822628	
1352 GUS'S GRIND	99709	-147.92211772609	64.92002305644004	
1356 GUS'S GRIND	99709	-147.92213282942743	64.9201558182636	
1360 GUS'S GRIND	99709	-147.92213218349167	64.92030302857242	
1364 GUS'S GRIND	99709	-147.9221415276174	64.92043349121263	
1368 GUS'S GRIND	99709	-147.92215155133684	64.9205734407701	
1372 GUS'S GRIND	99709	-147.922149716185	64.92070404582294	
1376 GUS'S GRIND	99709	-147.9221417817277	64.92082760823757	
1384 GUS'S GRIND	99709	-147.92215979091375	64.92107904388592	
1380 GUS'S GRIND	99709	-147.92215095621432	64.9209556986896	
2570 GOAT HILL TRAIL	99709	-147.90039660594434	64.92882611103207	
2539 GOAT HILL TRAIL	99709	-147.90271350362497	64.92646033245052	
2608 GOAT HILL TRAIL	99709	-147.89599952845478	64.92742197860107	
2610 GOAT HILL TRAIL	99709	-147.89365485861572	64.92512269932713	
1572 GOLDRIDGE DRIVE	99709	-147.9370017319908	64.93018374724042	
2766 BONANZA TRAIL	99709	-147.9257161037872	64.91969360248815	
2567 WALDHEIM DRIVE	99709	-147.9015066451758	64.9352080307516	
980 BREANNE STREET	99709	-147.90791571828566	64.90215586980649	
3210 MONTEVERDE ROAD	99709	-147.9752291014765	64.9363135690063	
2675 MONTEVERDE ROAD	99709	-147.9421664957837	64.94024644688429	
987 AURORA BOREALIS LANE	99709	-147.94962107077197	64.90372059805159	
2650 ELSIE AVENUE	99709	-147.91267389547176	64.91193470568147	
2640 ELSIE AVENUE	99709	-147.91196200992695	64.91180923949955	
2717 GOLDSTREAM ROAD	99709	-147.92021626744938	64.91208821915677	
1615 NORTHFIELD ROAD	99709	-147.94782014260613	64.93159999685415	
2342 CATKIN WAY	99709	-147.88497040702916	64.91725249256557	
2339 CATKIN WAY	99709	-147.88532454152696	64.91631796832664	
937 AURORA BOREALIS LANE	99709	-147.94948912510065	64.90182529478703	
1021 MAURA STREET	99709	-147.90235545768408	64.90525463675498	
2363 CATKIN WAY	99709	-147.8867651095392	64.91626119095785	
2327 CATKIN WAY	99709	-147.88377345097567	64.91621145368967	
2311 CATKIN WAY	99709	-147.88186695510095	64.91633364999926	
2364 CATKIN WAY	99709	-147.88715611331887	64.91697476483783	
2310 CATKIN WAY	99709	-147.88219100520735	64.91739046570544	
1366 SARGENT'S CIRCLE	99709	-147.88019171911944	64.92030532638333	
2322 CATKIN WAY	99709	-147.8837330538801	64.91732546312993	
1310 IVORY ROAD	99709	-147.9141702221211	64.91821286895953	
2720 DARLING AVENUE	99709	-148.01548783349352	64.9822450206477	
2725 MCCALL STREET	99709	-148.01293033437364	64.98189100026731	
2730 DESPERATION LOOP	99709	-148.21022798397348	64.96285789489501	
3080 DARLING AVENUE	99709	-148.0441944905907	64.99111981675158	
3850 ERROL AVENUE	99709	-148.04044994462558	64.99285320219849	
5720 CASCADE ROAD	99709	-148.23995571835445	64.95476625802006	
3657 ERROL AVENUE	99709	-148.02035330707042	64.9903931635253	
3631 ERROL AVENUE	99709	-148.01877645176577	64.99001440703518	
2885 MCCALL STREET	99709	-148.01870322649089	64.9888044251987	
2828 MCCALL STREET	99709	-148.01176347221417	64.98671106430652	
2741 DARLING AVENUE	99709	-148.02117325128876	64.98280534802853	
2749 MCCALL STREET	99709	-148.01271157399486	64.98340331472996	
2711 MCCALL STREET	99709	-148.01173953476322	64.9809756912989	
2685 MCCALL STREET	99709	-148.01289221578094	64.9801362058894	
5690 CASCADE ROAD	99709	-148.23685290191884	64.95503301315036	
5674 CASCADE ROAD	99709	-148.2356823101682	64.9559686360835	
5520 CASCADE ROAD	99709	-148.21954876773805	64.95581081963495	
5480 CASCADE ROAD	99709	-148.21597102219707	64.9560351044082	
5445 CASCADE ROAD	99709	-148.20955969121292	64.95532983547274	
5475 CASCADE ROAD	99709	-148.2131101049113	64.95466973412216	
2871 DARLING AVENUE	99709	-148.02368447979313	64.98723254618933	
2832 DARLING AVENUE	99709	-148.01835174452114	64.98682906114533	
2959 MCCALL STREET	99709	-148.01513492059505	64.99243607966126	
3861 ERROL AVENUE	99709	-148.04189492360277	64.99192718947353	
3040 DARLING AVENUE	99709	-148.04154451249073	64.99043736176131	
3010 DARLING AVENUE	99709	-148.03718625335526	64.99050792335218	
3115 DARLING AVENUE	99709	-148.0497992853904	64.99044448666284	
2915 DARLING AVENUE	99709	-148.02648668326458	64.98784211919214	
2878 DARLING AVENUE	99709	-148.02110593227766	64.98871290972853	
2890 MCCALL STREET	99709	-148.01525653387196	64.98946704396232	
2680 DARLING AVENUE	99709	-148.01812262194738	64.9802516314567	
2690 MCCALL STREET	99709	-148.01070860462883	64.97962808224169	
2748 MCCALL STREET	99709	-148.0103798770034	64.98270962525581	
2790 DESPERATION LOOP	99709	-148.2144328863509	64.96070070010477	
5606 CASCADE ROAD	99709	-148.22786290068942	64.95581144654633	
5582 CASCADE ROAD	99709	-148.2256415879218	64.95463117273535	
5556 CASCADE ROAD	99709	-148.2220268063467	64.95565047705875	
4461 OLD MURPHY DOME ROAD	99709	-148.08498409605662	64.95572201403364	
4551 PERFECT PERCH DRIVE	99709	-148.11522676892733	64.9556539857629	
3806 ERROL AVENUE	99709	-148.0378233669764	64.99281711372029	
5650 CASCADE ROAD	99709	-148.23220136346976	64.95496152405774	
3670 OLD MURPHY DOME ROAD	99709	-148.01394835761556	64.97884494991804	
2777 DARLING AVENUE	99709	-148.01851642839785	64.98502879054531	
3770 ERROL AVENUE	99709	-148.0327069936747	64.99240494945175	
3736 ERROL AVENUE	99709	-148.0299759534048	64.99198770499957	
3811 ERROL AVENUE	99709	-148.03649697495496	64.99177298988216	
3075 DARLING AVENUE	99709	-148.04441987892986	64.989519326482	
3035 DARLING AVENUE	99709	-148.03986104885075	64.98952513814257	
2995 DARLING AVENUE	99709	-148.03567607261448	64.98833479878176	
2955 DARLING AVENUE	99709	-148.03058003287933	64.98776906081393	
2341 DESPERATION LOOP	99709	-148.19628226231845	64.96471186572288	
2681 DARLING AVENUE	99709	-148.02082334453266	64.97987256452255	
2914 DARLING AVENUE	99709	-148.0262388912023	64.98899186353165	
4805 OLD MURPHY DOME ROAD	99709	-148.11823598604562	64.95709506105797	
3875 ERROL AVENUE	99709	-148.0439060899646	64.99318376692779	
3899 MCCLOUD DRIVE	99709	-148.0462274099863	64.99306257928512	
9138 CHATANIKA RIVER	99712	-148.1584010616708	65.02717177367471	
10343 CHATANIKA RIVER	99709	-148.10642144607414	65.03978454198341	
3453 AURORA CAMP LANE	99709	-148.00763589529637	64.98116226938231	
2750 DARLING AVENUE	99709	-148.01734054055945	64.98370250311201	
2422 DESPERATION LOOP	99709	-148.19257941918073	64.97036768853843	
2334 DESPERATION LOOP	99709	-148.19225176099116	64.96586340596396	
2610 DARLING AVENUE	99709	-148.01899671740435	64.97751111513256	
2266 DESPERATION LOOP	99709	-148.1957806840602	64.96249615395699	
2910 MCCALL STREET	99709	-148.01518100231908	64.99046770796772	
2799 MCCALL STREET	99709	-148.0147178989692	64.98507451178143	
2803 MCCALL STREET	99709	-148.01601473865583	64.98583820190899	
146 CLARKSON DRIVE	99709	-147.8736003678549	64.84156783091571	
128 CLARKSON DRIVE	99709	-147.87316024342468	64.84193874961647	
5010 AMHERST DRIVE	99709	-147.86970523694802	64.84234016466607	
115 KELSAN WAY	99709	-147.86115411380197	64.84390000850918	
4605 WOOD RIVER DRIVE	99709	-147.85337540762308	64.84405525388777	
4595 WOOD RIVER DRIVE	99709	-147.85375956973832	64.84436391945661	
4593 WOOD RIVER DRIVE	99709	-147.8537194557892	64.84447952714986	
4589 WOOD RIVER DRIVE	99709	-147.85372775788287	64.84470137074801	
4588 WOOD RIVER DRIVE	99709	-147.85514928165657	64.8447524298403	
4586 WOOD RIVER DRIVE	99709	-147.85491176282957	64.84469152407034	
4588 TOLOVANA DRIVE	99709	-147.8566569149035	64.84549783424475	
4586 TOLOVANA DRIVE	99709	-147.85681194473756	64.84536026687113	
4532 TOLOVANA DRIVE	99709	-147.85368665323517	64.84657847482431	
120 PEPPERDINE DRIVE	99709	-147.86268205315065	64.84127056015097	
115 TRINIDAD DRIVE	99709	-147.86373133309652	64.84120039221423	
4733 DRAKE STREET	99709	-147.8616459156495	64.8412846504904	
4721 DRAKE STREET	99709	-147.86133016849828	64.84118623288155	
4738 DRAKE STREET	99709	-147.86125948329243	64.84154880173482	
4758 DRAKE STREET	99709	-147.8615877888774	64.84170508284414	
4949 DRAKE STREET	99709	-147.8656137679399	64.84148103632053	
4931 DRAKE STREET	99709	-147.86533614685746	64.84161710267398	
4903 DRAKE STREET	99709	-147.86493639980304	64.84182458300599	
4978 DRAKE STREET	99709	-147.86651320856856	64.84150612078483	
258 YALE WAY	99709	-147.8534650240736	64.84195548897422	
240 YALE WAY	99709	-147.85306191946424	64.84193852671848	
301 STEELHEAD ROAD	99709	-147.85398843330688	64.84293086059796	
4493 DARTMOUTH DRIVE	99709	-147.8539928928396	64.84235169030156	
4508 DARTMOUTH DRIVE	99709	-147.85488232218745	64.84289011964883	
4516 DARTMOUTH DRIVE	99709	-147.85536794106588	64.84305773018833	
4524 DARTMOUTH DRIVE	99709	-147.85557434780648	64.84327495597132	
4532 DARTMOUTH DRIVE	99709	-147.85594919085204	64.84340749680918	
4624 DARTMOUTH DRIVE	99709	-147.8574712589937	64.84390299168135	
4619 DARTMOUTH DRIVE	99709	-147.85782896877055	64.84360254774383	
4611 DARTMOUTH DRIVE	99709	-147.8574363926004	64.84346278792968	
4603 DARTMOUTH DRIVE	99709	-147.85716017777509	64.84333132582118	
4541 DARTMOUTH DRIVE	99709	-147.8566305737863	64.84323479233184	
220 STEELHEAD ROAD	99709	-147.85486806840044	64.84242968932223	
212 STEELHEAD ROAD	99709	-147.85485360944043	64.84227043581103	
204 STEELHEAD ROAD	99709	-147.8549406898491	64.84205670289178	
4650 HARVARD CIRCLE	99709	-147.8583027183065	64.8434013347734	
4610 HARVARD CIRCLE	99709	-147.85638911285736	64.8424408861207	
4701 HARVARD CIRCLE	99709	-147.85689729086926	64.84210191840853	
4709 HARVARD CIRCLE	99709	-147.8573749516842	64.84210389385993	
4717 HARVARD CIRCLE	99709	-147.8582057118824	64.84210238715299	
4744 HARVARD CIRCLE	99709	-147.85951065966475	64.84287529234764	
125 CARLYLE WAY	99709	-147.86043621426498	64.84334404553663	
129 CARLYLE WAY	99709	-147.86053411684668	64.84328743622181	
135 CARLYLE WAY	99709	-147.86063201461891	64.84323082420633	
141 CARLYLE WAY	99709	-147.8608868467127	64.84311157037666	
108 CARLYLE WAY	99709	-147.8605084859168	64.84371375596	
112 CARLYLE WAY	99709	-147.86060542636628	64.84367100447227	
120 CARLYLE WAY	99709	-147.86077813213285	64.84357186037901	
124 CARLYLE WAY	99709	-147.8608844588867	64.84350352137176	
4587 WOOD RIVER DRIVE	99709	-147.85365143832058	64.84478437222026	
4581 WOOD RIVER DRIVE	99709	-147.85341871751024	64.84491647262415	
4583 WOOD RIVER DRIVE	99709	-147.8533505057111	64.84501179278168	
4582 WOOD RIVER DRIVE	99709	-147.85453901784012	64.84517132489846	
4556 WOOD RIVER DRIVE	99709	-147.85307378516822	64.84568052307665	
4547 TOLOVANA DRIVE	99709	-147.85330548351834	64.84607661082035	
4555 TOLOVANA DRIVE	99709	-147.85374919318505	64.84588271677619	
4893 DARTMOUTH DRIVE	99709	-147.860584781644	64.84434227447841	
4897 DARTMOUTH DRIVE	99709	-147.86065408198928	64.84449285966748	
4744 GLASGOW DRIVE	99709	-147.86121129400274	64.84448219553366	
4736 HARVARD CIRCLE	99709	-147.85899091142227	64.84274234158326	
4728 HARVARD CIRCLE	99709	-147.85854869256028	64.84259186770909	
4720 HARVARD CIRCLE	99709	-147.85793502317205	64.84249772686047	
4619 HARVARD CIRCLE	99709	-147.85741066302984	64.84245435139809	
4804 STANFORD DRIVE	99709	-147.86067007896267	64.84238540454794	
4728 STANFORD DRIVE	99709	-147.8602426416629	64.84222528831505	
4720 STANFORD DRIVE	99709	-147.85979937955827	64.84210502551332	
4712 STANFORD DRIVE	99709	-147.859440388639	64.84203407104339	
4704 GLASGOW DRIVE	99709	-147.85910008419427	64.84361981408522	
4708 GLASGOW DRIVE	99709	-147.85921486163213	64.8436737620677	
4712 GLASGOW DRIVE	99709	-147.8593113189111	64.84373135880247	
4734 GLASGOW DRIVE	99709	-147.85992997068666	64.84408368916816	
4740 GLASGOW DRIVE	99709	-147.8600360440229	64.84414526686336	
304 TRINIDAD DRIVE	99709	-147.8598300555885	64.84321915740027	
368 OLD CHENA PUMP ROAD	99709	-147.86679165213891	64.84843368153687	
372 OLD CHENA PUMP ROAD	99709	-147.8666058513302	64.84833101536132	
179 VASSAR CIRCLE	99709	-147.87145147756775	64.84116289605416	
4558 WOOD RIVER DRIVE	99709	-147.85318988661885	64.8456573400571	
364 OLD CHENA PUMP ROAD	99709	-147.86639158562457	64.84843146302877	
366 OLD CHENA PUMP ROAD	99709	-147.8665788658458	64.84843273295535	
4925 AMHERST DRIVE	99709	-147.86759827316524	64.84136434731448	
110 CLARKSON DRIVE	99709	-147.8726168425924	64.84232916752401	
4563 TOLOVANA DRIVE	99709	-147.85456048998608	64.8457503349904	
4601 TOLOVANA DRIVE	99709	-147.85545589227578	64.84536528712444	
4574 TOLOVANA DRIVE	99709	-147.85603394306312	64.84572736471242	
4562 TOLOVANA DRIVE	99709	-147.85534982134183	64.84602849966153	
4554 TOLOVANA DRIVE	99709	-147.85493780815017	64.84619760386893	
4546 TOLOVANA DRIVE	99709	-147.85437843362132	64.84641126751505	
116 TRINIDAD DRIVE	99709	-147.8644470730481	64.84142535136677	
124 TRINIDAD DRIVE	99709	-147.864180974729	64.84157756656188	
132 TRINIDAD DRIVE	99709	-147.8637783224578	64.8416991883685	
4956 DRAKE STREET	99709	-147.86624477477068	64.84162450643723	
4950 DRAKE STREET	99709	-147.8661580251445	64.84172017880479	
4932 DRAKE STREET	99709	-147.86594819849515	64.84181124201538	
121 TRINIDAD DRIVE	99709	-147.86337312913432	64.84135599315825	
127 TRINIDAD DRIVE	99709	-147.86295082989534	64.8415181141946	
4783 DRAKE STREET	99709	-147.86258500414087	64.84157856314353	
4751 DRAKE STREET	99709	-147.86227208403287	64.84140197687329	
112 TRINIDAD DRIVE	99709	-147.86485328124624	64.84131073431104	
4975 GLASGOW DRIVE	99709	-147.8672536039779	64.84173189319623	
157 VASSAR CIRCLE	99709	-147.8706071272295	64.84153410498804	
143 CLARKSON DRIVE	99709	-147.87247200442891	64.84150481796888	
541 NEBULA WAY	99709	-147.86909595105917	64.84523417138358	
4931 ASTEROID LANE	99709	-147.86704922555458	64.84391016769383	
100 CORNELL WAY	99709	-147.8680102699437	64.84197318785768	
110 CORNELL WAY	99709	-147.86846780716968	64.84210102160795	
120 CORNELL WAY	99709	-147.86864812432344	64.84234048985304	
130 CORNELL WAY	99709	-147.8682169135109	64.8425602256864	
120 CHAPMAN COURT	99709	-147.8678732457256	64.84289980925591	
130 CHAPMAN COURT	99709	-147.86775979320328	64.84313920476822	
140 CHAPMAN COURT	99709	-147.86730661193675	64.84325213675446	
4852 GLASGOW DRIVE	99709	-147.8667370953011	64.84321654151036	
4786 GLASGOW DRIVE	99709	-147.86544505422333	64.84414495038092	
4774 GLASGOW DRIVE	99709	-147.86485251286464	64.84429390208028	
4772 GLASGOW DRIVE	99709	-147.864230171673	64.84432313323227	
4770 GLASGOW DRIVE	99709	-147.86376283990955	64.84452992103526	
4767 GLASGOW DRIVE	99709	-147.86276123269278	64.84416773316002	
4773 GLASGOW DRIVE	99709	-147.8632637310116	64.84412040876653	
4777 GLASGOW DRIVE	99709	-147.86368157271667	64.84402858810219	
4807 GLASGOW DRIVE	99709	-147.8651021362675	64.84342863883008	
4825 GLASGOW DRIVE	99709	-147.86544842583115	64.843296430625	
4953 GLASGOW DRIVE	99709	-147.86684031432495	64.84186528734959	
132 CARLYLE WAY	99709	-147.86108695107146	64.84338680133311	
119 KELSAN WAY	99709	-147.86124494642888	64.84384280347125	
125 KELSAN WAY	99709	-147.86135766712684	64.84379147734786	
147 KELSAN WAY	99709	-147.86201541974734	64.84350631830435	
144 KELSAN WAY	99709	-147.86264367886972	64.8438349677838	
140 KELSAN WAY	99709	-147.86251677946706	64.84388031862471	
178 CARLYLE WAY	99709	-147.86238744221055	64.84299214822582	
182 CARLYLE WAY	99709	-147.86248159295945	64.8429266965	
177 CARLYLE WAY	99709	-147.8616382702473	64.84274626533042	
173 CARLYLE WAY	99709	-147.8614966442754	64.8427774406431	
169 CARLYLE WAY	99709	-147.86134284475452	64.84282859745989	
160 SYRACUSE COURT	99709	-147.86432512540526	64.84359683077481	
4811 STANFORD DRIVE	99709	-147.86121991585182	64.84217843779447	
539 NEBULA WAY	99709	-147.86907328495113	64.84506845675308	
531 NEBULA WAY	99709	-147.86904606055703	64.84481968387874	
4961 ASTEROID LANE	99709	-147.86836158477652	64.84391145232635	
455 NEBULA WAY	99709	-147.86906886877236	64.84366392906354	
451 NEBULA WAY	99709	-147.86898466501324	64.8435104155613	
437 NEBULA WAY	99709	-147.86906841217404	64.84326257168888	
4941 ASTEROID LANE	99709	-147.8671214848285	64.84382843655345	
164 CARLYLE WAY	99709	-147.8618500255057	64.84317720965343	
168 CARLYLE WAY	99709	-147.86200486094302	64.84312979916989	
172 CARLYLE WAY	99709	-147.86215335410188	64.8430992211411	
134 KELSAN WAY	99709	-147.86232574385744	64.84388818269703	
4958 ASTEROID LANE	99709	-147.86795882502238	64.84429393697788	
140 CORNELL WAY	99709	-147.86765477213697	64.84252514621001	
150 CORNELL WAY	99709	-147.86724784198643	64.84235093006468	
4884 GLASGOW DRIVE	99709	-147.86695678281725	64.84270066533995	
4882 GLASGOW DRIVE	99709	-147.8669287743583	64.8427510631314	
110 CHAPMAN COURT	99709	-147.86749972693207	64.842824622742	
4840 GLASGOW DRIVE	99709	-147.8664046692545	64.84339575783424	
4828 GLASGOW DRIVE	99709	-147.86599096831029	64.84354043843337	
4810 GLASGOW DRIVE	99709	-147.86560498314196	64.8436909239637	
4798 GLASGOW DRIVE	99709	-147.86518286842184	64.84387966902237	
4764 GLASGOW DRIVE	99709	-147.86310249622701	64.84449630803728	
4758 GLASGOW DRIVE	99709	-147.86247083418854	64.84461560157264	
4752 GLASGOW DRIVE	99709	-147.86185313433782	64.8445421448106	
5190 AMHERST DRIVE	99709	-147.87114485764053	64.84263391952467	
525 NEBULA WAY	99709	-147.86878241346426	64.84463780799526	
519 NEBULA WAY	99709	-147.86903057280458	64.84442880345257	
4962 ASTEROID LANE	99709	-147.86837065271322	64.84424987723213	
465 NEBULA WAY	99709	-147.8691397568137	64.84390316623215	
425 NEBULA WAY	99709	-147.8690554647469	64.84307606925171	
4951 ASTEROID LANE	99709	-147.86796278690508	64.84377114017606	
4930 ASTEROID LANE	99709	-147.86703672077178	64.84422867432197	
4940 ASTEROID LANE	99709	-147.8672441033737	64.84427322301472	
4950 ASTEROID LANE	99709	-147.8678074625576	64.84456367556594	
131 KELSAN WAY	99709	-147.86154375919764	64.84371051518401	
4820 DRAKE STREET	99709	-147.86302058848608	64.84231574090116	
4838 DRAKE STREET	99709	-147.86356625279353	64.84230678880928	
4850 DRAKE STREET	99709	-147.8640149619127	64.84237507775113	
4886 DRAKE STREET	99709	-147.865326492598	64.84223332987642	
4935 DARTMOUTH DRIVE	99709	-147.86271200055072	64.84504909185071	
4909 DARTMOUTH DRIVE	99709	-147.86146745077482	64.84480507976748	
135 KELSAN WAY	99709	-147.8616631149104	64.84365636887996	
139 KELSAN WAY	99709	-147.86178280981477	64.84360564154738	
143 KELSAN WAY	99709	-147.86188814489233	64.84354620049207	
130 KELSAN WAY	99709	-147.86210717495467	64.84389434006751	
120 KELSAN WAY	99709	-147.86184543150117	64.84396735866441	
116 KELSAN WAY	99709	-147.86174601601834	64.84401510240907	
112 KELSAN WAY	99709	-147.86164711976335	64.8440689898919	
186 CARLYLE WAY	99709	-147.86258360874425	64.84286230373365	
187 CARLYLE WAY	99709	-147.8622546441871	64.84278160798448	
183 CARLYLE WAY	99709	-147.86211482751847	64.84273258553317	
181 CARLYLE WAY	99709	-147.8619175023936	64.84272129632375	
167 SYRACUSE COURT	99709	-147.86320901137438	64.84362994164856	
172 SYRACUSE COURT	99709	-147.86300361958473	64.8430506710783	
168 SYRACUSE COURT	99709	-147.86355484001018	64.84319587134149	
164 SYRACUSE COURT	99709	-147.86390554178976	64.84340383859072	
150 HUMBOLDT WAY	99709	-147.86422001030255	64.84292767643898	
160 HUMBOLDT WAY	99709	-147.86459110334778	64.84312145352322	
170 HUMBOLDT WAY	99709	-147.8650429132378	64.84295702046886	
180 HUMBOLDT WAY	99709	-147.8652483328078	64.84276087347718	
4761 GLASGOW DRIVE	99709	-147.86233126878724	64.84418787342182	
4847 GLASGOW DRIVE	99709	-147.8658637753126	64.8431756492431	
4861 GLASGOW DRIVE	99709	-147.8661526690908	64.8429437830686	
4883 GLASGOW DRIVE	99709	-147.86611902067054	64.84270133864503	
4927 GLASGOW DRIVE	99709	-147.866608550979	64.84208871173146	
5019 DARTMOUTH DRIVE	99709	-147.8658337614744	64.8450192686643	
105 MAPLE DRIVE	99709	-147.86768588129547	64.84507829990257	
107 MAPLE DRIVE	99709	-147.86747323944098	64.84497020407119	
108 MAPLE DRIVE	99709	-147.867286794191	64.84488229108823	
106 MAPLE DRIVE	99709	-147.86709432300322	64.84479718862646	
394 OLD CHENA PUMP ROAD	99709	-147.8689179517479	64.84831261723086	
392 OLD CHENA PUMP ROAD	99709	-147.8687209831377	64.84831509365348	
390 OLD CHENA PUMP ROAD	99709	-147.86852401659417	64.8483175697888	
388 OLD CHENA PUMP ROAD	99709	-147.86830338966422	64.84831487280617	
378 OLD CHENA PUMP ROAD	99709	-147.8672366135599	64.84831870617438	
376 OLD CHENA PUMP ROAD	99709	-147.8670396447165	64.84832118037073	
374 OLD CHENA PUMP ROAD	99709	-147.86684268215367	64.84832365422695	
370 OLD CHENA PUMP ROAD	99709	-147.8664127828219	64.84831400982239	
4770 DRAKE STREET	99709	-147.86196135004892	64.84186860595298	
109 HICKORY DRIVE	99709	-147.8655880482556	64.84474447945662	
104 MAPLE DRIVE	99709	-147.8665664357282	64.84488130866875	
140 HUMBOLDT WAY	99709	-147.86380163968977	64.8427181417787	
190 HUMBOLDT WAY	99709	-147.86483996291278	64.84234201207103	
4815 DRAKE STREET	99709	-147.8631830503759	64.84196076267934	
4839 DRAKE STREET	99709	-147.863855652429	64.84199266955302	
4863 DRAKE STREET	99709	-147.86444293442239	64.8420030799909	
4800 DRAKE STREET	99709	-147.8626062711252	64.84219511643697	
4894 DRAKE STREET	99709	-147.86570331834687	64.842094730116	
4930 DRAKE STREET	99709	-147.86585268203902	64.84189572679657	
4953 DARTMOUTH DRIVE	99709	-147.8639382359337	64.8449095505428	
4941 DARTMOUTH DRIVE	99709	-147.8634712198059	64.84502613263203	
446 OLD CHENA PUMP ROAD	99709	-147.86885739752893	64.84728827091581	
360 OLD CHENA PUMP ROAD	99709	-147.86868960581214	64.84883366653533	
398 OLD CHENA PUMP ROAD	99709	-147.86930034100467	64.84830780877589	
396 OLD CHENA PUMP ROAD	99709	-147.86911501512782	64.84831013935573	
386 OLD CHENA PUMP ROAD	99709	-147.86809454981386	64.8483127120783	
384 OLD CHENA PUMP ROAD	99709	-147.86786276267173	64.84831562479279	
382 OLD CHENA PUMP ROAD	99709	-147.86763098390148	64.84831853704031	
380 OLD CHENA PUMP ROAD	99709	-147.86743368343156	64.84831622955065	
2260 CHENA RIDGE SPUR ROAD	99709	-147.87012141333287	64.84984658214343	
2330 CHENA RIDGE SPUR ROAD	99709	-147.87715402898309	64.85073863452399	
470 CHENA PUMP ROAD	99709	-147.86695415040515	64.84672566903873	
4924 AMHERST DRIVE	99709	-147.86589773972324	64.8412370518035	
4922 AMHERST DRIVE	99709	-147.86586037402657	64.84122365428811	
102 HICKORY DRIVE	99709	-147.86469186523604	64.84503981629268	
104 HICKORY DRIVE	99709	-147.86467539724325	64.84490691792963	
106 HICKORY DRIVE	99709	-147.86465672249653	64.84484409569578	
108 HICKORY DRIVE	99709	-147.8646394237637	64.84471128402033	
110 HICKORY DRIVE	99709	-147.86480509930064	64.84456693767446	
112 HICKORY DRIVE	99709	-147.86505484837141	64.84448655543241	
114 HICKORY DRIVE	99709	-147.86517240959125	64.84444332420325	
102 MAPLE DRIVE	99709	-147.86645121524577	64.84506797810161	
116 HICKORY DRIVE	99709	-147.86542297034802	64.84437362644499	
107 HICKORY DRIVE	99709	-147.86537373194466	64.84483196999271	
111 HICKORY DRIVE	99709	-147.86573127543957	64.84470325162519	
113 HICKORY DRIVE	99709	-147.86595733203652	64.84461029202488	
5003 DARTMOUTH DRIVE	99709	-147.86539547591207	64.84496440190868	
5011 DARTMOUTH DRIVE	99709	-147.86569495794976	64.84499715668214	
5033 DARTMOUTH DRIVE	99709	-147.86612389581103	64.84504609097026	
2276 CHENA RIDGE SPUR ROAD	99709	-147.8723189461705	64.85029627494852	
133 VASSAR CIRCLE	99709	-147.87142253571457	64.84219934749322	
157 PURDUE WAY	99709	-147.8545175592421	64.84131134499846	
149 PURDUE WAY	99709	-147.85475456993683	64.84116773542648	
123 STEELHEAD ROAD	99709	-147.8556880489747	64.84125865294989	
133 STEELHEAD ROAD	99709	-147.8552516506521	64.84137008586691	
134 STEELHEAD ROAD	99709	-147.8556533069494	64.84161743795376	
126 STEELHEAD ROAD	99709	-147.85617188019734	64.84146852837067	
4624 STANFORD DRIVE	99709	-147.8579606466598	64.84182400050511	
4632 STANFORD DRIVE	99709	-147.8584802148073	64.84189619775884	
4523 STANFORD DRIVE	99709	-147.85696520228262	64.84129636508857	
110 STEELHEAD ROAD	99709	-147.85715564818116	64.8411847128321	
4705 STANFORD DRIVE	99709	-147.85928346174825	64.84160760123983	
4713 STANFORD DRIVE	99709	-147.85958183570273	64.84170798937531	
4721 STANFORD DRIVE	99709	-147.86010404695773	64.84185041433159	
4720 DRAKE STREET	99709	-147.8608304015797	64.84140990372553	
4616 DARTMOUTH DRIVE	99709	-147.85717812709404	64.84381229754406	
4533 DARTMOUTH DRIVE	99709	-147.85632607922935	64.84301045021196	
4525 DARTMOUTH DRIVE	99709	-147.85601505385313	64.84281874685826	
4517 DARTMOUTH DRIVE	99709	-147.8557825209325	64.84264658327118	
4509 DARTMOUTH DRIVE	99709	-147.85534213620306	64.84253505266271	
207 STEELHEAD ROAD	99709	-147.85407294001337	64.84206649533034	
4482 DARTMOUTH DRIVE	99709	-147.85351453693812	64.8426472974118	
4474 DARTMOUTH DRIVE	99709	-147.85307135170095	64.84252633005782	
4475 DARTMOUTH DRIVE	99709	-147.85337240699866	64.84220648153764	
310 STEELHEAD ROAD	99709	-147.85487545716845	64.84320743545943	
4540 DARTMOUTH DRIVE	99709	-147.8562545072824	64.8435411174792	
4548 DARTMOUTH DRIVE	99709	-147.85658179502727	64.84361872823331	
4608 DARTMOUTH DRIVE	99709	-147.85686569616902	64.84370953879485	
4642 HARVARD CIRCLE	99709	-147.8577416378267	64.84322701692086	
104 CARLYLE WAY	99709	-147.86035865320298	64.84377061572916	
128 CARLYLE WAY	99709	-147.8609913538273	64.84344338216273	
107 KELSAN WAY	99709	-147.86096786821744	64.84401652703666	
111 KELSAN WAY	99709	-147.8610557449099	64.84394841885887	
4634 HARVARD CIRCLE	99709	-147.85738508395823	64.84308291787377	
4626 HARVARD CIRCLE	99709	-147.85690420714369	64.84289841527374	
4618 HARVARD CIRCLE	99709	-147.85655194426798	64.84266923242018	
4725 HARVARD CIRCLE	99709	-147.85859841654008	64.84217155827037	
4733 HARVARD CIRCLE	99709	-147.85914066343008	64.84225496817123	
4741 HARVARD CIRCLE	99709	-147.85962661356461	64.84243111776507	
4749 HARVARD CIRCLE	99709	-147.86016143862574	64.8426200083991	
4627 HARVARD CIRCLE	99709	-147.85758822970433	64.8426889356434	
4635 HARVARD CIRCLE	99709	-147.8581050208849	64.84283631957804	
4643 HARVARD CIRCLE	99709	-147.85847513811987	64.84299111223932	
4651 HARVARD CIRCLE	99709	-147.85891303756293	64.84313753330953	
4704 STANFORD DRIVE	99709	-147.85890756388906	64.84192489874195	
4729 STANFORD DRIVE	99709	-147.86053415862392	64.84195864155566	
4803 STANFORD DRIVE	99709	-147.86081440320874	64.84203738082732	
4716 GLASGOW DRIVE	99709	-147.85940815645355	64.84379305242146	
4720 GLASGOW DRIVE	99709	-147.85950494464868	64.84385542946715	
4726 GLASGOW DRIVE	99709	-147.85970045912572	64.84397647649322	
4730 GLASGOW DRIVE	99709	-147.859815237245	64.84403042492521	
109 CARLYLE WAY	99709	-147.86008229441015	64.84355316586714	
115 CARLYLE WAY	99709	-147.86019675613582	64.84349397438173	
121 CARLYLE WAY	99709	-147.86029662177668	64.84343802443932	
153 CARLYLE WAY	99709	-147.86096618094345	64.84305519317061	
159 CARLYLE WAY	99709	-147.86107331617742	64.84299846791035	
163 CARLYLE WAY	99709	-147.8611804896845	64.8429424249582	
4611 STANFORD DRIVE	99709	-147.85759149315294	64.84144245992702	
4619 STANFORD DRIVE	99709	-147.85796407272807	64.84133016387422	
4627 STANFORD DRIVE	99709	-147.8584905930231	64.8413463040114	
4633 STANFORD DRIVE	99709	-147.85874775468116	64.8415430743989	
172 PURDUE WAY	99709	-147.8537027338659	64.84140059961533	
171 PURDUE WAY	99709	-147.85413239636236	64.84145814436302	
227 YALE WAY	99709	-147.85353159849078	64.8415403190627	
237 YALE WAY	99709	-147.85380392434328	64.84173600140116	
141 STEELHEAD ROAD	99709	-147.8548538176955	64.84150496449558	
155 STEELHEAD ROAD	99709	-147.8545494527674	64.8416544017788	
167 STEELHEAD ROAD	99709	-147.85430395619264	64.84185096681081	
142 STEELHEAD ROAD	99709	-147.85516571198426	64.84179309345684	
4530 STANFORD DRIVE	99709	-147.8565830232658	64.84164346260593	
4608 STANFORD DRIVE	99709	-147.85702712482467	64.84175702483748	
4616 STANFORD DRIVE	99709	-147.85750539841393	64.84180150766868	
4700 DRAKE STREET	99709	-147.86027091118333	64.84130565191026	
145 VASSAR CIRCLE	99709	-147.87040870943585	64.8418820869481	
155 VASSAR CIRCLE	99709	-147.8704246538015	64.84168524624609	
177 VASSAR CIRCLE	99709	-147.87117629120402	64.84129436927509	
167 VASSAR CIRCLE	99709	-147.87089123883013	64.84141505004082	
481 CHENA PUMP ROAD	99709	-147.86728941180422	64.8478247137746	
465 CHENA PUMP ROAD	99709	-147.8662432319936	64.84828472679075	
4570 WOOD RIVER DRIVE	99709	-147.85373376304713	64.84542066372269	
228 WOODRIDGE STREET	99709	-147.86222644341984	64.84545618628786	
228 WOODRIDGE STREET	99709	-147.86213719407482	64.84542406513813	
228 WOODRIDGE STREET	99709	-147.8620322710597	64.84539119085026	
5004 DARTMOUTH DRIVE	99709	-147.8681729904425	64.84639745189946	
228 WOODRIDGE STREET	99709	-147.86191351387623	64.84535184230172	
228 WOODRIDGE STREET	99709	-147.86181305326122	64.84531891108544	
228 WOODRIDGE STREET	99709	-147.86170118235535	64.84537919298488	
228 WOODRIDGE STREET	99709	-147.86159153992824	64.84534257818507	
227 WOODRIDGE STREET	99709	-147.85923037111746	64.84460193475924	
227 WOODRIDGE STREET	99709	-147.85905706184633	64.84458036030748	
228 WOODRIDGE STREET	99709	-147.86173436615346	64.84529636477176	
228 WOODRIDGE STREET	99709	-147.86210710847013	64.84551926922941	
228 WOODRIDGE STREET	99709	-147.86202801367577	64.84549096102033	
228 WOODRIDGE STREET	99709	-147.8619249934491	64.84545331414857	
228 WOODRIDGE STREET	99709	-147.86180629961947	64.84541491409675	
4956 DARTMOUTH DRIVE	99709	-147.86494757670494	64.84541437613034	
227 WOODRIDGE STREET	99709	-147.85835518185948	64.84440109832899	
227 WOODRIDGE STREET	99709	-147.86069978496408	64.84509637816366	
227 WOODRIDGE STREET	99709	-147.8605151939721	64.84507304690713	
227 WOODRIDGE STREET	99709	-147.86055624316703	64.84502125076948	
227 WOODRIDGE STREET	99709	-147.86073663841387	64.84504843288387	
227 WOODRIDGE STREET	99709	-147.85994786450826	64.84484557470138	
130 VASSAR CIRCLE	99709	-147.87138638719048	64.84169818156518	
300 WOODRIDGE STREET	99709	-147.86084834335063	64.84562605298575	
227 WOODRIDGE STREET	99709	-147.85889313450286	64.84450073759679	
227 WOODRIDGE STREET	99709	-147.8594642059028	64.84459521208525	
227 WOODRIDGE STREET	99709	-147.85855038596193	64.84448128001914	
227 WOODRIDGE STREET	99709	-147.8608866139086	64.84512768089083	
227 WOODRIDGE STREET	99709	-147.85857799781917	64.8444287030482	
227 WOODRIDGE STREET	99709	-147.86032102831803	64.84504033877091	
227 WOODRIDGE STREET	99709	-147.86034876832593	64.84498965859538	
227 WOODRIDGE STREET	99709	-147.86091001762787	64.84507095481727	
227 WOODRIDGE STREET	99709	-147.8591004749723	64.84453043378205	
227 WOODRIDGE STREET	99709	-147.85925627489982	64.84455697581184	
227 WOODRIDGE STREET	99709	-147.85834094865913	64.8444535089328	
4958 DARTMOUTH DRIVE	99709	-147.8650630037414	64.84544271342537	
300 WOODRIDGE STREET	99709	-147.86109063599767	64.84569438871775	
130 VASSAR CIRCLE	99709	-147.87150390160528	64.84179603903965	
300 WOODRIDGE STREET	99709	-147.86132585697422	64.84577216727146	
227 WOODRIDGE STREET	99709	-147.86012871679694	64.84487940014354	
227 WOODRIDGE STREET	99709	-147.85956924399377	64.84479143138752	
227 WOODRIDGE STREET	99709	-147.85959094973757	64.84475032328557	
4928 DARTMOUTH DRIVE	99709	-147.8627094386202	64.84563285973111	
4930 DARTMOUTH DRIVE	99709	-147.86281639302774	64.8456698358324	
4932 DARTMOUTH DRIVE	99709	-147.86300377614785	64.8456506280846	
227 WOODRIDGE STREET	99709	-147.8597653736712	64.84482031751216	
130 VASSAR CIRCLE	99709	-147.87159370129342	64.84173175412884	
130 VASSAR CIRCLE	99709	-147.87131043228115	64.84175716381107	
130 VASSAR CIRCLE	99709	-147.87202277896992	64.84183793986962	
4934 DARTMOUTH DRIVE	99709	-147.86309314735848	64.84568692248827	
4936 DARTMOUTH DRIVE	99709	-147.86331398817705	64.84563087150549	
4938 DARTMOUTH DRIVE	99709	-147.86342168491754	64.84565890942442	
4940 DARTMOUTH DRIVE	99709	-147.86361637783358	64.8456015570296	
4942 DARTMOUTH DRIVE	99709	-147.8637262731619	64.84563153322695	
130 VASSAR CIRCLE	99709	-147.8717619237854	64.84184074875401	
130 VASSAR CIRCLE	99709	-147.87183260933287	64.84177433179266	
300 WOODRIDGE STREET	99709	-147.86150191835443	64.84583820336735	
300 WOODRIDGE STREET	99709	-147.86087090945142	64.84561492810815	
300 WOODRIDGE STREET	99709	-147.86089681197427	64.84560225843948	
300 WOODRIDGE STREET	99709	-147.8609888797088	64.84554602433964	
300 WOODRIDGE STREET	99709	-147.86102324062443	64.84552660045244	
4946 DARTMOUTH DRIVE	99709	-147.86415946769878	64.84555284079626	
4944 DARTMOUTH DRIVE	99709	-147.8640369329647	64.84553701637375	
227 WOODRIDGE STREET	99709	-147.8597912767636	64.8447753584747	
4954 DARTMOUTH DRIVE	99709	-147.864777822963	64.84549520401183	
4952 DARTMOUTH DRIVE	99709	-147.86464675783978	64.84547750217936	
4950 DARTMOUTH DRIVE	99709	-147.86447746622096	64.84553103693369	
4948 DARTMOUTH DRIVE	99709	-147.86435693615903	64.84552236360102	
227 WOODRIDGE STREET	99709	-147.86015894802193	64.84483248813596	
227 WOODRIDGE STREET	99709	-147.8594270231955	64.84463841248008	
227 WOODRIDGE STREET	99709	-147.85887431160643	64.84455130599548	
300 WOODRIDGE STREET	99709	-147.86135182499737	64.8457604460796	
300 WOODRIDGE STREET	99709	-147.86137766180337	64.84574682687551	
300 WOODRIDGE STREET	99709	-147.8614304692084	64.84570384135064	
300 WOODRIDGE STREET	99709	-147.8614561747208	64.84568832412542	
227 WOODRIDGE STREET	99709	-147.85997390051583	64.8448025136162	
300 WOODRIDGE STREET	99709	-147.86095674761285	64.84556542032202	
130 VASSAR CIRCLE	99709	-147.8720731695518	64.84180857805447	
130 VASSAR CIRCLE	99709	-147.8719950243271	64.8418720040282	
130 VASSAR CIRCLE	99709	-147.87154651148379	64.84177508467697	
130 VASSAR CIRCLE	99709	-147.8717919073612	64.84180665837269	
130 VASSAR CIRCLE	99709	-147.87133632393045	64.84173641904835	
300 WOODRIDGE STREET	99709	-147.8611831805841	64.8456452078326	
300 WOODRIDGE STREET	99709	-147.86120901736615	64.84563158865768	
300 WOODRIDGE STREET	99709	-147.8616180526469	64.84577502013474	
300 WOODRIDGE STREET	99709	-147.8614068613514	64.84571743266005	
5000 DARTMOUTH DRIVE	99709	-147.86552896471113	64.84547476118973	
300 WOODRIDGE STREET	99709	-147.86152572304542	64.84582745860595	
300 WOODRIDGE STREET	99709	-147.86155595203206	64.8458128350044	
300 WOODRIDGE STREET	99709	-147.8616394294556	64.84576145672574	
300 WOODRIDGE STREET	99709	-147.86123918285313	64.84561601653824	
300 WOODRIDGE STREET	99709	-147.8611144407275	64.84568364402188	
300 WOODRIDGE STREET	99709	-147.8611424409009	64.84566904840328	
300 WOODRIDGE STREET	99709	-147.86166730031493	64.84574496297526	
5004 DARTMOUTH DRIVE	99709	-147.86775802399853	64.84646401133652	
5004 DARTMOUTH DRIVE	99709	-147.8676827986026	64.84644121463191	
5002 DARTMOUTH DRIVE	99709	-147.86692345444519	64.84604618747687	
5000 DARTMOUTH DRIVE	99709	-147.86665468718442	64.84567080937695	
5000 DARTMOUTH DRIVE	99709	-147.86657646146227	64.84570123203714	
5000 DARTMOUTH DRIVE	99709	-147.86613160434413	64.84575429935659	
5000 DARTMOUTH DRIVE	99709	-147.86607861376348	64.84573027342299	
5002 DARTMOUTH DRIVE	99709	-147.86711438138983	64.84619288999593	
5000 DARTMOUTH DRIVE	99709	-147.86561251624087	64.8454445710708	
5000 DARTMOUTH DRIVE	99709	-147.86571028242753	64.84540630690475	
4921 DARTMOUTH DRIVE	99709	-147.86205222552297	64.84496458556688	
5000 DARTMOUTH DRIVE	99709	-147.86601421375633	64.84570259135565	
5000 DARTMOUTH DRIVE	99709	-147.8659565004974	64.84567482534428	
5002 DARTMOUTH DRIVE	99709	-147.86699276312868	64.84601587750727	
5002 DARTMOUTH DRIVE	99709	-147.86706895564717	64.8459883291972	
5002 DARTMOUTH DRIVE	99709	-147.86715387048832	64.84595782317875	
4921 DARTMOUTH DRIVE	99709	-147.8623901576991	64.84484789580189	
4921 DARTMOUTH DRIVE	99709	-147.86232630201715	64.84494772785781	
5002 DARTMOUTH DRIVE	99709	-147.86721465570972	64.84593331730379	
5004 DARTMOUTH DRIVE	99709	-147.86810833252898	64.84643112013683	
5002 DARTMOUTH DRIVE	99709	-147.86703384419317	64.8461578132729	
5002 DARTMOUTH DRIVE	99709	-147.86685617716705	64.84607362287473	
4921 DARTMOUTH DRIVE	99709	-147.8620692573917	64.84483053437093	
4921 DARTMOUTH DRIVE	99709	-147.8624237439482	64.84483824244779	
4921 DARTMOUTH DRIVE	99709	-147.86235210340877	64.84495760913127	
4921 DARTMOUTH DRIVE	99709	-147.86210657287253	64.84494085875657	
4921 DARTMOUTH DRIVE	99709	-147.8621256955017	64.84485412368005	
4921 DARTMOUTH DRIVE	99709	-147.86235093594098	64.84485859154786	
4921 DARTMOUTH DRIVE	99709	-147.8622992559933	64.84493640400582	
5004 DARTMOUTH DRIVE	99709	-147.86761642952928	64.84641735637312	
5004 DARTMOUTH DRIVE	99709	-147.86754789538492	64.84639447555546	
5004 DARTMOUTH DRIVE	99709	-147.8680503704674	64.84646413800306	
5004 DARTMOUTH DRIVE	99709	-147.867990242959	64.8464981315314	
5004 DARTMOUTH DRIVE	99709	-147.8679253942215	64.84652838683124	
5000 DARTMOUTH DRIVE	99709	-147.86628545721655	64.8458169466231	
5000 DARTMOUTH DRIVE	99709	-147.86581825548376	64.84561198189097	
5000 DARTMOUTH DRIVE	99709	-147.86588967464198	64.84564432463806	
5000 DARTMOUTH DRIVE	99709	-147.8657376581004	64.84557595587421	
5000 DARTMOUTH DRIVE	99709	-147.86650492423567	64.8457315697932	
5000 DARTMOUTH DRIVE	99709	-147.86643548634424	64.84575998240389	
5000 DARTMOUTH DRIVE	99709	-147.86635273444284	64.8457895114827	
5002 DARTMOUTH DRIVE	99709	-147.86719504823472	64.84622986380583	
5004 DARTMOUTH DRIVE	99709	-147.867461194579	64.8463670741892	
4921 DARTMOUTH DRIVE	99709	-147.86207671181242	64.84495483897614	
4921 DARTMOUTH DRIVE	99709	-147.8620951949608	64.84484235760168	
421 NEBULA WAY	99709	-147.8693093914179	64.84280753687237	
421 NEBULA WAY	99709	-147.8694098349828	64.84281513329809	
4584 WOOD RIVER DRIVE	99709	-147.85468162844558	64.84505946169392	
103 MAPLE DRIVE	99709	-147.8674866391226	64.84528790709528	
101 MAPLE DRIVE	99709	-147.86705051285585	64.84533008074845	
102 OAK DRIVE	99709	-147.86758463115768	64.8455803841964	
104 OAK DRIVE	99709	-147.8677265846986	64.84539315010497	
101 OAK DRIVE	99709	-147.8681304853133	64.84584093396897	
103 OAK DRIVE	99709	-147.8686000154354	64.84579666568128	
105 OAK DRIVE	99709	-147.8687849009258	64.84558254345748	
107 OAK DRIVE	99709	-147.86856428105148	64.84546436823933	
108 OAK DRIVE	99709	-147.86843459699216	64.84540613327141	
106 OAK DRIVE	99709	-147.86824821003074	64.84531453087071	
5002 DARTMOUTH DRIVE	99709	-147.86726379902925	64.84626217392643	
163 SYRACUSE COURT	99709	-147.86349810548563	64.84388577930295	
163 SYRACUSE COURT	99709	-147.8634375337439	64.84385496945276	
163 SYRACUSE COURT	99709	-147.86337638552186	64.8438258205872	
163 SYRACUSE COURT	99709	-147.8633070737876	64.84379155153609	
494 TRINIDAD DRIVE	99709	-147.8580609733756	64.84413112733918	
5190 AMHERST DRIVE	99709	-147.87224261140028	64.8427980318737	
5190 AMHERST DRIVE	99709	-147.872196685677	64.84284078496391	
5190 AMHERST DRIVE	99709	-147.8721810896258	64.84292168857108	
5190 AMHERST DRIVE	99709	-147.87212027033004	64.84297083874175	
5190 AMHERST DRIVE	99709	-147.871989124843	64.84301948802367	
5190 AMHERST DRIVE	99709	-147.87193127105868	64.84306608554118	
5190 AMHERST DRIVE	99709	-147.87188160942404	64.84317953004636	
5190 AMHERST DRIVE	99709	-147.87182826842522	64.84322866668876	
5190 AMHERST DRIVE	99709	-147.8718157043918	64.8433133843255	
5190 AMHERST DRIVE	99709	-147.87175636764044	64.84336125760093	
5190 AMHERST DRIVE	99709	-147.87162518601662	64.84340672324555	
5190 AMHERST DRIVE	99709	-147.87157332814337	64.84345458215469	
5190 AMHERST DRIVE	99709	-147.87138786511096	64.84360140197033	
5190 AMHERST DRIVE	99709	-147.8712798632285	64.8435755012354	
5190 AMHERST DRIVE	99709	-147.87118806952824	64.84352600740485	
5190 AMHERST DRIVE	99709	-147.87105159469343	64.84349570360413	
5190 AMHERST DRIVE	99709	-147.87094335877802	64.8434475157867	
5190 AMHERST DRIVE	99709	-147.87082187903334	64.84342036654785	
5190 AMHERST DRIVE	99709	-147.87056133249055	64.84340049005924	
5190 AMHERST DRIVE	99709	-147.8704518500969	64.84337586453063	
5190 AMHERST DRIVE	99709	-147.87027072851345	64.84336793412196	
5190 AMHERST DRIVE	99709	-147.87014928327062	64.84334396854887	
5190 AMHERST DRIVE	99709	-147.8700544613958	64.84329065898275	
5190 AMHERST DRIVE	99709	-147.86993298330805	64.84326350990928	
5190 AMHERST DRIVE	99709	-147.8699403987428	64.84311575939255	
5190 AMHERST DRIVE	99709	-147.86999529199198	64.84307171604773	
5190 AMHERST DRIVE	99709	-147.87000809775267	64.84300928536089	
5190 AMHERST DRIVE	99709	-147.87006443925472	64.84296078106833	
5190 AMHERST DRIVE	99709	-147.87019251925827	64.84290513428353	
5190 AMHERST DRIVE	99709	-147.87025034229896	64.84285535411217	
5190 AMHERST DRIVE	99709	-147.87028353417648	64.8427400310971	
5190 AMHERST DRIVE	99709	-147.87034580483805	64.84268642074257	
5190 AMHERST DRIVE	99709	-147.8703420980889	64.84261892770333	
5190 AMHERST DRIVE	99709	-147.8704133316402	64.84256402635803	
5190 AMHERST DRIVE	99709	-147.8705445782765	64.84252493022039	
5190 AMHERST DRIVE	99709	-147.8706008508262	64.8424700581865	
5190 AMHERST DRIVE	99709	-147.8716145368371	64.84268652985583	
5190 AMHERST DRIVE	99709	-147.87154933836916	64.8427458774942	
5190 AMHERST DRIVE	99709	-147.87143153712353	64.84278303842312	
5190 AMHERST DRIVE	99709	-147.87136488749564	64.84284684604751	
5190 AMHERST DRIVE	99709	-147.87136852961729	64.84290797061617	
5190 AMHERST DRIVE	99709	-147.87129729712106	64.84296287241376	
5190 AMHERST DRIVE	99709	-147.87086490495972	64.84310379825847	
5190 AMHERST DRIVE	99709	-147.87094139615778	64.84312148140496	
5190 AMHERST DRIVE	99709	-147.8710284021595	64.84314296520348	
5190 AMHERST DRIVE	99709	-147.87090042125223	64.84306679570844	
5190 AMHERST DRIVE	99709	-147.87098894261703	64.84309018703615	
5190 AMHERST DRIVE	99709	-147.87106391827766	64.84310596261507	
5190 AMHERST DRIVE	99709	-147.87094341675163	64.84302977889082	
5190 AMHERST DRIVE	99709	-147.87101990778964	64.84304746199753	
5190 AMHERST DRIVE	99709	-147.87110694719786	64.8430721299688	
5190 AMHERST DRIVE	99709	-147.87114337577285	64.84312109309865	
475 RIVERSTONE WAY	99709	-147.865527410062	64.84719856535192	
575 RIVERSTONE WAY	99709	-147.86439899493917	64.84691594395879	
5185 AMHERST DRIVE	99709	-147.87129284244816	64.84233916776353	
570 RIVERSTONE WAY	99709	-147.86602757286477	64.846413415364	
570 RIVERSTONE WAY	99709	-147.8663586404448	64.8464628873848	
570 RIVERSTONE WAY	99709	-147.86650309057325	64.84660765524536	
470 RIVERSTONE WAY	99709	-147.86708384076908	64.8466781509642	
471 CHENA PUMP ROAD	99709	-147.86708694664176	64.84803874587217	
4777 GLASGOW DRIVE	99709	-147.86374687997144	64.84400497721808	
4777 GLASGOW DRIVE	99709	-147.86382648109532	64.84397833808578	
4777 GLASGOW DRIVE	99709	-147.86388939518304	64.84395238279643	
4897 DARTMOUTH DRIVE	99709	-147.86073588406114	64.84451415345033	
4897 DARTMOUTH DRIVE	99709	-147.8609209655671	64.84456074605676	
4897 DARTMOUTH DRIVE	99709	-147.86083453961194	64.84453713590632	
4744 GLASGOW DRIVE	99709	-147.86114532681486	64.84446402750625	
4744 GLASGOW DRIVE	99709	-147.86104749272482	64.84443676188265	
4744 GLASGOW DRIVE	99709	-147.86096460903207	64.84441595649746	
4752 GLASGOW DRIVE	99709	-147.8617234312922	64.8445380709201	
4752 GLASGOW DRIVE	99709	-147.86158880949654	64.84452741107282	
4752 GLASGOW DRIVE	99709	-147.86148566361132	64.84452015542858	
4758 GLASGOW DRIVE	99709	-147.86235948194505	64.84461877671758	
4758 GLASGOW DRIVE	99709	-147.8622021466695	64.84462252772028	
4758 GLASGOW DRIVE	99709	-147.86209354042637	64.84462507513578	
4764 GLASGOW DRIVE	99709	-147.8629911528071	64.84449960289548	
4764 GLASGOW DRIVE	99709	-147.86283148341397	64.84451394900354	
4764 GLASGOW DRIVE	99709	-147.8626914854213	64.84452235043477	
4770 GLASGOW DRIVE	99709	-147.86364939894406	64.84453514143418	
4770 GLASGOW DRIVE	99709	-147.86350520411335	64.84454739554283	
4770 GLASGOW DRIVE	99709	-147.86339284459567	64.84455212750157	
4772 GLASGOW DRIVE	99709	-147.86413583140893	64.84435043206301	
4772 GLASGOW DRIVE	99709	-147.8640123536662	64.8443798773417	
4772 GLASGOW DRIVE	99709	-147.8639069902005	64.84440909542684	
4774 GLASGOW DRIVE	99709	-147.8647701389405	64.8443127419295	
4774 GLASGOW DRIVE	99709	-147.8646587919111	64.84433609975204	
4774 GLASGOW DRIVE	99709	-147.86455473965225	64.84436411468964	
4786 GLASGOW DRIVE	99709	-147.86535198716538	64.84417045371929	
4786 GLASGOW DRIVE	99709	-147.86520359290404	64.84420258606141	
4786 GLASGOW DRIVE	99709	-147.86508843479265	64.84423133384593	
4798 GLASGOW DRIVE	99709	-147.8652541157847	64.84390963984224	
4798 GLASGOW DRIVE	99709	-147.86533572542612	64.84394422930627	
4798 GLASGOW DRIVE	99709	-147.86541087699644	64.84398222347575	
160 SYRACUSE COURT	99709	-147.86439979834435	64.84362794620391	
160 SYRACUSE COURT	99709	-147.864459021149	64.84365747414496	
160 SYRACUSE COURT	99709	-147.8645255799502	64.84369225278103	
164 SYRACUSE COURT	99709	-147.86397107519704	64.84343186353544	
164 SYRACUSE COURT	99709	-147.86404189527747	64.84346373992254	
164 SYRACUSE COURT	99709	-147.86411810056447	64.84350089057581	
168 SYRACUSE COURT	99709	-147.8636139552862	64.84322789463639	
168 SYRACUSE COURT	99709	-147.86368157700875	64.84326194782568	
168 SYRACUSE COURT	99709	-147.86374964214463	64.84330240596861	
172 SYRACUSE COURT	99709	-147.86307302595458	64.84307021923107	
172 SYRACUSE COURT	99709	-147.86316397207088	64.84309472078854	
172 SYRACUSE COURT	99709	-147.863243805738	64.84311983624765	
4935 DARTMOUTH DRIVE	99709	-147.86270727597383	64.84500499065622	
4935 DARTMOUTH DRIVE	99709	-147.8626986667465	64.84495310352594	
4935 DARTMOUTH DRIVE	99709	-147.86268863102185	64.844904795776	
4935 DARTMOUTH DRIVE	99709	-147.86290020407807	64.84489074890291	
4935 DARTMOUTH DRIVE	99709	-147.86291299475764	64.84493047503868	
4935 DARTMOUTH DRIVE	99709	-147.8629127016562	64.84497463909969	
4935 DARTMOUTH DRIVE	99709	-147.86292096671306	64.84502154495857	
4941 DARTMOUTH DRIVE	99709	-147.86343272310893	64.8449696345406	
4941 DARTMOUTH DRIVE	99709	-147.8633950144416	64.84492452267969	
4941 DARTMOUTH DRIVE	99709	-147.86335386206886	64.8448780290057	
4941 DARTMOUTH DRIVE	99709	-147.86359494314502	64.8448469918374	
4941 DARTMOUTH DRIVE	99709	-147.86362888201694	64.84488597815562	
4941 DARTMOUTH DRIVE	99709	-147.86366324780016	64.84493113186262	
4941 DARTMOUTH DRIVE	99709	-147.86370689225149	64.84498139262516	
4953 DARTMOUTH DRIVE	99709	-147.86390341204887	64.84486582670392	
4953 DARTMOUTH DRIVE	99709	-147.8638683420549	64.84481854532926	
4953 DARTMOUTH DRIVE	99709	-147.8640562694355	64.84489809871542	
4953 DARTMOUTH DRIVE	99709	-147.8640064942104	64.84485598731142	
4953 DARTMOUTH DRIVE	99709	-147.8639831776338	64.84480927019338	
4953 DARTMOUTH DRIVE	99709	-147.86416958045885	64.84489097999743	
4953 DARTMOUTH DRIVE	99709	-147.86412457467978	64.84484524821741	
4953 DARTMOUTH DRIVE	99709	-147.86407750226226	64.84479384337888	
4953 DARTMOUTH DRIVE	99709	-147.8643021174438	64.84487151241618	
4953 DARTMOUTH DRIVE	99709	-147.86425204626966	64.84482513080852	
4953 DARTMOUTH DRIVE	99709	-147.8642151060137	64.84477502393071	
4909 DARTMOUTH DRIVE	99709	-147.86152085163064	64.84481094016631	
4909 DARTMOUTH DRIVE	99709	-147.86158261369363	64.84481669585833	
4909 DARTMOUTH DRIVE	99709	-147.86165441640665	64.84482648044884	
4909 DARTMOUTH DRIVE	99709	-147.86172331124465	64.84483452111108	
4909 DARTMOUTH DRIVE	99709	-147.86180519784975	64.84484892804055	
301 STEELHEAD ROAD	99709	-147.85397434649065	64.8428883009654	
301 STEELHEAD ROAD	99709	-147.853973570554	64.84284462596892	
301 STEELHEAD ROAD	99709	-147.8539689251779	64.84280954628458	
211 CLARKSON DRIVE	99709	-147.87276311520273	64.84124998960701	
211 CLARKSON DRIVE	99709	-147.8727905253914	64.84125914170941	
211 CLARKSON DRIVE	99709	-147.87282009807913	64.84126731628642	
211 CLARKSON DRIVE	99709	-147.87285349396035	64.84117002821502	
211 CLARKSON DRIVE	99709	-147.87289663966533	64.84118088082425	
211 CLARKSON DRIVE	99709	-147.87293289988102	64.84118897112758	
211 CLARKSON DRIVE	99709	-147.8727080123266	64.84122361920913	
211 CLARKSON DRIVE	99709	-147.87266969445545	64.84121401135386	
211 CLARKSON DRIVE	99709	-147.87263534942588	64.8412013859575	
4625 TOLOVANA DRIVE	99709	-147.855764568773	64.84498510465941	
4199 GEIST ROAD	99709	-147.83792521873633	64.84881727719464	
418 DARK STAR COURT	99709	-147.84351842353416	64.84343217831025	
412 DARK STAR COURT	99709	-147.84348197322728	64.84319720522224	
407 DARK STAR COURT	99709	-147.84263456579	64.8430231052251	
413 DARK STAR COURT	99709	-147.84263449823715	64.84324102871688	
400 DARK STAR COURT	99709	-147.84325296597228	64.84288787848594	
401 DARK STAR COURT	99709	-147.84291390638393	64.84287947344436	
406 DARK STAR COURT	99709	-147.84356173464468	64.84301160669267	
419 DARK STAR COURT	99709	-147.8426636324257	64.84346599860227	
4102 WILLY'S LANE	99709	-147.83013731746522	64.84260874990618	
650 FAIRBANKS STREET	99709	-147.83047629879712	64.846287757891	
4059 FAHRENKAMP AVENUE	99709	-147.82830215556635	64.84549192204578	
4097 YVONNE AVENUE	99709	-147.82890910935023	64.84664561193253	
4094 YVONNE AVENUE	99709	-147.82897806102204	64.84695480602656	
720 KYLE COURT	99709	-147.84819827327618	64.84878969164903	
4369 BISHOP CIRCLE	99709	-147.84207853715566	64.84397288596206	
4449 CONDOR COURT	99709	-147.84717715472553	64.84256331284192	
4455 CONDOR COURT	99709	-147.84773663733637	64.84265669151142	
4465 CONDOR COURT	99709	-147.84826527986715	64.84288275523875	
4458 CONDOR COURT	99709	-147.847260586486	64.84294700962977	
4454 CONDOR COURT	99709	-147.84705336147812	64.84291815447924	
4445 CONDOR COURT	99709	-147.84693634316324	64.84243984703814	
410 ALUMNI COURT	99709	-147.84581734559507	64.84309113303699	
4573 WOOD RIVER DRIVE	99709	-147.8527841496877	64.8451697130044	
4533 WOOD RIVER DRIVE	99709	-147.84980701132145	64.84568241521393	
4545 WOOD RIVER DRIVE	99709	-147.85024232549847	64.84558284399003	
4563 WOOD RIVER DRIVE	99709	-147.85214194116227	64.84521803943097	
720 WAVES ROAD	99709	-147.85293335129646	64.84679616198517	
717 WAVES ROAD	99709	-147.8516529980698	64.84704349240518	
715 WAVES ROAD	99709	-147.85142929406857	64.84697106670805	
4453 WOOD RIVER DRIVE	99709	-147.84806633203996	64.84666014300622	
4445 WOOD RIVER DRIVE	99709	-147.84765802114202	64.84680968874532	
4405 WOOD RIVER DRIVE	99709	-147.8446046294599	64.84702153357178	
4404 WOOD RIVER DRIVE	99709	-147.84476696670447	64.84743248679882	
4410 WOOD RIVER DRIVE	99709	-147.84537790703828	64.84760301068593	
4420 WOOD RIVER DRIVE	99709	-147.8460766926027	64.847503258985	
4444 WOOD RIVER DRIVE	99709	-147.8478978952812	64.84743104886967	
4452 WOOD RIVER DRIVE	99709	-147.84863862012443	64.84744342047698	
4460 WOOD RIVER DRIVE	99709	-147.84895156164998	64.84720119133947	
4488 WOOD RIVER DRIVE	99709	-147.84953126537152	64.84720132991201	
4516 WOOD RIVER DRIVE	99709	-147.8500909919679	64.84697970074177	
4444 DARTMOUTH DRIVE	99709	-147.85181260486453	64.84216300851944	
4436 DARTMOUTH DRIVE	99709	-147.85140640133642	64.84204225946444	
4430 DARTMOUTH DRIVE	99709	-147.85094495741427	64.8419256132226	
4425 CONDOR COURT	99709	-147.8448927809238	64.84211015976435	
4429 CONDOR COURT	99709	-147.8459872332724	64.84216922904503	
4435 CONDOR COURT	99709	-147.84623627927135	64.84226547954738	
4439 CONDOR COURT	99709	-147.846590826185	64.84238529229431	
4469 CONDOR COURT	99709	-147.84868094915615	64.84296442422054	
4468 CONDOR COURT	99709	-147.84810374243898	64.84324040282088	
4464 CONDOR COURT	99709	-147.84741785957587	64.84319573628143	
4365 DRIFTWOOD COURT	99709	-147.84814516085459	64.84372184416789	
4375 DRIFTWOOD COURT	99709	-147.84878942730305	64.84374870246842	
4425 DRIFTWOOD COURT	99709	-147.85177199240056	64.84411119519031	
4390 DRIFTWOOD COURT	99709	-147.8494754980836	64.8441191738415	
4380 DRIFTWOOD COURT	99709	-147.8488581439916	64.8440865136544	
4370 DRIFTWOOD COURT	99709	-147.84831687454357	64.84403354973124	
4320 DRIFTWOOD COURT	99709	-147.84579507112838	64.843937030223	
4310 DRIFTWOOD COURT	99709	-147.84532599298902	64.84387311008572	
4300 DRIFTWOOD COURT	99709	-147.84474467496185	64.8438583180201	
500 LOFTUS ROAD	99709	-147.84477994422966	64.84409191020697	
4575 WOOD RIVER DRIVE	99709	-147.85295801410624	64.8451148964646	
4549 WOOD RIVER DRIVE	99709	-147.85109163591852	64.84551298890786	
4557 WOOD RIVER DRIVE	99709	-147.8519550754454	64.84530029212176	
4553 WOOD RIVER DRIVE	99709	-147.85173937742948	64.84534400447947	
4565 WOOD RIVER DRIVE	99709	-147.85222054814813	64.8452004596295	
4548 WOOD RIVER DRIVE	99709	-147.8524887601855	64.84585788558135	
4540 WOOD RIVER DRIVE	99709	-147.85185773049145	64.84605818997792	
380 LOFTUS ROAD	99709	-147.84542889406285	64.84293046492938	
4446 CONDOR COURT	99709	-147.846081151454	64.84265706099353	
4430 CONDOR COURT	99709	-147.84494804987517	64.84250656140523	
4345 DRIFTWOOD COURT	99709	-147.84695411467786	64.8436956262621	
4355 DRIFTWOOD COURT	99709	-147.8475574406283	64.84372299846693	
420 ALUMNI COURT	99709	-147.84655683290916	64.843145919831	
412 IVER STREET	99709	-147.83564532399936	64.84266907255721	
408 IVER STREET	99709	-147.83479837458654	64.84231820947372	
755 FAIRBANKS STREET	99709	-147.82816038758799	64.84826550127758	
4155 GEIST ROAD	99709	-147.8321063086839	64.84858696502776	
4125 GEIST ROAD	99709	-147.8306938102364	64.84876581121244	
4093 IRIS LANE	99709	-147.82904572973143	64.84767456785568	
4085 IRIS LANE	99709	-147.82821780707874	64.84769324449078	
4105 GEIST ROAD	99709	-147.8304696218914	64.84871198426103	
711 WAVES ROAD	99709	-147.85111609069477	64.84678746692975	
709 WAVES ROAD	99709	-147.8509060337926	64.84671487057678	
4526 WOOD RIVER DRIVE	99709	-147.85052764835413	64.84658984287616	
4524 WOOD RIVER DRIVE	99709	-147.8503026535767	64.84669725783687	
4437 WOOD RIVER DRIVE	99709	-147.84709543079555	64.84691664252814	
4433 WOOD RIVER DRIVE	99709	-147.8464292387604	64.84694964975712	
4423 WOOD RIVER DRIVE	99709	-147.84588192278278	64.84698454504483	
4413 WOOD RIVER DRIVE	99709	-147.84537261170635	64.84703145023532	
4426 WOOD RIVER DRIVE	99709	-147.84644428346132	64.84742661882848	
4428 WOOD RIVER DRIVE	99709	-147.84670459797664	64.84741983802331	
4434 WOOD RIVER DRIVE	99709	-147.84711206454764	64.84751746063657	
4436 WOOD RIVER DRIVE	99709	-147.84729751229943	64.84750671388495	
716 LOFTUS ROAD	99709	-147.84555589428615	64.84830553532787	
722 LOFTUS ROAD	99709	-147.84515812782442	64.84865022251621	
4438 CONDOR COURT	99709	-147.84532824859778	64.8426069753669	
545 PRENTICE STREET	99709	-147.83264309142558	64.84490063643767	
4320 BIRCH LANE	99709	-147.84006126645968	64.84402351480358	
4012 BERRY COURT	99709	-147.83130510236262	64.84342395842177	
4006 BERRY COURT	99709	-147.83062948699853	64.84341121050181	
4427 CONDOR COURT	99709	-147.84571510843753	64.841764325009	
4369 BIRCH LANE	99709	-147.84189593004086	64.8422819728691	
4267 BIRCH LANE	99709	-147.83623246761385	64.84327688871448	
4263 BIRCH LANE	99709	-147.83618899058945	64.84304262038692	
4257 BIRCH LANE	99709	-147.836683121262	64.84305076185633	
611 FAIRBANKS STREET	99709	-147.82911376499203	64.8462054424735	
377 FAIRBANKS STREET	99709	-147.82920526498603	64.84152067796747	
205 YALE WAY	99709	-147.85160589795026	64.84167067595264	
4391 DARTMOUTH DRIVE	99709	-147.85035208446536	64.84137229974523	
4440 STANFORD DRIVE	99709	-147.85255756015968	64.84117068953954	
4466 DARTMOUTH DRIVE	99709	-147.85271729944296	64.8424403394478	
4450 DARTMOUTH DRIVE	99709	-147.8522325945043	64.84232711684432	
4463 DARTMOUTH DRIVE	99709	-147.8528013304068	64.84205432203828	
4441 DARTMOUTH DRIVE	99709	-147.85229140006174	64.84190564922955	
122 BRIGHAM WAY	99709	-147.85076967555716	64.84115684779708	
4400 STANFORD DRIVE	99709	-147.85111043220138	64.84153256995793	
4416 STANFORD DRIVE	99709	-147.85156872254294	64.84135131762942	
4428 STANFORD DRIVE	99709	-147.85204318692234	64.84127378555287	
215 YALE WAY	99709	-147.85208793187095	64.84154592809485	
219 YALE WAY	99709	-147.8528969060274	64.8414541028473	
218 YALE WAY	99709	-147.85261696256563	64.8417682468737	
4251 GEIST ROAD	99709	-147.84134376633406	64.84884549266555	
4235 BIRCH LANE	99709	-147.83473850588356	64.84330121809845	
4204 YORK AVENUE	99709	-147.83680598998737	64.84519186383008	
4241 BIRCH LANE	99709	-147.8368786975287	64.84342301320723	
505 PRENTICE STREET	99709	-147.83334015788705	64.84431525844585	
535 PRENTICE STREET	99709	-147.83202199973874	64.84484920559022	
525 PRENTICE STREET	99709	-147.83242549095195	64.84467496341901	
4097 YVONNE AVENUE	99709	-147.82894734688404	64.8466409053503	
4092 YVONNE AVENUE	99709	-147.82878665782727	64.8469571611521	
4083 IRIS LANE	99709	-147.82809010530775	64.84769106912745	
4415 CONDOR COURT	99709	-147.84486742833224	64.84178010755681	
595 FAIRBANKS STREET	99709	-147.8284864055928	64.84536576953175	
4450 WOOD RIVER DRIVE	99709	-147.84844751408517	64.84743712543391	
4446 WOOD RIVER DRIVE	99709	-147.8484308979463	64.8475746158158	
4007 BERRY COURT	99709	-147.8301418792006	64.84291856397168	
4402 DARTMOUTH DRIVE	99709	-147.85038161645332	64.84178148527445	
397 TOVEY DRIVE	99709	-147.83773494965644	64.84289897683209	
548 FAIRBANKS STREET	99709	-147.83124382611985	64.84524391432174	
4175 GEIST ROAD	99709	-147.836074898421	64.84868535917752	
601 LOFTUS ROAD	99709	-147.83984200172742	64.84769962955059	
4105 BILLY'S LANE	99709	-147.83104468878662	64.8413770404023	
4100 BILLY'S LANE	99709	-147.830145945665	64.84176595560542	
4108 BILLY'S LANE	99709	-147.83068657570635	64.8418116607729	
4112 BILLY'S LANE	99709	-147.83124413516617	64.84183554884962	
410 TOVEY DRIVE	99709	-147.83884427656335	64.84249723769699	
4103 BILLY'S LANE	99709	-147.83027642941977	64.84131406340707	
4116 BILLY'S LANE	99709	-147.83143057795664	64.84160380608613	
400 FAIRBANKS STREET	99709	-147.83007343486665	64.84206816069891	
4101 WILLY'S LANE	99709	-147.83069529261485	64.84214765515013	
4106 WILLY'S LANE	99709	-147.8306764046441	64.84258538587882	
4113 WILLY'S LANE	99709	-147.83127703902616	64.84217865631653	
4116 WILLY'S LANE	99709	-147.83130379856436	64.84238946563745	
4112 WILLY'S LANE	99709	-147.8313013541652	64.84257545672631	
4399 YORK AVENUE	99709	-147.84353970927012	64.84475595418508	
4395 YORK AVENUE	99709	-147.84308484952405	64.844819196324	
4392 YORK AVENUE	99709	-147.84350952844014	64.84514953643354	
4389 YORK AVENUE	99709	-147.84267747663174	64.84475204236112	
4375 YORK AVENUE	99709	-147.8415731143191	64.84476369000477	
4399 BISHOP CIRCLE	99709	-147.8435538696901	64.84398467713038	
4078 TEAL AVENUE	99709	-147.82810217690505	64.84220614574053	
4089 STILLWATER COURT	99709	-147.82825052387167	64.84280699275418	
4085 STILLWATER COURT	99709	-147.8281975563955	64.84258834785159	
4352 BISHOP CIRCLE	99709	-147.8405697419001	64.84444008161789	
4392 BISHOP CIRCLE	99709	-147.84355637454445	64.84442098409922	
4385 BISHOP CIRCLE	99709	-147.8430779339815	64.84397895654038	
4397 BIRCH LANE	99709	-147.84267654446012	64.84232485426675	
517 FAIRBANKS STREET	99709	-147.82916204597473	64.84415840240842	
4060 YVONNE AVENUE	99709	-147.82819488455303	64.84696911693521	
4369 YORK AVENUE	99709	-147.84102732014878	64.84479233228515	
4363 YORK AVENUE	99709	-147.84041906349682	64.84487479197554	
4362 YORK AVENUE	99709	-147.84106780744713	64.84524090068746	
4357 YORK AVENUE	99709	-147.83992845743725	64.84487061296522	
4084 TEAL AVENUE	99709	-147.8285848024801	64.84213168384376	
4344 YORK AVENUE	99709	-147.8394798925408	64.84519861220606	
512 WINDSOR DRIVE	99709	-147.83849946136263	64.84474903232126	
4338 YORK AVENUE	99709	-147.83899843760688	64.8451505543631	
4332 YORK AVENUE	99709	-147.83854846871444	64.84513468926302	
4205 YORK AVENUE	99709	-147.8365597517038	64.84481860591842	
4201 YORK AVENUE	99709	-147.8361908121955	64.84479327017537	
4200 YORK AVENUE	99709	-147.83635056378773	64.84529257512035	
4083 TEAL AVENUE	99709	-147.82820421407217	64.84161151962327	
4085 TEAL AVENUE	99709	-147.828646448317	64.84154717070166	
4342 BISHOP CIRCLE	99709	-147.84076773196603	64.84405723032486	
4332 BISHOP CIRCLE	99709	-147.84067159052972	64.84386924751477	
4335 BIRCH LANE	99709	-147.84072233572815	64.84317418951011	
4272 BIRCH LANE	99709	-147.83693798227546	64.84388841697687	
4268 BIRCH LANE	99709	-147.83621893494092	64.84383922620823	
4238 BIRCH LANE	99709	-147.83475459746253	64.84392083000736	
4236 BIRCH LANE	99709	-147.83424540787107	64.84391617529536	
4097 BIRCH LANE	99709	-147.82822401332606	64.84326967765406	
4088 BIRCH LANE	99709	-147.82875525529093	64.8438431051081	
4082 BIRCH LANE	99709	-147.82840437120373	64.84371862635525	
4214 MATHISON COURT	99709	-147.83756316706612	64.84445522531823	
4211 MATHISON COURT	99709	-147.83742886212497	64.84411728047004	
643 FAIRBANKS STREET	99709	-147.82909680770254	64.84641556131203	
601 FAIRBANKS STREET	99709	-147.82911964283147	64.84608085973382	
557 FAIRBANKS STREET	99709	-147.82905998718869	64.84549014973112	
433 FAIRBANKS STREET	99709	-147.82910103707715	64.84315541686342	
425 FAIRBANKS STREET	99709	-147.82912005933213	64.84299019420462	
417 FAIRBANKS STREET	99709	-147.8289768659454	64.84272281334371	
409 FAIRBANKS STREET	99709	-147.82898650906643	64.84244511291972	
4052 FAHRENKAMP AVENUE	99709	-147.82822387970373	64.84607345808388	
4356 YORK AVENUE	99709	-147.84057640272252	64.84521125500713	
4351 YORK AVENUE	99709	-147.83950805064498	64.84484162951291	
4368 YORK AVENUE	99709	-147.84157273294687	64.84522096968539	
4359 BISHOP CIRCLE	99709	-147.84150033056227	64.8438345303633	
4388 YORK AVENUE	99709	-147.84304038634372	64.84516429798802	
4383 YORK AVENUE	99709	-147.84205181327002	64.84479303030928	
4382 YORK AVENUE	99709	-147.8426154891072	64.84517843257161	
4376 YORK AVENUE	99709	-147.84208796174784	64.84530565316079	
4382 BISHOP CIRCLE	99709	-147.84299100295942	64.8444334661391	
4381 BISHOP CIRCLE	99709	-147.84259783395927	64.84397396710798	
4380 BISHOP CIRCLE	99709	-147.8423715376682	64.84436621689785	
4372 BISHOP CIRCLE	99709	-147.8419236748225	64.84430959477201	
4350 YORK AVENUE	99709	-147.84002061569194	64.84522018812217	
4099 BIRCH LANE	99709	-147.82894650979844	64.8433799073299	
4098 DUNLAP AVENUE	99709	-147.82864916664494	64.84507424283909	
4096 DUNLAP AVENUE	99709	-147.82829215547886	64.84495400082075	
4345 YORK AVENUE	99709	-147.83913105871733	64.84478271870408	
4213 YORK AVENUE	99709	-147.83751232708815	64.84477674464489	
4212 YORK AVENUE	99709	-147.83772002436655	64.84520727357246	
4209 YORK AVENUE	99709	-147.83701808691572	64.84480610433006	
4208 YORK AVENUE	99709	-147.83726524461898	64.84522930687103	
500 WINDSOR DRIVE	99709	-147.83855933426725	64.84435829971842	
396 TOVEY DRIVE	99709	-147.83893716331033	64.84306719261978	
4089 TEAL AVENUE	99709	-147.82916211833475	64.84163946321527	
4093 STILLWATER COURT	99709	-147.82815134058916	64.84304987612799	
4362 BISHOP CIRCLE	99709	-147.84121608252707	64.84436727051552	
4316 BIRCH LANE	99709	-147.8398968892372	64.84426261679354	
4312 BIRCH LANE	99709	-147.8393578994977	64.8441329956852	
4275 BIRCH LANE	99709	-147.83773555395206	64.84330640822496	
4274 BIRCH LANE	99709	-147.83756568543967	64.84385896389163	
407 TOVEY DRIVE	99709	-147.83677188984896	64.84257257711175	
4175 BIRCH LANE	99709	-147.83272568259008	64.8433115906524	
4138 BIRCH LANE	99709	-147.83235668688982	64.84394854626828	
4108 BIRCH LANE	99709	-147.8304682335857	64.84407448860715	
4061 DUNLAP AVENUE	99709	-147.8281355705006	64.84452693427443	
700 FAIRBANKS STREET	99709	-147.83030432646248	64.84822760552072	
695 FAIRBANKS STREET	99709	-147.82904061481918	64.84740748318433	
685 FAIRBANKS STREET	99709	-147.8291290369579	64.84720864846771	
645 FAIRBANKS STREET	99709	-147.82908879716555	64.84633019184994	
555 FAIRBANKS STREET	99709	-147.8287168355668	64.84512393062224	
540 FAIRBANKS STREET	99709	-147.8312437828235	64.84519909364468	
520 FAIRBANKS STREET	99709	-147.83037759215964	64.8446858431489	
509 FAIRBANKS STREET	99709	-147.82920405449667	64.84389361018977	
401 FAIRBANKS STREET	99709	-147.82910585658894	64.84211674156637	
4057 FAHRENKAMP AVENUE	99709	-147.8283071095097	64.84557880251835	
4056 FAHRENKAMP AVENUE	99709	-147.82867594602723	64.8460806283043	
4016 BERRY COURT	99709	-147.83141627650608	64.843197112675	
4011 BERRY COURT	99709	-147.83133984195717	64.84291325412681	
4009 BERRY COURT	99709	-147.8305117018447	64.84288084248996	
4427 CONDOR COURT	99709	-147.84603714442338	64.84186962366275	
4427 CONDOR COURT	99709	-147.84579165544073	64.84190947198658	
4427 CONDOR COURT	99709	-147.84568160206246	64.84195179229134	
4427 CONDOR COURT	99709	-147.84539271649336	64.84198921123388	
4427 CONDOR COURT	99709	-147.84569329953186	64.84206145291637	
658 FAIRBANKS STREET	99709	-147.831800427729	64.84736967194966	
660 FAIRBANKS STREET	99709	-147.83035675873097	64.84770084021706	
660 FAIRBANKS STREET	99709	-147.8305655264961	64.84776807015625	
660 FAIRBANKS STREET	99709	-147.83056737780166	64.84769682250773	
660 FAIRBANKS STREET	99709	-147.8307731874666	64.84776978746324	
660 FAIRBANKS STREET	99709	-147.83077857539277	64.84770134525739	
658 FAIRBANKS STREET	99709	-147.8316418304229	64.84730182483828	
658 FAIRBANKS STREET	99709	-147.83179233972126	64.84729997074557	
660 FAIRBANKS STREET	99709	-147.83130843411502	64.84776462044533	
660 FAIRBANKS STREET	99709	-147.8313139196177	64.84769760195141	
660 FAIRBANKS STREET	99709	-147.83154275784045	64.84776458335388	
658 FAIRBANKS STREET	99709	-147.83164323087564	64.84737160842604	
658 FAIRBANKS STREET	99709	-147.83179357336206	64.84761334596503	
658 FAIRBANKS STREET	99709	-147.8316399123343	64.847618087861	
658 FAIRBANKS STREET	99709	-147.83179945109066	64.84745372890434	
658 FAIRBANKS STREET	99709	-147.8316390048934	64.8474571303475	
658 FAIRBANKS STREET	99709	-147.83180094882167	64.84752493624143	
658 FAIRBANKS STREET	99709	-147.8316438457421	64.84752829560357	
660 FAIRBANKS STREET	99709	-147.83090901892402	64.84769973913596	
660 FAIRBANKS STREET	99709	-147.83115457854663	64.84776651523168	
660 FAIRBANKS STREET	99709	-147.83114639531405	64.84769539113462	
660 FAIRBANKS STREET	99709	-147.83154989735746	64.8476973066822	
658 FAIRBANKS STREET	99709	-147.8317939941197	64.8472258764763	
658 FAIRBANKS STREET	99709	-147.83163000991487	64.84722647161584	
660 FAIRBANKS STREET	99709	-147.83011909184268	64.8477009156948	
660 FAIRBANKS STREET	99709	-147.83035442308653	64.8477649708857	
660 FAIRBANKS STREET	99709	-147.83091041534624	64.84776952186155	
4378 DARTMOUTH DRIVE	99709	-147.85007397017554	64.84175630432843	
656 FAIRBANKS STREET	99709	-147.8312951471267	64.84688016973814	
656 FAIRBANKS STREET	99709	-147.8311438238489	64.84682077952895	
4376 DARTMOUTH DRIVE	99709	-147.84795040126951	64.8412599811197	
4376 DARTMOUTH DRIVE	99709	-147.84806387636291	64.84119013319194	
4376 DARTMOUTH DRIVE	99709	-147.8478551663819	64.8412212176633	
4378 DARTMOUTH DRIVE	99709	-147.8501735259039	64.84169523604594	
4378 DARTMOUTH DRIVE	99709	-147.85001696717367	64.84165729811404	
656 FAIRBANKS STREET	99709	-147.83076277770476	64.846878178516	
656 FAIRBANKS STREET	99709	-147.83051446412657	64.84681998184304	
656 FAIRBANKS STREET	99709	-147.83052167783853	64.84687687292687	
656 FAIRBANKS STREET	99709	-147.83036376390984	64.846818988023	
4376 DARTMOUTH DRIVE	99709	-147.84776903058173	64.84118525108815	
4376 DARTMOUTH DRIVE	99709	-147.84832076481348	64.84117839254239	
4376 DARTMOUTH DRIVE	99709	-147.84851126687894	64.84117459989781	
4376 DARTMOUTH DRIVE	99709	-147.84868866315057	64.84122367631231	
4376 DARTMOUTH DRIVE	99709	-147.8487534883847	64.84119295507581	
4378 DARTMOUTH DRIVE	99709	-147.8499265685413	64.841717773172	
656 FAIRBANKS STREET	99709	-147.83155277729387	64.84687842056417	
656 FAIRBANKS STREET	99709	-147.8312976740164	64.8468188847682	
658 FAIRBANKS STREET	99709	-147.83179938770894	64.84705914333081	
658 FAIRBANKS STREET	99709	-147.83163904064608	64.84706396762462	
658 FAIRBANKS STREET	99709	-147.83164200796315	64.84695994228282	
656 FAIRBANKS STREET	99709	-147.83114788894372	64.8468805583658	
656 FAIRBANKS STREET	99709	-147.83091954308716	64.84682069240587	
656 FAIRBANKS STREET	99709	-147.8309269533146	64.8468804300534	
656 FAIRBANKS STREET	99709	-147.8307589069998	64.84682124627821	
656 FAIRBANKS STREET	99709	-147.83036792405065	64.84688019064039	
656 FAIRBANKS STREET	99709	-147.831555690896	64.8468228297093	
656 FAIRBANKS STREET	99709	-147.8301158787389	64.84681634125867	
658 FAIRBANKS STREET	99709	-147.8318008853411	64.84713034977497	
658 FAIRBANKS STREET	99709	-147.83164024743934	64.84713090460423	
660 FAIRBANKS STREET	99709	-147.83011132554597	64.84777186732818	
656 FAIRBANKS STREET	99709	-147.83011839293553	64.8468820013885	
658 FAIRBANKS STREET	99709	-147.83178310112436	64.84696265398996	
4525 WOOD RIVER DRIVE	99709	-147.84938281147146	64.84613996123178	
4509 WOOD RIVER DRIVE	99709	-147.8489921186212	64.84662596070703	
405 IVER STREET	99709	-147.83323706664132	64.84259269797933	
4361 BIRCH LANE	99709	-147.84078931190794	64.84221011881853	
406 IVER STREET	99709	-147.83432654096822	64.84226504087093	
4532 WOOD RIVER DRIVE	99709	-147.85115811645008	64.84612925897942	
4534 WOOD RIVER DRIVE	99709	-147.8512554852471	64.84611295095422	
710 WAVES ROAD	99709	-147.8521581148833	64.84641331240879	
4539 TOLOVANA DRIVE	99709	-147.85274043388597	64.84623119872435	
4305 DRIFTWOOD COURT	99709	-147.84474051581978	64.84350842234495	
4315 DRIFTWOOD COURT	99709	-147.8452896399795	64.84354194630667	
4325 DRIFTWOOD COURT	99709	-147.8457993709061	64.84359988901643	
4335 DRIFTWOOD COURT	99709	-147.84639261539164	64.84367935525772	
4385 DRIFTWOOD COURT	99709	-147.84948756877768	64.8437632629337	
4395 DRIFTWOOD COURT	99709	-147.85010656718487	64.84381983081613	
4405 DRIFTWOOD COURT	99709	-147.8509323387578	64.84395279952557	
4415 DRIFTWOOD COURT	99709	-147.851273486386	64.84401826190863	
4360 DRIFTWOOD COURT	99709	-147.84774214502772	64.84402360208999	
4350 DRIFTWOOD COURT	99709	-147.84729058946672	64.84401759197623	
4340 DRIFTWOOD COURT	99709	-147.84677118737685	64.84401789335318	
4330 DRIFTWOOD COURT	99709	-147.8462638838557	64.84399547671103	
554 LOFTUS ROAD	99709	-147.84575207935174	64.84539044371978	
4169 GEIST ROAD	99709	-147.83440732206756	64.84870129857003	
401 IVER STREET	99709	-147.8332731948426	64.84233604538521	
4355 BIRCH LANE	99709	-147.84163735240097	64.84319816233635	
720 LOFTUS ROAD	99709	-147.84610846606205	64.8485138736278	
415 IVER STREET	99709	-147.83205340696875	64.84219397219526	
700 LOFTUS ROAD	99709	-147.84520669414155	64.8482385406189	
400 DARK STAR COURT	99709	-147.84322023884812	64.84285669926899	
4155 GEIST ROAD	99709	-147.83269378047862	64.84795531899456	
4077 YVONNE AVENUE	99709	-147.82819094631753	64.84664314463524	
715 KYLE COURT	99709	-147.84652304545662	64.8488056511534	
715 KYLE COURT	99709	-147.84727125059567	64.8486072573892	
955 DRAANJIK DRIVE	99775	-147.837662526246	64.85357888019185	
911 DRAANJIK DRIVE	99775	-147.8304546617373	64.85314357209883	
826 DRAANJIK DRIVE	99775	-147.8305795227413	64.85030396988239	
834 DRAANJIK DRIVE	99775	-147.8303752206231	64.85083703094065	
913 DRAANJIK DRIVE	99775	-147.83068617218248	64.85296523526613	
915 DRAANJIK DRIVE	99775	-147.8313094179447	64.85300909503894	
1881 TANANA LOOP	99775	-147.83134772127204	64.85482487745172	
917 DRAANJIK DRIVE	99775	-147.83113384552695	64.853180788619	
810 DRAANJIK DRIVE	99775	-147.83459531149106	64.849974096549	
811 DRAANJIK DRIVE	99775	-147.83588629126163	64.85022977709205	
1883 TANANA LOOP	99775	-147.8311088801341	64.85496085677798	
821 THOMPSON DRIVE	99775	-147.84240052357057	64.85120999913802	
4337 BIRCH LANE	99709	-147.84033986583964	64.84301386145732	
4415 CONDOR COURT	99709	-147.8445433366879	64.84177178263718	
4415 CONDOR COURT	99709	-147.84473732390924	64.84170479871058	
4415 CONDOR COURT	99709	-147.8447039898507	64.84164158382423	
4415 CONDOR COURT	99709	-147.84486165617918	64.84156555309438	
4415 CONDOR COURT	99709	-147.84454176643567	64.8415533776715	
4425 CONDOR COURT	99709	-147.84456167250508	64.84209717416726	
4425 CONDOR COURT	99709	-147.84473869066218	64.84201045682788	
4425 CONDOR COURT	99709	-147.84470875465863	64.84196429473852	
4425 CONDOR COURT	99709	-147.84485259212843	64.84188178733946	
4425 CONDOR COURT	99709	-147.8445697311628	64.8418890955148	
4316 BIRCH LANE	99709	-147.839906975529	64.84430819450269	
4316 BIRCH LANE	99709	-147.84004731459228	64.84423938722627	
4316 BIRCH LANE	99709	-147.84005320474458	64.8443051976861	
4468 CONDOR COURT	99709	-147.847765040371	64.8431413357236	
4468 CONDOR COURT	99709	-147.84806012923173	64.84317387423228	
4468 CONDOR COURT	99709	-147.84792638577315	64.8431351757631	
4464 CONDOR COURT	99709	-147.84766972491684	64.84304540708308	
4464 CONDOR COURT	99709	-147.84741534883	64.84313878721863	
4464 CONDOR COURT	99709	-147.84753164945985	64.8430655226677	
4458 CONDOR COURT	99709	-147.84701783392632	64.84310007392587	
4458 CONDOR COURT	99709	-147.84727511036976	64.84301235646873	
4458 CONDOR COURT	99709	-147.8471699715173	64.84307349205619	
4454 CONDOR COURT	99709	-147.8469902270038	64.8429004197911	
4454 CONDOR COURT	99709	-147.84685690427415	64.84285969707179	
4454 CONDOR COURT	99709	-147.84675782754422	64.84283030113804	
4446 CONDOR COURT	99709	-147.84603860106176	64.8426059508898	
4446 CONDOR COURT	99709	-147.8458659307644	64.84256892112761	
4446 CONDOR COURT	99709	-147.84572332191792	64.84256356867303	
4438 CONDOR COURT	99709	-147.8453713842476	64.84256489195248	
4438 CONDOR COURT	99709	-147.84541435721533	64.84252043621777	
4438 CONDOR COURT	99709	-147.845441139338	64.84248389755474	
408 IVER STREET	99709	-147.83479224211018	64.84255570245666	
727 DENNISON COURT	99709	-147.85251609670033	64.84799371100769	
715 DENNISON COURT	99709	-147.85090668630153	64.84852420239785	
715 DENNISON COURT	99709	-147.85094253178147	64.848031112626	
2141 KOYUKUK DRIVE	99775	-147.84710363913263	64.8588092093118	
2156 KOYUKUK DRIVE	99775	-147.84939021087476	64.8594971578817	
2160 KOYUKUK DRIVE	99775	-147.85090350757855	64.85910952657642	
1033 SHEENJEK DRIVE	99775	-147.84384345202852	64.8595034844406	
2090 KOYUKUK DRIVE	99775	-147.84503196073928	64.8593506926727	
2120 KOYUKUK DRIVE	99775	-147.84620911750767	64.85930614455988	
1074 NORTH CHANDALAR DRIVE	99775	-147.82845750172203	64.85969205873344	
2152 NORTH TANANA DRIVE	99775	-147.851034698381	64.86061626543058	
1876 YUKON DRIVE	99775	-147.83058841128096	64.85843899338457	
1075 NORTH CHANDALAR DRIVE	99775	-147.82851640191896	64.8599713816924	
1890 TANANA LOOP	99775	-147.83145947356783	64.85639980265319	
2180 WEST TANANA DRIVE	99775	-147.86170043649065	64.85640774069765	
1910 TANANA LOOP	99775	-147.8338345018189	64.8564683397641	
1027 KUSKOKWIM WAY	99775	-147.8295410359202	64.8591126696296	
1082 NORTH CHANDALAR DRIVE	99775	-147.82916418297478	64.85965362498901	
1900 TANANA LOOP	99775	-147.83226959649514	64.85654259807544	
1862 YUKON DRIVE	99775	-147.82872648785147	64.85842697672014	
1866 YUKON DRIVE	99775	-147.82945702104166	64.85853647441692	
1872 YUKON DRIVE	99775	-147.83003215061237	64.85850710555349	
1001 SEISMIC ROAD	99775	-147.85257126280086	64.85923498906274	
1092 SHEENJEK DRIVE	99775	-147.84734348698072	64.86230797964265	
2164 NORTH TANANA DRIVE	99775	-147.8520464794041	64.86026269269436	
2025 YUKON DRIVE	99775	-147.84943127051835	64.85765707181025	
1995 YUKON DRIVE	99775	-147.84307173851295	64.85748409164145	
2110 NORTH TANANA DRIVE	99775	-147.8466274838781	64.86053740116577	
2145 NORTH TANANA DRIVE	99775	-147.84970776740465	64.85978515782783	
2150 KOYUKUK DRIVE	99775	-147.8483601621756	64.8598083820697	
2140 KOYUKUK DRIVE	99775	-147.84698524224117	64.85955428653567	
1051 SHEENJEK DRIVE	99775	-147.8436367076561	64.85979552110811	
1962 YUKON DRIVE	99775	-147.84158396798264	64.85851487937227	
1930 YUKON DRIVE	99775	-147.8356426259938	64.85826743548463	
1030 KUSKOKWIM WAY	99775	-147.83216420899757	64.85920732554654	
1030 KUSKOKWIM WAY	99775	-147.8334805909889	64.85916253264526	
1030 KUSKOKWIM WAY	99775	-147.83482560068992	64.8592561546066	
1030 KUSKOKWIM WAY	99775	-147.8348434686436	64.85958859357206	
1030 KUSKOKWIM WAY	99775	-147.83412013345406	64.85974649753825	
1030 KUSKOKWIM WAY	99775	-147.83319356863873	64.85966812209561	
1045 KUSKOKWIM WAY	99775	-147.8290365441185	64.8606108233212	
1045 KUSKOKWIM WAY	99775	-147.82941325732617	64.86056393063289	
1045 KUSKOKWIM WAY	99775	-147.82947505261498	64.86068472867596	
1045 KUSKOKWIM WAY	99775	-147.82933161151945	64.86080804902195	
1045 KUSKOKWIM WAY	99775	-147.82906114822475	64.86103359688379	
1045 KUSKOKWIM WAY	99775	-147.82945660552207	64.86120157274785	
1845 NABESNA WAY	99775	-147.82856758677036	64.86132514601805	
1845 NABESNA WAY	99775	-147.8284746380582	64.8612058710658	
1845 NABESNA WAY	99775	-147.82860294740084	64.86112262255405	
1845 NABESNA WAY	99775	-147.82889806873652	64.86079990770942	
1845 NABESNA WAY	99775	-147.82839758025267	64.86046607968507	
1845 NABESNA WAY	99775	-147.82820977335933	64.86059374438628	
1845 NABESNA WAY	99775	-147.82872800270658	64.86046581709773	
1897 NORTH TANANA DRIVE	99775	-147.8288552154717	64.86151777743187	
1898 NORTH TANANA DRIVE	99775	-147.83006820739118	64.86245340681813	
1916 TANANA LOOP	99775	-147.83647730770903	64.8565006622193	
1030 TOKLAT WAY	99775	-147.83925086420956	64.86049503733636	
1024 SEISMIC ROAD	99775	-147.8543619500165	64.85888493211756	
1058 SEISMIC ROAD	99775	-147.85768666593628	64.85873660707597	
1028 KUSKOKWIM WAY	99775	-147.831408517052	64.85931352629997	
2180 WEST TANANA DRIVE	99775	-147.86098263937618	64.85684417228853	
1880 TANANA LOOP LOOP	99775	-147.83005251723816	64.85583995400614	
1823 AMBLER LANE	99775	-147.82847711926377	64.85703264890658	
1007 KUSKOKWIM WAY	99775	-147.83094152793544	64.85834405814445	
1868 YUKON DRIVE	99775	-147.8296779263539	64.85835248430126	
1043 KUSKOKWIM WAY	99775	-147.82891495441717	64.86062753058816	
1029 KUSKOKWIM WAY	99775	-147.82843154499477	64.85923160804826	
1028 TOKLAT WAY	99775	-147.8360691224628	64.85926145919804	
1020 TOKLAT WAY	99775	-147.8360798476402	64.85873141265701	
1928 YUKON DRIVE	99775	-147.83573478297092	64.85823852063585	
1934 TANANA LOOP	99775	-147.83548707090068	64.85642695029375	
1960 YUKON DRIVE	99775	-147.8412786189562	64.85880989038924	
1013 SHEENJEK DRIVE	99775	-147.84330640891568	64.85854973130736	
1029 SHEENJEK DRIVE	99775	-147.84309365756286	64.85937142607385	
2143 KOYUKUK DRIVE	99775	-147.84714161594286	64.85882121142076	
2035 YUKON DRIVE	99775	-147.84884238971603	64.85769323837718	
2123 NORTH TANANA DRIVE	99775	-147.84838818087422	64.86001741132901	
2158 KOYUKUK DRIVE	99775	-147.85078403922054	64.85910774867676	
2149 NORTH TANANA DRIVE	99775	-147.85007734518481	64.85962904624785	
1025 TOKLAT WAY	99775	-147.83186975116146	64.85897986806754	
2180 WEST TANANA DRIVE	99775	-147.86181733330537	64.85701275504535	
2180 WEST TANANA DRIVE	99775	-147.86272062305207	64.85716170289442	
2180 WEST TANANA DRIVE	99775	-147.86392356890033	64.85700373527015	
2180 WEST TANANA DRIVE	99775	-147.8625735441962	64.8564022183193	
1952 YUKON DRIVE	99709	-147.83841974808624	64.85897968068932	
162 SHEEP CREEK ROAD	99709	-147.8723427942959	64.86452728906609	
2314 WEST TANANA DRIVE	99709	-147.86942119311888	64.86032253142265	
1244 SEISMIC ROAD	99709	-147.8600468357478	64.8663838283423	
1179 SEISMIC ROAD	99709	-147.85590881056464	64.86382034380514	
4048 DUNLAP AVENUE	99709	-147.82609192293575	64.8449574986696	
3653 GOLDIZEN AVENUE	99709	-147.81405970948956	64.84373191859487	
3688 GOLDIZEN AVENUE	99709	-147.81446935128253	64.8440456421727	
3696 GOLDIZEN AVENUE	99709	-147.81457211508504	64.843825704845	
3745 GEIST ROAD	99709	-147.81639730165455	64.8486786794219	
615 GINKO ROAD	99709	-147.8153289168593	64.84695784386619	
780 GINKO ROAD	99709	-147.81609165958918	64.84843546305575	
3862 JENNIE LANE	99709	-147.8180642235441	64.84677280914984	
3870 JENNIE LANE	99709	-147.81856049087315	64.8467905345744	
3865 JENNIE LANE	99709	-147.8184114943794	64.84639078217975	
3855 JENNIE LANE	99709	-147.81810139422785	64.84631970479133	
522 HALVORSON ROAD	99709	-147.8114650889409	64.84465043933052	
520 HALVORSON ROAD	99709	-147.81156426073096	64.84464710530396	
518 HALVORSON ROAD	99709	-147.811659230312	64.84465442509222	
3558 GOLDIZEN AVENUE	99709	-147.81178896931314	64.84428128113728	
570 UNIVERSITY AVENUE	99709	-147.81435714792275	64.84590119598727	
3677 COLLEGE ROAD	99709	-147.81099696113918	64.85512030784255	
3678 THOMAS STREET	99709	-147.81133353586688	64.85486630625078	
534 WILCOX AVENUE	99709	-147.8175244383226	64.84487214365087	
575 SPRUCEWOOD ROAD	99709	-147.81859355416537	64.84556874841996	
535 SPRUCEWOOD ROAD	99709	-147.8184328019135	64.84447668890084	
3841 BIRCH LANE	99709	-147.81736411910532	64.84310180576526	
476 WILCOX AVENUE	99709	-147.8174444519628	64.84271294936676	
665 GRADELLE AVENUE	99709	-147.82382854237673	64.84687401258368	
770 GRADELLE AVENUE	99709	-147.8266284637109	64.84876096590517	
1111 HESS AVENUE	99709	-147.80738674031724	64.85321960783924	
1260 HESS AVENUE	99709	-147.80821007268193	64.85525319728687	
1213 HESS AVENUE	99709	-147.8070344593276	64.85478099570878	
1169 HESS AVENUE	99709	-147.80745522099875	64.85437647718504	
1168 HESS AVENUE	99709	-147.80834950080563	64.85448006308779	
1165 HESS AVENUE	99709	-147.80746575603808	64.85415345032654	
1103 HESS AVENUE	99709	-147.80713632936053	64.85284909945644	
1255 HAYES AVENUE	99709	-147.80431700648697	64.85526977849196	
1249 HAYES AVENUE	99709	-147.8049819977	64.8552628904687	
1240 HAYES AVENUE	99709	-147.80604568789386	64.85504731873951	
1231 HAYES AVENUE	99709	-147.80491669050807	64.85501021389906	
1141 HAYES AVENUE	99709	-147.80505559736042	64.85385043723142	
1136 HAYES AVENUE	99709	-147.8063611327508	64.85376277241005	
1128 HAYES AVENUE	99709	-147.80607466452938	64.8534124295101	
1115 HAYES AVENUE	99709	-147.80499613249793	64.85341851983651	
567 WILCOX AVENUE	99709	-147.8163786607859	64.84596973254583	
561 WILCOX AVENUE	99709	-147.81651659477473	64.84578625109806	
555 WILCOX AVENUE	99709	-147.81651418393773	64.84561441567314	
550 WILCOX AVENUE	99709	-147.8175620857488	64.84387523953927	
549 WILCOX AVENUE	99709	-147.81654107884486	64.84546336927554	
527 WILCOX AVENUE	99709	-147.8164201175986	64.84464054668757	
510 WILCOX AVENUE	99709	-147.8174084248551	64.84420589765753	
509 WILCOX AVENUE	99709	-147.8163868822146	64.84407391484031	
4043 TEAL AVENUE	99709	-147.82454265565727	64.841522742355	
4042 TEAL AVENUE	99709	-147.8246336821412	64.84213306338921	
4036 TEAL AVENUE	99709	-147.82420439435836	64.84205612077314	
599 SPRUCEWOOD ROAD	99709	-147.81853955752726	64.84623643512425	
545 SPRUCEWOOD ROAD	99709	-147.81824455020686	64.84491903205874	
540 SPRUCEWOOD ROAD	99709	-147.81934846406364	64.84489420945874	
515 SPRUCEWOOD ROAD	99709	-147.818375896848	64.84390378987834	
526 SPRUCEWOOD ROAD	99709	-147.819397960018	64.84454031900935	
525 SPRUCEWOOD ROAD	99709	-147.81813037232763	64.84424707681504	
494 SPRUCEWOOD ROAD	99709	-147.8192960856094	64.8430616210218	
491 SPRUCEWOOD ROAD	99709	-147.81852534746642	64.84278349767537	
489 SPRUCEWOOD ROAD	99709	-147.8185127788848	64.84250889450774	
456 SPRUCEWOOD ROAD	99709	-147.81933537633384	64.84284026271462	
3955 BIRCH LANE	99709	-147.82029793030674	64.84304733490798	
3900 JENNIE LANE	99709	-147.82041226315604	64.84675401149215	
3875 JENNIE LANE	99709	-147.81960818101055	64.84631229195826	
4037 IRIS LANE	99709	-147.82630975733397	64.84765568582532	
775 GRADELLE AVENUE	99709	-147.82484261118174	64.84882828530469	
3981 FAHRENKAMP AVENUE	99709	-147.82057508667876	64.84560156204803	
4024 DUNLAP AVENUE	99709	-147.8247296938072	64.84491813067025	
4019 YVONNE AVENUE	99709	-147.82493986902335	64.8465675844406	
4029 WIDGEON WAY	99709	-147.8238534761991	64.84273839858388	
4025 WIDGEON WAY	99709	-147.8239253513514	64.84248655362941	
4021 WIDGEON WAY	99709	-147.82353917633714	64.84243531327533	
4048 TEAL AVENUE	99709	-147.8252945785659	64.8420804068993	
4018 DUNLAP AVENUE	99709	-147.82391090959317	64.84498642651529	
3985 DUNLAP AVENUE	99709	-147.82113532750515	64.84460790047684	
595 DONHAM DRIVE	99709	-147.82200716104197	64.8456285362054	
4028 FAHRENKAMP AVENUE	99709	-147.8257604061234	64.84596443420749	
4025 FAHRENKAMP AVENUE	99709	-147.82530748775594	64.84557472212263	
4021 FAHRENKAMP AVENUE	99709	-147.82495074324984	64.84558252176856	
4016 FAHRENKAMP AVENUE	99709	-147.824497320055	64.84603313068828	
4040 BIRCH LANE	99709	-147.82475261683328	64.84334816282693	
4037 BIRCH LANE	99709	-147.82471643196416	64.84298436423941	
4016 BIRCH LANE	99709	-147.8227736698875	64.8434244869016	
4010 BIRCH LANE	99709	-147.82217603322286	64.84353406309295	
4005 BIRCH LANE	99709	-147.82277586578024	64.84301215982504	
4001 BIRCH LANE	99709	-147.8219255180906	64.84312883788479	
648 REBECCA STREET	99709	-147.82153105798963	64.847298071325	
455 RAMOLA STREET	99709	-147.82047562231875	64.84286705769809	
454 RAMOLA STREET	99709	-147.8215317902736	64.84288062018277	
446 RAMOLA STREET	99709	-147.82160385303757	64.84266295583002	
435 RAMOLA STREET	99709	-147.82051486527325	64.84243538876896	
4045 MALLARD WAY	99709	-147.82455082227153	64.84256067955035	
4041 MALLARD WAY	99709	-147.82471881265488	64.84279828654873	
4024 DUNLAP AVENUE	99709	-147.82432791897043	64.84496983372678	
4019 DUNLAP AVENUE	99709	-147.82434166192533	64.84457061281876	
4015 FAHRENKAMP AVENUE	99709	-147.82450718315354	64.8455974652241	
3991 FAHRENKAMP AVENUE	99709	-147.82118991833403	64.84556770251224	
655 JENNIE LANE	99709	-147.82314737860756	64.84783229189223	
735 GRADELLE AVENUE	99709	-147.82474599596117	64.84827191094973	
703 GRADELLE AVENUE	99709	-147.82480823846802	64.84789471007296	
699 GRADELLE AVENUE	99709	-147.82480001056064	64.84765543589764	
698 GRADELLE AVENUE	99709	-147.82549226375073	64.84763607771933	
683 GRADELLE AVENUE	99709	-147.8244187788333	64.84711466235362	
665 GRADELLE AVENUE	99709	-147.82409677907467	64.84692487808631	
663 GRADELLE AVENUE	99709	-147.82397361384227	64.84685719043105	
645 GRADELLE AVENUE	99709	-147.8236673809436	64.84671032715407	
605 GRADELLE AVENUE	99709	-147.82201137577434	64.84597837327598	
4005 GEIST ROAD	99709	-147.82341885153147	64.848737594326	
4001 GEIST ROAD	99709	-147.82192687463	64.84830253989898	
3980 DUNLAP AVENUE	99709	-147.8205817185723	64.8449713284261	
4006 BIRCH LANE	99709	-147.82168100420887	64.84337655170123	
4008 FAHRENKAMP AVENUE	99709	-147.8237989108025	64.84605298905399	
603 SPRUCEWOOD ROAD	99709	-147.81867423429813	64.84635902239246	
895 GRAHAM LANE	99709	-147.80835099725059	64.85112620407698	
580 DONHAM DRIVE	99709	-147.82280310773834	64.8450201773264	
4047 DUNLAP AVENUE	99709	-147.826816853292	64.84453024217083	
3971 FAHRENKAMP AVENUE	99709	-147.82038932891922	64.84547706333504	
4038 YVONNE AVENUE	99709	-147.82638851852093	64.84703726823493	
4040 FAHRENKAMP AVENUE	99709	-147.82668741498475	64.84618762579316	
4063 IRIS LANE	99709	-147.82733127907576	64.84769655764794	
580 LONG SPUR LOOP	99709	-147.81577378452275	64.84639210156882	
560 LONG SPUR LOOP	99709	-147.8156954927117	64.84577395861346	
3677 COLLEGE ROAD	99709	-147.81175016929288	64.85533395191288	
585 SPRUCEWOOD ROAD	99709	-147.81861165014672	64.84584994557815	
3703 CAMERON STREET	99709	-147.81199268926045	64.85328829798158	
3945 BIRCH LANE	99709	-147.81982458735027	64.84311006165015	
3940 BIRCH LANE	99709	-147.82040017669445	64.8435217460612	
3936 BIRCH LANE	99709	-147.819780545937	64.84350483921578	
583 LONG SPUR LOOP	99709	-147.8150286418892	64.84642264420702	
557 LONG SPUR LOOP	99709	-147.81503296841436	64.84567979477575	
554 LONG SPUR LOOP	99709	-147.8156994714233	64.84558551573043	
550 LONG SPUR LOOP	99709	-147.81573488376065	64.84542782407142	
532 LONG SPUR LOOP	99709	-147.81580140715366	64.84485194658328	
526 LONG SPUR LOOP	99709	-147.8157817572804	64.84464331815913	
525 LONG SPUR LOOP	99709	-147.81503832281396	64.844595628557	
524 LONG SPUR LOOP	99709	-147.81579682122847	64.84443836472825	
504 LONG SPUR LOOP	99709	-147.81588730206343	64.84389690899958	
503 LONG SPUR LOOP	99709	-147.81505542986	64.84378545161121	
554 LEE DRIVE	99709	-147.81733681443782	64.84559758671506	
3855 DUNLAP AVENUE	99709	-147.81799379196326	64.84454899739367	
3880 EVE AVENUE	99709	-147.81900084796828	64.84831494506705	
3875 EVE AVENUE	99709	-147.81867342282337	64.84779565259879	
3679 COLLEGE ROAD	99709	-147.8118529994332	64.85530617014852	
1255 HESS AVENUE	99709	-147.8074643313595	64.85524590486024	
1240 HESS AVENUE	99709	-147.80836193551738	64.85504116156545	
1220 HESS AVENUE	99709	-147.80820166904707	64.85478842395614	
1215 HESS AVENUE	99709	-147.80749852471686	64.85498234602372	
1148 HESS AVENUE	99709	-147.80844580465543	64.85402096889807	
1128 HESS AVENUE	99709	-147.80846079078052	64.85371186860573	
1117 HESS AVENUE	99709	-147.807301613153	64.85337383792469	
1112 HESS AVENUE	99709	-147.8087308019468	64.85331057266046	
1260 HAYES AVENUE	99709	-147.80582089812438	64.85527709699963	
1215 HAYES AVENUE	99709	-147.80497585541198	64.85483708094391	
1195 HAYES AVENUE	99709	-147.8050280863635	64.85442457627765	
1168 HAYES AVENUE	99709	-147.80591731652837	64.85428777801425	
1145 HAYES AVENUE	99709	-147.80506949672827	64.8539767599512	
1110 HAYES AVENUE	99709	-147.80575786111746	64.85324313102535	
1101 HAYES AVENUE	99709	-147.8045358621124	64.85289006102053	
1100 HAYES AVENUE	99709	-147.8062929147854	64.85298709705181	
537 WILCOX AVENUE	99709	-147.81646633085867	64.84502642417232	
533 WILCOX AVENUE	99709	-147.8164350648698	64.84483408491958	
794 UNIVERSITY AVENUE	99709	-147.81349969649682	64.84877981383141	
734 UNIVERSITY AVENUE	99709	-147.81354462800783	64.8477380199794	
3702 CAMERON STREET	99709	-147.812030934378	64.85401451944995	
1185 UNIVERSITY AVENUE	99709	-147.811840889881	64.85401430977451	
4031 YVONNE AVENUE	99709	-147.82643751081773	64.84653077817602	
4027 YVONNE AVENUE	99709	-147.82604140564632	64.84656413042903	
4025 YVONNE AVENUE	99709	-147.8256276337321	64.84656930016145	
4023 YVONNE AVENUE	99709	-147.82533209195245	64.84657529926861	
4017 WIDGEON WAY	99709	-147.82301234249903	64.84251524043081	
4013 WIDGEON WAY	99709	-147.82254530431916	64.84252074573845	
591 SPRUCEWOOD ROAD	99709	-147.81849256212456	64.84609104955966	
590 SPRUCEWOOD ROAD	99709	-147.81961857807613	64.84602131174627	
565 SPRUCEWOOD ROAD	99709	-147.81838452242744	64.84534317636569	
546 SPRUCEWOOD ROAD	99709	-147.81923431399304	64.84524501813128	
519 SPRUCEWOOD ROAD	99709	-147.8185815702367	64.8435957232879	
508 SPRUCEWOOD ROAD	99709	-147.82016005418086	64.84415051597519	
506 SPRUCEWOOD ROAD	99709	-147.81946247235246	64.84359120542629	
495 SPRUCEWOOD ROAD	99709	-147.8183810815779	64.84307268113942	
488 SPRUCEWOOD ROAD	99709	-147.81931883446924	64.84247887290003	
435 SPRUCEWOOD ROAD	99709	-147.81841391552166	64.8416235169739	
3699 GOLDIZEN AVENUE	99709	-147.81459298653198	64.8428699588638	
3945 GEIST ROAD	99709	-147.82045560588264	64.84867601297734	
3903 GEIST ROAD	99709	-147.81971074237413	64.84867761238593	
3875 GEIST ROAD	99709	-147.817771345881	64.8487524810476	
4009 WIDGEON WAY	99709	-147.82246315458298	64.84285473887958	
4053 MALLARD WAY	99709	-147.82576867528397	64.8424236824551	
4049 MALLARD WAY	99709	-147.82521065307344	64.84246498320691	
4032 DUNLAP AVENUE	99709	-147.82531919991425	64.84499755785033	
4027 DUNLAP AVENUE	99709	-147.82494982344093	64.8445453842192	
4026 DUNLAP AVENUE	99709	-147.82483550536483	64.84505485414518	
4012 DUNLAP AVENUE	99709	-147.82357085698715	64.84498034391389	
4007 DUNLAP AVENUE	99709	-147.82347246163394	64.84455749472392	
4054 TEAL AVENUE	99709	-147.8258274431215	64.8420662742011	
4030 TEAL AVENUE	99709	-147.82363427076837	64.84213644320087	
4024 TEAL AVENUE	99709	-147.823091385176	64.8420924162927	
4018 TEAL AVENUE	99709	-147.82259989332942	64.84202443605211	
4012 TEAL AVENUE	99709	-147.8219822131875	64.84208001186983	
4006 TEAL AVENUE	99709	-147.82152858388503	64.84207257370096	
4052 BIRCH LANE	99709	-147.82578385901047	64.84338170996115	
4046 BIRCH LANE	99709	-147.82539077694128	64.84339945620243	
4034 BIRCH LANE	99709	-147.8243397930891	64.84335916294985	
4028 BIRCH LANE	99709	-147.8237113080205	64.84335349803484	
4027 BIRCH LANE	99709	-147.82384429320948	64.84301439837371	
4022 BIRCH LANE	99709	-147.8232397043906	64.84336589895916	
646 REBECCA STREET	99709	-147.82150343488905	64.84691303486913	
508 RAMOLA STREET	99709	-147.8215352896703	64.84382469200877	
504 RAMOLA STREET	99709	-147.82158955037076	64.84350485368266	
461 RAMOLA STREET	99709	-147.82075660832018	64.84307489315464	
430 RAMOLA STREET	99709	-147.82156659589478	64.84249125902367	
427 RAMOLA STREET	99709	-147.8205165890062	64.84232549550791	
413 RAMOLA STREET	99709	-147.82051255437398	64.84225242512599	
401 RAMOLA STREET	99709	-147.8207056002304	64.8420099943201	
4003 MARSHA AVENUE	99709	-147.82314046234018	64.84402986866061	
4002 MARSHA AVENUE	99709	-147.82295730438364	64.84439817396307	
4006 DUNLAP AVENUE	99709	-147.82345622861385	64.84496693233348	
4003 DUNLAP AVENUE	99709	-147.82289871460154	64.84459251041142	
554 DONHAM DRIVE	99709	-147.8228058888592	64.84497018320872	
4033 FAHRENKAMP AVENUE	99709	-147.8259622407051	64.84559395409715	
4029 FAHRENKAMP AVENUE	99709	-147.82558147592715	64.84558974349945	
4010 FAHRENKAMP AVENUE	99709	-147.82419561497525	64.84595450525967	
4005 FAHRENKAMP AVENUE	99709	-147.82282395891974	64.84559200193496	
3987 FAHRENKAMP AVENUE	99709	-147.82125541553802	64.84598062499666	
649 JENNIE LANE	99709	-147.82253873748704	64.84731184183792	
755 GRADELLE AVENUE	99709	-147.8247739748792	64.84844741433338	
696 GRADELLE AVENUE	99709	-147.82549098727623	64.8475569085398	
695 GRADELLE AVENUE	99709	-147.8247070918438	64.84747873289928	
691 GRADELLE AVENUE	99709	-147.82470570359553	64.84731112622158	
685 GRADELLE AVENUE	99709	-147.82447335310684	64.847149293267	
684 GRADELLE AVENUE	99709	-147.82538256002923	64.84710477298691	
640 GRADELLE AVENUE	99709	-147.8242055018262	64.84649350947103	
635 GRADELLE AVENUE	99709	-147.8227880178274	64.8465990475297	
625 GRADELLE AVENUE	99709	-147.82255487242008	64.84632436032905	
615 GRADELLE AVENUE	99709	-147.82225537572637	64.84618248603331	
501 RAMOLA STREET	99709	-147.82080586768842	64.84350891144602	
449 RAMOLA STREET	99709	-147.8205154023312	64.84268539753131	
443 RAMOLA STREET	99709	-147.82054793628953	64.84248849269824	
1135 HAYES AVENUE	99709	-147.80434820319053	64.8537628571942	
4048 FAHRENKAMP AVENUE	99709	-147.8275929055617	64.84597422752954	
4045 FAHRENKAMP AVENUE	99709	-147.82717819339868	64.84552009835866	
4044 FAHRENKAMP AVENUE	99709	-147.82714055976535	64.84599189888084	
4065 IRIS LANE	99709	-147.82744610032086	64.8476958931201	
438 SPRUCEWOOD ROAD	99709	-147.81959773790462	64.84230838622129	
3850 BIRCH LANE	99709	-147.81801113466778	64.8435064183244	
568 LONG SPUR LOOP	99709	-147.81570697888262	64.8459946910132	
563 LONG SPUR LOOP	99709	-147.8150285198041	64.84588423440397	
549 LONG SPUR LOOP	99709	-147.81503825531476	64.84536112820268	
544 LONG SPUR LOOP	99709	-147.81569391699384	64.84524542431272	
541 LONG SPUR LOOP	99709	-147.8150113982063	64.84515822825385	
538 LONG SPUR LOOP	99709	-147.81584469760767	64.84498725637751	
533 LONG SPUR LOOP	99709	-147.8150178766571	64.84483705975609	
522 LONG SPUR LOOP	99709	-147.81578839592012	64.84423288339372	
515 LONG SPUR LOOP	99709	-147.81498431743125	64.84408771308347	
512 LONG SPUR LOOP	99709	-147.81575032610064	64.84407907445608	
540 LEE DRIVE	99709	-147.8179031081849	64.84596792311875	
532 LEE DRIVE	99709	-147.81739294488818	64.84599993867289	
1166 HAYES AVENUE	99709	-147.80598358325523	64.85412306844312	
3694 SANDVIK STREET	99709	-147.81183307047414	64.8516539061327	
915 GRAHAM LANE	99709	-147.80835577640636	64.85137022871842	
905 GRAHAM LANE	99709	-147.80838945569926	64.85127157858543	
910 MAPLEWOOD LANE	99709	-147.80772728037695	64.85135750366459	
4007 FAHRENKAMP AVENUE	99709	-147.82342939104416	64.84547027518816	
4009 FAHRENKAMP AVENUE	99709	-147.82383377082	64.84561984727125	
4034 YVONNE AVENUE	99709	-147.82607307045402	64.84696304074873	
4016 JENNIE LANE	99709	-147.82201560437124	64.84734080257931	
478 SPRUCEWOOD ROAD	99709	-147.8194468290449	64.84173926601177	
520 WILCOX AVENUE	99709	-147.81748646087408	64.84448992991713	
3350 WOLF RUN	99709	-147.81142184831543	64.84880265178822	
3380 WOLF RUN	99709	-147.81025395085652	64.84884116803768	
3400 WOLF RUN	99709	-147.8097828006717	64.84871024021581	
548 SPRUCEWOOD ROAD	99709	-147.81930824802623	64.84558119716787	
515 WILCOX AVENUE	99709	-147.81640560586038	64.84427768840564	
1162 HAYES AVENUE	99709	-147.80602415332496	64.85396677720352	
601 HALVORSON ROAD	99709	-147.81057709061378	64.84607363554467	
525 HALVORSON ROAD	99709	-147.8105519471973	64.8446518464996	
505 HALVORSON ROAD	99709	-147.81019162202205	64.84417113642729	
485 HALVORSON ROAD	99709	-147.81012275167348	64.84339368697673	
4020 FAHRENKAMP AVENUE	99709	-147.82499261244476	64.84603590794525	
3510 SANDVIK STREET	99709	-147.80776760204134	64.85206314977177	
560 HALVORSON ROAD	99709	-147.81179235340795	64.84538502216783	
3883 GEIST ROAD	99709	-147.81867901827243	64.84881820989733	
907 UNIVERSITY AVENUE	99709	-147.8120328130036	64.85056303411758	
3585 TROTHNO LANE	99709	-147.81021770472532	64.84988420246324	
3645 SANDVIK STREET	99709	-147.81005300137625	64.85138739155485	
3681 SANDVIK STREET	99709	-147.81102494027456	64.85127104995347	
925 UNIVERSITY AVENUE	99709	-147.8120921941564	64.85135248685226	
2010 SANDVIK STREET	99709	-147.8109947308355	64.85173245888063	
2008 SANDVIK STREET	99709	-147.81040733844713	64.85203309718675	
2006 SANDVIK STREET	99709	-147.80980948127473	64.8520130275811	
2004 SANDVIK STREET	99709	-147.8090026522017	64.85183026188182	
1230 HAYES AVENUE	99709	-147.80585036071216	64.85482601387602	
1161 HESS AVENUE	99709	-147.80725796497094	64.85404454807745	
1151 HESS AVENUE	99709	-147.80690721242746	64.85395788074385	
3490 CAMERON STREET	99709	-147.8072297878689	64.85372794967377	
3488 CAMERON STREET	99709	-147.80699506179997	64.85373294818791	
3486 CAMERON STREET	99709	-147.80682423341517	64.85372887080538	
1045 UNIVERSITY AVENUE	99709	-147.8120492591979	64.85190336185211	
2012 SANDVIK STREET	99709	-147.81102431183825	64.85194280421332	
2019 SANDVIK STREET	99709	-147.81101713119386	64.85183612291404	
2002 SANDVIK STREET	99709	-147.80834280593766	64.85183829059103	
3490 SANDVIK STREET	99709	-147.8071173588679	64.85177742129764	
3400 SANDVIK STREET	99709	-147.80513494742678	64.8515906004991	
3627 TROTHNO LANE	99709	-147.81110377565986	64.85013289984147	
3617 TROTHNO LANE	99709	-147.81096183990553	64.85008892370244	
890 MAPLEWOOD LANE	99709	-147.8079728691608	64.85130425957874	
935 YOKUM STREET	99709	-147.80905822221155	64.85141552763726	
901 YOKUM STREET	99709	-147.8089360797577	64.85074221102495	
920 YOKUM STREET	99709	-147.8100440043667	64.85076849697498	
517 LONG SPUR LOOP	99709	-147.81502211167748	64.8443188042283	
789 WILCOX AVENUE	99709	-147.81622758864597	64.84846116742101	
760 WILCOX AVENUE	99709	-147.8173815712822	64.84783576648269	
3821 JENNIE LANE	99709	-147.81749395611607	64.84627909134238	
1159 HESS AVENUE	99709	-147.80725809222815	64.8540018335377	
1157 HESS AVENUE	99709	-147.80726379794356	64.85395682318105	
1155 HESS AVENUE	99709	-147.80690741736967	64.85404294440785	
1153 HESS AVENUE	99709	-147.8069051465581	64.85400314386965	
3482 CAMERON STREET	99709	-147.80691260099408	64.85374666140989	
3480 CAMERON STREET	99709	-147.80680450129964	64.85375687877233	
1166 HESS AVENUE	99709	-147.8083786571917	64.85417792956008	
3677 CAMERON STREET	99709	-147.81066481145638	64.85287285105849	
3594 GOLDIZEN AVENUE	99709	-147.81143349479657	64.84359274409317	
3360 WOLF RUN	99709	-147.81079120963963	64.84888084187483	
538 WILCOX AVENUE	99709	-147.81751571132827	64.84496611150301	
478 WILCOX AVENUE	99709	-147.8174915519878	64.84277139733629	
4022 DUNLAP AVENUE	99709	-147.82433338223515	64.8450504491619	
590 DONHAM DRIVE	99709	-147.82285889206	64.84539109020821	
4035 YVONNE AVENUE	99709	-147.82664326110665	64.8465381104436	
4037 YVONNE AVENUE	99709	-147.82679569209358	64.84654102317057	
4045 YVONNE AVENUE	99709	-147.82698718117553	64.84653037380222	
4051 IRIS LANE	99709	-147.82685443226228	64.84766675293936	
3539 THOMAS STREET	99709	-147.8096860720002	64.85434617596546	
580 UNIVERSITY AVENUE	99709	-147.8146605603332	64.84629015436155	
703 GRADELLE AVENUE	99709	-147.82484273980288	64.84796635844552	
4015 YVONNE AVENUE	99709	-147.82461773215718	64.84662182000208	
495 LONG SPUR LOOP	99709	-147.81548632630526	64.84275560030756	
4064 TEAL AVENUE	99709	-147.82655409691003	64.84238429511919	
3395 SANDVIK STREET	99709	-147.8054042077075	64.85122199371851	
950 POPLAR DRIVE	99709	-147.82586921241037	64.84118176263605	
3800 GEIST ROAD	99709	-147.82540229560246	64.85113643369472	
3530 GERAGHTY AVENUE	99709	-147.81179954849364	64.84190945832158	
4011 WIDGEON WAY	99709	-147.82245949209567	64.84275923814597	
3574 PHILLIPS FIELD ROAD	99709	-147.806035906932	64.8484282014164	
4075 TEAL AVENUE	99709	-147.82723653540052	64.84128023321358	
4005 TEAL AVENUE	99709	-147.8214947795543	64.84151670405782	
4017 TEAL AVENUE	99709	-147.82233392035565	64.84158268812172	
4023 TEAL AVENUE	99709	-147.82299386823652	64.84164903344863	
3750 GEIST ROAD	99775	-147.8159753218417	64.85000637429884	
1055 UNIVERSITY AVENUE	99709	-147.81198421065872	64.85244814067318	
610 UNIVERSITY AVENUE	99709	-147.81415681761698	64.8473053160644	
515 WARD STREET	99709	-147.8142602816142	64.84424153821519	
625 WILCOX AVENUE	99709	-147.81612887541567	64.84705732001481	
643 WILCOX AVENUE	99709	-147.81632141848064	64.84730086431792	
665 WILCOX AVENUE	99709	-147.8163899296439	64.84746101229788	
785 WILCOX AVENUE	99709	-147.81623851530082	64.84838650555285	
590 UNIVERSITY AVENUE	99709	-147.81367875079425	64.84669932672446	
520 UNIVERSITY AVENUE	99709	-147.81328268292629	64.84460674000452	
763 WILCOX AVENUE	99709	-147.81625536511325	64.84784604705324	
1157 DEBORAH AVENUE	99709	-147.80955768016483	64.85394931746396	
1265 DEBORAH AVENUE	99709	-147.80985505054903	64.85528947199278	
4065 BIRCH LANE	99709	-147.82594475399713	64.84298363363726	
4045 MARSHA AVENUE	99709	-147.82608841747938	64.84404275632666	
4061 MALLARD WAY	99709	-147.82622182581045	64.84273284652942	
4057 MALLARD WAY	99709	-147.826252016538	64.84255858489308	
4081 STILLWATER COURT	99709	-147.82789333952596	64.84248759004548	
4079 STILLWATER COURT	99709	-147.8274154597767	64.84248421512113	
4081 TEAL AVENUE	99709	-147.82773908717243	64.84166797675283	
4049 FAHRENKAMP AVENUE	99709	-147.8275288951339	64.84559452717178	
3691 CAMERON STREET	99709	-147.81092255110585	64.85332247872053	
3667 CAMERON STREET	99709	-147.80954246575214	64.85333203858806	
4076 BIRCH LANE	99709	-147.82784354583916	64.84363124251998	
4049 DUNLAP AVENUE	99709	-147.82715456812895	64.84451035694222	
4045 DUNLAP AVENUE	99709	-147.82636058162936	64.8444101151045	
4053 FAHRENKAMP AVENUE	99709	-147.82795114394935	64.84562407009962	
3430 THOMAS STREET	99709	-147.80633375060307	64.85478185092755	
3425 THOMAS STREET	99709	-147.80623581549003	64.85444873220008	
3384 THOMAS STREET	99709	-147.8044244542358	64.85440714070603	
4048 YVONNE AVENUE	99709	-147.82754116285932	64.84702401299232	
4042 YVONNE AVENUE	99709	-147.8270343637789	64.84697011077746	
4033 YVONNE AVENUE	99709	-147.82636374107105	64.84653199209171	
4057 TEAL AVENUE	99709	-147.82614432248627	64.84163652034195	
4037 FAHRENKAMP AVENUE	99709	-147.82646568613126	64.84559916925112	
4036 FAHRENKAMP AVENUE	99709	-147.82633063234982	64.84596358053456	
900 POPLAR DRIVE	99709	-147.82669420349848	64.84131231899961	
4049 YVONNE AVENUE	99709	-147.82748280508835	64.8465573718091	
4070 BIRCH LANE	99709	-147.82733984005264	64.84353912560697	
4069 BIRCH LANE	99709	-147.82707890720314	64.8431289521635	
4064 BIRCH LANE	99709	-147.82683866846656	64.8434453714721	
4058 BIRCH LANE	99709	-147.82636835486147	64.84338894649784	
4072 TEAL AVENUE	99709	-147.82750519318856	64.84207511747721	
4066 TEAL AVENUE	99709	-147.82706001729355	64.84205319295793	
4060 TEAL AVENUE	99709	-147.82638547862663	64.84207178228736	
4077 STILLWATER COURT	99709	-147.82706442232347	64.84269577554059	
4073 STILLWATER COURT	99709	-147.8271049192937	64.84283661032404	
4080 DUNLAP AVENUE	99709	-147.82760612547702	64.84505942552305	
4062 DUNLAP AVENUE	99709	-147.82709183660197	64.84502896148828	
465 HALVORSON ROAD	99709	-147.81172110677483	64.84305622257783	
1131 HESS AVENUE	99709	-147.80724032560494	64.85383106645125	
3570 PHILLIPS FIELD ROAD	99709	-147.80580326458264	64.84843877510569	
3445 WOLF RUN	99709	-147.8091587074988	64.84890216798676	
3500 WOLF RUN	99709	-147.81035312640392	64.8483665204742	
575 HALVORSON ROAD	99709	-147.81065565401303	64.845697934133	
555 HALVORSON ROAD	99709	-147.8106029077111	64.84526180481397	
535 HALVORSON ROAD	99709	-147.81050188879172	64.84487989490616	
475 HALVORSON ROAD	99709	-147.810621522384	64.84315188000899	
660 WILCOX AVENUE	99709	-147.81818460468182	64.84705438063939	
660 WILCOX AVENUE	99709	-147.81767980358026	64.84705580379092	
660 WILCOX AVENUE	99709	-147.81780251913452	64.84705549076534	
660 WILCOX AVENUE	99709	-147.81729116839128	64.84700120019586	
660 WILCOX AVENUE	99709	-147.8187268879959	64.84698839475989	
660 WILCOX AVENUE	99709	-147.8187281862876	64.84704891998362	
660 REBECCA STREET	99709	-147.82231982196254	64.84776668727298	
660 REBECCA STREET	99709	-147.8221905583325	64.84776922075494	
600 UNIVERSITY AVENUE	99709	-147.81333127220108	64.84742384177363	
600 UNIVERSITY AVENUE	99709	-147.8136691944225	64.84726161339572	
660 WILCOX AVENUE	99709	-147.81739986897372	64.84699987163772	
660 WILCOX AVENUE	99709	-147.81754774844114	64.84700043840114	
660 WILCOX AVENUE	99709	-147.81767866567557	64.8469976509207	
660 WILCOX AVENUE	99709	-147.81859294324667	64.84698765874063	
660 WILCOX AVENUE	99709	-147.8184565315634	64.84699170137344	
660 WILCOX AVENUE	99709	-147.81832266689912	64.84699215128187	
660 WILCOX AVENUE	99709	-147.8181775727198	64.84699155123155	
660 WILCOX AVENUE	99709	-147.81741485881676	64.84705666804757	
660 WILCOX AVENUE	99709	-147.81779588843517	64.8469985921947	
660 WILCOX AVENUE	99709	-147.81755151119097	64.84705618488402	
660 WILCOX AVENUE	99709	-147.81860260331572	64.84704808169312	
660 WILCOX AVENUE	99709	-147.81846045640023	64.84704982017054	
660 WILCOX AVENUE	99709	-147.81832396428274	64.84705267651152	
600 UNIVERSITY AVENUE	99709	-147.81349538399562	64.84737597763736	
600 UNIVERSITY AVENUE	99709	-147.81332500721084	64.84726730789019	
660 REBECCA STREET	99709	-147.82206405355808	64.84781255637758	
600 UNIVERSITY AVENUE	99709	-147.81367999740442	64.84742200333146	
660 REBECCA STREET	99709	-147.82218898758737	64.84781197479046	
660 REBECCA STREET	99709	-147.82232500714335	64.84781030787823	
660 REBECCA STREET	99709	-147.82145592330448	64.84776302724453	
660 REBECCA STREET	99709	-147.82206090738248	64.84776606179636	
660 REBECCA STREET	99709	-147.82169948676295	64.84776764109007	
660 REBECCA STREET	99709	-147.82181773118836	64.8477671417685	
600 UNIVERSITY AVENUE	99709	-147.81349310104235	64.84729996874731	
600 UNIVERSITY AVENUE	99709	-147.81349310992385	64.84734221156778	
660 REBECCA STREET	99709	-147.82170715680599	64.84781502961265	
660 REBECCA STREET	99709	-147.8218231702887	64.84781455851792	
660 REBECCA STREET	99709	-147.82195479375463	64.84781389516837	
660 REBECCA STREET	99709	-147.8215653776102	64.84776453542102	
660 REBECCA STREET	99709	-147.82194266501543	64.84776656038883	
660 REBECCA STREET	99709	-147.82146647255678	64.8478162023064	
660 REBECCA STREET	99709	-147.82156961943073	64.84781470814944	
660 WILCOX AVENUE	99709	-147.81729597540192	64.84706118002092	
493 LONG SPUR LOOP	99709	-147.8163109014183	64.84353759159981	
515 HALVORSON ROAD	99709	-147.81052018551273	64.84444578979746	
621 GINKO ROAD	99709	-147.81552780391536	64.84664278070865	
705 GINKO ROAD	99709	-147.81546931137117	64.84806672015696	
1197 UNIVERSITY AVENUE	99709	-147.81120175101893	64.85426218377529	
680 WILCOX AVENUE	99709	-147.81772572242707	64.84748889781079	
604 WILCOX AVENUE	99709	-147.8174306761563	64.84677050788387	
579 WILCOX AVENUE	99709	-147.8165546834019	64.8464059931566	
573 WILCOX AVENUE	99709	-147.81653187130402	64.84619263419971	
546 WILCOX AVENUE	99709	-147.81756641511515	64.84526108232558	
543 WILCOX AVENUE	99709	-147.81651745126348	64.84525606638441	
785 REBECCA STREET	99709	-147.82075012026664	64.84825478370699	
3824 BIRCH LANE	99709	-147.81727914061165	64.84348086901174	
4041 FAHRENKAMP AVENUE	99709	-147.8267613666119	64.84550386837779	
575 LONG SPUR LOOP	99709	-147.81504327581692	64.84618847151688	
574 LONG SPUR LOOP	99709	-147.81580152632907	64.8461485702772	
3850 EVE AVENUE	99709	-147.81730419680505	64.84825861882669	
3850 EVE AVENUE	99709	-147.81731340401205	64.84842434299841	
3850 EVE AVENUE	99709	-147.81730796473653	64.84837305872911	
3850 EVE AVENUE	99709	-147.81730423237286	64.84820053328367	
3850 EVE AVENUE	99709	-147.81804264500732	64.84820834331393	
3850 EVE AVENUE	99709	-147.81804261103247	64.84826642885278	
3850 EVE AVENUE	99709	-147.8180421227314	64.84831778558205	
3850 EVE AVENUE	99709	-147.81804638210315	64.84838086872792	
3850 EVE AVENUE	99709	-147.8180518227863	64.84843215296634	
663 GINKO ROAD	99709	-147.81539335028975	64.84784502431255	
451 WILCOX AVENUE	99709	-147.81630868784325	64.84232876032885	
615 WILCOX AVENUE	99709	-147.81620781867997	64.84684029362286	
628 GINKO ROAD	99709	-147.81513336228568	64.84765971426863	
663 GINKO ROAD	99709	-147.81507178121257	64.84784717861669	
3850 EVE AVENUE	99709	-147.81730370709565	64.84830997555737	
565 DONHAM DRIVE	99709	-147.82203064991265	64.84517932706851	
3900 EVE AVENUE	99709	-147.8199148044426	64.84846033849112	
3420 THOMAS STREET	99709	-147.80686051895574	64.8548967222405	
447 RAMOLA STREET	99709	-147.82058531723519	64.84267933336743	
799 ALUMNI DRIVE	99775	-147.81466760426704	64.85366560976881	
605 WILCOX AVENUE	99709	-147.8164531928042	64.84670425472807	
477 HALVORSON ROAD	99709	-147.81053617746502	64.84318390363254	
3690 WIDENER LANE	99709	-147.81176485576782	64.8461473053189	
474 WILCOX AVENUE	99709	-147.817413929691	64.84248732680854	
474 WILCOX AVENUE	99709	-147.81762749402048	64.84248630514172	
3765 GEIST ROAD	99709	-147.81723846880365	64.84905012680329	
456 ETHEL STONEMAN BOULEVARD	99709	-147.8054818944996	64.84515302598317	
460 ETHEL STONEMAN BOULEVARD	99709	-147.8060346735033	64.84615749062982	
470 ETHEL STONEMAN BOULEVARD	99709	-147.80501851361612	64.8473875921521	
474 ETHEL STONEMAN BOULEVARD	99709	-147.80654955373538	64.84735812608457	
480 ETHEL STONEMAN BOULEVARD	99709	-147.8050436175112	64.84795267711665	
710 GRADELLE AVENUE	99709	-147.82555010498626	64.84817027855176	
4004 FAHRENKAMP AVENUE	99709	-147.823073792622	64.84595659015383	
4075 YVONNE AVENUE	99709	-147.8279975800952	64.84664335587304	
791 ALUMNI DRIVE	99775	-147.81366188104673	64.85433669292321	
1000 UNIVERSITY AVENUE	99775	-147.8147068963633	64.85177734374709	
1790 TANANA LOOP	99775	-147.81855787930667	64.85533931755552	
1857 TANANA LOOP	99775	-147.82550147771752	64.85444181559251	
875 ALUMNI DRIVE	99775	-147.822919782384	64.8538632860426	
825 ALUMNI DRIVE	99775	-147.81708035527407	64.85419352263955	
875 ALUMNI DRIVE	99775	-147.82263395392457	64.85388552972104	
875 ALUMNI DRIVE	99775	-147.8235549603449	64.85425633294321	
803 ALUMNI DRIVE	99775	-147.81584574546585	64.85467343638751	
1859 TANANA LOOP	99775	-147.82645006104613	64.85419089196907	
875 ALUMNI DRIVE	99775	-147.8230125046365	64.85434139084826	
795 ALUMNI DRIVE	99775	-147.81384204707948	64.85422275398793	
875 ALUMNI DRIVE	99775	-147.8213293246143	64.85428445001445	
875 ALUMNI DRIVE	99775	-147.8210774246573	64.85399439097343	
865 ALUMNI DRIVE	99775	-147.81994943374326	64.85385583250314	
3728 SANDVIK ST STREET	99775	-147.81565461556605	64.85181131653677	
1040 UNIVERSITY AVENUE	99775	-147.81522507393	64.8524585312657	
541 DONHAM DRIVE	99709	-147.82174891378554	64.84434437419701	
4049 MARSHA AVENUE	99709	-147.82698898285506	64.84403369739802	
1167 HAYES AVENUE	99709	-147.80503708939602	64.85424061850706	
1167 HAYES AVENUE	99709	-147.80497652618047	64.85424135353793	
1167 HAYES AVENUE	99709	-147.80491069860997	64.85424215243209	
691 GRADELLE AVENUE	99709	-147.82407374304782	64.84740860566481	
3415 TROTHNO LANE	99709	-147.80622584523758	64.85014036277894	
598 LONG SPUR LOOP	99709	-147.8163084586528	64.84640239146297	
359 COAL LANE	99709	-147.8036057487786	64.85478036249508	
351 COAL LANE	99709	-147.8038004596605	64.85502111247976	
347 COAL LANE	99709	-147.80384900090735	64.85514587910285	
355 COAL LANE	99709	-147.80375746353948	64.85489580481166	
341 COAL LANE	99709	-147.8039094010999	64.85523109015088	
275 DREDGE LANE	99709	-147.80381335058746	64.85410476220727	
369 COAL LANE	99709	-147.8034060830602	64.85451861784126	
373 COAL LANE	99709	-147.8032247189405	64.85443534707214	
377 COAL LANE	99709	-147.80323381805113	64.85432127817194	
381 COAL LANE	99709	-147.8032352698993	64.85421798538219	
317 DREDGE LANE	99709	-147.80388357228068	64.85279181073038	
321 DREDGE LANE	99709	-147.80340451705587	64.85278764974922	
313 DREDGE LANE	99709	-147.80382180026515	64.85296919674508	
309 DREDGE LANE	99709	-147.8037652008448	64.85307387002223	
305 DREDGE LANE	99709	-147.80374826053122	64.85322079765012	
301 DREDGE LANE	99709	-147.80388167271474	64.85336305270766	
295 DREDGE LANE	99709	-147.8038464806912	64.85348741000186	
291 DREDGE LANE	99709	-147.80383967972716	64.8535857822437	
290 DREDGE LANE	99709	-147.80323787602316	64.85359877821142	
287 DREDGE LANE	99709	-147.8038415725036	64.85371396272471	
286 DREDGE LANE	99709	-147.8031985639517	64.85376164584646	
283 DREDGE LANE	99709	-147.80379930738434	64.85383270785458	
279 DREDGE LANE	99709	-147.80389018398296	64.85398972274317	
271 DREDGE LANE	99709	-147.80401449109695	64.85434576143977	
773 WILCOX AVENUE	99709	-147.81661559449321	64.84806321557524	
3535 THOMAS STREET	99709	-147.80892775035835	64.85443369639748	
935 YOKUM STREET	99709	-147.8090537843835	64.85136847175103	
935 YOKUM STREET	99709	-147.80905069305607	64.8513224663907	
935 YOKUM STREET	99709	-147.80905049651716	64.8512692311534	
910 YOKUM STREET	99709	-147.80948151544104	64.85056570468379	
910 YOKUM STREET	99709	-147.80929549047806	64.85056949265483	
620 HALVORSON ROAD	99709	-147.81159005574196	64.84652215832077	
625 HALVORSON ROAD	99709	-147.81043638357872	64.84663614906795	
635 HALVORSON ROAD	99709	-147.80983891965974	64.84769274206138	
580 HALVORSON ROAD	99709	-147.8119817443899	64.8457586588736	
570 HALVORSON ROAD	99709	-147.8115631702714	64.8457034578701	
464 SPRUCEWOOD ROAD	99709	-147.819529429346	64.84262828252679	
1213 HESS AVENUE	99709	-147.80713253401723	64.85477885470794	
1213 HESS AVENUE	99709	-147.8073446776482	64.85478007518795	
1213 HESS AVENUE	99709	-147.80745403029354	64.8547796956374	
1215 HESS AVENUE	99709	-147.8073713272032	64.85498294245536	
1215 HESS AVENUE	99709	-147.80719732274144	64.85498458221826	
1215 HESS AVENUE	99709	-147.80708258396345	64.85498787598341	
3667 CAMERON STREET	99709	-147.80953296845726	64.85329036893654	
3667 CAMERON STREET	99709	-147.8095267205959	64.85323061656274	
3667 CAMERON STREET	99709	-147.8095263350743	64.85319168501537	
700 GRADELLE AVENUE	99709	-147.8255368512682	64.84807210941894	
700 GRADELLE AVENUE	99709	-147.8255608602649	64.84810529005786	
710 GRADELLE AVENUE	99709	-147.8255652209545	64.84819573387416	
1249 HAYES AVENUE	99709	-147.80490106208035	64.8552619066756	
1249 HAYES AVENUE	99709	-147.80480211724156	64.85526802196743	
1249 HAYES AVENUE	99709	-147.80472835350398	64.85526654277338	
615 GINKO ROAD	99709	-147.81533069798917	64.8469222094328	
615 GINKO ROAD	99709	-147.8153284910514	64.84688947266734	
615 GINKO ROAD	99709	-147.81532456336075	64.84685604533801	
1115 HAYES AVENUE	99709	-147.80484007639197	64.85342136313379	
1115 HAYES AVENUE	99709	-147.80468612265602	64.85342228204276	
1115 HAYES AVENUE	99709	-147.80453235972755	64.85342604744311	
1115 HAYES AVENUE	99709	-147.80436929467774	64.85342422761133	
1215 HAYES AVENUE	99709	-147.80496969329835	64.85479513370375	
1215 HAYES AVENUE	99709	-147.80468316503476	64.85479148791259	
1215 HAYES AVENUE	99709	-147.80467952738246	64.85483711550431	
1215 HAYES AVENUE	99709	-147.80449868560618	64.85473674700009	
1215 HAYES AVENUE	99709	-147.80431472415916	64.85473969135526	
775 GRADELLE AVENUE	99709	-147.8248419493922	64.84878858885101	
775 GRADELLE AVENUE	99709	-147.82484126870554	64.84871868168959	
775 GRADELLE AVENUE	99709	-147.82483440930412	64.84867733485058	
655 JENNIE LANE	99709	-147.82310508514087	64.84773499463465	
655 JENNIE LANE	99709	-147.8231312050446	64.84779117943796	
655 JENNIE LANE	99709	-147.82308769871435	64.84769247300223	
655 JENNIE LANE	99709	-147.82286341131646	64.84780775814066	
655 JENNIE LANE	99709	-147.82284535282528	64.84775527282108	
655 JENNIE LANE	99709	-147.82288181563337	64.8478488423757	
655 JENNIE LANE	99709	-147.8228265973748	64.84770896869794	
1136 HAYES AVENUE	99709	-147.80627044604046	64.85376268670669	
1136 HAYES AVENUE	99709	-147.80617856528474	64.85376558286222	
1136 HAYES AVENUE	99709	-147.80608222283277	64.85376437858632	
1136 HAYES AVENUE	99709	-147.80600272823145	64.85376475082333	
1136 HAYES AVENUE	99709	-147.80591056895346	64.85376349563809	
3445 WOLF RUN	99709	-147.808316610601	64.84894944752614	
3445 WOLF RUN	99709	-147.80910928365554	64.84856516562456	
3445 WOLF RUN	99709	-147.80780900193733	64.84886801391858	
3445 WOLF RUN	99709	-147.80812007315288	64.84871466035291	
3445 WOLF RUN	99709	-147.80847285612984	64.84855937477366	
3461 SANDVIK STREET	99709	-147.80601997223252	64.85124051111455	
1877 TANANA LOOP	99775	-147.82797021728598	64.85476205033274	
1600 INDIANA AVENUE	99709	-147.81168730723653	64.84716318723584	
632 HALVORSON ROAD	99709	-147.81190194906245	64.84770750339456	
3641 GOLDIZEN AVENUE	99709	-147.813436623021	64.84322670268627	
3644 GOLDIZEN AVENUE	99709	-147.81333617161593	64.84398444333875	
3643 GOLDIZEN AVENUE	99709	-147.81367281876058	64.84300658670892	
518 WARD STREET	99709	-147.81325679732373	64.8442819375102	
509 WARD STREET	99709	-147.8143603479915	64.84507215708018	
562 UNIVERSITY AVENUE	99709	-147.81385956434184	64.84546282541277	
554 HALVORSON ROAD	99709	-147.8119606618484	64.84519185196586	
554 HALVORSON ROAD	99709	-147.81169541799548	64.84518796125603	
554 HALVORSON ROAD	99709	-147.81145278868047	64.845188543151	
562 UNIVERSITY AVENUE	99709	-147.81384996546518	64.84555221109267	
3475 SANDVIK STREET	99709	-147.80672093947462	64.85136316850463	
3475 SANDVIK STREET	99709	-147.80676042840338	64.85134879923378	
3475 SANDVIK STREET	99709	-147.80680766879567	64.8513335057594	
3475 SANDVIK STREET	99709	-147.8068503845392	64.85131731788688	
3475 SANDVIK STREET	99709	-147.80691155340605	64.85129758214124	
3475 SANDVIK STREET	99709	-147.80697428425393	64.85128031922875	
3475 SANDVIK STREET	99709	-147.8070416028647	64.8512607455936	
3475 SANDVIK STREET	99709	-147.80710363985185	64.85124147389611	
3475 SANDVIK STREET	99709	-147.8071698037279	64.85122132021176	
3475 SANDVIK STREET	99709	-147.80724400294258	64.8512003572766	
3475 SANDVIK STREET	99709	-147.80731506223813	64.85117836286597	
3475 SANDVIK STREET	99709	-147.80738219724836	64.85115606167595	
3475 SANDVIK STREET	99709	-147.80761343702613	64.85109306558611	
3475 SANDVIK STREET	99709	-147.8076529250811	64.85107869608014	
3475 SANDVIK STREET	99709	-147.80770016449065	64.8510634023244	
3475 SANDVIK STREET	99709	-147.8077428792678	64.85104721419758	
3475 SANDVIK STREET	99709	-147.80780404686442	64.85102747808759	
3475 SANDVIK STREET	99709	-147.80786677650778	64.85101021480129	
3475 SANDVIK STREET	99709	-147.80793409379146	64.85099064076508	
3475 SANDVIK STREET	99709	-147.80799612951495	64.85097136869805	
3475 SANDVIK STREET	99709	-147.8080622920564	64.85095121461954	
3475 SANDVIK STREET	99709	-147.80813648982848	64.85093025124226	
3475 SANDVIK STREET	99709	-147.8082075476792	64.85090825640833	
3475 SANDVIK STREET	99709	-147.80827468127413	64.85088595481845	
2745 HANSON ROAD	99709	-147.78285796474958	64.85217857711847	
910 DEERE STREET	99709	-147.77929774817963	64.85269896440823	
2925 HORNER COURT	99709	-147.7897650889242	64.84820363236528	
2955 HORNER COURT	99709	-147.79042081175888	64.84818479496631	
2700 HORNER COURT	99709	-147.785556042977	64.8474098856702	
2755 HORNER COURT	99709	-147.78657221350772	64.84808996403402	
2800 HORNER COURT	99709	-147.7866815149442	64.84754552330496	
2825 HORNER COURT	99709	-147.7886206910881	64.84800465312907	
2850 HORNER COURT	99709	-147.7884619672113	64.84752323373209	
986 COPPET STREET	99709	-147.7939880862059	64.84346551203164	
979 COPPET STREET	99709	-147.79309705055053	64.8436940952765	
976 COPPET STREET	99709	-147.79394300926768	64.84378013324056	
969 COPPET STREET	99709	-147.79310690929387	64.84398014007799	
966 COPPET STREET	99709	-147.79388532395745	64.8441070112479	
1005 COPPET STREET	99709	-147.7930747106645	64.84286780790276	
936 COPPET STREET	99709	-147.7939156333735	64.84507757690841	
929 COPPET STREET	99709	-147.7931136261444	64.84531478634975	
1090 COPPET STREET	99709	-147.7933084965415	64.84177579582158	
1087 COPPET STREET	99709	-147.79211797661742	64.8417223453051	
3081 RIVERVIEW DRIVE	99709	-147.79286108816206	64.84570847080536	
3026 RIVERVIEW DRIVE	99709	-147.79034754325917	64.84392224051516	
3020 RIVERVIEW DRIVE	99709	-147.79071411994832	64.84331962865436	
2592 RIVERVIEW DRIVE	99709	-147.7833098326577	64.84165032911291	
2706 CHIEF ALEXANDER DRIVE	99709	-147.78806550965157	64.84229011025283	
2713 CHIEF ALEXANDER DRIVE	99709	-147.78811260605463	64.84165912735146	
2711 CHIEF ALEXANDER DRIVE	99709	-147.78745393531705	64.84169266787359	
101 CHIEF EVAN DRIVE	99709	-147.78572492934387	64.84285889879656	
2622 CHIEF ALEXANDER DRIVE	99709	-147.7853045363241	64.84298003839332	
2620 CHIEF ALEXANDER DRIVE	99709	-147.78511380679552	64.84316638957901	
2617 CHIEF ALEXANDER DRIVE	99709	-147.78499243750613	64.8425386603498	
2610 CHIEF ALEXANDER DRIVE	99709	-147.78356957973494	64.84369207034241	
2609 CHIEF ALEXANDER DRIVE	99709	-147.78387439909253	64.84309521287024	
113 CHIEF CHARLIE DRIVE	99709	-147.7815534760097	64.84482846071045	
111 CHIEF CHARLIE DRIVE	99709	-147.7815676252506	64.84460778362863	
109 CHIEF CHARLIE DRIVE	99709	-147.78158908989383	64.84441266119323	
105 CHIEF CHARLIE DRIVE	99709	-147.78150866166342	64.84407540875267	
937 WOOD WAY	99709	-147.79099306685274	64.8448348464909	
3007 RIVERVIEW DRIVE	99709	-147.7911125816806	64.84125162087882	
965 COPPET STREET	99709	-147.7930867306244	64.84406472335617	
930 COPPET STREET	99709	-147.7939058734365	64.84526017425888	
3122 RIVERVIEW DRIVE	99709	-147.79428284941142	64.8460018884813	
3154 RIVERVIEW DRIVE	99709	-147.79469091608	64.8458210855272	
900 PARK DRIVE	99709	-147.79622961407557	64.84253149603384	
2747 PHILLIPS FIELD ROAD	99709	-147.78628059089934	64.84881997478671	
2755 PHILLIPS FIELD ROAD	99709	-147.78720418475984	64.8487141637854	
2760 PHILLIPS FIELD ROAD	99709	-147.78854479454142	64.84863915140387	
2770 PHILLIPS FIELD ROAD	99709	-147.78973039646706	64.84878230932505	
2525 PHILLIPS FIELD ROAD	99709	-147.78046689329952	64.84623683382024	
2584 RIVERVIEW DRIVE	99709	-147.78269376082045	64.84195400555569	
2504 TALKEETNA AVENUE	99709	-147.78023041710546	64.84124131053782	
2717 CHIEF ALEXANDER DRIVE	99709	-147.78893924467673	64.8419601477675	
2715 CHIEF ALEXANDER DRIVE	99709	-147.78857390512135	64.8417415317189	
2703 CHIEF ALEXANDER DRIVE	99709	-147.78632970454987	64.84196935417265	
2702 CHIEF ALEXANDER DRIVE	99709	-147.78676848616507	64.8423215034012	
2701 CHIEF ALEXANDER DRIVE	99709	-147.78587811284635	64.84216541154592	
2616 CHIEF ALEXANDER DRIVE	99709	-147.78484007573496	64.84333037014909	
2613 CHIEF ALEXANDER DRIVE	99709	-147.78453389441356	64.84282131973583	
2614 CHIEF ALEXANDER DRIVE	99709	-147.78448762521253	64.84345334860625	
2612 CHIEF ALEXANDER DRIVE	99709	-147.78401143380947	64.84353756052889	
2606 CHIEF ALEXANDER DRIVE	99709	-147.78280973888698	64.84378657653525	
2601 CHIEF ALEXANDER DRIVE	99709	-147.7814860938745	64.84338516899531	
117 CHIEF CHARLIE DRIVE	99709	-147.7815361468137	64.84518716896332	
115 CHIEF CHARLIE DRIVE	99709	-147.78142856253555	64.84498846556032	
103 CHIEF CHARLIE DRIVE	99709	-147.78155035602808	64.84380306762152	
104 CHIEF EVAN DRIVE	99709	-147.78657347790366	64.84306374169016	
907 PARK DRIVE	99709	-147.795306716031	64.84295387437633	
909 PARK DRIVE	99709	-147.79494585704833	64.84271231186123	
3180 KISKA DRIVE	99709	-147.79507248347113	64.8423917829371	
3172 RIVERVIEW DRIVE	99709	-147.7950794839778	64.84577460901912	
956 COPPET STREET	99709	-147.79395974976913	64.84435511314817	
2596 RIVERVIEW DRIVE	99709	-147.7836265942994	64.84145736077419	
2563 RIVERVIEW DRIVE	99709	-147.78185711165523	64.8416812007028	
2545 RIVERVIEW DRIVE	99709	-147.7812992069818	64.84172716583508	
2544 RIVERVIEW DRIVE	99709	-147.78169768025725	64.8420852239836	
2534 RIVERVIEW DRIVE	99709	-147.78129477357223	64.842090432326	
3035 RIVERVIEW DRIVE	99709	-147.78990557271845	64.84502078158295	
3034 RIVERVIEW DRIVE	99709	-147.78926375959688	64.84496081892448	
3033 RIVERVIEW DRIVE	99709	-147.79014782770844	64.84480340024562	
3032 RIVERVIEW DRIVE	99709	-147.78955519538894	64.84466824362734	
3190 RIVERVIEW DRIVE	99709	-147.79586437100042	64.84558917851317	
3185 RIVERVIEW DRIVE	99709	-147.7954896744483	64.84530585284348	
2940 PHILLIPS FIELD ROAD	99709	-147.7928224811396	64.84872948260542	
1102 PARK DRIVE	99709	-147.79660935751198	64.84126139952161	
2815 HORNER COURT	99709	-147.7877299495091	64.84818528607984	
2600 RIVERVIEW DRIVE	99709	-147.7841343764422	64.84124206169564	
2502 TALKEETNA AVENUE	99709	-147.77968203370116	64.84121999770288	
919 COMMERCE STREET	99709	-147.78325131748807	64.85349659791713	
935 COMMERCE STREET	99709	-147.78264264944784	64.85391653506707	
2825 CHIEF WILLIAM DRIVE	99709	-147.78555166759537	64.84558571047475	
2827 CHIEF WILLIAM DRIVE	99709	-147.78482803783635	64.84573727135427	
2829 CHIEF WILLIAM DRIVE	99709	-147.78502422304192	64.84612984702756	
2831 CHIEF WILLIAM DRIVE	99709	-147.78547074114283	64.84577203360274	
2833 CHIEF WILLIAM DRIVE	99709	-147.78521703695293	64.84654081736443	
2835 CHIEF WILLIAM DRIVE	99709	-147.78639899273145	64.84658336855603	
3091 SPAFFORD LANE	99709	-147.79328058042296	64.85449053721057	
2555 PHILLIPS FIELD ROAD	99709	-147.78394692889734	64.84679373595061	
2835 CHIEF WILLIAM DRIVE	99709	-147.78617293008773	64.84657190865717	
2835 CHIEF WILLIAM DRIVE	99709	-147.78594213189345	64.84655758725256	
2825 CHIEF WILLIAM DRIVE	99709	-147.78578322784577	64.8455747066314	
2825 CHIEF WILLIAM DRIVE	99709	-147.7860233394016	64.84556137618125	
2831 CHIEF WILLIAM DRIVE	99709	-147.78558898082858	64.84585908640138	
2831 CHIEF WILLIAM DRIVE	99709	-147.78563595536838	64.84594494013018	
3091 SPAFFORD LANE	99709	-147.79329291589997	64.85444942813533	
380 PEGER ROAD	99709	-147.78626893971844	64.85001718131882	
3365 SANDVIK STREET	99709	-147.80307000358778	64.85096372809821	
3374 SANDVIK STREET	99709	-147.80277655680604	64.85152766687656	
2660 PHILLIPS FIELD ROAD	99709	-147.78014132177412	64.84720818402832	
1103 PARK DRIVE	99709	-147.79505614724218	64.8412488174422	
2591 CHIEF WILLIAM DRIVE	99709	-147.78349104134477	64.84558536462173	
2589 CHIEF WILLIAM DRIVE	99709	-147.78233837246074	64.84572225624258	
2485 CHIEF WILLIAM DRIVE	99709	-147.78175456296776	64.84569604754154	
2475 CHIEF WILLIAM DRIVE	99709	-147.78143568447865	64.8457078723255	
2455 CHIEF WILLIAM DRIVE	99709	-147.780737799338	64.84570150903662	
2626 PHILLIPS FIELD ROAD	99709	-147.7841148970847	64.84750733869421	
2755 HORNER COURT	99709	-147.78474003204425	64.84825732322712	
2593 CHIEF WILLIAM DRIVE	99709	-147.7835402884505	64.8457034758771	
2465 CHIEF WILLIAM DRIVE	99709	-147.78109633644723	64.84569989401956	
1086 PARK DRIVE	99709	-147.79617260559925	64.84201905493897	
2595 CHIEF WILLIAM DRIVE	99709	-147.7842526131326	64.84556303194243	
280 PEGER ROAD	99709	-147.79390664364306	64.85021859728691	
3042 RIVERVIEW DRIVE	99709	-147.78905515022493	64.84569424320706	
3044 RIVERVIEW DRIVE	99709	-147.78946267857438	64.84598782426718	
3048 RIVERVIEW DRIVE	99709	-147.7900048824232	64.84618770935168	
3050 RIVERVIEW DRIVE	99709	-147.79027964321193	64.84634857205616	
400 PEGER ROAD	99709	-147.7814290867431	64.85030641687143	
2824 CHIEF ALEXANDER DRIVE	99709	-147.78513180965527	64.84508617190684	
2822 CHIEF ALEXANDER DRIVE	99709	-147.78525037740718	64.84485935736409	
2808 CHIEF ALEXANDER DRIVE	99709	-147.78739683186615	64.84330760696554	
2802 CHIEF ALEXANDER DRIVE	99709	-147.7881301106564	64.84257335646933	
2704 CHIEF ALEXANDER DRIVE	99709	-147.78735792547698	64.84217375991476	
2827 CHIEF ALEXANDER DRIVE	99709	-147.78702766686015	64.84438702459943	
2821 CHIEF ALEXANDER DRIVE	99709	-147.78766760731418	64.8439335761027	
127 CHIEF EVAN DRIVE	99709	-147.78311451691908	64.84518974468912	
125 CHIEF EVAN DRIVE	99709	-147.78319845410476	64.84498677053874	
123 CHIEF EVAN DRIVE	99709	-147.78325387579892	64.84479690789591	
117 CHIEF EVAN DRIVE	99709	-147.78341899035692	64.84425579793167	
116 CHIEF EVAN DRIVE	99709	-147.78408493265846	64.8445780192496	
102 CHIEF EVAN DRIVE	99709	-147.78667538100729	64.84274693402074	
100 CHIEF EVAN DRIVE	99709	-147.78659531208964	64.84252524724718	
114 CHIEF CHARLIE DRIVE	99709	-147.78245129836438	64.84516309041634	
104 CHIEF CHARLIE DRIVE	99709	-147.78244654194634	64.8441205637805	
115 CHIEF EVAN DRIVE	99709	-147.783677344093	64.84406109601764	
114 CHIEF EVAN DRIVE	99709	-147.78436283447925	64.8442751104365	
2807 CHIEF ALEXANDER DRIVE	99709	-147.78894220628584	64.84274777668521	
2806 CHIEF ALEXANDER DRIVE	99709	-147.78768802633869	64.84306119392181	
2511 RIVERVIEW DRIVE	99709	-147.77981788804746	64.8416236655203	
2501 RIVERVIEW DRIVE	99709	-147.77924733897626	64.84161317585959	
2803 CHIEF ALEXANDER DRIVE	99709	-147.7890530885849	64.84251367524786	
121 CHIEF EVAN DRIVE	99709	-147.78326568193694	64.84458314903983	
120 CHIEF EVAN DRIVE	99709	-147.78407236702992	64.84513966057634	
119 CHIEF EVAN DRIVE	99709	-147.7833015231441	64.84439355709198	
118 CHIEF EVAN DRIVE	99709	-147.78409848930102	64.84479430490317	
112 CHIEF EVAN DRIVE	99709	-147.7847709187732	64.84412805473684	
110 CHIEF EVAN DRIVE	99709	-147.78505979863434	64.84382972087747	
108 CHIEF EVAN DRIVE	99709	-147.78571605636515	64.84355352127265	
106 CHIEF EVAN DRIVE	99709	-147.78619675913419	64.8433331927033	
112 CHIEF CHARLIE DRIVE	99709	-147.78246080090767	64.84503159203611	
110 CHIEF CHARLIE DRIVE	99709	-147.7823775661289	64.84470313132563	
107 CHIEF CHARLIE DRIVE	99709	-147.7815360575337	64.84421421406306	
106 CHIEF CHARLIE DRIVE	99709	-147.78236018467553	64.84440820043196	
2816 CHIEF ALEXANDER DRIVE	99709	-147.78599667750626	64.84417673316845	
2814 CHIEF ALEXANDER DRIVE	99709	-147.7862816603103	64.84399136169606	
2812 CHIEF ALEXANDER DRIVE	99709	-147.78654416557234	64.84380190419768	
2819 CHIEF ALEXANDER DRIVE	99709	-147.78782988581497	64.84377898559161	
2817 CHIEF ALEXANDER DRIVE	99709	-147.78799949524392	64.84362274540645	
2815 CHIEF ALEXANDER DRIVE	99709	-147.78824611151694	64.84346367114277	
2813 CHIEF ALEXANDER DRIVE	99709	-147.78853431456022	64.84325646436062	
2804 CHIEF ALEXANDER DRIVE	99709	-147.78798176838464	64.84282516197663	
2801 CHIEF ALEXANDER DRIVE	99709	-147.78911116798443	64.84227879228297	
2810 CHIEF ALEXANDER DRIVE	99709	-147.78707900594705	64.84352960968411	
3030 RIVERVIEW DRIVE	99709	-147.78986566887258	64.8443736887597	
3028 RIVERVIEW DRIVE	99709	-147.79008502341932	64.8441858300127	
2591 RIVERVIEW DRIVE	99709	-147.78283758401014	64.84138371694186	
3043 RIVERVIEW DRIVE	99709	-147.78980100074136	64.84559135477808	
3037 RIVERVIEW DRIVE	99709	-147.7896445290011	64.8452575345012	
3036 RIVERVIEW DRIVE	99709	-147.7890690135732	64.84514716078631	
2588 RIVERVIEW DRIVE	99709	-147.7830174325441	64.8417924072357	
2577 RIVERVIEW DRIVE	99709	-147.7824427188891	64.84152930181197	
2564 RIVERVIEW DRIVE	99709	-147.78224900765534	64.84213247577598	
2524 RIVERVIEW DRIVE	99709	-147.78078239133305	64.84207841973219	
2523 RIVERVIEW DRIVE	99709	-147.7807584350643	64.84171875776836	
2764 PHILLIPS FIELD ROAD	99709	-147.78918236372746	64.84859891639194	
990 DEERE STREET	99709	-147.77923082005393	64.8546617629357	
970 DEERE STREET	99709	-147.77932579843028	64.85386501937772	
2237 HANSON ROAD	99709	-147.7807509155528	64.8523288534327	
988 DEERE STREET	99709	-147.77931559143263	64.85410103289499	
999 COPPET STREET	99709	-147.79311305468306	64.84312334432722	
996 COPPET STREET	99709	-147.7938957543715	64.8430640121121	
1105 COPPET STREET	99709	-147.79218573468808	64.84118322621595	
1102 COPPET STREET	99709	-147.79327104254324	64.84126577875271	
1085 COPPET STREET	99709	-147.79176642070408	64.84191726357558	
1017 COPPET STREET	99709	-147.79299984317953	64.84244029118554	
1011 COPPET STREET	99709	-147.79305664407903	64.84269343175303	
959 COPPET STREET	99709	-147.79305626015977	64.84434743376316	
949 COPPET STREET	99709	-147.79306288247028	64.84469111228069	
946 COPPET STREET	99709	-147.79402995490574	64.84472764474822	
939 COPPET STREET	99709	-147.79307060352076	64.84499181974124	
926 COPPET STREET	99709	-147.79388905382103	64.84544855648875	
1006 COPPET STREET	99709	-147.79396402623274	64.84275471829844	
933 WOOD WAY	99709	-147.79096146232322	64.84526443690388	
3071 RIVERVIEW DRIVE	99709	-147.79205180295364	64.84593444423396	
980 DEERE STREET	99709	-147.77921463787422	64.85344021051735	
2240 HANSON ROAD	99709	-147.78185935149637	64.85284739252886	
920 WOOD WAY	99709	-147.79177469786745	64.84566711317753	
917 WOOD WAY	99709	-147.79099099928166	64.84580167764413	
960 WOOD WAY	99709	-147.79188079050851	64.84400711658776	
954 WOOD WAY	99709	-147.7918778511648	64.8442851401945	
946 WOOD WAY	99709	-147.79186538905623	64.8446884693315	
921 WOOD WAY	99709	-147.79096098541325	64.84559529025995	
913 WOOD WAY	99709	-147.79095641472387	64.84595088505297	
928 WOOD WAY	99709	-147.79185216778913	64.84537284120256	
927 WOOD WAY	99709	-147.79093220583044	64.84541649101386	
1094 COPPET STREET	99709	-147.79330433235782	64.84157836698338	
1093 COPPET STREET	99709	-147.79214086003697	64.84152821021881	
936 WOOD WAY	99709	-147.79185989326808	64.84502453116485	
3080 RIVERVIEW DRIVE	99709	-147.7935060332037	64.84611571993054	
3060 RIVERVIEW DRIVE	99709	-147.79063585156533	64.84655300842033	
3006 RIVERVIEW DRIVE	99709	-147.79039034602485	64.8413413078914	
3199 KISKA DRIVE	99709	-147.7945767017327	64.84199536934949	
3133 KISKA DRIVE	99709	-147.79346045908093	64.84202123174039	
3165 RIVERVIEW DRIVE	99709	-147.7949126673517	64.84535908747823	
1093 PARK DRIVE	99709	-147.79509358097437	64.84162554992238	
1089 PARK DRIVE	99709	-147.7951513978428	64.84174462212388	
3074 RIVERVIEW DRIVE	99709	-147.79275059311934	64.84627411550902	
3021 RIVERVIEW DRIVE	99709	-147.7918556973523	64.84340402789756	
3019 RIVERVIEW DRIVE	99709	-147.79186408224382	64.84318436872202	
3018 RIVERVIEW DRIVE	99709	-147.79088591838703	64.84297653170616	
3012 RIVERVIEW DRIVE	99709	-147.79103628358652	64.84193794791663	
3010 RIVERVIEW DRIVE	99709	-147.79093389290546	64.8416915177643	
3008 RIVERVIEW DRIVE	99709	-147.79066594953105	64.84148787871212	
3283 RIVERVIEW DRIVE	99709	-147.79767725119174	64.8427614344901	
3278 RIVERVIEW DRIVE	99709	-147.7985653453808	64.84271331072203	
3275 RIVERVIEW DRIVE	99709	-147.79819683533137	64.84304999326845	
3272 RIVERVIEW DRIVE	99709	-147.79911570271491	64.84300696231576	
3253 RIVERVIEW DRIVE	99709	-147.79869739164167	64.84392010550133	
3250 RIVERVIEW DRIVE	99709	-147.7995129485432	64.84399615802032	
3244 RIVERVIEW DRIVE	99709	-147.79932816253677	64.8442256224064	
3213 RIVERVIEW DRIVE	99709	-147.7968382803391	64.84493575806687	
3212 RIVERVIEW DRIVE	99709	-147.797508914245	64.84519210208212	
3206 RIVERVIEW DRIVE	99709	-147.79703320974335	64.84530968588987	
3241 RIVERVIEW DRIVE	99709	-147.79832552319056	64.84416345639619	
3050 PHILLIPS FIELD ROAD	99709	-147.79421806353992	64.84867172656	
3070 RIVERVIEW DRIVE	99709	-147.79195069502327	64.8465014968601	
3051 RIVERVIEW DRIVE	99709	-147.79077719144715	64.8461617630544	
3027 RIVERVIEW DRIVE	99709	-147.79091399311451	64.84420045853199	
3024 RIVERVIEW DRIVE	99709	-147.7909057444064	64.84364589266698	
3017 RIVERVIEW DRIVE	99709	-147.7918622226254	64.84294987306609	
3016 RIVERVIEW DRIVE	99709	-147.7910177417584	64.84255330541046	
3015 RIVERVIEW DRIVE	99709	-147.7918512045629	64.84269436242874	
3014 RIVERVIEW DRIVE	99709	-147.7910313687762	64.84212815770327	
3100 KISKA DRIVE	99709	-147.79404760821893	64.84240560459801	
3030 KISKA DRIVE	99709	-147.79203948800264	64.84238869034772	
3299 RIVERVIEW DRIVE	99709	-147.79717910668535	64.84255550303794	
3298 RIVERVIEW DRIVE	99709	-147.79673402231938	64.84204109009009	
3294 RIVERVIEW DRIVE	99709	-147.79770070524233	64.84217883720514	
3284 RIVERVIEW DRIVE	99709	-147.79815587932018	64.84242357578269	
3267 RIVERVIEW DRIVE	99709	-147.79849035918855	64.84327123554492	
3264 RIVERVIEW DRIVE	99709	-147.7994193652169	64.84330048421694	
3255 RIVERVIEW DRIVE	99709	-147.79872748828063	64.8436229987281	
3254 RIVERVIEW DRIVE	99709	-147.7995769691452	64.84362745307378	
3236 RIVERVIEW DRIVE	99709	-147.79909983316387	64.84449481695621	
3229 RIVERVIEW DRIVE	99709	-147.7981171566996	64.84450214960694	
3228 RIVERVIEW DRIVE	99709	-147.79848688673115	64.84476137060393	
3217 RIVERVIEW DRIVE	99709	-147.79750271837813	64.84477950641214	
3216 RIVERVIEW DRIVE	99709	-147.7981430456276	64.84492263503668	
3200 RIVERVIEW DRIVE	99709	-147.7963438791442	64.84550141239006	
3205 RIVERVIEW DRIVE	99709	-147.79617963913864	64.84506542291979	
904 PARK DRIVE	99709	-147.79608881021142	64.84272329417105	
925 COMMERCE STREET	99709	-147.78432087887327	64.85374473565453	
2603 CHIEF ALEXANDER DRIVE	99709	-147.78206074000238	64.84335053769806	
2605 CHIEF ALEXANDER DRIVE	99709	-147.78273507504755	64.84336433081725	
2604 CHIEF ALEXANDER DRIVE	99709	-147.78240002984256	64.84376619098856	
2831 CHIEF WILLIAM DRIVE	99709	-147.78569087988328	64.84604969166944	
2831 CHIEF WILLIAM DRIVE	99709	-147.7857242544894	64.84613238507639	
2831 CHIEF WILLIAM DRIVE	99709	-147.78577911683453	64.8462361879832	
2831 CHIEF WILLIAM DRIVE	99709	-147.78580908767313	64.84631797379951	
2831 CHIEF WILLIAM DRIVE	99709	-147.78578499468392	64.84640895398189	
2827 CHIEF WILLIAM DRIVE	99709	-147.78489784312896	64.84587009085134	
2829 CHIEF WILLIAM DRIVE	99709	-147.78508899372133	64.84627946973542	
2833 CHIEF WILLIAM DRIVE	99709	-147.78529093804477	64.84670011550664	
3140 SPAFFORD LANE	99709	-147.79453746912222	64.85394105089986	
3129 SPAFFORD LANE	99709	-147.79494390041802	64.85443113331812	
3144 SPAFFORD LANE	99709	-147.79330454447313	64.85398413484302	
3095 SPAFFORD LANE	99709	-147.79381731105858	64.85492323252777	
3140 SPAFFORD LANE	99709	-147.79469959002003	64.85393140109211	
2870 HORNER COURT	99709	-147.7890476977685	64.84758970137929	
605 CHIEF THOMAS DRIVE	99709	-147.77998317530086	64.84567927810045	
2775 HANSON ROAD	99709	-147.78390347754495	64.8522621607261	
3048 PHILLIPS FIELD ROAD	99709	-147.79437353072956	64.84710663506837	
3048 PHILLIPS FIELD ROAD	99709	-147.79267687944733	64.84744043654487	
3070 PHILLIPS FIELD ROAD	99709	-147.79510484030143	64.84872065661656	
3040 RIVERVIEW DRIVE	99709	-147.78879710653018	64.84546100585672	
2518 RIVERVIEW DRIVE	99709	-147.78027003089497	64.84204657106827	
2517 RIVERVIEW DRIVE	99709	-147.78029173654028	64.84167815554596	
2514 RIVERVIEW DRIVE	99709	-147.7797769968439	64.84199276552323	
3029 RIVERVIEW DRIVE	99709	-147.79067521990905	64.84446876375642	
1097 PARK DRIVE	99709	-147.79503091642883	64.84141813499886	
3186 PHILLIPS FIELD ROAD	99709	-147.79917776600954	64.84589279849766	
3023 RIVERVIEW DRIVE	99709	-147.79193778108146	64.84366908632413	
459 ETHEL STONEMAN BOULEVARD	99709	-147.80299835595076	64.84564525992232	
2460 CHIEF WILLIAM DRIVE	99709	-147.7808617336675	64.84521438407327	
1010 DEERE STREET	99709	-147.78051910050718	64.85503168047205	
2837 CHIEF ALEXANDER DRIVE	99709	-147.78630142762248	64.8450943834029	
2630 PHILLIPS FIELD ROAD	99709	-147.7805650002214	64.84847996048546	
3329 THOMAS STREET	99709	-147.802914056458	64.85485142622522	
3323 THOMAS STREET	99709	-147.80253118650106	64.85486746284795	
3317 THOMAS STREET	99709	-147.80211326535408	64.85489341944104	
3311 THOMAS STREET	99709	-147.80183631110236	64.85489107708146	
3307 THOMAS STREET	99709	-147.8015409907876	64.85494783553527	
3301 THOMAS STREET	99709	-147.8012620062284	64.85491512746455	
3295 THOMAS STREET	99709	-147.80084368435405	64.85500186377543	
3289 THOMAS STREET	99709	-147.80055372732258	64.85500537438217	
326 COAL LANE	99709	-147.80302852331099	64.85521067076316	
302 COAL LANE	99709	-147.8012440064052	64.85522991934444	
306 COAL LANE	99709	-147.80151850642636	64.85524558712665	
310 COAL LANE	99709	-147.80184765574757	64.85524397413877	
314 COAL LANE	99709	-147.8020802665796	64.85521741482194	
318 COAL LANE	99709	-147.80236432938668	64.8552092241166	
322 COAL LANE	99709	-147.80270415452307	64.85520035789318	
245 EXPLORATION LANE	99709	-147.80066649013548	64.85518942948504	
246 EXPLORATION LANE	99709	-147.79994891017552	64.85518065027802	
250 EXPLORATION LANE	99709	-147.7999478923297	64.85506528012868	
256 EXPLORATION LANE	99709	-147.79992833898635	64.85492306782378	
260 EXPLORATION LANE	99709	-147.7997891029663	64.8547937006198	
263 EXPLORATION LANE	99709	-147.80045740762404	64.85467387325409	
267 EXPLORATION LANE	99709	-147.80044666488402	64.85458039495089	
264 EXPLORATION LANE	99709	-147.79984860325322	64.85470225709953	
271 EXPLORATION LANE	99709	-147.80018685026283	64.8544555431053	
270 EXPLORATION LANE	99709	-147.79968071546344	64.85454190514861	
275 EXPLORATION LANE	99709	-147.80026069669486	64.85434463626036	
274 EXPLORATION LANE	99709	-147.79954107899894	64.85446540403868	
279 EXPLORATION LANE	99709	-147.80010365672263	64.85419934045115	
283 EXPLORATION LANE	99709	-147.80007907834735	64.85413221221835	
278 EXPLORATION LANE	99709	-147.79956030433954	64.85431892416528	
282 EXPLORATION LANE	99709	-147.79948482036292	64.85422487243738	
287 EXPLORATION LANE	99709	-147.79996325430668	64.85403579911107	
286 EXPLORATION LANE	99709	-147.79939022267826	64.85411205855961	
290 EXPLORATION LANE	99709	-147.7992828067697	64.85404118386255	
291 EXPLORATION LANE	99709	-147.79995125383095	64.85388969796806	
486 DREDGE LANE	99709	-147.799171476242	64.85514745442882	
485 DREDGE LANE	99709	-147.79853938094857	64.85516697095825	
482 DREDGE LANE	99709	-147.7991811498184	64.85504168899216	
481 DREDGE LANE	99709	-147.79855526527552	64.85507062581591	
475 DREDGE LANE	99709	-147.79856359184905	64.85494469622601	
476 DREDGE LANE	99709	-147.79913562970773	64.8549033521674	
471 DREDGE LANE	99709	-147.7983389154045	64.85483938949992	
472 DREDGE LANE	99709	-147.79914507687363	64.85475247988569	
468 DREDGE LANE	99709	-147.79904283333457	64.85464213256495	
467 DREDGE LANE	99709	-147.79836611322128	64.85473697277207	
463 DREDGE LANE	99709	-147.79823038432377	64.85458477010341	
459 DREDGE LANE	99709	-147.7981969163948	64.85448474871471	
464 DREDGE LANE	99709	-147.79893722658963	64.85453989716638	
460 DREDGE LANE	99709	-147.79885932024004	64.85440124043187	
454 DREDGE LANE	99709	-147.7987439943463	64.85425377689076	
450 DREDGE LANE	99709	-147.79864630401232	64.85411963232426	
455 DREDGE LANE	99709	-147.79815431417575	64.85439837009002	
449 DREDGE LANE	99709	-147.79804107622775	64.85430714751757	
240 GEODE LANE	99709	-147.7967600143372	64.85522921379093	
256 COAL LANE	99709	-147.7979839630852	64.8552058756463	
244 GEODE LANE	99709	-147.79687364327927	64.85505880226184	
245 GEODE LANE	99709	-147.79763215948842	64.85511896150855	
249 GEODE LANE	99709	-147.79765673041888	64.85501895007675	
253 GEODE LANE	99709	-147.79767870516756	64.85488003484735	
259 GEODE LANE	99709	-147.7978633563211	64.85473701671492	
248 GEODE LANE	99709	-147.79697470332715	64.85492581673185	
254 GEODE LANE	99709	-147.7971306468814	64.85479572937433	
258 GEODE LANE	99709	-147.79724547893667	64.8546768220126	
264 GEODE LANE	99709	-147.79725549095417	64.85453425220817	
268 GEODE LANE	99709	-147.79736116705013	64.85440358487023	
272 GEODE LANE	99709	-147.797511291842	64.85427000595685	
280 GEODE LANE	99709	-147.7977513553234	64.85410447586855	
440 DREDGE LANE	99709	-147.7982124270772	64.85390679488748	
439 DREDGE LANE	99709	-147.79774985159065	64.8539574958326	
435 DREDGE LANE	99709	-147.79722993485927	64.85389773850073	
430 DREDGE LANE	99709	-147.79813662548602	64.85372889901876	
431 DREDGE LANE	99709	-147.79741907030782	64.85380523546657	
420 DREDGE LANE	99709	-147.79815458551488	64.85362184543713	
425 DREDGE LANE	99709	-147.79758815155336	64.85366311823772	
417 DREDGE LANE	99709	-147.7977548860991	64.85340232222842	
409 DREDGE LANE	99709	-147.79806593498776	64.85317183138697	
401 DREDGE LANE	99709	-147.79832465669006	64.85297169778877	
410 DREDGE LANE	99709	-147.7984990841694	64.85327727708898	
395 DREDGE LANE	99709	-147.79851224166077	64.85282270747773	
391 DREDGE LANE	99709	-147.7986319324942	64.85276000776172	
385 DREDGE LANE	99709	-147.7990192819041	64.85259435583345	
381 DREDGE LANE	99709	-147.79926398571288	64.85254866106212	
377 DREDGE LANE	99709	-147.7996696290763	64.8525565726918	
389 DREDGE LANE	99709	-147.79877811597794	64.85264285636309	
371 DREDGE LANE	99709	-147.80002174517378	64.85256513199887	
365 DREDGE LANE	99709	-147.80050395208266	64.85256641671546	
359 DREDGE LANE	99709	-147.80076459087223	64.8526088443652	
355 DREDGE LANE	99709	-147.8010291576703	64.85260991448342	
351 DREDGE LANE	99709	-147.80130623975376	64.85264786816651	
347 DREDGE LANE	99709	-147.8015980354997	64.85270558673801	
343 DREDGE LANE	99709	-147.80198130656794	64.85261262534583	
339 DREDGE LANE	99709	-147.80221243716085	64.85268104870185	
335 DREDGE LANE	99709	-147.8023937441212	64.85273867970002	
331 DREDGE LANE	99709	-147.80280025940525	64.85270953661637	
327 DREDGE LANE	99709	-147.80299294526284	64.85273711438045	
360 DREDGE LANE	99709	-147.8006869154771	64.85284909863122	
354 DREDGE LANE	99709	-147.80097595069213	64.85286554144665	
350 DREDGE LANE	99709	-147.80130197692864	64.85288438463077	
346 DREDGE LANE	99709	-147.8015932141755	64.85288370580233	
360 GEODE LANE	99709	-147.8019881493857	64.85293162727002	
365 GEODE LANE	99709	-147.80281310857512	64.85300140016926	
359 GEODE LANE	99709	-147.80255138412377	64.85309289052289	
344 GEODE LANE	99709	-147.8015561560152	64.85318044779706	
338 GEODE LANE	99709	-147.80110096219357	64.85328282593365	
334 GEODE LANE	99709	-147.80077674234846	64.8532910250867	
330 GEODE LANE	99709	-147.80061689465057	64.85340407093287	
324 GEODE LANE	99709	-147.80031628061775	64.85341483222311	
320 GEODE LANE	99709	-147.80015386249164	64.85348944722934	
316 GEODE LANE	99709	-147.7998549602462	64.85352582750866	
312 GEODE LANE	99709	-147.79957831632174	64.85359470134954	
308 GEODE LANE	99709	-147.7993648577241	64.85365711318232	
304 GEODE LANE	99709	-147.79916190908418	64.85372651861117	
300 GEODE LANE	99709	-147.79894319743056	64.8537605028662	
298 GEODE LANE	99709	-147.79874456029927	64.85379424400203	
370 COAL LANE	99709	-147.80273335871513	64.85456452258127	
374 COAL LANE	99709	-147.80266273811043	64.85445996601085	
378 COAL LANE	99709	-147.80255818602183	64.8543486996032	
382 COAL LANE	99709	-147.8024647317189	64.85420311016769	
386 COAL LANE	99709	-147.80231716707058	64.85409948595344	
391 COAL LANE	99709	-147.80294883107916	64.85393228776366	
394 COAL LANE	99709	-147.80230381452074	64.85395007762433	
395 COAL LANE	99709	-147.80278635077116	64.85385591043638	
399 COAL LANE	99709	-147.80277758140193	64.85372496438397	
400 COAL LANE	99709	-147.80216075131906	64.85381363608738	
404 COAL LANE	99709	-147.80201949989615	64.85370423807304	
405 COAL LANE	99709	-147.8026010941534	64.85358940308979	
408 COAL LANE	99709	-147.80196115467308	64.8535829133652	
409 COAL LANE	99709	-147.80255495299144	64.85345036310387	
412 COAL LANE	99709	-147.80180585664993	64.85346371443404	
415 COAL LANE	99709	-147.8024546183337	64.85330200810427	
310 DREDGE LANE	99709	-147.80316197852486	64.8530655162099	
304 DREDGE LANE	99709	-147.80312113164453	64.85325546806042	
300 DREDGE LANE	99709	-147.80316240348577	64.85337177521882	
294 DREDGE LANE	99709	-147.8031513879233	64.85350723504747	
255 FELDSPAR LANE	99709	-147.8018893586104	64.85460348415822	
256 FELDSPAR LANE	99709	-147.80129532696478	64.85463955003662	
259 FELDSPAR LANE	99709	-147.80173481527132	64.85446898578978	
260 FELDSPAR LANE	99709	-147.80123519403188	64.85454151399531	
263 FELDSPAR LANE	99709	-147.80176784879018	64.85436222461705	
264 FELDSPAR LANE	99709	-147.80114000892334	64.85445339867813	
267 FELDSPAR LANE	99709	-147.8017525768085	64.85426744360176	
268 FELDSPAR LANE	99709	-147.80099971051317	64.85435823298081	
271 FELDSPAR LANE	99709	-147.80161354736202	64.85419125648188	
272 FELDSPAR LANE	99709	-147.80096278866057	64.85420673573302	
275 FELDSPAR LANE	99709	-147.8015145542387	64.8540462082737	
279 FELDSPAR LANE	99709	-147.80142499084212	64.85390864332203	
282 FELDSPAR LANE	99709	-147.80079639657865	64.85398843021291	
276 FELDSPAR LANE	99709	-147.8007952200894	64.85410430255008	
283 FELDSPAR LANE	99709	-147.8013261080208	64.85383196966961	
286 FELDSPAR LANE	99709	-147.80067916609084	64.85390437987603	
287 FELDSPAR LANE	99709	-147.8012719788086	64.8536901762392	
290 FELDSPAR LANE	99709	-147.80055800353756	64.85376150000575	
291 FELDSPAR LANE	99709	-147.80111014127874	64.85360666739417	
2820 CHIEF ALEXANDER DRIVE	99701	-147.78559931942738	64.84459413698507	
2450 CHIEF WILLIAM DRIVE	99709	-147.78034877723164	64.84521186711417	
2823 CHIEF ALEXANDER DRIVE	99709	-147.78743235278006	64.84407030526516	
2217 HANSON ROAD	99709	-147.7794137027839	64.85213374777233	
2589 CHIEF WILLIAM DRIVE	99709	-147.78261948672724	64.84570464151403	
2589 CHIEF WILLIAM DRIVE	99709	-147.7826796859772	64.84570391977681	
2589 CHIEF WILLIAM DRIVE	99709	-147.78261679989717	64.84576521407328	
2589 CHIEF WILLIAM DRIVE	99709	-147.7830132303806	64.84571986305563	
2589 CHIEF WILLIAM DRIVE	99709	-147.78268687114195	64.84576188126327	
2593 CHIEF WILLIAM DRIVE	99709	-147.78361716890922	64.84570611507505	
2593 CHIEF WILLIAM DRIVE	99709	-147.78379415132096	64.84570399195039	
2593 CHIEF WILLIAM DRIVE	99709	-147.78387103180407	64.84570663101702	
2593 CHIEF WILLIAM DRIVE	99709	-147.7840622548917	64.84570896592652	
2593 CHIEF WILLIAM DRIVE	99709	-147.78413913541328	64.84571160485444	
2593 CHIEF WILLIAM DRIVE	99709	-147.7844367215336	64.84572370343918	
2593 CHIEF WILLIAM DRIVE	99709	-147.78356860527668	64.84575619842563	
2593 CHIEF WILLIAM DRIVE	99709	-147.78408766761618	64.84575994297471	
2591 CHIEF WILLIAM DRIVE	99709	-147.78319352079222	64.84559106952263	
2591 CHIEF WILLIAM DRIVE	99709	-147.78313494534598	64.84559105953579	
2591 CHIEF WILLIAM DRIVE	99709	-147.78293055253462	64.8455878126702	
2591 CHIEF WILLIAM DRIVE	99709	-147.78287197709406	64.84558780257977	
2591 CHIEF WILLIAM DRIVE	99709	-147.78266963399747	64.84559022867263	
2591 CHIEF WILLIAM DRIVE	99709	-147.78261105855023	64.84559021847944	
2591 CHIEF WILLIAM DRIVE	99709	-147.78229921768815	64.84558184853947	
2591 CHIEF WILLIAM DRIVE	99709	-147.78315867588208	64.84555765626807	
2591 CHIEF WILLIAM DRIVE	99709	-147.78264103117476	64.84554997387858	
2593 CHIEF WILLIAM DRIVE	99709	-147.7832379278993	64.84572876609121	
2855 MACK BOULEVARD	99709	-147.78614941902623	64.85940373135539	
2757 COLLEGE ROAD	99709	-147.78206738320577	64.86178651770867	
2775 COLLEGE ROAD	99709	-147.78431556105627	64.86134060415883	
3175 COLLEGE ROAD	99709	-147.79472683308632	64.85881066508942	
3235 COLLEGE ROAD	99709	-147.79693403126439	64.8573581217574	
1061 DEERE STREET	99709	-147.77833100788806	64.85619932375782	
1729 LATOYA CIRCLE	99709	-147.7824238910721	64.86035769140322	
1760 LATOYA CIRCLE	99709	-147.78378286457163	64.86046797329948	
1765 LATOYA CIRCLE	99709	-147.78423483822746	64.86080171605772	
2801 COLLEGE ROAD	99709	-147.7849704349726	64.86098862296467	
3155 COLLEGE ROAD	99709	-147.79762951241514	64.8577386899111	
3352 COLLEGE ROAD	99709	-147.80359638054546	64.85711270105288	
3197 AMBER AVENUE	99709	-147.79484453710833	64.85655526208885	
3195 AMBER AVENUE	99709	-147.79488501771328	64.85635593175621	
3096 AMBER AVENUE	99709	-147.79287649438487	64.85651435344481	
3070 AMBER AVENUE	99709	-147.7917290452366	64.85666535380179	
3264 JARVIS AVENUE	99709	-147.7994531068124	64.85841628087137	
1361 HESS AVENUE	99709	-147.80721442671398	64.85624002988526	
1345 HESS AVENUE	99709	-147.80747588764277	64.85596914841679	
1280 HESS AVENUE	99709	-147.80826616745264	64.85551031244779	
3070 TOTEM DRIVE	99709	-147.79124762731024	64.85848801076942	
3040 AMBER AVENUE	99709	-147.79065004654166	64.85671686396081	
3020 AMBER AVENUE	99709	-147.79061057901458	64.85672260361271	
2955 MACK BOULEVARD	99709	-147.78864636620523	64.85920612206432	
2945 MACK BOULEVARD	99709	-147.7882988877369	64.85922842918734	
2895 MACK BOULEVARD	99709	-147.78697971974233	64.85929004643864	
2735 MACK BOULEVARD	99709	-147.78288993626177	64.85937815565235	
1685 LUKE STREET	99709	-147.78226847134974	64.85947081664554	
1651 LUKE STREET	99709	-147.78232775600782	64.85902831301902	
1650 LUKE STREET	99709	-147.7828625635737	64.85894428874917	
3440 SHANLY STREET	99709	-147.80574748923362	64.85582497102331	
1700 LATOYA CIRCLE	99709	-147.7832665824012	64.86005001289817	
1730 LATOYA CIRCLE	99709	-147.78320765438332	64.86036467907536	
1739 LATOYA CIRCLE	99709	-147.782519777783	64.86055909274259	
1755 LATOYA CIRCLE	99709	-147.7821297025885	64.86071920207982	
1785 LATOYA CIRCLE	99709	-147.78484431538783	64.86028009060725	
1795 LATOYA CIRCLE	99709	-147.78484723193654	64.86011664376723	
3195 MACK BOULEVARD	99709	-147.79507985797125	64.85832172568392	
212 MADCAP LANE	99709	-147.8216417699671	64.86829435934138	
3150 TOTEM DRIVE	99709	-147.79342915532143	64.85845141177813	
1830 RJ LOOP	99709	-147.78513857890934	64.8619519970411	
2951 TOTEM DRIVE	99709	-147.78838506870636	64.85825495508912	
1755 WESTWOOD WAY	99709	-147.78601673786352	64.8606532684543	
2845 MACK BOULEVARD	99709	-147.785754249326	64.85946570165612	
1420 BANGS WAY	99709	-147.7936998343847	64.85637182403507	
3195 FRANCIS STREET	99709	-147.795192113583	64.85654816723475	
3153 FRANCIS STREET	99709	-147.79377910117873	64.85659485779495	
3238 HOOPER AVENUE	99709	-147.797555742935	64.85902944308614	
1540 HAYES AVENUE	99709	-147.80640932165815	64.85738572702171	
1265 HAYES AVENUE	99709	-147.80500751666602	64.85544953304789	
3110 CHINOOK DRIVE	99709	-147.79068415763328	64.8577695664297	
1543 PORCHET WAY	99709	-147.78902468735285	64.85810442916608	
1535 PORCHET WAY	99709	-147.78893283056917	64.85794988175219	
1430 PORCHET WAY	99709	-147.79025471642495	64.85675592692205	
1428 PORCHET WAY	99709	-147.78995563666666	64.85681009691969	
2763 MACK BOULEVARD	99709	-147.78319445433826	64.85952122549149	
1560 LUKE STREET	99709	-147.78294048316903	64.85842466505437	
1442 LUKE STREET	99709	-147.7830860875762	64.85698034223415	
1438 LUKE STREET	99709	-147.7836610433619	64.85646867299177	
1500 OLD PIONEER WAY	99709	-147.7819388276478	64.85795999219457	
3055 MACK BOULEVARD	99709	-147.79114395140778	64.85904071025625	
3005 MACK BOULEVARD	99709	-147.7894255211798	64.85920774107073	
2975 MACK BOULEVARD	99709	-147.78906525009273	64.85923190517808	
2785 MACK BOULEVARD	99709	-147.78405936631617	64.85948737912292	
2775 MACK BOULEVARD	99709	-147.78364312866924	64.85949854068787	
3060 AMBER AVENUE	99709	-147.79132230476623	64.85662766857861	
3130 COLLEGE ROAD	99709	-147.79383160417996	64.85977500650213	
245 HENRIK COURT	99709	-147.81125110297344	64.86900368049659	
235 HENRIK COURT	99709	-147.80947226248009	64.86936116308702	
219 MADCAP LANE	99709	-147.82272199499826	64.86849708139438	
223 MADCAP LANE	99709	-147.82260218306484	64.86865516669836	
229 MADCAP LANE	99709	-147.82265056787543	64.86881843917917	
233 MADCAP LANE	99709	-147.82283836404153	64.8689457953527	
192 MADCAP LANE	99709	-147.82178305528552	64.86758000708222	
218 MADCAP LANE	99709	-147.82161449480182	64.86850490299648	
226 MADCAP LANE	99709	-147.82182051237103	64.86911559009104	
193 MADCAP LANE	99709	-147.82277085585253	64.86773515657046	
205 MADCAP LANE	99709	-147.82282174005488	64.86807400947798	
202 MADCAP LANE	99709	-147.82164011166748	64.86797185019189	
206 MADCAP LANE	99709	-147.82161024964242	64.86812271453748	
208 MADCAP LANE	99709	-147.8217314368302	64.86830576467806	
216 MADCAP LANE	99709	-147.82168569111562	64.86830056670996	
180 MADCAP LANE	99709	-147.8226670963968	64.86729212512034	
186 MADCAP LANE	99709	-147.82177104607547	64.8673094284877	
188 MADCAP LANE	99709	-147.82129365190931	64.86741973700879	
1963 RJ LOOP	99709	-147.78544113237783	64.86235663450793	
2594 COLLEGE ROAD	99709	-147.7806167714533	64.86307528963194	
1671 LUKE STREET	99709	-147.78230319700245	64.85924405729317	
1773 CARIBOU WAY	99709	-147.78037338530345	64.86087694450623	
1746 CARIBOU WAY	99709	-147.7813703697371	64.86063493097205	
3343 COLLEGE ROAD	99709	-147.8027106053012	64.85615499472863	
1500 ALASKA WAY	99709	-147.77840438307743	64.85792557096262	
1740 CARIBOU WAY	99709	-147.7821741805978	64.86013917748232	
1654 IVANOF DRIVE	99709	-147.79623276323431	64.85913118360962	
1650 IVANOF DRIVE	99709	-147.7964589842407	64.85907525376885	
1625 OLD PIONEER WAY	99709	-147.7783929004928	64.85879877999625	
3134 AMBER AVENUE	99709	-147.7940517780175	64.85622410859835	
3191 AMBER AVENUE	99709	-147.79481176705326	64.85613322161429	
3451 COLLEGE ROAD	99709	-147.8058569239473	64.85635563096467	
1805 LATOYA CIRCLE	99709	-147.7851204341136	64.85998548771552	
3195 COLLEGE ROAD	99709	-147.79592693041138	64.85831148433743	
3195 COLLEGE ROAD	99709	-147.7959324423201	64.85826254675372	
3195 COLLEGE ROAD	99709	-147.7959377375275	64.85817463986479	
3195 COLLEGE ROAD	99709	-147.79594756457521	64.85811279353497	
3195 COLLEGE ROAD	99709	-147.79595341588342	64.85803318990673	
3195 COLLEGE ROAD	99709	-147.7959635573499	64.85797608833651	
1671 LUTKE AVENUE	99709	-147.80969846216587	64.85751890780365	
2980 MACK BOULEVARD	99709	-147.7899161205212	64.85969419243129	
2600 COLLEGE ROAD	99709	-147.78242369359864	64.86338977559784	
3560 COLLEGE ROAD	99709	-147.8100171487851	64.85648041857851	
3292 COLLEGE ROAD	99709	-147.8001579847906	64.85796077819475	
3299 COLLEGE ROAD	99709	-147.80029068503873	64.8564272362405	
2759 COLLEGE ROAD	99709	-147.7834394676535	64.8614810614752	
1854 CARIBOU WAY	99709	-147.78157598706488	64.86224078555148	
1852 CARIBOU WAY	99709	-147.7815016430744	64.86216123527913	
1744 CARIBOU WAY	99709	-147.78164642919376	64.86041324699231	
3140 COLLEGE ROAD	99709	-147.79394662969108	64.85966983216753	
3150 COLLEGE ROAD	99709	-147.7946445514684	64.85961383183361	
1760 WESTWOOD WAY	99709	-147.78768420312028	64.86036691899334	
2960 MACK BOULEVARD	99709	-147.7884422330823	64.85962655896725	
3045 MACK BOULEVARD	99709	-147.79066488139443	64.85910825966351	
1660 WESTWOOD WAY	99709	-147.7876171765028	64.85894483472121	
2959 TOTEM DRIVE	99709	-147.78890396578717	64.85826982803106	
3128 CHINOOK DRIVE	99709	-147.79203976999446	64.85756638467696	
3114 CHINOOK DRIVE	99709	-147.79107954252046	64.85751515070744	
1266 HAYES AVENUE	99709	-147.8059166879482	64.85542242913543	
1601 WESTWOOD WAY	99709	-147.78688548664113	64.85868988744973	
1744 LATOYA CIRCLE	99709	-147.78354505255095	64.86047418795835	
2760 MACK BOULEVARD	99709	-147.78317091840987	64.85986460557416	
1701 LATOYA CIRCLE	99709	-147.78246969686052	64.86013091322359	
1855 CARIBOU WAY	99709	-147.7798216285745	64.86252241282524	
2920 COLLEGE ROAD	99709	-147.79039742426514	64.86164626451561	
3120 COLLEGE ROAD	99709	-147.7933870495793	64.85983114468387	
3085 MACK BOULEVARD	99709	-147.79104571086322	64.85908292078192	
1536 PORCHET WAY	99709	-147.7897851245439	64.85776500372519	
3073 CHINOOK DRIVE	99709	-147.79165844891574	64.85699045264604	
3245 COLLEGE ROAD	99709	-147.79771309455458	64.85771056573495	
3215 COLLEGE ROAD	99709	-147.79632223569394	64.85769488786268	
1595 CORDWOOD DRIVE	99709	-147.8002071409655	64.85855611302887	
2998 TOTEM DRIVE	99709	-147.78952918619285	64.85858987276077	
1741 CARIBOU WAY	99709	-147.7804974078575	64.86031241628756	
2703 TOTEM DRIVE	99709	-147.7836335488689	64.85856781649667	
1910 RJ LOOP	99709	-147.7853739539371	64.86341441324267	
1945 RJ LOOP	99709	-147.7856466589563	64.86276352453548	
1950 RJ LOOP	99709	-147.78485018701025	64.86264648556792	
1955 RJ LOOP	99709	-147.78555670331812	64.86249942995744	
1965 RJ LOOP	99709	-147.78543872473728	64.86229017219341	
1860 RJ LOOP	99709	-147.78630411337366	64.86232557177472	
1865 RJ LOOP	99709	-147.78702734076654	64.86224499162542	
1870 RJ LOOP	99709	-147.78628284575083	64.86249485706476	
1875 RJ LOOP	99709	-147.78702125909857	64.86251272109423	
1897 RJ LOOP	99709	-147.78701018163648	64.86329895848294	
1899 RJ LOOP	99709	-147.78641990514316	64.86334769544301	
1850 RJ LOOP	99709	-147.78636178769784	64.86212716064357	
1880 RJ LOOP	99709	-147.78626469947918	64.86277994430074	
1885 RJ LOOP	99709	-147.78702045885007	64.86276680010769	
1890 RJ LOOP	99709	-147.7861435908661	64.86298091879269	
1895 RJ LOOP	99709	-147.78705172150265	64.86300788591291	
1920 RJ LOOP	99709	-147.7848187821631	64.86330846591414	
1935 RJ LOOP	99709	-147.7856549798537	64.8630169465722	
1940 RJ LOOP	99709	-147.78493240381906	64.86287594407148	
3105 TOTEM DRIVE	99709	-147.7917548875459	64.8579835266941	
1519 ALASKA WAY	99709	-147.77834631778947	64.85829134476678	
1516 ALASKA WAY	99709	-147.7783437468593	64.85817150474006	
3118 CHINOOK DRIVE	99709	-147.79141506391952	64.85753226588909	
3124 CHINOOK DRIVE	99709	-147.79179182978186	64.85756346741333	
3175 CHINOOK DRIVE	99709	-147.79459625720347	64.85704169108756	
3012 CHINOOK DRIVE	99709	-147.79019059570513	64.8577001328959	
3065 COLLEGE ROAD	99709	-147.7915789549792	64.85946226946717	
1720 OLD PIONEER WAY	99709	-147.7790813148286	64.86002288826695	
2180 FARMERS LOOP ROAD	99709	-147.81097326530494	64.85869595487588	
1652 IVANOF DRIVE	99709	-147.79634379946418	64.8591023859562	
2552 MACK BOULEVARD	99709	-147.78015265102962	64.85997238341062	
2778 MACK BOULEVARD	99709	-147.78399147397337	64.85986870635791	
1730 OLD PIONEER WAY	99709	-147.7791213924519	64.86028899060472	
1780 OLD PIONEER WAY	99709	-147.77900250755738	64.86110553090323	
1790 OLD PIONEER WAY	99709	-147.7789863878707	64.86137621934792	
1800 OLD PIONEER WAY	99709	-147.7790812957987	64.86163957701767	
1770 OLD PIONEER WAY	99709	-147.77934536091382	64.8607686589819	
3025 MACK BOULEVARD	99709	-147.79032727478366	64.85912363497236	
2865 MACK BOULEVARD	99709	-147.78647421527856	64.8593487849425	
2825 MACK BOULEVARD	99709	-147.78499768145002	64.85944866014663	
1698 OLD PIONEER WAY	99709	-147.77910195512547	64.85970623694386	
1640 OLD PIONEER WAY	99709	-147.78034740284275	64.85874373785434	
1616 OLD PIONEER WAY	99709	-147.78077362219508	64.85840062399949	
1604 OLD PIONEER WAY	99709	-147.78113222523004	64.85825133314405	
1560 WESTWOOD WAY	99709	-147.7878368843038	64.85834093068291	
1548 WESTWOOD WAY	99709	-147.78751979328982	64.85811160444113	
1541 WESTWOOD WAY	99709	-147.78688017807326	64.85788319409718	
3029 CHINOOK DRIVE	99709	-147.79061617370942	64.85719120888137	
2707 TOTEM DRIVE	99709	-147.7840107874169	64.85848973406155	
2701 TOTEM DRIVE	99709	-147.7835003922541	64.85857343756757	
2996 TOTEM DRIVE	99709	-147.78940420416518	64.85859761264071	
2995 TOTEM DRIVE	99709	-147.78896616007899	64.85830272901977	
2964 TOTEM DRIVE	99709	-147.7892247169065	64.85864738646603	
2952 TOTEM DRIVE	99709	-147.78876423975308	64.8586675104875	
2825 TOTEM DRIVE	99709	-147.78571404324742	64.85841982456277	
2824 TOTEM DRIVE	99709	-147.78570984595174	64.8588432569691	
2823 TOTEM DRIVE	99709	-147.78534833006515	64.85848047926679	
2822 TOTEM DRIVE	99709	-147.78531213540663	64.85902661185679	
1767 CARIBOU WAY	99709	-147.78039737209383	64.8606672850395	
1776 CARIBOU WAY	99709	-147.78120361878257	64.86080006841816	
1784 CARIBOU WAY	99709	-147.78119752558177	64.86085306526763	
1792 CARIBOU WAY	99709	-147.78140675865782	64.86121014537618	
1807 CARIBOU WAY	99709	-147.78030367081885	64.86144850799761	
1831 CARIBOU WAY	99709	-147.78030696829373	64.86167846092313	
1845 CARIBOU WAY	99709	-147.78029738373644	64.86194505237637	
1851 CARIBOU WAY	99709	-147.77964268288892	64.86225981956458	
1710 WESTWOOD WAY	99709	-147.78798176693547	64.8597480812608	
3055 COLLEGE ROAD	99709	-147.79095641085297	64.85969323890731	
1664 OLD PIONEER WAY	99709	-147.7792022322863	64.85893871249075	
1652 OLD PIONEER WAY	99709	-147.7796820717121	64.85895217359833	
3025 CHINOOK DRIVE	99709	-147.7901944632766	64.85713674790951	
1536 WESTWOOD WAY	99709	-147.7880765107972	64.85793881977735	
1411 WESTWOOD WAY	99709	-147.78568620415928	64.85740733478941	
1407 WESTWOOD WAY	99709	-147.78668846469392	64.85746703032717	
1686 OLD PIONEER WAY	99709	-147.77916615826214	64.85947723449877	
1674 OLD PIONEER WAY	99709	-147.77921248769772	64.85922987161896	
3061 CHINOOK DRIVE	99709	-147.79110529792987	64.85705933048564	
3050 TOTEM DRIVE	99709	-147.7905639501721	64.8585473673712	
3012 TOTEM DRIVE	99709	-147.78991770948872	64.85855360108495	
2920 TOTEM DRIVE	99709	-147.7883510276102	64.8586948193413	
2828 TOTEM DRIVE	99709	-147.7864941041481	64.85884931290639	
2827 TOTEM DRIVE	99709	-147.78607284442643	64.85835901325812	
2826 TOTEM DRIVE	99709	-147.78605769277394	64.85885296282679	
2821 TOTEM DRIVE	99709	-147.784947502343	64.85849646304547	
2820 TOTEM DRIVE	99709	-147.7849811193198	64.85887547716237	
2784 TOTEM DRIVE	99709	-147.78404896379647	64.85895570884881	
1393 PORCHET WAY	99709	-147.78787536743272	64.85640393177339	
1761 CARIBOU WAY	99709	-147.78030523151378	64.86051637648589	
1793 CARIBOU WAY	99709	-147.7801713388253	64.86106313395499	
1786 CARIBOU WAY	99709	-147.7811622433178	64.86103419578924	
1799 CARIBOU WAY	99709	-147.78013584474067	64.86120851273509	
1804 CARIBOU WAY	99709	-147.7813159247116	64.86136233014139	
2792 TOTEM DRIVE	99709	-147.78438301332508	64.85887235410085	
1510 REILLY ROAD	99709	-147.78554555854592	64.8579956530104	
1747 CARIBOU WAY	99709	-147.78134106997734	64.85994296145927	
3295 COLLEGE ROAD	99709	-147.7995961593832	64.85723305119724	
1740 OLD PIONEER WAY	99709	-147.77896659032461	64.8604995242649	
1050 DEERE STREET	99709	-147.77928265715028	64.85578605609085	
3092 AMBER AVENUE	99709	-147.79260526846014	64.85654155560282	
3080 AMBER AVENUE	99709	-147.79207749991963	64.85650921462276	
3169 FRANCIS STREET	99709	-147.79421983765835	64.85649696733478	
3120 TOTEM DRIVE	99709	-147.79254942824548	64.8583832999022	
3140 TOTEM DRIVE	99709	-147.79288610693243	64.85833869634098	
3090 TOTEM DRIVE	99709	-147.79183850418414	64.85841144682166	
3195 TOTEM DRIVE	99709	-147.79514287926378	64.85799219838628	
3160 TOTEM DRIVE	99709	-147.7938575914281	64.85836684529936	
3155 TOTEM DRIVE	99709	-147.7936153716351	64.85799217363147	
3145 TOTEM DRIVE	99709	-147.79328890789265	64.85795214995603	
3135 TOTEM DRIVE	99709	-147.79292811171004	64.85799362555638	
3410 COLLEGE ROAD	99709	-147.8047443755957	64.85687814938491	
3375 COLLEGE ROAD	99709	-147.8044454688109	64.85644920980195	
3525 COLLEGE ROAD	99709	-147.8083293743024	64.85611279767711	
3510 COLLEGE ROAD	99709	-147.80835927170227	64.85677412266769	
3155 MACK BOULEVARD	99709	-147.79394133074257	64.85862699155464	
3085 MACK BOULEVARD	99709	-147.7917447268373	64.85897097456231	
3170 COLLEGE ROAD	99709	-147.79535715288327	64.85905468620807	
3198 CHINOOK DRIVE	99709	-147.7952363816622	64.85739521290327	
3167 CHINOOK DRIVE	99709	-147.7942650253366	64.85702156397434	
3160 CHINOOK DRIVE	99709	-147.79371552137496	64.85746030499354	
3159 CHINOOK DRIVE	99709	-147.79393313089207	64.85703471900769	
3093 CHINOOK DRIVE	99709	-147.79258923797696	64.85692361798044	
3085 CHINOOK DRIVE	99709	-147.79217341835727	64.85694891792663	
3165 MACK BOULEVARD	99709	-147.79439710117614	64.85852139475287	
1275 HESS AVENUE	99709	-147.80708443046345	64.855454450797	
3467 SHANLY STREET	99709	-147.80696239159028	64.85546308422099	
3460 SHANLY STREET	99709	-147.80684499456342	64.85576255465513	
3451 SHANLY STREET	99709	-147.80640855200025	64.85535144477349	
3395 SHANLY STREET	99709	-147.80437332809	64.85545729830301	
3145 MACK BOULEVARD	99709	-147.79350543327317	64.8587961970575	
3125 MACK BOULEVARD	99709	-147.79301770217785	64.85872900305996	
3115 MACK BOULEVARD	99709	-147.79254031505633	64.85892998952303	
3095 MACK BOULEVARD	99709	-147.79199064187023	64.85895189918718	
3193 CHINOOK DRIVE	99709	-147.794940295733	64.85706422563291	
3191 CHINOOK DRIVE	99709	-147.7952428011815	64.85702362983261	
3188 CHINOOK DRIVE	99709	-147.79482579185	64.85738444451002	
3180 CHINOOK DRIVE	99709	-147.79443948794886	64.85738842357674	
3151 CHINOOK DRIVE	99709	-147.79371377941783	64.85688320150643	
3142 CHINOOK DRIVE	99709	-147.79328868465643	64.8575883588042	
3130 CHINOOK DRIVE	99709	-147.79283609306108	64.85757499737181	
3535 SHANLY STREET	99709	-147.80880290060594	64.8554191970138	
3525 SHANLY STREET	99709	-147.8089192498414	64.85606863379138	
3483 SHANLY STREET	99709	-147.80741106603202	64.85545390142944	
3482 SHANLY STREET	99709	-147.80755853826543	64.85580714631156	
1055 COMMERCE STREET	99709	-147.7840444832393	64.85553424234449	
1556 LUKE STREET	99709	-147.78304885156348	64.85824704832332	
1336 HAYES AVENUE	99709	-147.80568700623016	64.8563794591385	
1336 HAYES AVENUE	99709	-147.80568695465905	64.85639299661625	
1555 WESTWOOD WAY	99709	-147.7866949039791	64.85833965490464	
236 MADCAP LANE	99709	-147.82192331011987	64.8695208998152	
1630 WESTWOOD WAY	99709	-147.78760003179627	64.85885541871508	
1900 RJ LOOP	99709	-147.786027960796	64.86334001602677	
1675 REILLY ROAD	99709	-147.7844811382938	64.8590627677634	
3500 COLLEGE ROAD	99709	-147.8075680095394	64.85676809986492	
3678 COLLEGE ROAD	99709	-147.81170709355368	64.85614715612547	
3480 COLLEGE ROAD	99709	-147.80695253236763	64.85666700631329	
3412 COLLEGE ROAD	99709	-147.80519092296038	64.85690781525412	
3300 COLLEGE ROAD	99709	-147.8016900976219	64.85752935612695	
3260 COLLEGE ROAD	99709	-147.79942940106827	64.858083296847	
1600 CORDWOOD DRIVE	99709	-147.80113163843433	64.85854423741517	
3535 COLLEGE ROAD	99709	-147.80978069505701	64.85583199257324	
3529 COLLEGE ROAD	99709	-147.80947203227026	64.85578532447475	
1564 LUTKE AVENUE	99709	-147.8045035262283	64.85785462521977	
3374 COLLEGE ROAD	99709	-147.80438551208132	64.85690917056985	
3354 COLLEGE ROAD	99709	-147.80359272701807	64.85713958214656	
1792 LATOYA CIRCLE	99709	-147.78409006789244	64.86016686392126	
2755 COLLEGE ROAD	99709	-147.78241023090763	64.861429524568	
1908 OLD PIONEER WAY	99709	-147.77886134311188	64.86270356448215	
2774 TOTEM DRIVE	99709	-147.78364852574325	64.85897555535271	
3185 TOTEM DRIVE	99709	-147.79475758480996	64.85798727817293	
3175 TOTEM DRIVE	99709	-147.79440210097914	64.8579970389144	
3165 TOTEM DRIVE	99709	-147.79401399900377	64.85799214974786	
1811 LATOYA CIRCLE	99709	-147.78487816199925	64.85987088566966	
1435 BANGS WAY	99709	-147.79291922460538	64.85707968445575	
1285 HESS AVENUE	99709	-147.8075372701642	64.85539648305475	
1441 LUKE STREET	99709	-147.78202740917868	64.85746191571612	
3137 COLLEGE ROAD	99709	-147.7928562103265	64.85917746081587	
3150 COLLEGE ROAD	99709	-147.79471672967153	64.85966529649843	
2892 COLLEGE ROAD	99709	-147.78775471077986	64.86098033237462	
3220 COLLEGE ROAD	99709	-147.79827165440773	64.85824676328915	
2846 COLLEGE ROAD	99709	-147.78620447131823	64.86114076547793	
2805 MACK BOULEVARD	99709	-147.78782642809156	64.85927544296223	
3434 COLLEGE ROAD	99709	-147.80595048123214	64.8570408284947	
1500 WESTWOOD WAY	99709	-147.78776888342156	64.85748300605297	
1524 WESTWOOD WAY	99709	-147.78869397934858	64.85723150360398	
1411 WESTWOOD WAY	99709	-147.78910607734156	64.85660927364717	
1506 LUKE STREET	99709	-147.78318281167742	64.85730577208642	
1718 TANANA LOOP	99775	-147.81942637353927	64.85747255171862	
1764 TANANA LOOP	99775	-147.81740577877338	64.8556770585414	
1054 NORTH CHANDALAR DRIVE	99775	-147.82625709391814	64.85964986177704	
1743 SOUTH CHANDALAR DRIVE	99775	-147.82350218403732	64.8565768941849	
1751 TANANA LOOP	99775	-147.81687781038198	64.85638485829669	
1048 NORTH CHANDALAR DRIVE	99775	-147.825662074051	64.85955296315623	
1788 YUKON DRIVE	99775	-147.8220451675102	64.8583066602873	
1662 TANANA LOOP	99775	-147.82227441645054	64.85936709464839	
1860 TANANA LOOP	99775	-147.82783928015448	64.85616975090912	
1810 SALCHA STREET	99775	-147.82096865469282	64.85621319452427	
1736 TANANA LOOP	99775	-147.81852467165632	64.85669874860001	
1654 TANANA LOOP	99775	-147.82298334395176	64.85961593710134	
1706 TANANA LOOP	99775	-147.8204337263626	64.85777322522806	
1797 CHATANIKA DRIVE	99775	-147.82139862795393	64.85875839808303	
1731 SOUTH CHANDALAR DRIVE	99775	-147.82314753902725	64.85718651126139	
1672 TANANA LOOP	99775	-147.82165300477072	64.85915139724554	
1832 TAKU DRIVE	99775	-147.81887086468345	64.85843439004874	
1026 KOBUK AVENUE	99775	-147.82670288936737	64.85875999870817	
1060 NORTH CHANDALAR DRIVE	99775	-147.82683904484185	64.85972724036904	
1760 TANANA LOOP	99775	-147.81729911937904	64.85601764864286	
1042 NORTH CHANDALAR DRIVE	99775	-147.8250760372318	64.85944941232184	
1011 NORTH CHANDALAR DRIVE	99775	-147.82261682570413	64.85845053323118	
1036 NORTH CHANDALAR DRIVE	99775	-147.8245339271789	64.8593218878562	
1852 TANANA LOOP	99775	-147.82486783830237	64.85594866806456	
1856 TANANA LOOP	99775	-147.82676039071782	64.85615646423429	
1854 TANANA LOOP	99775	-147.82565280978068	64.85620580839853	
1740 TANANA LOOP	99775	-147.818091075374	64.85653518438764	
1806 COLVILLE AVENUE	99775	-147.8242150534406	64.85846873565643	
1747 SOUTH CHANDALAR DRIVE	99775	-147.82217202549174	64.85667654087206	
1850 TANANA LOOP	99775	-147.82548111928224	64.85577146183773	
1708 TANANA LOOP	99775	-147.81948059210922	64.85780584452827	
1066 NORTH CHANDALAR DRIVE	99775	-147.82763840824606	64.85972939104943	
1793 CHATANIKA DRIVE	99775	-147.82238649712963	64.85898334684681	
1692 TOK LANE	99775	-147.8220228887006	64.85755871871294	
1732 TANANA LOOP	99775	-147.81976925085692	64.85675460367521	
1792 AMBLER LANE	99775	-147.82527761449674	64.85699332365694	
1816 TAKU DRIVE	99775	-147.81538055366786	64.85901853795662	
1787 YUKON DRIVE	99775	-147.82191030039462	64.85780956550299	
1660 COLUMBIA CIRCLE	99775	-147.8271490390109	64.86053900660724	
1666 COLUMBIA CIRCLE	99775	-147.82626768963493	64.86054745558523	
1672 COLUMBIA CIRCLE	99775	-147.8263668345562	64.86036342765348	
1676 COLUMBIA CIRCLE	99775	-147.82585502803678	64.86038870432733	
1680 COLUMBIA CIRCLE	99775	-147.82537223208686	64.8604302424596	
1684 COLUMBIA CIRCLE	99775	-147.82524406625018	64.86059800564017	
1634 TANANA LOOP	99775	-147.82367268259335	64.86051732229187	
1834 TAKU DRIVE	99775	-147.8198319400398	64.85901781285588	
1806 TANANA LOOP	99775	-147.82039266791077	64.85546847417173	
1858 TANANA LOOP	99775	-147.82725852152123	64.85598446771571	
1808 SALCHA STREET	99775	-147.82064520689588	64.8567123825446	
1724 SOUTH CHANDALAR DRIVE	99775	-147.82506988608836	64.8570261491696	
1786 YUKON DRIVE	99775	-147.82196912709813	64.85837944800491	
1807 NABESNA WAY	99775	-147.82376433491305	64.86073872705906	
1648 TANANA LOOP	99775	-147.82370510125642	64.86027649221295	
1836 TAKU DRIVE	99775	-147.8168028524448	64.85774820146342	
1820 SALCHA STREET	99775	-147.82181906859665	64.85590049555613	
182 MADCAP LANE	99709	-147.82245866586	64.8671374981995	
3400 SHANLY STREET	99709	-147.80447922322037	64.85578922045619	
333 COAL LANE	99709	-147.80361615532556	64.85548535636858	
337 COAL LANE	99709	-147.80388099710552	64.8554401215485	
329 COAL LANE	99709	-147.80326043966005	64.85550700030775	
325 COAL LANE	99709	-147.8029644265108	64.85550346703165	
321 COAL LANE	99709	-147.80265773485772	64.85550718455464	
317 COAL LANE	99709	-147.80229512537696	64.85550920477586	
313 COAL LANE	99709	-147.8019874828066	64.85549868762432	
309 COAL LANE	99709	-147.80175312491286	64.85549915259507	
305 COAL LANE	99709	-147.80136310911806	64.85550862540288	
301 COAL LANE	99709	-147.80107251176344	64.85550264758749	
297 COAL LANE	99709	-147.8006103245226	64.85551774094137	
293 COAL LANE	99709	-147.80036785119685	64.85548031522987	
3265 COLLEGE ROAD	99709	-147.79896322594024	64.85668660181628	
3160 COLLEGE ROAD	99709	-147.79484621388355	64.85918376476751	
3160 COLLEGE ROAD	99709	-147.7948976252871	64.8592194163042	
3160 COLLEGE ROAD	99709	-147.79494681515772	64.85925373431215	
3160 COLLEGE ROAD	99709	-147.79499931943533	64.85928982666616	
3160 COLLEGE ROAD	99709	-147.79505264864258	64.85932228122935	
3160 COLLEGE ROAD	99709	-147.79510406058577	64.85935793269266	
3160 COLLEGE ROAD	99709	-147.79515443635935	64.85939405068244	
3160 COLLEGE ROAD	99709	-147.79520460073255	64.85942699742726	
3160 COLLEGE ROAD	99709	-147.79525829307929	64.85946488792027	
3160 COLLEGE ROAD	99709	-147.79548237331272	64.85967273137555	
3160 COLLEGE ROAD	99709	-147.79553372397473	64.85970747715847	
3160 COLLEGE ROAD	99709	-147.79558738719894	64.85974491564897	
3160 COLLEGE ROAD	99709	-147.7954278629386	64.85947046120175	
3234 HOOPER AVENUE	99709	-147.7969622078086	64.85894289069651	
3234 HOOPER AVENUE	99709	-147.79696916384538	64.85898214559269	
3234 HOOPER AVENUE	99709	-147.79696617698335	64.85902397923422	
3234 HOOPER AVENUE	99709	-147.79696298507812	64.85906274206864	
3234 HOOPER AVENUE	99709	-147.79695999819936	64.85910457570968	
3234 HOOPER AVENUE	99709	-147.79695816811963	64.85914209277806	
3234 HOOPER AVENUE	99709	-147.79695790491493	64.85918143488755	
3234 HOOPER AVENUE	99709	-147.7969576006433	64.8592201619389	
3234 HOOPER AVENUE	99709	-147.79696043019996	64.85926253996908	
3210 COLLEGE ROAD	99709	-147.79722577746128	64.8586664783504	
3210 COLLEGE ROAD	99709	-147.79712992635362	64.8586663452298	
3210 COLLEGE ROAD	99709	-147.79702728574372	64.85866638380487	
3210 COLLEGE ROAD	99709	-147.79731533580818	64.85866717737743	
3210 COLLEGE ROAD	99709	-147.79749540071475	64.8586671379866	
3210 COLLEGE ROAD	99709	-147.79739954960593	64.85866700503978	
3210 COLLEGE ROAD	99709	-147.79758786324894	64.85866615429397	
3210 COLLEGE ROAD	99709	-147.79768371435387	64.85866628711948	
3210 COLLEGE ROAD	99709	-147.79830928960263	64.85866669246093	
3210 COLLEGE ROAD	99709	-147.79849760319772	64.85866584056363	
3210 COLLEGE ROAD	99709	-147.79790788674455	64.85867111505591	
3210 COLLEGE ROAD	99709	-147.7984051407062	64.85866682482163	
3210 COLLEGE ROAD	99709	-147.79810637848277	64.85867120842639	
3210 COLLEGE ROAD	99709	-147.79820850487246	64.85866943992666	
3210 COLLEGE ROAD	99709	-147.79801052736224	64.85867107587323	
3210 COLLEGE ROAD	99709	-147.7983152941739	64.85843002264673	
3210 COLLEGE ROAD	99709	-147.79839950721495	64.85842984974498	
3210 COLLEGE ROAD	99709	-147.79800908150708	64.85843301200717	
3210 COLLEGE ROAD	99709	-147.79820757148792	64.85843310524731	
3210 COLLEGE ROAD	99709	-147.7981117212157	64.8584329727571	
3210 COLLEGE ROAD	99709	-147.79849535747474	64.85842998204981	
3210 COLLEGE ROAD	99709	-147.79898570087013	64.85851907835914	
3210 COLLEGE ROAD	99709	-147.79896017636162	64.85856177957068	
3210 COLLEGE ROAD	99709	-147.798973466779	64.8583735722985	
3210 COLLEGE ROAD	99709	-147.79897350685263	64.85847755925761	
3210 COLLEGE ROAD	99709	-147.79897563532197	64.85842561337243	
3210 COLLEGE ROAD	99709	-147.79896359950865	64.858623406685	
3210 COLLEGE ROAD	99709	-147.79896101364722	64.85859125325057	
3195 COLLEGE ROAD	99709	-147.79617762791432	64.85796400718041	
1556 LUKE STREET	99709	-147.7830471856724	64.8582219024803	
3195 COLLEGE ROAD	99709	-147.79615619497642	64.85830352955871	
3195 COLLEGE ROAD	99709	-147.7961528341267	64.85822807235999	
3195 COLLEGE ROAD	99709	-147.79614784725985	64.85815334725918	
3195 COLLEGE ROAD	99709	-147.79614678661002	64.85806219347316	
1765 LATOYA CIRCLE	99709	-147.78423738622124	64.86084014667873	
1765 LATOYA CIRCLE	99709	-147.7842413248127	64.86087428675643	
1765 LATOYA CIRCLE	99709	-147.78424248217354	64.86091700702335	
1543 PORCHET WAY	99709	-147.78892864534822	64.85810795857363	
1543 PORCHET WAY	99709	-147.78883419571372	64.8581144361617	
1543 PORCHET WAY	99709	-147.78874508663142	64.85811728805479	
2763 MACK BOULEVARD	99709	-147.78318931516506	64.85949422169539	
2763 MACK BOULEVARD	99709	-147.7831886383432	64.85946716440462	
2763 MACK BOULEVARD	99709	-147.78318907658021	64.85944009374651	
1327 HAYES AVENUE	99709	-147.8050189020905	64.85599717606118	
1560 PORCHET WAY	99709	-147.78989706798365	64.85810553156026	
3035 TOTEM DRIVE	99709	-147.79047043715346	64.85807680198042	
3055 TOTEM DRIVE	99709	-147.79102486451904	64.85799998274462	
3115 TOTEM DRIVE	99709	-147.7921872844176	64.85794583841003	
1007 NORTH CHANDALAR DRIVE	99775	-147.8224884653738	64.85833529777015	
3240 HOOPER AVENUE	99709	-147.8004694532279	64.85928595264086	
3240 HOOPER AVENUE	99709	-147.80046638807485	64.85895230518788	
3240 HOOPER AVENUE	99709	-147.7987464458879	64.85928175271154	
3240 HOOPER AVENUE	99709	-147.80037038191193	64.85928596465381	
3240 HOOPER AVENUE	99709	-147.80026298216637	64.85928667052113	
3240 HOOPER AVENUE	99709	-147.80016945068206	64.85928602312742	
3240 HOOPER AVENUE	99709	-147.8000634108871	64.85928611927015	
3240 HOOPER AVENUE	99709	-147.7999741781392	64.85928719909813	
3240 HOOPER AVENUE	99709	-147.79983320181006	64.85928652979942	
3240 HOOPER AVENUE	99709	-147.79973413048546	64.85928654138866	
3240 HOOPER AVENUE	99709	-147.7994271594311	64.85928669469216	
3240 HOOPER AVENUE	99709	-147.79953319923726	64.85928659900296	
3240 HOOPER AVENUE	99709	-147.79962673071415	64.8592872467967	
3240 HOOPER AVENUE	99709	-147.80037432231873	64.85895270709402	
3240 HOOPER AVENUE	99709	-147.80028899644572	64.85895373983354	
3240 HOOPER AVENUE	99709	-147.80019697829786	64.85895485351791	
3240 HOOPER AVENUE	99709	-147.79953061847368	64.85895579473917	
3240 HOOPER AVENUE	99709	-147.8000831600205	64.85895551850346	
3240 HOOPER AVENUE	99709	-147.79998277599327	64.85895673329718	
3240 HOOPER AVENUE	99709	-147.79983028941425	64.85895501705464	
3240 HOOPER AVENUE	99709	-147.79974845134606	64.85895814377616	
3240 HOOPER AVENUE	99709	-147.79963793262527	64.85895805603347	
3240 HOOPER AVENUE	99709	-147.799423542144	64.85895709011908	
3240 HOOPER AVENUE	99709	-147.79874717706906	64.85924257091791	
3240 HOOPER AVENUE	99709	-147.79874283983747	64.85920273795108	
3240 HOOPER AVENUE	99709	-147.79874323597934	64.85915857475601	
3240 HOOPER AVENUE	99709	-147.7987454484043	64.85911652609123	
3240 HOOPER AVENUE	99709	-147.79875015183848	64.85906162654183	
3240 HOOPER AVENUE	99709	-147.79875226908814	64.8590181540994	
3240 HOOPER AVENUE	99709	-147.79874908229533	64.85897047280868	
3162 CHINOOK DRIVE	99709	-147.79410543587437	64.85745085734511	
1489 OLD PIONEER WAY	99709	-147.7831920294777	64.85760120064907	
1489 OLD PIONEER WAY	99709	-147.78321672440725	64.85763699150378	
1830 TAKU DRIVE	99775	-147.81818832359446	64.85857568745918	
1954 WESTON DRIVE	99709	-147.84090007915952	64.87761592561561	
2098 WESTON DRIVE	99709	-147.8525739876407	64.8770174956369	
2042 WESTON DRIVE	99709	-147.84893826012419	64.8770792244642	
2149 YANKOVICH ROAD	99709	-147.86014807337733	64.87652633324099	
2175 YANKOVICH ROAD	99709	-147.86303577110502	64.87690634733534	
460 LONE PINE DRIVE	99709	-147.87387880630902	64.87985855053836	
2039 SUN VALLEY DRIVE	99709	-147.84902177521107	64.8793680903884	
1621 GONZAGA WAY	99709	-147.80423359275866	64.89120117595644	
1695 REED CIRCLE	99709	-147.81586134813466	64.87303724566472	
1715 REED CIRCLE	99709	-147.81585669596927	64.87337414856232	
795 MERLIN LANE	99709	-147.7949826648927	64.89382907005043	
681 OLD CAT TRAIL	99709	-147.8570489147325	64.8887814668353	
1745 REED CIRCLE	99709	-147.81714539692737	64.87306717602546	
1684 WOLVERINE LANE	99709	-147.81118765499534	64.89717301833173	
733 DALTON TRAIL	99709	-147.8474836146231	64.89196312680346	
2095 ALYESKA DRIVE	99709	-147.85580410368902	64.87910204484513	
561 NATURE TRAIL	99709	-147.78354178077106	64.88445628310329	
1801 INIAKUK AVENUE	99709	-147.82318618752498	64.87166137087196	
1797 INIAKUK AVENUE	99709	-147.82267960950364	64.87154422921753	
755 MERLIN LANE	99709	-147.79145657847153	64.89309919989546	
1605 SCENIC LOOP	99709	-147.80193153219074	64.88247532103354	
565 HILLTOP AVENUE	99709	-147.80035473838643	64.88429341045325	
592 SANDPIPER DRIVE	99709	-147.82965694515434	64.88564667320614	
1882 ARCTIC LOON CIRCLE	99709	-147.83286646842055	64.89753848157052	
2112 NOTTINGHAM DRIVE	99709	-147.85580231127213	64.88661996651925	
2208 NOTTINGHAM DRIVE	99709	-147.860526009589	64.8881707975185	
2027 WESTON DRIVE	99709	-147.8474833680044	64.87629823357636	
2039 WESTON DRIVE	99709	-147.84875178277602	64.87620768959412	
2053 WESTON DRIVE	99709	-147.84990901757345	64.87628134615136	
711 DALTON TRAIL	99709	-147.8479928327906	64.89082795112552	
2053 SHADOW LANE	99709	-147.85003885595813	64.89109149283235	
2049 SHADOW LANE	99709	-147.84964885664894	64.89191409357369	
2069 SHADOW LANE	99709	-147.8516075327974	64.89176154686278	
2248 NOTTINGHAM DRIVE	99709	-147.8633291452968	64.88922371762145	
2061 WESTON DRIVE	99709	-147.8514721024233	64.87642720021809	
2079 YANKOVICH ROAD	99709	-147.85290454978642	64.87765358399977	
2063 YANKOVICH ROAD	99709	-147.85131068492427	64.8776660104712	
2051 YANKOVICH ROAD	99709	-147.85005687494774	64.8776816084335	
2024 WESTON DRIVE	99709	-147.84719618877233	64.87693362707687	
2125 YANKOVICH ROAD	99709	-147.8575827411667	64.87637504187163	
2135 YANKOVICH ROAD	99709	-147.8587377749048	64.87662652121665	
2290 YANKOVICH ROAD	99709	-147.87505074867124	64.87815846988121	
2268 YANKOVICH ROAD	99709	-147.87343584060446	64.87821529660518	
445 LONE PINE DRIVE	99709	-147.8756030953983	64.87922589913897	
448 LONE PINE DRIVE	99709	-147.87368394680726	64.87920069163688	
587 DALTON TRAIL	99709	-147.84716584349422	64.88550490906343	
595 DALTON TRAIL	99709	-147.84718317801324	64.88579292911655	
2025 CHARLIJO LOOP	99709	-147.84738364345498	64.88671649411249	
2035 CHARLIJO LOOP	99709	-147.84824446237516	64.88674341117124	
661 OLD CAT TRAIL	99709	-147.85937854360034	64.8879482111294	
651 OLD CAT TRAIL	99709	-147.85875873381568	64.88795075764331	
2052 CHARLIJO LOOP	99709	-147.85021993338577	64.88768538311716	
2080 CHARLIJO LOOP	99709	-147.85191786846107	64.88798303820458	
2160 CHARLIJO LOOP	99709	-147.85122182737643	64.88889570183164	
2120 CHARLIJO LOOP	99709	-147.85228906624596	64.88894719391129	
2075 WESTON DRIVE	99709	-147.8535956448052	64.87626691162386	
2095 YANKOVICH ROAD	99709	-147.85462010151454	64.877680275579	
2049 CHARLIJO LOOP	99709	-147.85030175704918	64.88677785626518	
2131 CHARLIJO LOOP	99709	-147.8537337599805	64.88912349051849	
685 DALTON TRAIL	99709	-147.84811626292614	64.89014854963503	
2175 CHARLIJO LOOP	99709	-147.84926003378465	64.88979509974261	
2153 CHARLIJO LOOP	99709	-147.85144729529028	64.88984532131296	
2065 SHADOW LANE	99709	-147.85200772071735	64.89123316615189	
2088 ALDERNECK TRAIL	99709	-147.8533306367908	64.89089641145299	
730 OLD CAT TRAIL	99709	-147.85363091366827	64.89160609039037	
735 OLD CAT TRAIL	99709	-147.85634860102672	64.89189325393123	
711 OLD CAT TRAIL	99709	-147.855904003507	64.8911238044847	
2252 YANKOVICH ROAD	99709	-147.8714119508063	64.87819066292909	
2030 CHARLIJO LOOP	99709	-147.84807885355926	64.88740016530612	
2121 NOTTINGHAM DRIVE	99709	-147.85583701903508	64.88472034897147	
2070 NOTTINGHAM DRIVE	99709	-147.8510587146699	64.8857741359471	
2170 NOTTINGHAM DRIVE	99709	-147.86261027257538	64.88613705010847	
2194 NOTTINGHAM DRIVE	99709	-147.8618437253082	64.88667216538107	
2183 NOTTINGHAM DRIVE	99709	-147.86664257465003	64.88570286399165	
2199 NOTTINGHAM DRIVE	99709	-147.8642454584639	64.88722605015461	
2101 CHARLIJO LOOP	99709	-147.85333219078962	64.88799053545523	
2065 CHARLIJO LOOP	99709	-147.85150986185639	64.8867173354399	
1370 VIEWPOINTE DRIVE	99709	-147.7784398193746	64.89012253570345	
1371 OVERHILL DRIVE	99709	-147.7785952968038	64.8912048787217	
1400 GOSHAWK LANE	99709	-147.78077088863256	64.89375122794179	
1410 GOSHAWK LANE	99709	-147.78104774611828	64.89334794309629	
1420 GOSHAWK LANE	99709	-147.7824128590912	64.89341733490309	
1430 GOSHAWK LANE	99709	-147.78357328797344	64.89332214080838	
1469 GOSHAWK LANE	99709	-147.79016670482693	64.89351299979658	
770 MERLIN LANE	99709	-147.7914107689299	64.89389643195426	
780 MERLIN LANE	99709	-147.79265909087826	64.89405848095808	
775 MERLIN LANE	99709	-147.79221371024127	64.8932539243412	
785 MERLIN LANE	99709	-147.79321802020164	64.8932464829673	
1532 LA RUE LANE	99709	-147.79436398486308	64.89300548758241	
1620 RED FOX DRIVE	99709	-147.80793286235274	64.89716314059389	
1621 WOLVERINE LANE	99709	-147.79717269153417	64.89366768353939	
791 GOLDFINCH ROAD	99709	-147.8410782334614	64.89516107650181	
773 GOLDFINCH ROAD	99709	-147.8416085025764	64.89436117287282	
1619 WOLVERINE LANE	99709	-147.79720476721928	64.89467516233749	
1617 WOLVERINE LANE	99709	-147.79897724340267	64.89548719919453	
1605 WOLVERINE LANE	99709	-147.79955772323177	64.89623876383591	
1608 WOLVERINE LANE	99709	-147.80201412774466	64.89471794552121	
1629 WOLVERINE LANE	99709	-147.80577174361247	64.89316544310086	
1631 WOLVERINE LANE	99709	-147.80720628092135	64.89360403871115	
1659 WOLVERINE LANE	99709	-147.80793486010938	64.89483968568406	
1680 WOLVERINE LANE	99709	-147.8140144596485	64.8942607225678	
1670 WOLVERINE LANE	99709	-147.814991858567	64.89518810423779	
1698 WOLVERINE LANE	99709	-147.81390083898012	64.89653278421686	
1692 WOLVERINE LANE	99709	-147.81390911379182	64.89747146295485	
860 BALLAINE ROAD	99709	-147.82860392443277	64.8973024154322	
810 BALLAINE ROAD	99709	-147.8281798598016	64.89520215350139	
1833 MUSK OX TRAIL	99709	-147.8271322174004	64.89579542179033	
1812 MUSK OX TRAIL	99709	-147.8263673833399	64.89783991189748	
1816 MUSK OX TRAIL	99709	-147.82562695977194	64.89786135613446	
757 GOLDFINCH ROAD	99709	-147.84273199884584	64.8937632548192	
745 GOLDFINCH ROAD	99709	-147.84380564757447	64.8930550057598	
740 GOLDFINCH ROAD	99709	-147.8432150248925	64.89230605629254	
862 GOLDFINCH ROAD	99709	-147.83738004660037	64.89778695146732	
1371 VIEWPOINTE DRIVE	99709	-147.77844342630993	64.88936384701228	
1403 JOLIET DRIVE	99709	-147.78319581269588	64.89000985071947	
1443 JOLIET DRIVE	99709	-147.7858978010936	64.88997626378949	
1473 JOLIET DRIVE	99709	-147.7886354224022	64.8901158188537	
1503 JOLIET DRIVE	99709	-147.7913048598478	64.89053603396452	
891 ETON BOULEVARD	99709	-147.77990221732472	64.89142456939626	
1397 ITHACA ROAD	99709	-147.7814506469101	64.88681479348894	
1421 ITHACA ROAD	99709	-147.7833452746937	64.88663179335279	
1437 ITHACA ROAD	99709	-147.78465006530587	64.88667142167752	
1449 ITHACA ROAD	99709	-147.78641238151144	64.88669829873007	
1466 BAYLOR BOULEVARD	99709	-147.78785279349412	64.88596483564778	
851 ETON BOULEVARD	99709	-147.78055971053917	64.89216146175575	
831 ETON BOULEVARD	99709	-147.7828508307048	64.89218449021747	
820 ETON BOULEVARD	99709	-147.7839050455698	64.89138259305507	
791 ETON BOULEVARD	99709	-147.7866538754878	64.89218920562192	
751 ETON BOULEVARD	99709	-147.7906886996007	64.89219158562683	
741 ETON BOULEVARD	99709	-147.79328179313137	64.89207614513833	
598 ETON BOULEVARD	99709	-147.79947886170444	64.8859989659537	
620 ETON BOULEVARD	99709	-147.79869724654182	64.8874340898385	
650 ETON BOULEVARD	99709	-147.79906739956118	64.8885070409169	
674 ETON BOULEVARD	99709	-147.79859684200005	64.88943899180364	
1530 HOLY CROSS DRIVE	99709	-147.7952120221218	64.89004556417922	
1516 HOLY CROSS DRIVE	99709	-147.79197982530349	64.89022689822765	
1488 HOLY CROSS DRIVE	99709	-147.7896042120068	64.88978775617059	
1462 HOLY CROSS DRIVE	99709	-147.78755469789988	64.88958684746243	
1407 HOLY CROSS DRIVE	99709	-147.7813309970564	64.88896729017098	
1443 HOLY CROSS DRIVE	99709	-147.78511685810793	64.88877918983158	
1453 HOLY CROSS DRIVE	99709	-147.7863524595892	64.8887368576725	
1553 HOLY CROSS DRIVE	99709	-147.79524121618223	64.88754712932806	
1559 HOLY CROSS DRIVE	99709	-147.79525640391824	64.88681270259902	
1565 HOLY CROSS DRIVE	99709	-147.79589397385655	64.88577489457519	
1484 ITHACA ROAD	99709	-147.79012860168532	64.88827143771756	
1470 ITHACA ROAD	99709	-147.78844663464085	64.8877508744503	
1452 ITHACA ROAD	99709	-147.78652864648853	64.88782202337245	
1436 ITHACA ROAD	99709	-147.7849125395373	64.88767191371576	
1442 FARMERS LOOP ROAD	99709	-147.7862574291665	64.88586382253251	
544 NATURE TRAIL	99709	-147.7825130364271	64.88363002671473	
530 NATURE TRAIL	99709	-147.78231386952504	64.88307091417515	
528 NATURE TRAIL	99709	-147.78238557055374	64.88278188440215	
549 NATURE TRAIL	99709	-147.7839712422012	64.88389362047157	
1448 FARMERS LOOP ROAD	99709	-147.78632117936607	64.88482077200906	
1430 FARMERS LOOP ROAD	99709	-147.7841451283417	64.88558286332409	
1418 FARMERS LOOP ROAD	99709	-147.78299524883303	64.88569757351213	
1627 WOLVERINE LANE	99709	-147.8022689934638	64.89167201631425	
1625 GONZAGA WAY	99709	-147.80400178863377	64.89215050279668	
1622 GONZAGA WAY	99709	-147.80046619904041	64.89095584363419	
678 FORDHAM DRIVE	99709	-147.80350357593798	64.89003248021216	
697 FORDHAM DRIVE	99709	-147.80573789203683	64.89036189613866	
725 FORDHAM DRIVE	99709	-147.80659349171796	64.89121418891344	
731 FORDHAM DRIVE	99709	-147.80667911879766	64.89193751483789	
730 DE PAUW DRIVE	99709	-147.80984540653517	64.89195764510691	
636 DE PAUW DRIVE	99709	-147.80330355381102	64.8875384149173	
635 DE PAUW DRIVE	99709	-147.80325352484982	64.8864231420787	
629 DE PAUW DRIVE	99709	-147.80514012308248	64.88694866712582	
663 DE PAUW DRIVE	99709	-147.80752107136507	64.88890290040611	
668 CAMBRIDGE DRIVE	99709	-147.81000705401235	64.88924725002731	
640 CAMBRIDGE DRIVE	99709	-147.80866938345605	64.88825076859835	
620 CAMBRIDGE DRIVE	99709	-147.8075533264298	64.88694951325715	
604 CAMBRIDGE DRIVE	99709	-147.80588299427708	64.88635795162315	
631 CAMBRIDGE DRIVE	99709	-147.8103877435839	64.88767803798683	
676 AUBURN DRIVE	99709	-147.81227831783394	64.88879461140674	
632 AUBURN DRIVE	99709	-147.81191568276478	64.88762043118136	
618 AUBURN DRIVE	99709	-147.81112407440895	64.88653170826827	
556 NATURE TRAIL	99709	-147.78259938106564	64.88408957061489	
560 SUNNYSIDE ROAD	99709	-147.78587699549556	64.8838760507828	
1544 SCENIC LOOP	99709	-147.7951218744365	64.883383128358	
1548 SCENIC LOOP	99709	-147.79502584369638	64.88386012504	
455 ELBERT ROAD	99709	-147.79020194903575	64.88394107890086	
534 SUNNYSIDE ROAD	99709	-147.78635489544806	64.88242553624507	
1479 FARMERS LOOP ROAD	99709	-147.78927726689528	64.8830107893364	
1491 FARMERS LOOP ROAD	99709	-147.790653656201	64.8824419037864	
1493 FARMERS LOOP ROAD	99709	-147.7908173626875	64.88244081543775	
1501 FARMERS LOOP ROAD	99709	-147.7926622987302	64.88168382088193	
438 NRA LANE	99709	-147.7992730124019	64.87814794836177	
422 NRA LANE	99709	-147.8026683069964	64.87859169126149	
416 NRA LANE	99709	-147.80385704007182	64.87858890392184	
1585 FARMERS LOOP ROAD	99709	-147.80045544399647	64.88061231208547	
1597 FARMERS LOOP ROAD	99709	-147.80161337283707	64.88040237232804	
1605 FARMERS LOOP ROAD	99709	-147.80260675642603	64.88053583417322	
1613 FARMERS LOOP ROAD	99709	-147.80323249715235	64.88030508563617	
1665 FARMERS LOOP ROAD	99709	-147.80907893577825	64.87950759489944	
1695 FARMERS LOOP ROAD	99709	-147.81127022833124	64.87903189204873	
1478 FARMERS LOOP ROAD	99709	-147.78898580243492	64.88409812546604	
1496 FARMERS LOOP ROAD	99709	-147.79096531810643	64.88336178569192	
1506 FARMERS LOOP ROAD	99709	-147.79170999517208	64.88315687319876	
1526 FARMERS LOOP ROAD	99709	-147.79552770934225	64.88218904808889	
1540 FARMERS LOOP ROAD	99709	-147.7964839343409	64.88201483649001	
1560 FARMERS LOOP ROAD	99709	-147.79728368770336	64.88193711652623	
1570 FARMERS LOOP ROAD	99709	-147.79928662241758	64.88135000817431	
1528 SCENIC LOOP	99709	-147.79866148975339	64.88215064069877	
1536 SCENIC LOOP	99709	-147.79760034421213	64.88248750786585	
1540 SCENIC LOOP	99709	-147.79624914544414	64.88292110593957	
1470 HUSKY WAY	99709	-147.78842499945367	64.88467052099008	
1510 JOLIET DRIVE	99709	-147.7919113827453	64.89141219838487	
1492 JOLIET DRIVE	99709	-147.79030628845814	64.8909504866539	
920 ETON BOULEVARD	99709	-147.78552040989968	64.89067081386273	
810 ETON BOULEVARD	99709	-147.78576703138535	64.89135195195541	
1476 HUSKY WAY	99709	-147.78926901077602	64.88494289894781	
1480 HUSKY WAY	99709	-147.78967492999257	64.88490828440275	
921 ETON BOULEVARD	99709	-147.78226972741268	64.89070503956812	
1392 JOLIET DRIVE	99709	-147.78090623172804	64.89117831758425	
1395 JOLIET DRIVE	99709	-147.77932206872234	64.89068121821538	
1519 JOLIET DRIVE	99709	-147.79517414453375	64.8908998686602	
790 ETON BOULEVARD	99709	-147.78750333160323	64.89141210148703	
1471 ITHACA ROAD	99709	-147.7880260840306	64.88668370884533	
1485 ITHACA ROAD	99709	-147.78992484471735	64.88710099046666	
1505 ITHACA ROAD	99709	-147.7913524359215	64.88716838616034	
1402 FARMERS LOOP ROAD	99709	-147.781330489305	64.88581870331528	
1551 LA RUE LANE	99709	-147.79646001863767	64.89195205157642	
760 ETON BOULEVARD	99709	-147.7898618729885	64.89142888297143	
735 ETON BOULEVARD	99709	-147.79517117595347	64.89197126333262	
731 ETON BOULEVARD	99709	-147.79804937647566	64.89103106562723	
669 ETON BOULEVARD	99709	-147.80114098016247	64.8892390190377	
613 ETON BOULEVARD	99709	-147.80146895274808	64.88633223527611	
692 ETON BOULEVARD	99709	-147.79670902154848	64.89029336924915	
1560 HOLY CROSS DRIVE	99709	-147.79791071758785	64.88602055362149	
1554 HOLY CROSS DRIVE	99709	-147.79715768382263	64.88716988767396	
1550 HOLY CROSS DRIVE	99709	-147.7977065422117	64.88846171040007	
1542 HOLY CROSS DRIVE	99709	-147.79687084471226	64.88888616813323	
1448 HOLY CROSS DRIVE	99709	-147.78500971917435	64.88944644849676	
1416 HOLY CROSS DRIVE	99709	-147.78219472766952	64.88959296364736	
1390 HOLY CROSS DRIVE	99709	-147.78042282048096	64.88991600535	
1469 HOLY CROSS DRIVE	99709	-147.78863424345943	64.88878802707119	
1511 HOLY CROSS DRIVE	99709	-147.79255098611895	64.88965231592337	
1520 ITHACA ROAD	99709	-147.7937472203413	64.88561971071103	
1516 ITHACA ROAD	99709	-147.79305777507523	64.88620501082106	
1512 ITHACA ROAD	99709	-147.7932265455099	64.88713718001289	
1506 ITHACA ROAD	99709	-147.7928677542052	64.88853785029406	
1500 ITHACA ROAD	99709	-147.79174767665992	64.88880033068943	
1420 ITHACA ROAD	99709	-147.78354706216453	64.88773219846425	
1404 ITHACA ROAD	99709	-147.78176806683817	64.88790192639213	
1394 ITHACA ROAD	99709	-147.7800729441043	64.88814032783257	
1391 ITHACA ROAD	99709	-147.7798880459043	64.88740270339207	
1569 LA RUE LANE	99709	-147.79857486953708	64.89178930306855	
525 SUNNYSIDE ROAD	99709	-147.78791292699066	64.88272388037086	
1467 FARMERS LOOP ROAD	99709	-147.78751555804493	64.88348517219495	
1551 FARMERS LOOP ROAD	99709	-147.79713613381537	64.880799116678	
1567 FARMERS LOOP ROAD	99709	-147.79868609270676	64.88056487417691	
1625 WOLVERINE LANE	99709	-147.80087957753605	64.89171098136822	
1585 GONZAGA WAY	99709	-147.80062802365444	64.88987001078313	
649 ETON BOULEVARD	99709	-147.80055970008564	64.8883162258425	
661 FORDHAM DRIVE	99709	-147.802545281219	64.88842574664494	
673 FORDHAM DRIVE	99709	-147.8042246309627	64.88895122813688	
714 DE PAUW DRIVE	99709	-147.80891124905216	64.89149779802935	
698 DE PAUW DRIVE	99709	-147.80759210987645	64.89053430333033	
656 DE PAUW DRIVE	99709	-147.80578645682192	64.8891750301904	
642 DE PAUW DRIVE	99709	-147.80462251795936	64.88803192366701	
691 DE PAUW DRIVE	99709	-147.80891421895143	64.89014406657829	
713 DE PAUW DRIVE	99709	-147.8107593272219	64.89116004250724	
719 DE PAUW DRIVE	99709	-147.81155791522136	64.89155264218304	
696 CAMBRIDGE DRIVE	99709	-147.81167665064626	64.89034547620324	
1640 BAYLOR BOULEVARD	99709	-147.8066826978063	64.8854424261198	
609 CAMBRIDGE DRIVE	99709	-147.80870129735388	64.88602514147304	
617 CAMBRIDGE DRIVE	99709	-147.80909763551202	64.88679199039997	
600 AUBURN DRIVE	99709	-147.81063523109984	64.88589645924384	
700 AUBURN DRIVE	99709	-147.81485945982917	64.89092420267147	
1379 FARMERS LOOP ROAD	99709	-147.77981136750938	64.88482425088954	
511 NATURE TRAIL	99709	-147.7833512730751	64.88212774048827	
531 NATURE TRAIL	99709	-147.78468611885845	64.88281806949735	
547 NATURE TRAIL	99709	-147.78362350417956	64.883536255548	
514 SUNNYSIDE ROAD	99709	-147.78592746188596	64.88228147077342	
511 SUNNYSIDE ROAD	99709	-147.78796718512888	64.88224177581576	
1573 FARMERS LOOP ROAD	99709	-147.79960022898098	64.88044458239372	
1557 BAYLOR BOULEVARD	99709	-147.7978713151598	64.88492443836762	
562 HILLTOP AVENUE	99709	-147.79841151489327	64.88421807019212	
568 HILLTOP AVENUE	99709	-147.79902468940068	64.88467427685738	
576 HILLTOP AVENUE	99709	-147.80004286800443	64.8849525161438	
574 GRANDVIEW COURT	99709	-147.80258061833263	64.88440919108673	
458 NRA LANE	99709	-147.79913273851344	64.8795391017299	
415 NRA LANE	99709	-147.80301894987286	64.87935731772808	
447 NRA LANE	99709	-147.80110690786685	64.87933182191837	
471 NRA LANE	99709	-147.8004224135268	64.87984551158058	
469 NRA LANE	99709	-147.80038276119578	64.88014877433862	
1625 FARMERS LOOP ROAD	99709	-147.8047556218604	64.88017238534519	
1639 FARMERS LOOP ROAD	99709	-147.80645047504734	64.87898480821353	
1705 FARMERS LOOP ROAD	99709	-147.81245654424202	64.87859685650857	
1713 FARMERS LOOP ROAD	99709	-147.81344332858015	64.87845693769995	
1721 FARMERS LOOP ROAD	99709	-147.81363040831963	64.87803707673028	
1464 FARMERS LOOP ROAD	99709	-147.78786403564598	64.8844440055176	
250 GUNFLINT COURT	99709	-147.8078646801048	64.87054197723492	
260 GUNFLINT COURT	99709	-147.80728089118418	64.87108177135403	
290 BEBERG COURT	99709	-147.80716106673495	64.87228190942278	
557 GRANDVIEW COURT	99709	-147.8034363189895	64.8839681739965	
553 GRANDVIEW COURT	99709	-147.8032723250661	64.88350485970078	
1618 SCENIC LOOP	99709	-147.80331828556203	64.88189924850519	
1616 FARMERS LOOP ROAD	99709	-147.80350187412296	64.88133850687262	
1507 SCENIC LOOP	99709	-147.80163794665083	64.88212945144704	
1515 SCENIC LOOP	99709	-147.80084693578561	64.88233936842157	
1543 SCENIC LOOP	99709	-147.7967549545887	64.88402171198284	
1559 SCENIC LOOP	99709	-147.79755776085378	64.88376308507303	
1569 SCENIC LOOP	99709	-147.798485003576	64.88344025719732	
1581 SCENIC LOOP	99709	-147.79965551659123	64.88322986434224	
1656 APPALOOSA LANE	99709	-147.80783446029855	64.88124760235047	
1631 BAYLOR BOULEVARD	99709	-147.80505184654885	64.88477224196764	
1649 BAYLOR BOULEVARD	99709	-147.8069884117078	64.88479291730911	
1659 BAYLOR BOULEVARD	99709	-147.80817309716656	64.88482838339264	
536 AUBURN DRIVE	99709	-147.81124138086534	64.88347453394728	
524 AUBURN DRIVE	99709	-147.81214135773666	64.88162421209238	
490 AUBURN DRIVE	99709	-147.81228732372077	64.88071150305085	
470 AUBURN DRIVE	99709	-147.8120344796566	64.8803085309877	
525 WILD HORSE LANE	99709	-147.80975704035515	64.88293815084603	
517 WILD HORSE LANE	99709	-147.81011029622945	64.882048919492	
1672 FARMERS LOOP ROAD	99709	-147.8100954847701	64.88096100166187	
1695 INIAKUK AVENUE	99709	-147.81217908057928	64.87166339647523	
300 BEBERG COURT	99709	-147.8071642444269	64.8728800819709	
1722 ARMY ROAD	99709	-147.81512320274533	64.87111107826716	
1724 ARMY ROAD	99709	-147.81570540437193	64.87117933773244	
1752 ARMY ROAD	99709	-147.81840406902336	64.8710957686903	
1758 ARMY ROAD	99709	-147.81873787531967	64.87071243081022	
1762 ARMY ROAD	99709	-147.81911039526017	64.87100994277947	
1768 ARMY ROAD	99709	-147.81971872268508	64.87105296403064	
290 AXELSSON COURT	99709	-147.81055305715458	64.87245017769136	
300 AXELSSON COURT	99709	-147.81042420127383	64.8730560778633	
310 AXELSSON COURT	99709	-147.8105046641009	64.87332854033511	
320 AXELSSON COURT	99709	-147.80992698820876	64.874006105344	
305 AXELSSON COURT	99709	-147.8120003211378	64.87331943506197	
1740 INIAKUK AVENUE	99709	-147.8168034130293	64.87218953088828	
1754 INIAKUK AVENUE	99709	-147.81854791819234	64.87232647674216	
1690 REED CIRCLE	99709	-147.81350188260572	64.87265174437724	
1720 REED CIRCLE	99709	-147.81605780318944	64.87414113445794	
1724 REED CIRCLE	99709	-147.81744544311394	64.87404811463063	
1732 REED CIRCLE	99709	-147.8188828786826	64.87413508816826	
1740 REED CIRCLE	99709	-147.81934742531433	64.8735846613181	
1793 INIAKUK AVENUE	99709	-147.82225437913493	64.87146282219535	
1789 INIAKUK AVENUE	99709	-147.82166810505325	64.87163076839175	
1753 INIAKUK AVENUE	99709	-147.8183773741799	64.87155472585464	
1747 INIAKUK AVENUE	99709	-147.81795852439603	64.87170179532261	
1745 INIAKUK AVENUE	99709	-147.81749373866833	64.87174132699836	
1741 INIAKUK AVENUE	99709	-147.817142504247	64.87175767839199	
1721 INIAKUK AVENUE	99709	-147.81518655643157	64.87160913638381	
1715 INIAKUK AVENUE	99709	-147.81473814953966	64.87167921593758	
1711 INIAKUK AVENUE	99709	-147.81395670709554	64.87161126216587	
1707 INIAKUK AVENUE	99709	-147.8134642382087	64.8717313043683	
1714 ARMY ROAD	99709	-147.8142538064818	64.87115431648289	
1718 ARMY ROAD	99709	-147.81466995915096	64.87089155405464	
551 AUBURN DRIVE	99709	-147.8133724585271	64.88390689373976	
541 AUBURN DRIVE	99709	-147.81341816972414	64.88322412068227	
525 AUBURN DRIVE	99709	-147.81349119180123	64.88270849444314	
486 SUN WAY	99709	-147.81454899672403	64.88099450079463	
474 SUN WAY	99709	-147.81451392898197	64.88060509187808	
466 SUN WAY	99709	-147.81430360381836	64.88012991781095	
475 AUBURN DRIVE	99709	-147.81339278656253	64.880606716484	
1734 FALL ROAD	99709	-147.8172274434383	64.88470207363196	
1792 ARMY ROAD	99709	-147.82263699886806	64.87091440376736	
275 MADCAP LANE	99709	-147.8228498082264	64.87041872257572	
1837 YANKOVICH ROAD	99709	-147.82759661960353	64.87732383830324	
269 MADCAP LANE	99709	-147.82283047673474	64.87033672307444	
265 MADCAP LANE	99709	-147.82284430171472	64.87021118159802	
263 MADCAP LANE	99709	-147.82287083502501	64.8701083686796	
253 MADCAP LANE	99709	-147.82279072869022	64.86996962626675	
257 MADCAP LANE	99709	-147.82274045849718	64.86998406615211	
259 MADCAP LANE	99709	-147.82282433585863	64.86998580951824	
256 MADCAP LANE	99709	-147.8215499471809	64.86989158316896	
262 MADCAP LANE	99709	-147.8215866889719	64.87010431135091	
264 MADCAP LANE	99709	-147.82159465817898	64.87013950072863	
274 MADCAP LANE	99709	-147.82165917430925	64.87058243708613	
569 AUBURN DRIVE	99709	-147.81345467280272	64.8844848196502	
561 AUBURN DRIVE	99709	-147.81344613967102	64.88426680510891	
565 OOKPIK WAY	99709	-147.8208495332268	64.88457900360191	
549 GRANDVIEW COURT	99709	-147.80224695631938	64.88331578126781	
1608 SCENIC LOOP	99709	-147.8032563642222	64.88292065937678	
1612 SCENIC LOOP	99709	-147.8032721650372	64.88252072597335	
1614 SCENIC LOOP	99709	-147.80372319172682	64.88245675390782	
1525 SCENIC LOOP	99709	-147.7997231211934	64.88254257718849	
1537 SCENIC LOOP	99709	-147.7984458760018	64.88289220709586	
557 OOKPIK WAY	99709	-147.82059895732678	64.88427860506388	
558 OOKPIK WAY	99709	-147.8183567633207	64.8839426593716	
547 SUN WAY	99709	-147.81631950429204	64.88344328008252	
533 OOKPIK WAY	99709	-147.82026932194574	64.8831503125096	
525 OOKPIK WAY	99709	-147.82007791107145	64.88284483771255	
519 OOKPIK WAY	99709	-147.81988114276186	64.88245769098913	
499 OOKPIK WAY	99709	-147.82052693656883	64.88164230256291	
491 OOKPIK WAY	99709	-147.81975928125433	64.8813297427155	
485 OOKPIK WAY	99709	-147.820007080324	64.88090911279393	
486 OOKPIK WAY	99709	-147.81782063525262	64.88107484259649	
478 OOKPIK WAY	99709	-147.81829840146978	64.88046374724586	
1742 RISE ROAD	99709	-147.8173522977364	64.8801628714754	
523 SUN WAY	99709	-147.8159594985966	64.88285847203754	
1732 RISE ROAD	99709	-147.81591449573847	64.88016528304617	
1512 HUSKY WAY	99709	-147.79288870933806	64.8847417077236	
1518 HUSKY WAY	99709	-147.79369209386488	64.88467524961798	
1524 HUSKY WAY	99709	-147.79513644790956	64.88479789801089	
1554 SCENIC LOOP	99709	-147.7967410501466	64.8848989365968	
573 HILLTOP AVENUE	99709	-147.8012460817046	64.88481271356588	
1574 SCENIC LOOP	99709	-147.79965075810526	64.8838641234238	
548 GRANDVIEW COURT	99709	-147.80109608584206	64.88355824391081	
552 GRANDVIEW COURT	99709	-147.80155684918336	64.88424590202193	
1752 FALL ROAD	99709	-147.81852228295745	64.88500144544146	
1539 SCENIC LOOP	99709	-147.79757532031232	64.88320367599836	
1696 INIAKUK AVENUE	99709	-147.81201356431725	64.87221710499	
1700 INIAKUK AVENUE	99709	-147.81365389706227	64.87219872720212	
1726 INIAKUK AVENUE	99709	-147.81551777953325	64.87219143246044	
1708 REED CIRCLE	99709	-147.81373490245736	64.87346666057736	
1710 REED CIRCLE	99709	-147.81376914420747	64.87349308453793	
1716 REED CIRCLE	99709	-147.81400795535492	64.87391693557056	
1541 SCENIC LOOP	99709	-147.7963244925311	64.88349507478573	
1593 SCENIC LOOP	99709	-147.80099530491557	64.88291838537816	
1620 APPALOOSA LANE	99709	-147.8053771287699	64.88288389608964	
1640 APPALOOSA LANE	99709	-147.8055033237242	64.88255774316558	
1650 APPALOOSA LANE	99709	-147.80515805018715	64.8837445788986	
1685 BAYLOR BOULEVARD	99709	-147.81127317224235	64.88479993653566	
570 AUBURN DRIVE	99709	-147.81215157860103	64.88448592568268	
548 AUBURN DRIVE	99709	-147.81171398962059	64.88391104641185	
1682 FARMERS LOOP ROAD	99709	-147.81137631220292	64.88197852088045	
545 WILD HORSE LANE	99709	-147.80963848342196	64.88389106708564	
285 HENRIK COURT	99709	-147.8118397228063	64.87154831566974	
275 HENRIK COURT	99709	-147.81182970573303	64.87106692540063	
265 HENRIK COURT	99709	-147.8117491316051	64.8702876232511	
255 HENRIK COURT	99709	-147.81173206147668	64.86988831971605	
250 HENRIK COURT	99709	-147.81041493710873	64.87055993412017	
270 HENRIK COURT	99709	-147.81041864847026	64.87102593851255	
1655 INIAKUK AVENUE	99709	-147.80929303474377	64.87170394449146	
255 GUNFLINT COURT	99709	-147.80906705637875	64.87107620591449	
310 BEBERG COURT	99709	-147.8071631336116	64.87353306853693	
315 BEBERG COURT	99709	-147.80899514242432	64.87404769172213	
305 BEBERG COURT	99709	-147.8086454448595	64.87357966954305	
295 BEBERG COURT	99709	-147.8086584788955	64.87278651945482	
295 AXELSSON COURT	99709	-147.8118599031638	64.87270680715	
1748 REED CIRCLE	99709	-147.81865717751202	64.87315519232585	
1735 FARMERS LOOP ROAD	99709	-147.81564730194845	64.87696440796883	
1755 FARMERS LOOP ROAD	99709	-147.81719429985233	64.87723457350252	
1825 YANKOVICH ROAD	99709	-147.82620339555555	64.87720273724715	
1756 REED CIRCLE	99709	-147.81883753043732	64.87276826259388	
1798 INIAKUK AVENUE	99709	-147.82235233747173	64.87239860861484	
1825 FARMERS LOOP ROAD	99709	-147.82279920463813	64.87300976708609	
1811 FARMERS LOOP ROAD	99709	-147.8225437892138	64.87394641795285	
1785 INIAKUK AVENUE	99709	-147.82148435488273	64.87168826735018	
1779 INIAKUK AVENUE	99709	-147.8207696614332	64.87172575537424	
1765 INIAKUK AVENUE	99709	-147.81980302790976	64.87157984405493	
287 IRVING STREET	99709	-147.81690020937205	64.87175901565698	
283 IRVING STREET	99709	-147.8169673589673	64.87148837427013	
279 IRVING STREET	99709	-147.81743507230283	64.87151259043951	
1725 INIAKUK AVENUE	99709	-147.8156989560829	64.87157570335411	
1705 INIAKUK AVENUE	99709	-147.81359519773758	64.87156834626393	
1703 INIAKUK AVENUE	99709	-147.81306878966276	64.8713977780154	
1706 ARMY ROAD	99709	-147.81312707547522	64.87082150258107	
1710 ARMY ROAD	99709	-147.8138087431046	64.87088386973966	
1708 ARMY ROAD	99709	-147.8137883770951	64.87102304989081	
1730 ARMY ROAD	99709	-147.81596146704493	64.87093879621504	
1734 ARMY ROAD	99709	-147.81698288297775	64.8709708229868	
1742 ARMY ROAD	99709	-147.81748928134792	64.87101863247547	
1748 ARMY ROAD	99709	-147.81798116531115	64.87096276510817	
1772 ARMY ROAD	99709	-147.82021025980887	64.87110155534236	
1776 ARMY ROAD	99709	-147.82076494663195	64.87098365881492	
1780 ARMY ROAD	99709	-147.82141327928323	64.87112580539113	
507 OOKPIK WAY	99709	-147.82081177986743	64.88209512858705	
510 OOKPIK WAY	99709	-147.818173953066	64.88241787084702	
528 OOKPIK WAY	99709	-147.81757705529256	64.88287268318432	
469 OOKPIK WAY	99709	-147.81969225666603	64.88034560665957	
467 OOKPIK WAY	99709	-147.8195163738327	64.88023063232217	
1761 RISE ROAD	99709	-147.82062542087564	64.87994046311331	
494 OOKPIK WAY	99709	-147.81801630163363	64.88149009378897	
244 MADCAP LANE	99709	-147.8215765073178	64.86975983445195	
248 MADCAP LANE	99709	-147.82159046887276	64.86981576460495	
575 AUBURN DRIVE	99709	-147.81346679097672	64.88493588602523	
501 AUBURN DRIVE	99709	-147.81416969768836	64.88203824688401	
518 SUN WAY	99709	-147.81451502981594	64.88247484203745	
522 SUN WAY	99709	-147.81430697715686	64.88294521153414	
494 SUN WAY	99709	-147.8143818477299	64.88129146704564	
469 AUBURN DRIVE	99709	-147.81339323088085	64.88027962110986	
461 AUBURN DRIVE	99709	-147.81345451714574	64.87998649155126	
450 SUN WAY	99709	-147.8145581657642	64.87908787024826	
549 OOKPIK WAY	99709	-147.8198757143103	64.88382135392469	
543 OOKPIK WAY	99709	-147.8203451228932	64.8835346454416	
541 OOKPIK WAY	99709	-147.82110974092663	64.88349126384453	
540 OOKPIK WAY	99709	-147.81789181819317	64.88344396226003	
517 OOKPIK WAY	99709	-147.82009980025296	64.88243692394815	
515 SUN WAY	99709	-147.81595647071015	64.88227042019014	
414 DALTON TRAIL	99709	-147.8462146517469	64.87758626930898	
2005 PATRICIA COURT	99709	-147.8452077623857	64.87825484575534	
2007 SAINT BERNARD DRIVE	99709	-147.8456113386508	64.87945802609005	
1991 SAINT BERNARD DRIVE	99709	-147.8430143188823	64.87957215792427	
450 SAMIEL COURT	99709	-147.839299287097	64.87990255969642	
1933 CHEECHAKO DRIVE	99709	-147.8378377255581	64.87844354256129	
505 SUN WAY	99709	-147.8164109303648	64.88184011400335	
495 SUN WAY	99709	-147.81620858867578	64.88151014492372	
485 SUN WAY	99709	-147.8165840818422	64.88107706605548	
473 SUN WAY	99709	-147.81635954481757	64.88056137844315	
1735 RISE ROAD	99709	-147.81702495657515	64.87941351801811	
1747 RISE ROAD	99709	-147.8178733177854	64.87938150171419	
1753 RISE ROAD	99709	-147.81886282853506	64.87942887461588	
1757 RISE ROAD	99709	-147.81974145170247	64.87946323978134	
500 FAIRWAY DRIVE	99709	-147.82376873201878	64.88107025503543	
484 FAIRWAY DRIVE	99709	-147.82217398656957	64.88087310553712	
434 FAIRWAY DRIVE	99709	-147.8223929649713	64.87846029402262	
428 FAIRWAY DRIVE	99709	-147.8229121022603	64.87824981593906	
420 FAIRWAY DRIVE	99709	-147.8234937063025	64.87827077251018	
439 FAIRWAY DRIVE	99709	-147.82358086450088	64.87892557576566	
450 BALLAINE ROAD	99709	-147.82347226695185	64.8794669071219	
1907 YANKOVICH ROAD	99709	-147.8346529480846	64.87752798234489	
1933 YANKOVICH ROAD	99709	-147.83787344143786	64.87753087336	
1953 WESTON DRIVE	99709	-147.83916479652095	64.87763512540431	
1957 WESTON DRIVE	99709	-147.83929624065416	64.87704260726716	
2011 WESTON DRIVE	99709	-147.84595988813308	64.87630497746909	
2016 WESTON DRIVE	99709	-147.8459287012183	64.87699242285684	
2000 WESTON DRIVE	99709	-147.84468623109092	64.87685826321349	
1983 YANKOVICH ROAD	99709	-147.84322498778013	64.87768085189543	
2001 YANKOVICH ROAD	99709	-147.84462576471373	64.8776937782061	
1925 CHEECHAKO DRIVE	99709	-147.8363823088479	64.87842396242328	
1895 PUFFIN PLACE	99709	-147.83434959238903	64.88576207633872	
581 SANDPIPER DRIVE	99709	-147.83273315282815	64.88551853222295	
1887 ARCTIC LOON CIRCLE	99709	-147.8327702919806	64.89643886902326	
1875 ARCTIC LOON CIRCLE	99709	-147.83128606847612	64.89661785705223	
767 PELICAN WAY	99709	-147.83333907732248	64.89356137239783	
443 CHATANIKA DRIVE	99709	-147.8343159065511	64.87912025675534	
453 CHATANIKA DRIVE	99709	-147.83625787165187	64.88015578446816	
469 CHATANIKA DRIVE	99709	-147.83614406918713	64.880176737466	
434 CHATANIKA DRIVE	99709	-147.8318513815706	64.8786745302011	
431 GOLD DUST DRIVE	99709	-147.83069671774717	64.87879561914735	
455 GOLD DUST DRIVE	99709	-147.8307323542916	64.87953209932466	
481 GOLD DUST DRIVE	99709	-147.83088819158982	64.8804522327261	
458 GOLD DUST DRIVE	99709	-147.82891181537653	64.87974199337806	
442 GOLD DUST DRIVE	99709	-147.82921257203643	64.87892201864042	
440 GOLD DUST DRIVE	99709	-147.82920230266672	64.8788544467613	
1827 VALLEY-HI DRIVE	99709	-147.82617472674224	64.87923235818697	
1843 VALLEY-HI DRIVE	99709	-147.82779626418795	64.87910879311504	
1840 VALLEY-HI DRIVE	99709	-147.82772718246534	64.87985227063058	
485 BALLAINE ROAD	99709	-147.82688735863707	64.88128586692945	
508 AUKLET PLACE	99709	-147.83719895902746	64.88251297040505	
512 AUKLET PLACE	99709	-147.83485844923686	64.88192388901804	
516 AUKLET PLACE	99709	-147.83364566518387	64.88203313923499	
1875 KITTIWAKE DRIVE	99709	-147.83032448895642	64.88302038304609	
1857 KITTIWAKE DRIVE	99709	-147.82912125425813	64.88271351457462	
1843 KITTIWAKE DRIVE	99709	-147.82858927916033	64.88181607885285	
1835 KITTIWAKE DRIVE	99709	-147.82721898049755	64.88210336369272	
1821 KITTIWAKE DRIVE	99709	-147.8259977166033	64.88199664985983	
560 SANDPIPER DRIVE	99709	-147.82868191019762	64.88449688990693	
590 SANDPIPER DRIVE	99709	-147.83064760805837	64.88555273712741	
793 PELICAN WAY	99709	-147.8334224998601	64.89445205384794	
794 PELICAN WAY	99709	-147.83105910042116	64.895560598648	
790 PELICAN WAY	99709	-147.83132719317473	64.89471695166279	
760 PELICAN WAY	99709	-147.83108370867203	64.89401848630597	
1867 KINGFISHER DRIVE	99709	-147.83094000124026	64.89157248969775	
1365 GREENTREE DRIVE	99709	-147.77860168707446	64.89320872310934	
1947 SWALLOW DRIVE	99709	-147.83890878902105	64.8894800801151	
1946 SWALLOW DRIVE	99709	-147.83903741348246	64.89030764289534	
1960 SWALLOW DRIVE	99709	-147.84046900109166	64.8900239157864	
1972 SWALLOW DRIVE	99709	-147.84242648010962	64.88990487783202	
708 DALTON TRAIL	99709	-147.8459034324832	64.89071695444322	
726 GOLDFINCH ROAD	99709	-147.84427050070343	64.89121508479234	
1997 KINGFISHER DRIVE	99709	-147.84452179581464	64.89125125189618	
725 GOLDFINCH ROAD	99709	-147.84556085994163	64.8919078628499	
725 CARDINAL COURT	99709	-147.8372077591879	64.89149331702625	
720 CARDINAL COURT	99709	-147.83498130903882	64.89150409599259	
1950 KINGFISHER DRIVE	99709	-147.84041129033253	64.89224935154346	
1909 KITTIWAKE DRIVE	99709	-147.835876991324	64.88374266310868	
540 BALLAINE ROAD	99709	-147.8231525286748	64.88321689800394	
548 DALTON TRAIL	99709	-147.839874024636	64.8841795590348	
577 SANDPIPER DRIVE	99709	-147.83219091847351	64.88506097461664	
573 SANDPIPER DRIVE	99709	-147.83151492113518	64.88469306636762	
1892 KITTIWAKE DRIVE	99709	-147.83317346785753	64.88419714810568	
1904 KITTIWAKE DRIVE	99709	-147.8341542264104	64.88431293521403	
1910 KITTIWAKE DRIVE	99709	-147.83484535473104	64.88466054889652	
1914 KITTIWAKE DRIVE	99709	-147.8350934348288	64.88511323069973	
1920 KITTIWAKE DRIVE	99709	-147.8360894248357	64.88530216540087	
1973 KITTIWAKE DRIVE	99709	-147.84240518483762	64.8858124618777	
1998 KITTIWAKE DRIVE	99709	-147.845637579355	64.88664867156908	
2000 RAVEN DRIVE	99709	-147.84275651736078	64.8866517408402	
1978 RAVEN DRIVE	99709	-147.84325191592478	64.8877685497689	
1918 RAVEN DRIVE	99709	-147.83656232011302	64.88890580585922	
1900 RAVEN DRIVE	99709	-147.83435727854214	64.88902248767403	
1955 RAVEN DRIVE	99709	-147.84004001959545	64.88770501438555	
1913 RAVEN DRIVE	99709	-147.83481488788115	64.88787168415082	
1889 RAVEN DRIVE	99709	-147.83341795188065	64.88760323926417	
690 SPARROW COURT	99709	-147.83092740483187	64.89042726326058	
700 SPARROW COURT	99709	-147.83124155075672	64.89102023081567	
709 SPARROW COURT	99709	-147.83247352458554	64.8909864944729	
693 SPARROW COURT	99709	-147.83297550595566	64.8902552622554	
1985 SWALLOW DRIVE	99709	-147.84302160961417	64.88888516540584	
1969 SWALLOW DRIVE	99709	-147.84129842581603	64.8891787234351	
1953 SWALLOW DRIVE	99709	-147.83996778588957	64.88930026914642	
448 FAIRWAY DRIVE	99709	-147.82205527223195	64.87923337729883	
440 FAIRWAY DRIVE	99709	-147.82216038599407	64.87876515015934	
460 BALLAINE ROAD	99709	-147.82382502554316	64.87986193856848	
472 BALLAINE ROAD	99709	-147.82377944065706	64.88041425904721	
1861 YANKOVICH ROAD	99709	-147.83015450442048	64.87763887063501	
1881 YANKOVICH ROAD	99709	-147.8319331847802	64.87729953357798	
2000 PATRICIA COURT	99709	-147.84414870487183	64.87890831327711	
2010 SAINT BERNARD DRIVE	99709	-147.84485187351416	64.8799204461479	
455 SAMIEL COURT	99709	-147.84150247226788	64.87974004147041	
1976 YANKOVICH ROAD	99709	-147.84193249654294	64.87901426006296	
428 SAMIEL COURT	99709	-147.84015183357727	64.87852631818477	
1915 CHEECHAKO DRIVE	99709	-147.83536613527127	64.87844534060537	
1901 CHEECHAKO DRIVE	99709	-147.83387237362166	64.87843383153186	
1936 CHEECHAKO DRIVE	99709	-147.8379115634498	64.87912062688201	
1924 CHEECHAKO DRIVE	99709	-147.83663496190687	64.87902505307494	
1912 CHEECHAKO DRIVE	99709	-147.83553849188837	64.87906119873504	
490 CHATANIKA DRIVE	99709	-147.83221278491732	64.88105503886784	
471 CHATANIKA DRIVE	99709	-147.83388029906467	64.88035511830363	
478 CHATANIKA DRIVE	99709	-147.8322860793294	64.88025783866372	
450 CHATANIKA DRIVE	99709	-147.8325535269337	64.87928810374756	
493 GOLD DUST DRIVE	99709	-147.8312183944244	64.88118011869321	
490 GOLD DUST DRIVE	99709	-147.82937252281218	64.88113596294131	
1384 GRENAC ROAD	99709	-147.78027226587827	64.89729651737473	
1381 GREENTREE DRIVE	99709	-147.7794836933433	64.89498570188539	
1405 GOSHAWK LANE	99709	-147.7843423295619	64.89407598011037	
449 SUN WAY	99709	-147.81588326946525	64.8793854217887	
443 SUN WAY	99709	-147.81570115542988	64.87892138280878	
1728 FARMERS LOOP ROAD	99709	-147.8162446442931	64.87848183908476	
1736 FARMERS LOOP ROAD	99709	-147.81683232135248	64.87851493398539	
1744 FARMERS LOOP ROAD	99709	-147.817640345674	64.87837894949193	
1752 SHORT DRIVE	99709	-147.81870936861594	64.87815735839304	
1760 SHORT DRIVE	99709	-147.8206684925116	64.87824720008318	
468 FAIRWAY DRIVE	99709	-147.8221510846753	64.87999394923966	
460 FAIRWAY DRIVE	99709	-147.82196710010578	64.8796372846651	
1965 WESTON DRIVE	99709	-147.84100698804892	64.8764545642666	
1977 WESTON DRIVE	99709	-147.84237686370088	64.87645154508726	
1989 WESTON DRIVE	99709	-147.84344469170583	64.87642001524502	
1990 WESTON DRIVE	99709	-147.84320735843042	64.87706823709796	
1976 WESTON DRIVE	99709	-147.8421363633981	64.8768853883029	
1962 WESTON DRIVE	99709	-147.8411003213072	64.87687828227027	
1977 YANKOVICH ROAD	99709	-147.84194803215846	64.87765384617896	
2001 PATRICIA COURT	99709	-147.84325730827052	64.87816337493905	
1961 WESTON DRIVE	99709	-147.8390161720186	64.87656012623916	
1440 GOSHAWK LANE	99709	-147.78506761584697	64.89306103207839	
1450 GOSHAWK LANE	99709	-147.78630849991418	64.89298399757259	
1460 GOSHAWK LANE	99709	-147.78765348462596	64.89292300910337	
1470 GOSHAWK LANE	99709	-147.78895385018672	64.8928288884969	
790 MERLIN LANE	99709	-147.7939351287184	64.89415842335889	
800 MERLIN LANE	99709	-147.79512357343066	64.89443512565596	
810 MERLIN LANE	99709	-147.79511502878998	64.89513035263403	
820 MERLIN LANE	99709	-147.7954613271907	64.89617811185259	
1597 WOLVERINE LANE	99709	-147.7988382674623	64.8969168503991	
1598 WOLVERINE LANE	99709	-147.80169065418607	64.89694681597064	
1600 WOLVERINE LANE	99709	-147.8012262735293	64.89624020951877	
1681 WOLVERINE LANE	99709	-147.81179042451316	64.89489469511022	
1689 WOLVERINE LANE	99709	-147.81111184536644	64.89411388313614	
1715 WOLVERINE LANE	99709	-147.81073403568544	64.89331421678804	
1670 HERREID ROAD	99709	-147.80888625250014	64.89283594230153	
1606 RED FOX DRIVE	99709	-147.80734195752945	64.89609284558375	
1636 WOLVERINE LANE	99709	-147.80639964179323	64.89530333735743	
1628 WOLVERINE LANE	99709	-147.80427639062523	64.89431660604681	
1566 LA RUE LANE	99709	-147.79761458878693	64.89311201371473	
870 BALLAINE ROAD	99709	-147.82871486433496	64.89780314386766	
1900 ARCTIC LOON CIRCLE	99709	-147.834268620425	64.89723554139896	
1910 ARCTIC LOON CIRCLE	99709	-147.83521611894872	64.8968350164664	
801 PELICAN WAY	99709	-147.83435977304867	64.89519255138488	
810 PELICAN WAY	99709	-147.8361018012949	64.8959402144345	
1831 MUSK OX TRAIL	99709	-147.82702988285772	64.89594222638311	
1819 MUSK OX TRAIL	99709	-147.82543630889523	64.89649396686505	
1811 MUSK OX TRAIL	99709	-147.82400195985176	64.89727607984628	
843 GOLDFINCH ROAD	99709	-147.83970962052965	64.8975233286266	
823 GOLDFINCH ROAD	99709	-147.84043367554452	64.89638325191919	
811 GOLDFINCH ROAD	99709	-147.84068450869609	64.89572728279464	
752 GOLDFINCH ROAD	99709	-147.84158726507337	64.8926776081862	
766 GOLDFINCH ROAD	99709	-147.8397676776143	64.89354669866891	
834 GOLDFINCH ROAD	99709	-147.8373537716171	64.89665714426675	
848 GOLDFINCH ROAD	99709	-147.83698893200798	64.8972023799952	
1899 KINGFISHER DRIVE	99709	-147.83306199052342	64.89145019734114	
534 AUBURN DRIVE	99709	-147.81099900124144	64.88294597888702	
2094 SUN VALLEY DRIVE	99709	-147.85540644350954	64.87840353187045	
280 GUNFLINT COURT	99709	-147.80714797013158	64.87137988243121	
1757 INIAKUK AVENUE	99709	-147.81888236542818	64.87171191981601	
531 MIDNIGHT SUN STREET	99709	-147.77980924928983	64.8827423259736	
1376 FARMERS LOOP ROAD	99709	-147.77972910882454	64.88620837878618	
322 BEBERG COURT	99709	-147.80665225451833	64.87417793182183	
320 BEBERG COURT	99709	-147.80742038817488	64.87416843373302	
1550 FARMERS LOOP ROAD	99709	-147.79714308835466	64.88144829069456	
2073 ALYESKA DRIVE	99709	-147.85389991730545	64.87910144833938	
2058 WESTON DRIVE	99709	-147.85010513416992	64.87698336863656	
567 OOKPIK WAY	99709	-147.81950776520526	64.88479187195827	
1675 INIAKUK AVENUE	99709	-147.80984437695864	64.87153466191232	
1733 INIAKUK AVENUE	99709	-147.81611996903968	64.87177275532758	
325 AXELSSON COURT	99709	-147.81213992088743	64.87397282425863	
1527 HUSKY WAY	99709	-147.7943556720995	64.88392229562972	
1782 ARMY ROAD	99709	-147.8217882212143	64.87100223479763	
1788 ARMY ROAD	99709	-147.82215619721606	64.8710201960107	
1796 ARMY ROAD	99709	-147.82313388316055	64.8709346320581	
1720 FALL ROAD	99709	-147.81606376888158	64.88463039343029	
483 CHATANIKA DRIVE	99709	-147.83373990925566	64.88104822204443	
482 GOLD DUST DRIVE	99709	-147.82893448934823	64.88073779849331	
2100 ALYESKA DRIVE	99709	-147.8569628124195	64.88004938554384	
2056 SUN VALLEY DRIVE	99709	-147.85036123366902	64.88050715886713	
551 MIDNIGHT SUN STREET	99709	-147.7798389741399	64.88357908791058	
555 MIDNIGHT SUN STREET	99709	-147.7798725187685	64.88392071106958	
626 DALTON TRAIL	99709	-147.84730426448988	64.88842569325654	
1755 RISE ROAD	99709	-147.82040409013692	64.87894943424827	
567 NATURE TRAIL	99709	-147.78371137673312	64.88457164771079	
516 NATURE TRAIL	99709	-147.7818816414679	64.88244983242664	
514 NATURE TRAIL	99709	-147.78233798869482	64.88215143370658	
2318 YANKOVICH ROAD	99709	-147.87728745151531	64.87838246708193	
641 OLD CAT TRAIL	99709	-147.85546804526592	64.88801965094699	
820 GOLDFINCH ROAD	99709	-147.83815835784898	64.896135395704	
2093 WESTON DRIVE	99709	-147.85450731037682	64.87704097994512	
2284 RAILROAD DRIVE	99709	-147.87550837892064	64.8937938327006	
2228 RAILROAD DRIVE	99709	-147.86924708714943	64.89480267069378	
2240 RAILROAD DRIVE	99709	-147.86987023123612	64.89451413512299	
2268 RAILROAD DRIVE	99709	-147.87286956080828	64.89474506391791	
1373 GREENTREE DRIVE	99709	-147.77839021252692	64.89471234683134	
527 AUKLET PLACE	99709	-147.8326073496615	64.88269712849211	
530 AUKLET PLACE	99709	-147.8344126953036	64.88284475142686	
1883 KITTIWAKE DRIVE	99709	-147.83257113465768	64.88321092182443	
1820 KITTIWAKE DRIVE	99709	-147.82658604333795	64.88278534055681	
468 GOLD DUST DRIVE	99709	-147.82936345905597	64.87999133107287	
1850 YANKOVICH ROAD	99709	-147.82892282954973	64.87843394659788	
1840 YANKOVICH ROAD	99709	-147.82775425217196	64.87838850887455	
1820 YANKOVICH ROAD	99709	-147.82682935602062	64.87824414524681	
439 BALLAINE ROAD	99709	-147.82542948412265	64.87893965867343	
449 BALLAINE ROAD	99709	-147.82550285136165	64.8792415042348	
1832 VALLEY-HI DRIVE	99709	-147.82705325807473	64.88005949988319	
1818 VALLEY-HI DRIVE	99709	-147.82545859258659	64.879755528053	
520 AUKLET PLACE	99709	-147.83208942355236	64.88197484913769	
544 SANDPIPER DRIVE	99709	-147.82764826160852	64.88370171937315	
1815 FARMERS LOOP ROAD	99709	-147.8209558297141	64.87299301233746	
1835 FARMERS LOOP ROAD	99709	-147.82305279254618	64.87263346414416	
552 SANDPIPER DRIVE	99709	-147.8282730376142	64.88401595187712	
615 SANDPIPER DRIVE	99709	-147.82995780138037	64.88624445176164	
553 SANDPIPER DRIVE	99709	-147.83057755189986	64.88397425793491	
1898 RAVEN DRIVE	99709	-147.83157652480014	64.88911779635279	
670 SPARROW COURT	99709	-147.8308912031041	64.88979745398848	
675 SPARROW COURT	99709	-147.83339050688755	64.88960302044516	
2003 SWALLOW DRIVE	99709	-147.84507715919008	64.88855719612326	
1935 SWALLOW DRIVE	99709	-147.83740750585034	64.88958260812852	
1923 SWALLOW DRIVE	99709	-147.8364133179455	64.88994896663942	
1860 KITTIWAKE DRIVE	99709	-147.8294082631173	64.88375487595263	
1880 KITTIWAKE DRIVE	99709	-147.83183612324083	64.883736853735	
1926 KITTIWAKE DRIVE	99709	-147.83673754648458	64.88551912663824	
1934 KITTIWAKE DRIVE	99709	-147.83743648722856	64.88646398492685	
1929 KITTIWAKE DRIVE	99709	-147.8378304568167	64.88527247254952	
540 DALTON TRAIL	99709	-147.84080977973008	64.88291794077946	
532 DALTON TRAIL	99709	-147.84331108714014	64.88265189017785	
562 DALTON TRAIL	99709	-147.8428717792367	64.88423126972044	
584 DALTON TRAIL	99709	-147.84304637449853	64.88421090946446	
1949 KITTIWAKE DRIVE	99709	-147.8395517216061	64.88568340454616	
1940 KITTIWAKE DRIVE	99709	-147.83896472144704	64.88653820079033	
1958 KITTIWAKE DRIVE	99709	-147.84019763528622	64.88684342926872	
1974 RAVEN DRIVE	99709	-147.8418314411048	64.88820260969058	
1958 RAVEN DRIVE	99709	-147.8407686759583	64.88852107392002	
1946 RAVEN DRIVE	99709	-147.838962478663	64.88864296377466	
1951 RAVEN DRIVE	99709	-147.83925404070487	64.88774048566336	
1949 RAVEN DRIVE	99709	-147.83908075858855	64.88775889844656	
1933 RAVEN DRIVE	99709	-147.83757359324989	64.88781434854462	
1921 RAVEN DRIVE	99709	-147.8361659666115	64.88766553104814	
1865 RAVEN DRIVE	99709	-147.8305496187258	64.8874797275646	
1864 RAVEN DRIVE	99709	-147.83036517843195	64.88841086165667	
1892 RAVEN DRIVE	99709	-147.831588463738	64.88843216487824	
1911 SWALLOW DRIVE	99709	-147.83571571592253	64.89035440350007	
1901 SWALLOW DRIVE	99709	-147.8353292163666	64.89094047896526	
1988 SWALLOW DRIVE	99709	-147.8437197310293	64.88983573093276	
2012 SWALLOW DRIVE	99709	-147.84576066856584	64.88930008907656	
680 DALTON TRAIL	99709	-147.84546305474458	64.88980077347374	
692 DALTON TRAIL	99709	-147.84592707772688	64.89014407067465	
706 DALTON TRAIL	99709	-147.8457934008488	64.89076075924152	
1983 KINGFISHER DRIVE	99709	-147.84300884201622	64.89086166363755	
1971 KINGFISHER DRIVE	99709	-147.84131845653133	64.89084789533915	
1953 KINGFISHER DRIVE	99709	-147.83968059138715	64.89086309196561	
515 NATURE TRAIL	99709	-147.7840985587275	64.88211554061748	
1932 KITTIWAKE DRIVE	99709	-147.83720455333182	64.88585333801386	
1650 INIAKUK AVENUE	99709	-147.80904005352352	64.87212797699935	
782 GOLDFINCH ROAD	99709	-147.8389541055587	64.89475056617202	
808 GOLDFINCH ROAD	99709	-147.83788673709597	64.8951989934839	
1710 WOLVERINE LANE	99709	-147.81356609264242	64.89327064606513	
1700 WOLVERINE LANE	99709	-147.81359592706383	64.89346726747884	
1736 HERREID ROAD	99709	-147.81660469284648	64.89279508049866	
730 CARDINAL COURT	99709	-147.8358927825073	64.89222588198888	
2080 SUN VALLEY DRIVE	99709	-147.85516374715445	64.88035376177413	
2070 SUN VALLEY DRIVE	99709	-147.85365872951948	64.8808206896779	
2091 WESTON DRIVE	99709	-147.8538333760474	64.87630866319259	
2061 SUN VALLEY DRIVE	99709	-147.8522417830264	64.879978599865	
2090 SUN VALLEY DRIVE	99709	-147.85710368019033	64.87839087667584	
1875 KINGFISHER DRIVE	99709	-147.83206096734858	64.89169302488733	
476 FAIRWAY DRIVE	99709	-147.8217995611949	64.88047056748582	
1847 VALLEY-HI DRIVE	99709	-147.82881820608287	64.87921339909343	
1763 INIAKUK AVENUE	99709	-147.81923622677806	64.8716542655719	
2030 TETON COURT	99709	-147.84757924713202	64.88161641226066	
2130 NOTTINGHAM DRIVE	99709	-147.85756520202827	64.88637855489159	
2148 NOTTINGHAM DRIVE	99709	-147.86108836526085	64.88586399554627	
2220 NOTTINGHAM DRIVE	99709	-147.8620217976343	64.88825790601685	
2055 ALYESKA DRIVE	99709	-147.8486771307425	64.8783488271638	
2040 TETON COURT	99709	-147.84936799703675	64.88188163798536	
462 NRA LANE	99709	-147.79963319681983	64.87992366187845	
1949 KINGFISHER DRIVE	99709	-147.83808211132393	64.89086952808434	
2105 YANKOVICH ROAD	99709	-147.85535142142902	64.87768318520087	
475 OOKPIK WAY	99709	-147.82096588922417	64.88057058078304	
1755 RISE ROAD	99709	-147.8196722204017	64.87880623384682	
1688 WOLVERINE LANE	99709	-147.81074380638773	64.89628929835375	
462 SUN WAY	99709	-147.81460863404826	64.8798826174558	
1472 FARMERS LOOP ROAD	99709	-147.78907530211413	64.88409823155028	
1510 FARMERS LOOP ROAD	99709	-147.79230774310906	64.88305530823712	
1516 FARMERS LOOP ROAD	99709	-147.79314812889763	64.88323569183562	
1522 FARMERS LOOP ROAD	99709	-147.79389179837216	64.88286168583154	
1520 FARMERS LOOP ROAD	99709	-147.7946315097252	64.88243906541865	
1520 SCENIC LOOP	99709	-147.79980502115708	64.88186700279242	
1515 HUSKY WAY	99709	-147.79336080158538	64.88421964958476	
1507 HUSKY WAY	99709	-147.79221724904036	64.88379870327094	
1501 HUSKY WAY	99709	-147.79158444601936	64.88417694013634	
1488 HUSKY WAY	99709	-147.7904352265407	64.8848419618284	
1494 HUSKY WAY	99709	-147.7910233890234	64.88485089336159	
1500 HUSKY WAY	99709	-147.79215292692135	64.88485299706764	
1506 HUSKY WAY	99709	-147.79217447411457	64.88480062846881	
1621 BAYLOR BOULEVARD	99709	-147.80361656819483	64.8849003008396	
230 HENRIK COURT	99709	-147.80815276312595	64.8698498879991	
240 HENRIK COURT	99709	-147.80887640468845	64.870431586276	
1923 KITTIWAKE DRIVE	99709	-147.8374631946894	64.8847370993405	
1995 KITTIWAKE DRIVE	99709	-147.84549020098473	64.88574114491526	
1983 KITTIWAKE DRIVE	99709	-147.84383604471282	64.88580635949373	
611 SANDPIPER DRIVE	99709	-147.8308397302407	64.88626832298158	
1890 PUFFIN PLACE	99709	-147.83296164950627	64.88670506484915	
1901 PUFFIN PLACE	99709	-147.83526456270613	64.88654381267243	
569 SANDPIPER DRIVE	99709	-147.83102036240052	64.88439016662757	
1385 GRENAC ROAD	99709	-147.78279711339778	64.89698552319294	
591 ETON BOULEVARD	99709	-147.80261551400406	64.88584872362937	
2036 TETON COURT	99709	-147.84869120203203	64.88292100617872	
740 PELICAN WAY	99709	-147.83139216495908	64.89292008521089	
2043 TETON COURT	99709	-147.852166860565	64.88169390457931	
2128 ALYESKA DRIVE	99709	-147.86247720061397	64.88078502272312	
2140 ALYESKA DRIVE	99709	-147.86275237485287	64.87926436177315	
1479 HOLY CROSS DRIVE	99709	-147.79076993901387	64.88935451412003	
1622 WOLVERINE LANE	99709	-147.8011907634267	64.89387442379304	
1376 GREENTREE DRIVE	99709	-147.77842856381892	64.89581855143199	
1793 INIAKUK AVENUE	99709	-147.8221620519379	64.8717073030871	
1670 INIAKUK AVENUE	99709	-147.8099832172578	64.87228053349769	
2112 ALYESKA DRIVE	99709	-147.85866278533064	64.88018752900427	
2035 TETON COURT	99709	-147.84992135677732	64.8811813061748	
531 NATURE TRAIL	99709	-147.78342077662367	64.88319647505269	
1819 YANKOVICH ROAD	99709	-147.8249206907768	64.87726151962677	
1809 FARMERS LOOP ROAD	99709	-147.82205877243814	64.874086908987	
1744 HERREID ROAD	99709	-147.81791930916629	64.89325362619596	
1752 HERREID ROAD	99709	-147.8189942789387	64.89278079794923	
2028 SUN VALLEY DRIVE	99709	-147.84810166626028	64.88001478398685	
1451 FARMERS LOOP ROAD	99709	-147.78595520057075	64.88384031239352	
1938 RAVEN DRIVE	99709	-147.8377461704421	64.88874942115342	
1932 SWALLOW DRIVE	99709	-147.8375656553622	64.8905143655971	
2190 LOVELAND DRIVE	99709	-147.86313272013885	64.88179926068004	
1444 SEISMIC ROAD	99775	-147.86300906862672	64.8749327726268	
1936 RANGE ROAD	99775	-147.84006583601456	64.87215619908854	
2220 YANKOVICH ROAD	99709	-147.8684554743045	64.88055687098208	
1445 SEISMIC ROAD	99775	-147.86056441529377	64.87376256191575	
1445 SEISMIC ROAD	99775	-147.86136321178626	64.874179655487	
1445 SEISMIC ROAD	99775	-147.85925817836363	64.87365086495022	
1445 SEISMIC ROAD	99775	-147.86023338993266	64.87324867402086	
1445 SEISMIC ROAD	99775	-147.86157928785468	64.87360037969364	
1445 SEISMIC ROAD	99775	-147.85986911817298	64.8742482767521	
1443 SEISMIC ROAD	99775	-147.8627178454028	64.87485796662583	
1868 RANGE ROAD	99775	-147.8388040211058	64.87194998949109	
1688 FARMERS LOOP ROAD	99709	-147.81127457935466	64.88106670796084	
2028 LEPUS AVENUE	99709	-147.84744310322444	64.87758558384093	
1395 GRENAC ROAD	99709	-147.78490359288986	64.89769187837169	
2144 HEAVENLY DRIVE	99709	-147.86086786052334	64.88483507776125	
2028 HEAVENLY DRIVE	99709	-147.85066183457215	64.88478068348851	
2114 HEAVENLY DRIVE	99709	-147.85886085362785	64.88473788028841	
1478 JOLIET DRIVE	99709	-147.78733546680397	64.89068121522187	
2220 YANKOVICH ROAD	99709	-147.8688088303478	64.88095816941792	
2220 YANKOVICH ROAD	99709	-147.86944443148624	64.88094069093427	
2220 YANKOVICH ROAD	99709	-147.86989252491847	64.88079735864183	
2220 YANKOVICH ROAD	99709	-147.86913507811943	64.8806691704118	
2220 YANKOVICH ROAD	99709	-147.86657179671465	64.87834614422604	
1946 FARMERS LOOP ROAD	99709	-147.82504436932558	64.86997763488708	
2191 LOVELAND DRIVE	99709	-147.86313345349282	64.8827658413208	
2146 ALYESKA DRIVE	99709	-147.86315517716275	64.87822614057633	
1690 WOLVERINE LANE	99709	-147.8131167027643	64.89716968750317	
2121 ALYESKA DRIVE	99709	-147.8596080780486	64.87966292561553	
444 SAMIEL COURT	99709	-147.83914719814734	64.87908818184943	
2101 ALYESKA DRIVE	99709	-147.85770521324332	64.87931066371719	
2161 LOVELAND DRIVE	99709	-147.8587409212876	64.88226026300701	
2150 ALYESKA DRIVE	99709	-147.86106552283943	64.87836914095463	
2227 RAILROAD DRIVE	99709	-147.8672661770886	64.89362549059668	
241 MADCAP LANE	99709	-147.82272623586923	64.86954799668932	
241 MADCAP LANE	99709	-147.82265928768018	64.86954881681329	
2105 LOVELAND DRIVE	99709	-147.8541419024858	64.88285110352473	
771 ETON BOULEVARD	99709	-147.7884736605717	64.89215738293953	
2151 ALYESKA DRIVE	99709	-147.85902784584965	64.87855922274143	
2065 ALYESKA DRIVE	99709	-147.8521923958764	64.87876924322666	
2155 HEAVENLY DRIVE	99709	-147.86296625829704	64.88382819124489	
2187 LOVELAND DRIVE	99709	-147.86119087786594	64.88267108796218	
2059 ALYESKA DRIVE	99709	-147.85109484157545	64.87869896363091	
2150 LOVELAND DRIVE	99709	-147.858662514	64.88119847478355	
2100 LOVELAND DRIVE	99709	-147.8529317188141	64.88246491976244	
2025 SUN VALLEY DRIVE	99709	-147.84730903189933	64.87918588568098	
1641 FARMERS LOOP ROAD	99709	-147.80746679917792	64.88007786729092	
2010 WAUGAMAN LANE	99709	-147.84529406570007	64.88167592317433	
2011 WAUGAMAN LANE	99709	-147.8453890986297	64.88062773600554	
1788 ARMY ROAD	99709	-147.82215792473482	64.87104569720891	
1788 ARMY ROAD	99709	-147.82216013432176	64.8710783144992	
1788 ARMY ROAD	99709	-147.8221650534066	64.87110971146	
1788 ARMY ROAD	99709	-147.822168737234	64.87114349784522	
1516 FARMERS LOOP ROAD	99709	-147.79299318214146	64.88323684588059	
1516 FARMERS LOOP ROAD	99709	-147.7927849167239	64.88323009512175	
1516 FARMERS LOOP ROAD	99709	-147.79329131113863	64.8832340350985	
274 MADCAP LANE	99709	-147.8216472610686	64.87051892915645	
274 MADCAP LANE	99709	-147.82164302692632	64.87045640668359	
274 MADCAP LANE	99709	-147.82163191682582	64.87040475681745	
274 MADCAP LANE	99709	-147.82155465043215	64.87031291940659	
274 MADCAP LANE	99709	-147.82155287811594	64.87024928732293	
274 MADCAP LANE	99709	-147.82168909390617	64.87031235203501	
274 MADCAP LANE	99709	-147.82167428113874	64.87024348584023	
470 BALLAINE ROAD	99709	-147.8237931831856	64.88027685704324	
2141 LOVELAND DRIVE	99709	-147.85730060764263	64.88255022744833	
2125 LOVELAND DRIVE	99709	-147.8559193584747	64.88249159300103	
2077 HEAVENLY DRIVE	99709	-147.85479992858518	64.88368682223819	
1901 KITTIWAKE DRIVE	99709	-147.8348132810931	64.88334005741363	
2133 CHARLIJO LOOP	99709	-147.85341948691658	64.88981686401752	
1677 FARMERS LOOP ROAD	99709	-147.8102643720337	64.87952641933823	
1677 FARMERS LOOP ROAD	99709	-147.81047724500473	64.87945260593587	
1541 HOLY CROSS DRIVE	99709	-147.79505568099052	64.88851516061175	
2128 LOVELAND DRIVE	99709	-147.855598426379	64.88110314274064	
1701 ARMY ROAD	99709	-147.81249696421415	64.8703206372177	
2029 HEAVENLY DRIVE	99709	-147.84976448182087	64.88404041168296	
2072 LOVELAND DRIVE	99709	-147.8502921782742	64.88364427383297	
2075 CHARLIJO LOOP	99709	-147.8522590012102	64.88670754128351	
2002 WAUGAMAN LANE	99709	-147.8428766303847	64.88145183814409	
540 SANDPIPER DRIVE	99709	-147.82721424383496	64.88323411645563	
906 SIXTH AVENUE	99701	-147.73162525546945	64.84279567916855	
914 GILMORE STREET	99701	-147.74434579999595	64.84168388260805	
913 GILMORE STREET	99701	-147.74312931766795	64.84173339960805	
902 GILMORE STREET	99701	-147.7444257828574	64.84189752683625	
925 GILMORE STREET	99701	-147.74258508700106	64.84181868482558	
962 GILMORE STREET	99701	-147.7430447736756	64.8414774792848	
901 GILMORE STREET	99701	-147.7437378474515	64.8418696557948	
938 GILMORE STREET	99701	-147.74403069811248	64.84133600126812	
937 GILMORE STREET	99701	-147.7422634303922	64.84168566117377	
950 GILMORE STREET	99701	-147.74371798358376	64.8413973680472	
974 GILMORE STREET	99701	-147.7425207761448	64.84126663713806	
1027 DOGWOOD STREET	99709	-147.75663117723957	64.85498252494648	
1007 EVERGREEN STREET	99709	-147.75427605437977	64.85469714343208	
938 ASPEN STREET	99709	-147.77387553001174	64.85451379616629	
704 LATHROP STREET	99701	-147.7462021684003	64.84220030191545	
602 LATHROP STREET	99701	-147.74620643478124	64.84291183117344	
1504 DENALI WAY	99701	-147.74651798093475	64.84242707253236	
921 ASPEN STREET	99709	-147.7711883039432	64.8522293339837	
926 ASPEN STREET	99709	-147.77404747517875	64.85315853043804	
930 ASPEN STREET	99709	-147.77364519821666	64.85367384608246	
934 ASPEN STREET	99709	-147.77384622773883	64.85408521982284	
604 LATHROP STREET	99701	-147.7461802988635	64.84275131860296	
700 LATHROP STREET	99701	-147.7465063855802	64.8425851695154	
1500 DENALI WAY	99701	-147.74628119292748	64.84242791665646	
1502 DENALI WAY	99701	-147.74634706165804	64.84242796400521	
1040 ASPEN STREET	99709	-147.77452404875845	64.8553113045828	
1225 WELL STREET	99701	-147.72968554762886	64.8490254417374	
1317 WEMBLEY AVENUE	99701	-147.74903956134014	64.85230745041922	
1855 MARIKA ROAD	99709	-147.76539634311814	64.85355001521292	
945 AURORA DRIVE	99709	-147.7609258175201	64.853206655308	
925 AURORA DRIVE	99709	-147.76137645238015	64.85192152140563	
1426 THIRD AVENUE	99701	-147.7405289788742	64.84573358570911	
1306 THIRD AVENUE	99701	-147.73730408716392	64.84610708220852	
1235 THIRD AVENUE	99701	-147.73656462098168	64.84582243312308	
1225 THIRD AVENUE	99701	-147.73591400029989	64.84579360471433	
1221 THIRD AVENUE	99701	-147.73566076241883	64.84568907258098	
519 BONNIFIELD STREET	99701	-147.73511365655176	64.84417999067202	
1602 TENTH AVENUE	99701	-147.74899404080836	64.84133611671469	
1320 SIXTH AVENUE	99701	-147.74115701807906	64.8442251729736	
1204 SIXTH AVENUE	99701	-147.73817565392912	64.84439759216586	
1339 SIXTH AVENUE	99701	-147.74201471093144	64.84373628929931	
1337 SIXTH AVENUE	99701	-147.7417797198322	64.84376841795525	
1332 SIXTH AVENUE	99701	-147.74205009123435	64.8441513002796	
910 SMYTHE STREET	99701	-147.73623333866968	64.84137715512708	
908 SMYTHE STREET	99701	-147.73590716031083	64.84117826294373	
1019 SMYTHE STREET	99701	-147.73960035377175	64.84243419884288	
1017 SMYTHE STREET	99701	-147.73944811214417	64.84230509101522	
1013 SMYTHE STREET	99701	-147.73917953476652	64.84207269804249	
1008 SMYTHE STREET	99701	-147.73830722580354	64.84193438506777	
1382 SIXTH AVENUE	99701	-147.74467247859084	64.8435912980677	
1381 SIXTH AVENUE	99701	-147.74440417032307	64.8432825879	
1376 SIXTH AVENUE	99701	-147.74420792363202	64.8437553175535	
1372 SIXTH AVENUE	99701	-147.7436108754641	64.843810558931	
1345 SIXTH AVENUE	99701	-147.7422872793386	64.84366081672073	
1024 SEVENTH AVENUE	99701	-147.73533427316164	64.84347407467527	
1019 SEVENTH AVENUE	99701	-147.73553091179193	64.84320661894913	
1127 SIXTH AVENUE	99701	-147.7377485911457	64.84398724349036	
1126 SIXTH AVENUE	99701	-147.73720551018118	64.84438939351297	
1657 SECOND AVENUE	99701	-147.74466635215683	64.84435683226732	
1503 SECOND AVENUE	99701	-147.74194472363305	64.84580073856657	
935 AURORA DRIVE	99709	-147.76120059471074	64.8527572395542	
925 AURORA DRIVE	99709	-147.7603201518174	64.85219461276724	
904 AURORA DRIVE	99709	-147.76235305362655	64.85197723905684	
900 AURORA DRIVE	99709	-147.76222209302344	64.85241354580718	
1840 MARIKA ROAD	99709	-147.76502858286628	64.854481486459	
1029 AURORA DRIVE	99709	-147.76031012024174	64.85490850003974	
939 LATHROP STREET	99701	-147.74544444125456	64.8415997190131	
920 NINTH AVENUE	99701	-147.73521385056432	64.84187634983468	
1319 THIRD AVENUE	99701	-147.7379892072974	64.84567209561823	
1223 NINTH AVENUE	99701	-147.74126890915056	64.84250069270635	
1501 WELL STREET	99701	-147.7372497480603	64.84951094357743	
1515 SECOND AVENUE	99701	-147.74240607420674	64.845625808235	
1522 THIRD AVENUE	99701	-147.74277683994026	64.84523425736684	
908 VAGABOND ROAD	99701	-147.73993393575316	64.84144465893591	
939 GILMORE STREET	99701	-147.74193454239693	64.84153057546506	
700 BONNIFIELD STREET	99701	-147.73689775899254	64.84370995117305	
1033 EIGHTH AVENUE	99701	-147.73722293102944	64.84293465206507	
1032 EIGHTH AVENUE	99701	-147.73644283193605	64.8432785294628	
1015 EIGHTH AVENUE	99701	-147.73633164897467	64.84261106796589	
1012 EIGHTH AVENUE	99701	-147.73609683014632	64.84293778462163	
1222 DENALI WAY	99701	-147.743229337256	64.84314203336464	
1216 DENALI WAY	99701	-147.74254565770514	64.84325962440212	
1214 DENALI WAY	99701	-147.74207557371312	64.84336542182952	
1212 DENALI WAY	99701	-147.74176087129715	64.8433963811768	
1513 FOURTH AVENUE	99701	-147.7415854466659	64.84462199567709	
1507 FOURTH AVENUE	99701	-147.7412888759291	64.84465987319017	
1500 FOURTH AVENUE	99701	-147.74114817178832	64.84493100687371	
1409 FOURTH AVENUE	99701	-147.73915554281143	64.84509619659156	
1311 FOURTH AVENUE	99701	-147.73781505406566	64.84523548704944	
1305 FOURTH AVENUE	99701	-147.73745076934384	64.84527065503126	
1323 FIRST AVENUE	99701	-147.73785340806307	64.84685721769397	
1319 FIRST AVENUE	99701	-147.73763040227254	64.8468809918786	
1309 FIRST AVENUE	99701	-147.73700653401886	64.84694328495186	
1311 DENALI WAY	99701	-147.74548469611872	64.84246331735994	
1308 DENALI WAY	99701	-147.74539098367975	64.84276365733531	
1001 FIRST AVENUE	99701	-147.7294323547671	64.84530541422014	
336 GRANT STREET	99701	-147.74275826999065	64.84480218392939	
837 FOURTH AVENUE	99701	-147.72923535698888	64.84309359046105	
833 FOURTH AVENUE	99701	-147.7289638405736	64.8430107706743	
830 FOURTH AVENUE	99701	-147.72869513613418	64.84317692642344	
310 COWLES STREET	99701	-147.72998887217173	64.84361436506889	
303 COWLES STREET	99701	-147.72921051386567	64.8436169052607	
1009 SIXTH AVENUE	99701	-147.73411469764898	64.84339481960666	
1019 SIXTH AVENUE	99701	-147.73458106424013	64.84356933761678	
1015 SIXTH AVENUE	99701	-147.7343398914173	64.84349284033243	
900 LATHROP STREET	99701	-147.74619044238963	64.84199725608899	
906 LATHROP STREET	99701	-147.74617550896446	64.84156679522398	
1302 NINTH AVENUE	99701	-147.74421873409818	64.84230105574248	
1301 DENALI WAY	99701	-147.74421252963563	64.842684249123	
1420 THIRD AVENUE	99701	-147.74001303804033	64.84578582765954	
1419 THIRD AVENUE	99701	-147.73985187801009	64.8454673440089	
1400 THIRD AVENUE	99701	-147.7392843212551	64.84588238235784	
1320 THIRD AVENUE	99701	-147.73804505349565	64.84598235825442	
1215 THIRD AVENUE	99701	-147.7352435556111	64.84571530114839	
609 BONNIFIELD STREET	99701	-147.73576179633787	64.84374153258031	
601 BONNIFIELD STREET	99701	-147.7354415252261	64.8439162842239	
360 STATE STREET	99701	-147.73730105810063	64.84558139141566	
300 STATE STREET	99701	-147.73713622999782	64.84578347703423	
102 STATE STREET	99701	-147.73672378653526	64.84680918979201	
1205 SMYTHE STREET	99701	-147.739962447685	64.84410100533654	
1028 SEVENTH AVENUE	99701	-147.73564689219978	64.84359759970296	
1027 SEVENTH AVENUE	99701	-147.73580011014468	64.8432736607681	
1538 SECOND AVENUE	99701	-147.74373998670106	64.84551501026354	
1524 SECOND AVENUE	99701	-147.74322977290385	64.84583735628009	
1514 SECOND AVENUE	99701	-147.74265136488546	64.84592118692004	
1423 SECOND AVENUE	99701	-147.74097502741	64.8460182720277	
1419 SECOND AVENUE	99701	-147.74056375972273	64.84607399474496	
1413 SECOND AVENUE	99701	-147.7401135419519	64.84609703959222	
1104 SMYTHE STREET	99701	-147.73905994836954	64.8433860353673	
1102 SMYTHE STREET	99701	-147.73883215689014	64.84329290368464	
1023 SMYTHE STREET	99701	-147.73956051642338	64.84265610526232	
1395 SIXTH AVENUE	99701	-147.7453909947703	64.84309939716616	
1392 SIXTH AVENUE	99701	-147.74548491651728	64.84343186127136	
1371 SIXTH AVENUE	99701	-147.7438156475805	64.84337878229516	
1367 SIXTH AVENUE	99701	-147.74349666189374	64.84344844921537	
1353 SIXTH AVENUE	99701	-147.74266316299088	64.8435219269212	
805 BONNIFIELD STREET	99701	-147.73762158963456	64.84281317133896	
611 BONNIFIELD STREET	99701	-147.73593168075345	64.84366499500862	
1314 SIXTH AVENUE	99701	-147.74092047079125	64.84426722815385	
1230 SIXTH AVENUE	99701	-147.73968295875972	64.84443140370318	
1220 SIXTH AVENUE	99701	-147.73931266935662	64.84444798742183	
1113 SIXTH AVENUE	99701	-147.7370902751163	64.84396196602678	
1109 SIXTH AVENUE	99701	-147.73636614029246	64.84393761134979	
1104 SIXTH AVENUE	99701	-147.73664491790464	64.8443563636232	
1102 SIXTH AVENUE	99701	-147.735868837763	64.84435289373704	
1352 SIXTH AVENUE	99701	-147.74306628059134	64.84396925024573	
1315 SIXTH AVENUE	99701	-147.7404979125056	64.84392850736617	
1237 SECOND AVENUE	99701	-147.7363568356585	64.84631504396548	
1900 BURGESS AVENUE	99709	-147.76610885526082	64.85516684522646	
919 SIXTH AVENUE	99701	-147.73273435754186	64.84281241037299	
612 COWLES STREET	99701	-147.73249898059396	64.84227829956893	
1329 WELL STREET	99701	-147.7323644952845	64.84926095696854	
1326 WELL STREET	99701	-147.73282385575223	64.84964785274201	
1006 SEVENTH AVENUE	99701	-147.7345176691853	64.84314622803907	
1030 SIXTH AVENUE	99701	-147.73446572013123	64.84395475720649	
1035 SECOND AVENUE	99701	-147.7317941710004	64.84548312888965	
1301 WELL STREET	99701	-147.73151465528753	64.84928501132373	
1139 BAINBRIDGE BOULEVARD	99701	-147.73566895168608	64.85510815753598	
1141 BAINBRIDGE BOULEVARD	99701	-147.73593272215845	64.85509283652178	
1143 BAINBRIDGE BOULEVARD	99701	-147.7363200195338	64.85502954937905	
1145 BAINBRIDGE BOULEVARD	99701	-147.73648971650167	64.85498349417387	
1205 BAINBRIDGE BOULEVARD	99701	-147.7376843661013	64.85476630942325	
1306 BAINBRIDGE BOULEVARD	99701	-147.7427152461494	64.85514382925408	
1308 BAINBRIDGE BOULEVARD	99701	-147.7429251777563	64.8551486490365	
1310 BAINBRIDGE BOULEVARD	99701	-147.74316479507877	64.85514948118356	
1207 BAINBRIDGE BOULEVARD	99701	-147.73796285686936	64.85471163524488	
1209 BAINBRIDGE BOULEVARD	99701	-147.73828018264817	64.85463446917541	
1211 BAINBRIDGE BOULEVARD	99701	-147.73849825340048	64.85462457418406	
1223 BAINBRIDGE BOULEVARD	99701	-147.74044129464747	64.85467775572697	
1225 BAINBRIDGE BOULEVARD	99701	-147.74063140082123	64.85468042839634	
1227 BAINBRIDGE BOULEVARD	99701	-147.74086672329656	64.8546703280243	
1229 BAINBRIDGE BOULEVARD	99701	-147.74111354849882	64.85466009262124	
1305 BAINBRIDGE BOULEVARD	99701	-147.74251508858492	64.854616744747	
1307 BAINBRIDGE BOULEVARD	99701	-147.74276238786427	64.85461384717978	
1309 BAINBRIDGE BOULEVARD	99701	-147.74313061939853	64.85461198061775	
1311 BAINBRIDGE BOULEVARD	99701	-147.74338414322747	64.8546163543039	
1208 BAINBRIDGE BOULEVARD	99701	-147.73809710185856	64.8552415483424	
1210 BAINBRIDGE BOULEVARD	99701	-147.73835088272585	64.85519672377592	
1212 BAINBRIDGE BOULEVARD	99701	-147.73867458679482	64.85517474027013	
1214 BAINBRIDGE BOULEVARD	99701	-147.73890161675592	64.85517936584696	
1224 BAINBRIDGE BOULEVARD	99701	-147.74037007691254	64.85519676901701	
1226 BAINBRIDGE BOULEVARD	99701	-147.74059663694786	64.85519411777834	
1228 BAINBRIDGE BOULEVARD	99701	-147.74084421910737	64.85518576011735	
1230 BAINBRIDGE BOULEVARD	99701	-147.74104477695235	64.8551779525136	
1304 BAINBRIDGE BOULEVARD	99701	-147.74250613866872	64.85515173928304	
1312 BAINBRIDGE BOULEVARD	99701	-147.74348469150036	64.85513481153225	
943 LATHROP STREET	99701	-147.74527645711916	64.84118419312672	
1900 PHILLIPS FIELD ROAD	99701	-147.76116366368183	64.84627719726964	
1881 LIVENGOOD AVENUE	99701	-147.75640682230144	64.84644256792255	
1971 LIVENGOOD AVENUE	99701	-147.7616170332748	64.84717824099711	
1909 LIVENGOOD AVENUE	99701	-147.76072995676452	64.84718455095368	
1991 FOX AVENUE	99701	-147.76146846624079	64.8487511183086	
1971 FOX AVENUE	99701	-147.7597003981487	64.84837034613376	
1888 FOX AVENUE	99701	-147.75732337037888	64.84850504277898	
1951 FOX AVENUE	99701	-147.75916275884427	64.84824108975768	
220 JACK LINDSEY LANE	99701	-147.746918389147	64.84778352499006	
230 JACK LINDSEY LANE	99701	-147.74648010009403	64.84831791393593	
241 JACK LINDSEY LANE	99701	-147.74560141333407	64.84854439946791	
2460 PHILLIPS FIELD ROAD	99701	-147.7766879979389	64.847091644083	
1010 CADILLAC COURT	99701	-147.74661830809566	64.85499521341531	
1006 CADILLAC COURT	99701	-147.7473457874453	64.85461039083512	
1908 CHENA LANDINGS LOOP ROAD	99701	-147.77037558712559	64.8426886205705	
1135 BAINBRIDGE BOULEVARD	99701	-147.73520995348002	64.8551306532815	
1137 BAINBRIDGE BOULEVARD	99701	-147.73542227792873	64.85512083078531	
1147 BAINBRIDGE BOULEVARD	99701	-147.7367397721828	64.85493405173145	
1203 BAINBRIDGE BOULEVARD	99701	-147.7374798498147	64.854807875374	
1232 BAINBRIDGE BOULEVARD	99701	-147.74140267600615	64.85515556365698	
1234 BAINBRIDGE BOULEVARD	99701	-147.7416206851599	64.85515301097067	
1236 BAINBRIDGE BOULEVARD	99701	-147.74183834333562	64.85514500204971	
1213 BAINBRIDGE BOULEVARD	99701	-147.73884986333252	64.85463270645238	
1215 BAINBRIDGE BOULEVARD	99701	-147.73908629474838	64.85463973689906	
1217 BAINBRIDGE BOULEVARD	99701	-147.7393168145615	64.85464438649761	
1219 BAINBRIDGE BOULEVARD	99701	-147.73950770887998	64.85465929493094	
1149 BAINBRIDGE BOULEVARD	99701	-147.7369610693083	64.85488494382386	
1201 BAINBRIDGE BOULEVARD	99701	-147.73726335830594	64.85484223569019	
1221 BAINBRIDGE BOULEVARD	99701	-147.74000230895055	64.85465350938145	
1231 BAINBRIDGE BOULEVARD	99701	-147.7414560863286	64.85461690559703	
1233 BAINBRIDGE BOULEVARD	99701	-147.7416854981664	64.854604424417	
1301 BAINBRIDGE BOULEVARD	99701	-147.74209477934522	64.85461432236545	
1303 BAINBRIDGE BOULEVARD	99701	-147.74227338232177	64.85461712767204	
1313 BAINBRIDGE BOULEVARD	99701	-147.74369454764508	64.85461026764698	
1315 BAINBRIDGE BOULEVARD	99701	-147.74396564288486	64.85461933176171	
1317 BAINBRIDGE BOULEVARD	99701	-147.7442076661317	64.85462383889862	
1319 BAINBRIDGE BOULEVARD	99701	-147.74444921381794	64.85462100597658	
1216 BAINBRIDGE BOULEVARD	99701	-147.73915821764288	64.85517818528103	
1218 BAINBRIDGE BOULEVARD	99701	-147.73939368064035	64.85518089179031	
1220 BAINBRIDGE BOULEVARD	99701	-147.73976118727515	64.8551747737037	
1222 BAINBRIDGE BOULEVARD	99701	-147.74002704172273	64.85518440343954	
1238 BAINBRIDGE BOULEVARD	99701	-147.7420645496735	64.85513689268639	
1314 BAINBRIDGE BOULEVARD	99701	-147.74372917395462	64.85514468518762	
1316 BAINBRIDGE BOULEVARD	99701	-147.74398589204353	64.8551453155213	
1318 BAINBRIDGE BOULEVARD	99701	-147.74422206000875	64.85515892528365	
217 BONNIFIELD STREET	99701	-147.73221711545278	64.84545895448062	
1990 PHILLIPS FIELD ROAD	99701	-147.7636617272053	64.8464783882908	
1206 DENALI WAY	99701	-147.74082730786066	64.84355825024964	
1988 PHILLIPS FIELD ROAD	99701	-147.76311047316986	64.84634224965545	
1991 LIVENGOOD AVENUE	99701	-147.7625911981387	64.84744785310014	
1900 LIVENGOOD AVENUE	99701	-147.75910759385226	64.84763387908025	
1974 LIVENGOOD AVENUE	99701	-147.76097488365477	64.84798945045284	
1990 LIVENGOOD AVENUE	99701	-147.7619871052483	64.84813294204127	
1883 FOX AVENUE	99701	-147.75524199224313	64.84763339934143	
1881 FOX AVENUE	99701	-147.75330147392924	64.84730656665936	
1851 FOX AVENUE	99701	-147.7521943429874	64.8470378037709	
210 JACK LINDSEY LANE	99701	-147.7466549828489	64.84750336390483	
2350 PHILLIPS FIELD ROAD	99701	-147.7691389058051	64.84847149622543	
251 JACK LINDSEY LANE	99701	-147.745533517881	64.84888068855189	
1108 HAMPSTEAD AVENUE	99701	-147.73416923395064	64.85525347572462	
1902 HANSON ROAD	99709	-147.76904054150833	64.85195865377072	
1304 NINTH AVENUE	99701	-147.74452152692712	64.84225167383661	
128 KANTISHNA WAY	99701	-147.74068629237934	64.8422153086741	
1271 NINTH AVENUE	99701	-147.74276392118156	64.84224400219307	
1219 NINTH AVENUE	99701	-147.74095946882233	64.842587771064	
1216 NINTH AVENUE	99701	-147.74065251469762	64.84296616009554	
1215 NINTH AVENUE	99701	-147.7405747134929	64.84265312138668	
1211 DENALI WAY	99701	-147.74127822282742	64.84324410812427	
1201 NINTH AVENUE	99701	-147.73983004970165	64.8427967597238	
1027 NINTH AVENUE	99701	-147.73804536902196	64.84244975490557	
1023 EIGHTH AVENUE	99701	-147.73672779927838	64.84272634797475	
1021 NINTH AVENUE	99701	-147.73773259090325	64.84232967790167	
500 LINCOLN STREET	99701	-147.74081416796759	64.84453652305073	
401 LATHROP STREET	99701	-147.74542263628416	64.843914490024	
1331 SECOND AVENUE	99701	-147.73843293652067	64.84620518519067	
1325 SECOND AVENUE	99701	-147.73812691440406	64.84625974326921	
936 NINTH AVENUE	99701	-147.73550748625934	64.8419305232274	
921 NINTH AVENUE	99701	-147.73558094586647	64.8415970431044	
917 NINTH AVENUE	99701	-147.73530159634896	64.84148561203529	
1312 NINTH AVENUE	99701	-147.7454561930931	64.84208744577842	
1228 NINTH AVENUE	99701	-147.74180360285953	64.8427412302337	
1227 NINTH AVENUE	99701	-147.74167883654843	64.84245161151362	
1224 NINTH AVENUE	99701	-147.7414439514554	64.84281345628528	
1220 NINTH AVENUE	99701	-147.7411118574222	64.84290646846968	
1100 NINTH AVENUE	99701	-147.73847133721375	64.84307293803666	
1037 NINTH AVENUE	99701	-147.73882813498864	64.84276563497738	
1035 NINTH AVENUE	99701	-147.73871183091612	64.8427447467565	
1444 SECOND AVENUE	99701	-147.74145045018142	64.8462728965028	
1429 SECOND AVENUE	99701	-147.74132332113683	64.8459382996227	
1407 SECOND AVENUE	99701	-147.7396976765308	64.8460043503027	
1401 SECOND AVENUE	99701	-147.73931333551846	64.84616675306901	
1502 SECOND AVENUE	99701	-147.7421324704498	64.84613844545655	
1033 NINTH AVENUE	99701	-147.73859030361822	64.84272798426181	
1016 NINTH AVENUE	99701	-147.73693977967952	64.84247387611353	
1013 NINTH AVENUE	99701	-147.73721096018429	64.84219425552088	
1000 NINTH AVENUE	99701	-147.7363228497076	64.84227453448563	
915 SECOND AVENUE	99701	-147.72952676289495	64.84453832302748	
843 FOURTH AVENUE	99701	-147.72960518538375	64.8430181380637	
1200 WELL STREET	99701	-147.72899023907672	64.84946214300899	
305 COWLES STREET	99701	-147.7295086013475	64.84347509843987	
945 ELIZABETH STREET	99709	-147.76785184015662	64.85347412223693	
938 ELIZABETH STREET	99709	-147.76814802525942	64.85262412171798	
934 ELIZABETH STREET	99709	-147.76911059139996	64.8532452996237	
1890 HANSON ROAD	99709	-147.7673210528546	64.85203804059353	
1209 THIRD AVENUE	99701	-147.73500037178698	64.84570118909491	
500 BONNIFIELD STREET	99701	-147.73518225775098	64.8446871200095	
936 EIGHTH AVENUE	99701	-147.73469072998313	64.84250350411597	
931 EIGHTH AVENUE	99701	-147.73502722509105	64.84215138895229	
402 CLEARY STREET	99701	-147.7348445277594	64.84529060064685	
1905 LIVENGOOD AVENUE	99701	-147.7604205977087	64.84685624272566	
202 WIEN STREET	99701	-147.75251418301588	64.84200617003721	
1021 DOGWOOD STREET	99709	-147.7576332569858	64.8549705560377	
839 THIRD AVENUE	99701	-147.72881272266216	64.84356725316617	
943 GILMORE STREET	99701	-147.7418273538459	64.84133269753124	
941 GILMORE STREET	99701	-147.741874022132	64.84146696201773	
1704 MARIKA ROAD	99709	-147.7588846595075	64.85472048083922	
303 BADGER STREET	99701	-147.73837264383127	64.84566613544534	
102 BADGER STREET	99701	-147.7391670717404	64.84664625071753	
1213 MINNIE STREET	99701	-147.73041819690954	64.84999764851548	
914 NINTH AVENUE	99701	-147.73460972886593	64.84172375238116	
913 NINTH AVENUE	99701	-147.73510612788363	64.84141855964864	
1901 SECOND AVENUE	99701	-147.75298911727893	64.84216655211316	
1615 MARIKA ROAD	99709	-147.75844460480272	64.85418663004262	
101 BADGER STREET	99701	-147.73860709799857	64.84676165067427	
815 EIGHTH AVENUE	99701	-147.73271396851146	64.84126023099402	
912 SIXTH AVENUE	99701	-147.73216929428972	64.84290862236499	
1119 THIRD AVENUE	99701	-147.73403999760316	64.84560470907385	
1317 MINNIE STREET	99701	-147.73208446963028	64.85019681472613	
1318 WELL STREET	99701	-147.73219944912194	64.84963471845892	
1304 WELL STREET	99701	-147.73138021276478	64.84958241230032	
308 LINCOLN STREET	99701	-147.741665088628	64.8450751095208	
505 STEWART STREET	99701	-147.7493755365445	64.84313464100542	
1827 PHILLIPS FIELD ROAD	99701	-147.7514408132335	64.84603532858759	
1876 SECOND AVENUE	99701	-147.75412067249528	64.8429203801836	
1840 SECOND AVENUE	99701	-147.75154970637527	64.84312243665443	
1830 SECOND AVENUE	99701	-147.75078464034104	64.84321062696618	
1233 FIFTH AVENUE	99701	-147.73739127128124	64.84466485154509	
1210 FIFTH AVENUE	99701	-147.73572963636647	64.8450133993171	
1206 FIFTH AVENUE	99701	-147.73521196209683	64.84504268050377	
1402 FIFTH AVENUE	99701	-147.73873254040183	64.8449038389013	
1307 FIFTH AVENUE	99701	-147.73812585449699	64.84461400190727	
1204 BAINBRIDGE BOULEVARD	99701	-147.73758373468235	64.85533929114246	
1206 BAINBRIDGE BOULEVARD	99701	-147.7377661972731	64.85530717012561	
839 FIFTH AVENUE	99701	-147.7296857008853	64.84246274333654	
833 FIFTH AVENUE	99701	-147.72925071610211	64.84245675220416	
830 FIFTH AVENUE	99701	-147.72895209053306	64.84271147087522	
827 FIFTH AVENUE	99701	-147.72894279919655	64.8423948678469	
823 FIFTH AVENUE	99701	-147.72881692623181	64.84225135371058	
1733 WELL STREET	99701	-147.74243025278088	64.84963313847726	
1426 MINNIE STREET	99701	-147.73350674375484	64.85023628518762	
413 COWLES STREET	99701	-147.7304050322777	64.84301507277944	
1514 THIRD AVENUE	99701	-147.74237557431542	64.84532978950818	
948 ELIZABETH STREET	99709	-147.76910473110527	64.85380183867333	
1825 MARIKA ROAD	99709	-147.76317033509233	64.85396741740892	
1223 SECOND AVENUE	99701	-147.73547506841172	64.84629582707292	
1229 NINTH AVENUE	99701	-147.74176789009516	64.84243290144671	
1651 SECOND AVENUE	99701	-147.74361165654753	64.8445620113048	
1655 SECOND AVENUE	99701	-147.74430974734852	64.84442325616861	
407 LATHROP STREET	99701	-147.74540395448156	64.84373078003489	
1010 WEMBLEY AVENUE	99701	-147.73420579585004	64.85382301187008	
1300 MINNIE STREET	99701	-147.7315218007918	64.85091971416901	
1322 WEMBLEY AVENUE	99701	-147.7484363233053	64.85347499800655	
1320 WEMBLEY AVENUE	99701	-147.7479166827418	64.85305492797194	
1502 MINNIE STREET	99701	-147.73632913232643	64.85079525366135	
1213 NINTH AVENUE	99701	-147.7402385566931	64.84267863541305	
1324 SECOND AVENUE	99701	-147.73850514199364	64.84651468933934	
1305 CHARLES STREET	99701	-147.73448322464816	64.85089548773924	
1355 WEMBLEY AVENUE	99709	-147.75384490845605	64.85198912333873	
1000 CADILLAC COURT	99701	-147.74690320959277	64.85366860346457	
909 EIGHTH AVENUE	99701	-147.7340675254301	64.84176688159839	
1714 MARIKA ROAD	99709	-147.7602430932005	64.85452705864962	
1609 MARIKA ROAD	99709	-147.75787141816608	64.85414580517465	
702 STEWART STREET	99701	-147.74701098373862	64.84203038522132	
502 STEWART STREET	99701	-147.74761744698537	64.84262154038677	
504 STEWART STREET	99701	-147.74762167917075	64.8425526438336	
602 STEWART STREET	99701	-147.7472451325176	64.84216316298391	
706 STEWART STREET	99701	-147.74764599313207	64.84174198153467	
708 STEWART STREET	99701	-147.74754548975298	64.84156706233564	
1896 MARIKA ROAD	99709	-147.76972645865493	64.85463192262287	
1605 MARIKA ROAD	99709	-147.75656945481606	64.85418960541075	
1604 MARIKA ROAD	99709	-147.7558305648855	64.85459050297169	
1501 MARIKA ROAD	99709	-147.75405080318484	64.85422577372074	
1843 SECOND AVENUE	99701	-147.75113671323552	64.84278029885361	
1837 SECOND AVENUE	99701	-147.7507708110354	64.84285537691134	
1890 MARIKA ROAD	99709	-147.76760831685738	64.85448653104882	
1885 MARIKA ROAD	99709	-147.76834933664867	64.8537509822158	
1880 MARIKA ROAD	99709	-147.76620642344437	64.8544337571764	
902 LATHROP STREET	99701	-147.74624084954175	64.84176348569973	
923 DEERE STREET	99709	-147.77830427714989	64.85308795617536	
1011 DEERE STREET	99709	-147.77653285967648	64.85410344594776	
1096 PIONEER ROAD	99701	-147.7294787407913	64.84763364307955	
1028 EVERGREEN STREET	99709	-147.75519736584465	64.85510298624247	
1026 EVERGREEN STREET	99709	-147.75499984454538	64.85489022433724	
1024 EVERGREEN STREET	99709	-147.75612589777947	64.8549437006029	
1010 EVERGREEN STREET	99709	-147.7549920957491	64.8546615392376	
704 STEWART STREET	99701	-147.74766903107107	64.84191181288011	
500 STEWART STREET	99701	-147.74764096060335	64.84290763232039	
1506 DENALI WAY	99701	-147.74718180336865	64.84246270216273	
2100 HANSON ROAD	99709	-147.77821352950346	64.85286591854172	
833 SIXTH AVENUE	99701	-147.72981064105414	64.84175049583318	
830 SIXTH AVENUE	99701	-147.7294601811676	64.84207314421987	
820 SIXTH AVENUE	99701	-147.72890655826157	64.84189862398281	
815 SIXTH AVENUE	99701	-147.729355443258	64.84156803243113	
814 SIXTH AVENUE	99701	-147.72863273726762	64.84184443341047	
931 THIRD AVENUE	99701	-147.73073137281202	64.84434260118833	
925 THIRD AVENUE	99701	-147.73055358920874	64.84423261690588	
919 THIRD AVENUE	99701	-147.73034754680822	64.84410624746674	
1203 THIRD AVENUE	99701	-147.73462654157615	64.84571734734428	
1103 THIRD AVENUE	99701	-147.73320832124213	64.84539690874212	
1037 THIRD AVENUE	99701	-147.73256631447268	64.84511673653358	
1030 THIRD AVENUE	99701	-147.73191548618288	64.84519026153778	
1026 THIRD AVENUE	99701	-147.73173493400262	64.84510112617986	
1004 THIRD AVENUE	99701	-147.7309922661257	64.84471579618526	
1000 THIRD AVENUE	99701	-147.7307974181543	64.84464642299058	
920 SIXTH AVENUE	99701	-147.73246556558883	64.8430250305355	
917 FIFTH AVENUE	99701	-147.73196574273135	64.8432489798205	
838 SIXTH AVENUE	99701	-147.72994501487682	64.8422369766641	
851 SIXTH AVENUE	99701	-147.7308708468998	64.8421150268277	
837 SIXTH AVENUE	99701	-147.73015559305512	64.84186040733562	
505 KELLUM STREET	99701	-147.73289899477527	64.84342517728119	
928 SEVENTH AVENUE	99701	-147.7335366195318	64.84285543875924	
918 SEVENTH AVENUE	99701	-147.73322790377176	64.84257081989772	
908 SEVENTH AVENUE	99701	-147.73307961834135	64.84250433370318	
813 SEVENTH AVENUE	99701	-147.73187945280162	64.84169439388643	
804 SEVENTH AVENUE	99701	-147.7309220022424	64.84181764430406	
789 SEVENTH AVENUE	99701	-147.73086679454624	64.84136820332974	
788 SEVENTH AVENUE	99701	-147.73049570305685	64.8416674868092	
1115 SECOND AVENUE	99701	-147.73290497780968	64.8459772884364	
1030 SECOND AVENUE	99701	-147.73119223277914	64.84569172547816	
922 SEVENTH AVENUE	99701	-147.73335329251597	64.8426357917684	
915 SEVENTH AVENUE	99701	-147.73335065373118	64.84233020060836	
911 EIGHTH AVENUE	99701	-147.73437387775942	64.84182370483884	
902 EIGHTH AVENUE	99701	-147.7333545161641	64.84188672403651	
1200 FOURTH AVENUE	99701	-147.73475756036567	64.84550281888718	
1039 FOURTH AVENUE	99701	-147.73367039354935	64.84480787882649	
1003 FOURTH AVENUE	99701	-147.73215712700977	64.84409028086702	
1129 FIRST AVENUE	99701	-147.7326529484911	64.84657661062502	
905 NINTH AVENUE	99701	-147.73469720869355	64.8412708842344	
920 EIGHTH AVENUE	99701	-147.73404488372003	64.84216089608887	
917 EIGHTH AVENUE	99701	-147.73444140782829	64.84192860814521	
772 SEVENTH AVENUE	99701	-147.7296862366246	64.8415124169385	
1119 SECOND AVENUE	99701	-147.73318180391783	64.84603577135663	
1115 THIRD AVENUE	99701	-147.73380058437334	64.84551611092809	
1105 THIRD AVENUE	99701	-147.73350322822526	64.84545618253314	
1023 THIRD AVENUE	99701	-147.73212190191057	64.84491649484197	
1015 THIRD AVENUE	99701	-147.7316490644298	64.844698996028	
1012 THIRD AVENUE	99701	-147.73122422593528	64.84483901861701	
210 BONNIFIELD STREET	99701	-147.73278337045036	64.84555115911665	
203 BONNIFIELD STREET	99701	-147.73198397600396	64.84559790776086	
932 SIXTH AVENUE	99701	-147.73300232342126	64.8432917849024	
929 SIXTH AVENUE	99701	-147.73318962910375	64.84301642574643	
928 SIXTH AVENUE	99701	-147.7327774023372	64.8432146111779	
926 SIXTH AVENUE	99701	-147.73257074358764	64.84314129891293	
909 SIXTH AVENUE	99701	-147.73232522604974	64.84267712693573	
869 SIXTH AVENUE	99701	-147.73157556249834	64.84234343562574	
863 SIXTH AVENUE	99701	-147.73127365010066	64.84225633865547	
1034 SIXTH AVENUE	99701	-147.73474139321138	64.84404961506718	
901 SEVENTH AVENUE	99701	-147.73292946008274	64.84204574304489	
822 SEVENTH AVENUE	99701	-147.73180737405858	64.84207249230826	
816 SEVENTH AVENUE	99701	-147.73157009170453	64.84196134137012	
782 SEVENTH AVENUE	99701	-147.7302179138396	64.8415239366167	
779 SEVENTH AVENUE	99701	-147.73023017823596	64.84124589852026	
1127 SECOND AVENUE	99701	-147.73393772400613	64.84583631087959	
1021 SECOND AVENUE	99701	-147.7311812722432	64.84526729835493	
1019 SECOND AVENUE	99701	-147.7310105242647	64.84521907299757	
1009 SECOND AVENUE	99701	-147.73058468657874	64.84506201876626	
926 EIGHTH AVENUE	99701	-147.73429046613236	64.84227844275604	
925 EIGHTH AVENUE	99701	-147.73471509673155	64.8420185144505	
821 EIGHTH AVENUE	99701	-147.73309476116702	64.84138094672724	
820 EIGHTH AVENUE	99701	-147.73246322589432	64.84163773537634	
812 EIGHTH AVENUE	99701	-147.7321786521415	64.84147260182213	
1447 MINNIE STREET	99701	-147.73503328671814	64.85031433122384	
1325 MINNIE STREET	99701	-147.73251831793735	64.85020569852571	
1022 FOURTH AVENUE	99701	-147.73259162029652	64.84470225488991	
1016 FOURTH AVENUE	99701	-147.7322873177481	64.84459367324344	
1006 FOURTH AVENUE	99701	-147.73192726317203	64.84440175490329	
1121 FIRST AVENUE	99701	-147.7319847717576	64.84635183432403	
1325 SIXTH AVENUE	99701	-147.7411393704438	64.84389685893018	
904 WOODLAWN ROAD	99701	-147.74518761908462	64.84152300118322	
901 LATHROP STREET	99701	-147.7454745213776	64.8417403102922	
117 KANTISHNA WAY	99701	-147.74100550820393	64.8416160424996	
125 KANTISHNA WAY	99701	-147.74123694314397	64.84175526609107	
106 KANTISHNA WAY	99701	-147.74007389121874	64.84149875095615	
912 KELLUM STREET	99701	-147.7371735410751	64.84187057182226	
1029 EIGHTH AVENUE	99701	-147.73686323658956	64.84285804428245	
1411 THIRD AVENUE	99701	-147.73957238645463	64.84556279841895	
1234 THIRD AVENUE	99701	-147.73632182073055	64.84610645024344	
1342 SIXTH AVENUE	99701	-147.74271325036773	64.84413953956042	
1377 SIXTH AVENUE	99701	-147.74407035480814	64.8433600866815	
916 FOURTH AVENUE	99701	-147.73073159036298	64.84393996292499	
915 FOURTH AVENUE	99701	-147.73110772782505	64.84367797286194	
124 KANTISHNA WAY	99701	-147.74073757944657	64.84206920575528	
950 LATHROP STREET	99701	-147.7461671204477	64.84132257906182	
1560 TENTH AVENUE	99701	-147.7475374630936	64.841161310692	
963 STEWART STREET	99701	-147.74761134950742	64.8414247245177	
1101 SMYTHE STREET	99701	-147.7398219391056	64.8431742247767	
1212 NINTH AVENUE	99701	-147.74023043318712	64.84304223841188	
906 WOODLAWN ROAD	99701	-147.7450821419245	64.84133661578949	
1011 SMYTHE STREET	99701	-147.73902491670768	64.8419217066107	
118 KANTISHNA WAY	99701	-147.7398929506702	64.84187815983391	
1225 NINTH AVENUE	99701	-147.74137309904435	64.84248245973326	
1006 SMYTHE STREET	99701	-147.73781825122614	64.84163308993867	
411 BADGER STREET	99701	-147.73824758382796	64.84491932730181	
1312 SECOND AVENUE	99701	-147.7374178665369	64.84657449103422	
904 VAGABOND ROAD	99701	-147.7394535195307	64.84163028564548	
1522 WELL STREET	99701	-147.73745654601203	64.84990645313971	
1426 WELL STREET	99701	-147.73486033111692	64.84978735740282	
906 VAGABOND ROAD	99701	-147.73973170006926	64.84157423128468	
1506 THIRD AVENUE	99701	-147.74193873844624	64.845530659598	
1505 THIRD AVENUE	99701	-147.7415347219544	64.84527595682101	
1435 THIRD AVENUE	99701	-147.74079309327422	64.84536337975153	
1431 THIRD AVENUE	99701	-147.74051698994307	64.84538128902068	
707 COWLES STREET	99701	-147.7325232142972	64.84195263248607	
611 COWLES STREET	99701	-147.73200207635733	64.84219997521468	
502 KELLUM STREET	99701	-147.7331119101188	64.8436568697299	
930 FOURTH AVENUE	99701	-147.7312489377245	64.84410878057429	
927 FOURTH AVENUE	99701	-147.73139964922615	64.84376050188378	
401 COWLES STREET	99701	-147.72994794879165	64.8432671690789	
1515 THIRD AVENUE	99701	-147.74214355562341	64.84482679342382	
1430 THIRD AVENUE	99701	-147.74103125363897	64.84567880829279	
937 EIGHTH AVENUE	99701	-147.7353011131091	64.8422338811566	
1007 AURORA DRIVE	99709	-147.76125665453625	64.85462227309118	
965 AURORA DRIVE	99709	-147.7610074944076	64.85408477250567	
1393 SIXTH AVENUE	99701	-147.74504996869533	64.84308515189332	
1309 DENALI WAY	99701	-147.74512682998812	64.84252258083016	
405 LATHROP STREET	99701	-147.74545421774368	64.84378419367115	
1024 NINTH AVENUE	99701	-147.7372480580755	64.84270885630059	
914 KELLUM STREET	99701	-147.7375102786937	64.84182463548854	
1389 SIXTH AVENUE	99701	-147.74470282819541	64.84322661874793	
1300 NINTH AVENUE	99701	-147.74390713240348	64.8423838461257	
1155 EIGHTH AVENUE	99701	-147.73851896089087	64.84354421543796	
1122 EIGHTH AVENUE	99701	-147.7378232206852	64.84366874671427	
1102 EIGHTH AVENUE	99701	-147.73717834241612	64.84347648445392	
1010 EIGHTH AVENUE	99701	-147.73548120850708	64.84284437104789	
1003 EIGHTH AVENUE	99701	-147.73583533320527	64.84243855615745	
1002 EIGHTH AVENUE	99701	-147.73537852516404	64.84265045077704	
1210 DENALI WAY	99701	-147.74145525435878	64.84344706093533	
1208 DENALI WAY	99701	-147.74105326990258	64.84351632628994	
1205 DENALI WAY	99701	-147.7399953383055	64.84346027878249	
1202 DENALI WAY	99701	-147.73992541853613	64.84379034531774	
1426 FOURTH AVENUE	99701	-147.7400973595218	64.84537522391429	
1423 FOURTH AVENUE	99701	-147.74028864473743	64.84494420020083	
1419 FOURTH AVENUE	99701	-147.73979220227292	64.8449930844468	
1224 DENALI WAY	99701	-147.74356170893648	64.84311104939951	
915 KELLUM STREET	99701	-147.73673339774132	64.84159749140395	
903 KELLUM STREET	99701	-147.73631442883413	64.8418055023888	
902 KELLUM STREET	99701	-147.7367530110798	64.84198216486612	
133 KANTISHNA WAY	99701	-147.74159549382003	64.84207249591508	
129 KANTISHNA WAY	99701	-147.74133446383493	64.84195602221227	
113 KANTISHNA WAY	99701	-147.74089754085784	64.8415111371969	
107 KANTISHNA WAY	99701	-147.7407732149981	64.84140775584264	
840 FOURTH AVENUE	99701	-147.7292008695108	64.84332020825178	
927 FIRST AVENUE	99701	-147.72897981501768	64.8450892609719	
302 COWLES STREET	99701	-147.72961417217994	64.84380162083775	
212 COWLES STREET	99701	-147.72920254972655	64.84398491637992	
1409 WELL STREET	99701	-147.7336670964112	64.84932470314608	
914 EIGHTH AVENUE	99701	-147.73382921377953	64.84211847767578	
846 SIXTH AVENUE	99701	-147.7311456244487	64.84258591477534	
1510 WELL STREET	99701	-147.7365143134312	64.84985319209125	
918 NINTH AVENUE	99701	-147.7348515670279	64.84180770501769	
1205 FIRST AVENUE	99701	-147.7345182081418	64.84682522611617	
505 STEWART STREET	99701	-147.7492044121576	64.8431798053423	
505 STEWART STREET	99701	-147.7490093250563	64.84319919388932	
505 STEWART STREET	99701	-147.7488865665961	64.84323292532302	
505 STEWART STREET	99701	-147.74977360741363	64.8430116688544	
505 STEWART STREET	99701	-147.74962757020853	64.84303048096109	
505 STEWART STREET	99701	-147.74949961392767	64.84305287842089	
505 STEWART STREET	99701	-147.7497588119427	64.8427839288201	
505 STEWART STREET	99701	-147.74987838003685	64.84263247839387	
505 STEWART STREET	99701	-147.74966124787193	64.8426559255546	
505 STEWART STREET	99701	-147.74955608268422	64.8426856531741	
505 STEWART STREET	99701	-147.75045869677896	64.84249839522916	
505 STEWART STREET	99701	-147.75032616292086	64.84251894864634	
505 STEWART STREET	99701	-147.7501987029669	64.84254893830301	
505 STEWART STREET	99701	-147.75009799835829	64.842578612909	
505 STEWART STREET	99701	-147.7499347195059	64.84226335487395	
505 STEWART STREET	99701	-147.75002784418263	64.84232303533355	
505 STEWART STREET	99701	-147.7501202273217	64.84237132969912	
505 STEWART STREET	99701	-147.75021162416326	64.84240444080183	
505 STEWART STREET	99701	-147.74951690249873	64.84201376831446	
505 STEWART STREET	99701	-147.74960507276475	64.84206591081386	
505 STEWART STREET	99701	-147.74968333795968	64.8421029750154	
505 STEWART STREET	99701	-147.74976643285203	64.84214568106592	
505 STEWART STREET	99701	-147.74986278120213	64.84218633060982	
505 STEWART STREET	99701	-147.74903635563584	64.84196624228504	
505 STEWART STREET	99701	-147.7498147854022	64.84282125621239	
505 STEWART STREET	99701	-147.74991162949578	64.84286949731785	
505 STEWART STREET	99701	-147.75000798072648	64.84291014765317	
505 STEWART STREET	99701	-147.75010940851075	64.84296023425988	
843 FIFTH AVENUE	99701	-147.730307651851	64.84253471289442	
505 STEWART STREET	99701	-147.74916876457237	64.84194379279123	
505 STEWART STREET	99701	-147.74929213308602	64.84191954997067	
505 STEWART STREET	99701	-147.74938019928575	64.84190142026765	
505 STEWART STREET	99701	-147.7495074105264	64.8418676350646	
505 STEWART STREET	99701	-147.74833191130742	64.84218154927775	
505 STEWART STREET	99701	-147.74847225332434	64.84214381321837	
505 STEWART STREET	99701	-147.74855958368565	64.84211429700801	
505 STEWART STREET	99701	-147.7486685912592	64.84207502880376	
505 STEWART STREET	99701	-147.74933617906106	64.84246032658397	
505 STEWART STREET	99701	-147.74926237289486	64.84242320973323	
505 STEWART STREET	99701	-147.7491571053496	64.8423826638382	
505 STEWART STREET	99701	-147.74907883999833	64.84234559846468	
505 STEWART STREET	99701	-147.74897790941512	64.84230310274732	
505 STEWART STREET	99701	-147.7486523013225	64.84299257276773	
505 STEWART STREET	99701	-147.74858716543216	64.8429515544546	
505 STEWART STREET	99701	-147.74849948704738	64.84290700296859	
505 STEWART STREET	99701	-147.74839855525633	64.84286450686419	
505 STEWART STREET	99701	-147.74879023363846	64.84202421713651	
1213 FIFTH AVENUE	99701	-147.7359417860197	64.84467540992144	
828 EIGHTH AVENUE	99701	-147.73283093006566	64.8417388352125	
708 PERRY STREET	99701	-147.7316401036647	64.84142470418203	
710 PERRY STREET	99701	-147.73177429823116	64.84134755691004	
702 PERRY STREET	99701	-147.73137804418752	64.84157672357313	
704 PERRY STREET	99701	-147.73151479085448	64.8414990488335	
807 SEVENTH AVENUE	99701	-147.7317134826578	64.84165102921285	
804 EIGHTH AVENUE	99701	-147.73188138452304	64.84143260646987	
806 EIGHTH AVENUE	99701	-147.73197676336136	64.84145976184035	
805 SEVENTH AVENUE	99701	-147.73158446160534	64.84160831884641	
1304 FIRST AVENUE	99701	-147.73733580030142	64.84726261502702	
1206 FIRST AVENUE	99701	-147.73595921895466	64.84726266653435	
1204 FIRST AVENUE	99701	-147.7343858375668	64.84715223290402	
830 FIFTH AVENUE	99701	-147.72897303179596	64.84269161259253	
830 FIFTH AVENUE	99701	-147.72874967841594	64.84267381079691	
830 FIFTH AVENUE	99701	-147.72877429374032	64.84265003442788	
1978 BURGESS AVENUE	99709	-147.7682996472831	64.85526473160378	
924 KELLUM STREET	99701	-147.73855167066245	64.84127318919558	
1030 EVERGREEN STREET	99709	-147.75503173130565	64.85524705466112	
1050 EVERGREEN STREET	99709	-147.75622360105515	64.85524491178332	
1042 EVERGREEN STREET	99709	-147.7557365835361	64.85524241285077	
1601 MARIKA ROAD	99709	-147.7557217270961	64.85410663197435	
1028 DOGWOOD STREET	99709	-147.75845394413096	64.85532750358432	
1601 MARIKA ROAD	99709	-147.75590294860555	64.85410449253678	
1601 MARIKA ROAD	99709	-147.75518603430905	64.85419248767516	
1601 MARIKA ROAD	99709	-147.75535904656408	64.85419282003389	
1601 MARIKA ROAD	99709	-147.75555978394294	64.85419045068139	
1601 MARIKA ROAD	99709	-147.75572164334764	64.85419091336786	
1601 MARIKA ROAD	99709	-147.75590844181193	64.8541887080927	
1601 MARIKA ROAD	99709	-147.75498801434082	64.85410816982655	
1036 EVERGREEN STREET	99709	-147.75539490391324	64.85524247267045	
1038 EVERGREEN STREET	99709	-147.75552439824116	64.85524284384074	
1040 EVERGREEN STREET	99709	-147.755618017407	64.85524078855687	
1044 EVERGREEN STREET	99709	-147.75588412871102	64.85524809348297	
1046 EVERGREEN STREET	99709	-147.75599565452364	64.85524677679635	
1048 EVERGREEN STREET	99709	-147.7561116399228	64.85524540737055	
1028 DOGWOOD STREET	99709	-147.75954766502562	64.85531900204298	
1028 DOGWOOD STREET	99709	-147.75981188561528	64.85531445197056	
1701 SECOND AVENUE	99701	-147.74626384819675	64.84346044508439	
1701 SECOND AVENUE	99701	-147.7462634075884	64.84340204711071	
1028 DOGWOOD STREET	99709	-147.75873780371649	64.85532573186845	
1028 DOGWOOD STREET	99709	-147.75896540827551	64.85532446519899	
1028 DOGWOOD STREET	99709	-147.75927656472518	64.85532078499885	
1601 MARIKA ROAD	99709	-147.75499031242532	64.85419197893079	
1601 MARIKA ROAD	99709	-147.755551426224	64.85410508091402	
1032 EVERGREEN STREET	99709	-147.75516057736638	64.85524333853623	
1034 EVERGREEN STREET	99709	-147.75527681245407	64.85524576596907	
1601 MARIKA ROAD	99709	-147.75517767777416	64.85410711788377	
1601 MARIKA ROAD	99709	-147.75535618850333	64.85410619822747	
1606 MARIKA ROAD	99709	-147.75763685897772	64.85455052265101	
1606 MARIKA ROAD	99709	-147.7576382548818	64.85465734107801	
1606 MARIKA ROAD	99709	-147.75650653265106	64.85466043622209	
1606 MARIKA ROAD	99709	-147.757076151037	64.85455240031138	
1606 MARIKA ROAD	99709	-147.75707181127322	64.8546569122355	
1606 MARIKA ROAD	99709	-147.75651536341937	64.85455308877673	
1606 MARIKA ROAD	99709	-147.75670634264614	64.85465766803567	
1606 MARIKA ROAD	99709	-147.75670502785	64.8545520358001	
1606 MARIKA ROAD	99709	-147.7568877204992	64.85465789983343	
1606 MARIKA ROAD	99709	-147.75689198355886	64.85455220170313	
1701 SECOND AVENUE	99701	-147.74626081987364	64.84334922771448	
1701 SECOND AVENUE	99701	-147.7463167470626	64.84401821145184	
1701 SECOND AVENUE	99701	-147.74629995475212	64.84396570425609	
1701 SECOND AVENUE	99701	-147.74627917307237	64.84390327137581	
1701 SECOND AVENUE	99701	-147.74626925420125	64.84385353236043	
1701 SECOND AVENUE	99701	-147.74629716023455	64.84376773724021	
1606 MARIKA ROAD	99709	-147.75744154076855	64.85455045739702	
1701 SECOND AVENUE	99701	-147.74626364065097	64.84350887902899	
1606 MARIKA ROAD	99709	-147.7574457994154	64.85465842821841	
1606 MARIKA ROAD	99709	-147.75727433493148	64.85455361931068	
1606 MARIKA ROAD	99709	-147.7572643420205	64.85465701091667	
1701 SECOND AVENUE	99701	-147.7462995319693	64.84364947908169	
1701 SECOND AVENUE	99701	-147.7462961171687	64.84359681386566	
1701 SECOND AVENUE	99701	-147.74730053661864	64.84380865347688	
1701 SECOND AVENUE	99701	-147.74718941427037	64.8438498441153	
1701 SECOND AVENUE	99701	-147.74709778235777	64.84393353933856	
1701 SECOND AVENUE	99701	-147.74700626377913	64.84396737764376	
1701 SECOND AVENUE	99701	-147.7462970887052	64.84371503275752	
1701 SECOND AVENUE	99701	-147.74805968595405	64.84359318338782	
1701 SECOND AVENUE	99701	-147.74794828855303	64.84363010492508	
1701 SECOND AVENUE	99701	-147.74783363991324	64.84366848860417	
1701 SECOND AVENUE	99701	-147.7477484422989	64.84369655435327	
1701 SECOND AVENUE	99701	-147.74831455607728	64.84344631602694	
1701 SECOND AVENUE	99701	-147.74839786857876	64.84349234387834	
1018 DOGWOOD STREET	99709	-147.7584887170382	64.85494692181155	
1018 DOGWOOD STREET	99709	-147.7587264495645	64.85494695974276	
1018 DOGWOOD STREET	99709	-147.75872942542546	64.85499250727753	
1018 DOGWOOD STREET	99709	-147.7587596244103	64.85489101305292	
1018 DOGWOOD STREET	99709	-147.7589935520393	64.85498653483282	
1701 SECOND AVENUE	99701	-147.7462128225454	64.84308641197103	
1701 SECOND AVENUE	99701	-147.74635002842035	64.84308622445613	
1701 SECOND AVENUE	99701	-147.74648732872612	64.84308746061028	
1701 SECOND AVENUE	99701	-147.74661459520962	64.84308881451066	
1701 SECOND AVENUE	99701	-147.7467857073939	64.84309535100523	
1701 SECOND AVENUE	99701	-147.7469062854052	64.84309678323697	
1701 SECOND AVENUE	99701	-147.74705352521084	64.84309647807669	
1701 SECOND AVENUE	99701	-147.74777010229042	64.84315358123959	
1701 SECOND AVENUE	99701	-147.74786028618198	64.8432023766184	
1701 SECOND AVENUE	99701	-147.74794359715045	64.84324840472968	
1701 SECOND AVENUE	99701	-147.74802672364194	64.84329158605162	
1701 SECOND AVENUE	99701	-147.7481377132897	64.84335153231231	
1701 SECOND AVENUE	99701	-147.7482279006767	64.84340032833532	
1701 SECOND AVENUE	99701	-147.7471738262036	64.84309363952828	
1701 SECOND AVENUE	99701	-147.74733082275668	64.84308894561981	
1701 SECOND AVENUE	99701	-147.7474880018496	64.84308709831309	
1018 DOGWOOD STREET	99709	-147.75846601128342	64.85499153292304	
1018 DOGWOOD STREET	99709	-147.7584699181058	64.8548934874723	
924 KELLUM STREET	99701	-147.739478290242	64.84121046991997	
1018 DOGWOOD STREET	99709	-147.75953992322573	64.85494446007102	
1018 DOGWOOD STREET	99709	-147.75953657384784	64.85489321911633	
1018 DOGWOOD STREET	99709	-147.75980767824925	64.85499399766307	
1018 DOGWOOD STREET	99709	-147.75980442137748	64.85494417962744	
1018 DOGWOOD STREET	99709	-147.7598213297089	64.85489554790048	
1018 DOGWOOD STREET	99709	-147.7592718964692	64.85499321343634	
1018 DOGWOOD STREET	99709	-147.75926538898628	64.85494485875735	
1018 DOGWOOD STREET	99709	-147.75925897241453	64.85489792701439	
1018 DOGWOOD STREET	99709	-147.75953974187857	64.8549928938744	
1018 DOGWOOD STREET	99709	-147.75899410640756	64.85494379446854	
1018 DOGWOOD STREET	99709	-147.75901101825272	64.85489516190839	
924 KELLUM STREET	99701	-147.73951743805287	64.84119119204875	
924 KELLUM STREET	99701	-147.73954830465513	64.84117451540806	
924 KELLUM STREET	99701	-147.73884468961634	64.84116099249975	
924 KELLUM STREET	99701	-147.73859421662587	64.84128900803944	
924 KELLUM STREET	99701	-147.73833644778819	64.84120500542234	
924 KELLUM STREET	99701	-147.73850593137357	64.8412574085787	
924 KELLUM STREET	99701	-147.73836906665994	64.84121550101007	
1306 FIFTH AVENUE	99701	-147.73799729631233	64.84489822899187	
1303 FIFTH AVENUE	99701	-147.7379290771557	64.84461047685765	
1223 FIFTH AVENUE	99701	-147.73649055114765	64.84466382730228	
1222 FIFTH AVENUE	99701	-147.7368310380968	64.84496839060236	
1220 FIFTH AVENUE	99701	-147.7364318083859	64.84494968351612	
1218 FIFTH AVENUE	99701	-147.73608092806452	64.84498317250463	
844 FIFTH AVENUE	99701	-147.72963300110956	64.84284168538758	
901 FIFTH AVENUE	99701	-147.73130278682436	64.8429870212257	
1019 FIFTH AVENUE	99701	-147.7337255525036	64.84400916149441	
931 FIFTH AVENUE	99701	-147.7324549221871	64.84347225940961	
923 FIFTH AVENUE	99701	-147.7321924836774	64.84331999787669	
920 FIFTH AVENUE	99701	-147.73150335673913	64.84345913160861	
913 FIFTH AVENUE	99701	-147.73177820931036	64.84315805508281	
909 FIFTH AVENUE	99701	-147.73154110852968	64.8430885711978	
1039 FIFTH AVENUE	99701	-147.7344709873384	64.84440964319641	
1027 FIFTH AVENUE	99701	-147.733939857339	64.8442051414982	
1024 FIFTH AVENUE	99701	-147.7333924648612	64.84434693072	
1018 FIFTH AVENUE	99701	-147.7332947834815	64.84420709964614	
1013 FIFTH AVENUE	99701	-147.7334752862056	64.84389370077155	
1012 FIFTH AVENUE	99701	-147.73294674810026	64.84408614856548	
1009 FIFTH AVENUE	99701	-147.73331232842202	64.84381857799984	
922 ASPEN STREET	99709	-147.7736992585501	64.85257232061075	
923 ASPEN STREET	99709	-147.7726954287263	64.8525044456669	
925 ASPEN STREET	99709	-147.77266627719192	64.85307294070856	
1321 WEMBLEY AVENUE	99701	-147.75006530849745	64.8526256571536	
2010 SECOND AVENUE	99701	-147.76369488676414	64.84197580082211	
1982 SECOND AVENUE	99701	-147.76040403947303	64.8427911881409	
602 COWLES STREET	99701	-147.732070112077	64.84247963540311	
410 COWLES STREET	99701	-147.7309397457066	64.84326211960212	
402 COWLES STREET	99701	-147.7305574031331	64.8434432566878	
908 FOURTH AVENUE	99701	-147.73032007896177	64.84373902984774	
300 KELLUM STREET	99701	-147.73124826065845	64.84446462875626	
1033 FOURTH AVENUE	99701	-147.7333954008705	64.84469050336983	
1426 SECOND AVENUE	99701	-147.7407413416292	64.84636200361213	
1406 SECOND AVENUE	99701	-147.73954271742411	64.84644603054068	
1412 SECOND AVENUE	99701	-147.73980502514024	64.84641068241112	
1232 NINTH AVENUE	99701	-147.7422130868492	64.84269356243749	
1211 NINTH AVENUE	99701	-147.74019148624717	64.842690074112	
1270 NINTH AVENUE	99701	-147.74355700104127	64.84248072387014	
1610 WELL STREET	99701	-147.73828435402802	64.84990874266678	
1231 FOURTH AVENUE	99701	-147.73652122420748	64.84528862948973	
1308 NINTH AVENUE	99701	-147.74514522807905	64.84213884127124	
1306 DENALI WAY	99701	-147.74509396174824	64.84284972105047	
1228 DENALI WAY	99701	-147.7440608276909	64.84295563345428	
1412 FOURTH AVENUE	99701	-147.73947316937628	64.84527438299858	
917 THIRD AVENUE	99701	-147.73015834405243	64.84402442697629	
305 KELLUM STREET	99701	-147.73101568420145	64.84428436473398	
931 FOURTH AVENUE	99701	-147.73172802897122	64.84388254502592	
1415 FOURTH AVENUE	99701	-147.73942282752324	64.8450184313967	
1222 FOURTH AVENUE	99701	-147.73628397802943	64.84553988621921	
1221 FOURTH AVENUE	99701	-147.73615399945012	64.84536126452355	
1306 NINTH AVENUE	99701	-147.7448426766063	64.84218953707182	
1303 DENALI WAY	99701	-147.74455509451957	64.8426242719356	
1300 DENALI WAY	99701	-147.7443743985375	64.84291389426824	
1222 WELL STREET	99701	-147.73017933743316	64.84970393005858	
1521 MINNIE STREET	99701	-147.73701428028536	64.85045449641193	
1475 MINNIE STREET	99701	-147.73574120811654	64.85039347166976	
1420 WELL STREET	99701	-147.73366832001565	64.84966989993563	
1980 SECOND AVENUE	99701	-147.75936111901962	64.84405775458616	
1962 SECOND AVENUE	99701	-147.75920850096648	64.8419612370518	
402 BONNIFIELD STREET	99701	-147.73418085003354	64.84499512101482	
311 BONNIFIELD STREET	99701	-147.73318240719442	64.84504129584295	
307 BONNIFIELD STREET	99701	-147.73287578084862	64.84518366625643	
304 BADGER STREET	99701	-147.73890717243734	64.84539811441972	
1010 SEVENTH AVENUE	99701	-147.73478174095214	64.84326982317256	
1326 SIXTH AVENUE	99701	-147.74146054738586	64.84414698670943	
1521 WELL STREET	99701	-147.73688977609373	64.84987293810589	
910 FOURTH AVENUE	99701	-147.73039296490717	64.84375949045966	
1118 SECOND AVENUE	99701	-147.7323547652501	64.84638158085767	
1607 WELL STREET	99701	-147.7382187438257	64.84955857058927	
1820 MARIKA ROAD	99709	-147.76301703164327	64.85439012369633	
926 GILMORE STREET	99701	-147.74411976591756	64.84148144785395	
1027 DOGWOOD STREET	99709	-147.7566246543497	64.85505774702762	
1301 NINTH AVENUE	99701	-147.74359330439142	64.84212801223808	
1225 PHILLIPS FIELD ROAD	99701	-147.73269038032754	64.8484261418224	
1226 PHILLIPS FIELD ROAD	99701	-147.73272487891668	64.84859809857895	
1034 SECOND AVENUE	99701	-147.73119746840578	64.84573915809875	
1029 FIRST AVENUE	99701	-147.73060983892358	64.84584552964698	
2050 PHILLIPS FIELD ROAD	99701	-147.76548455503087	64.84678576694328	
605 KELLUM STREET	99701	-147.73354740972394	64.84308986850198	
1203 DENALI WAY	99701	-147.73898907442964	64.8436446521133	
910 WOODLAWN ROAD	99701	-147.74488505017786	64.84119674461661	
1217 NINTH AVENUE	99701	-147.74065766318438	64.84263620625987	
1221 NINTH AVENUE	99701	-147.74104177571255	64.84257259412522	
1218 NINTH AVENUE	99701	-147.7409968334655	64.84292639298711	
1222 NINTH AVENUE	99701	-147.74132806380288	64.84282992493564	
1226 NINTH AVENUE	99701	-147.74171370057178	64.84275537226162	
1230 NINTH AVENUE	99701	-147.74211419219165	64.84271019419386	
1220 FOURTH AVENUE	99701	-147.735713061907	64.84553659994474	
1189 PHILLIPS FIELD ROAD	99701	-147.72949868056153	64.84808214748979	
1029 AURORA DRIVE	99709	-147.76017755818776	64.85490812538868	
1029 AURORA DRIVE	99709	-147.76030890239105	64.85488990897528	
1029 AURORA DRIVE	99709	-147.76017648247492	64.85489160988709	
1029 AURORA DRIVE	99709	-147.76030631966913	64.85487176566535	
1029 AURORA DRIVE	99709	-147.76017476565625	64.85487316021955	
1653 SECOND AVENUE	99701	-147.74396306997642	64.84449470963784	
339 GRANT STREET	99701	-147.742889926422	64.84437694028372	
934 ELIZABETH STREET	99709	-147.76909524568322	64.85345133380521	
1319 WEMBLEY AVENUE	99701	-147.74918782910274	64.8522265983854	
1615 MARIKA ROAD	99709	-147.7584859938791	64.8541867275128	
1607 MARIKA ROAD	99709	-147.7572227007566	64.8539867641848	
1883 MARIKA ROAD	99709	-147.76755472234632	64.85377431836339	
1318 SECOND AVENUE	99701	-147.73811197945147	64.84677858872257	
1031 ALASKA RR DEPOT ROAD	99701	-147.74079394217	64.85138036969974	
1429 MINNIE STREET	99701	-147.73386435614765	64.85024977478861	
1800 SECOND AVENUE	99701	-147.74930724437976	64.84367543911593	
1327 SIXTH AVENUE	99701	-147.7412033884127	64.84383255034585	
1845 HANSON ROAD	99709	-147.76552238028557	64.85109926753701	
241 CLEARY STREET	99701	-147.7336114875816	64.8460818728826	
1415 WELL STREET	99701	-147.73459361949247	64.84939986445116	
1900 MARIKA ROAD	99709	-147.77087698082238	64.85458703242593	
1811 PHILLIPS FIELD ROAD	99701	-147.74802479382495	64.84598759971946	
1200 DENALI WAY	99701	-147.7399813992519	64.84408397187093	
1020 NINTH AVENUE	99701	-147.7370561321498	64.84259898116744	
1835 MARIKA ROAD	99709	-147.76243460030878	64.85341058466697	
1835 MARIKA ROAD	99709	-147.7630102690189	64.85340798520947	
1835 MARIKA ROAD	99709	-147.7639154774116	64.85339240191999	
1024 CARLAS WAY	99701	-147.72859481900224	64.8471094488353	
1924 SECOND AVENUE	99701	-147.7556164436822	64.84286159683212	
1950 SECOND AVENUE	99701	-147.75706654783386	64.84234590422808	
1881 CHENA LANDINGS LOOP ROAD	99701	-147.7675060358924	64.84275211479613	
1885 CHENA LANDINGS LOOP ROAD	99701	-147.76788187497922	64.84261335335907	
1100 SECOND AVENUE	99701	-147.73194500162904	64.8459816044103	
1852 SECOND AVENUE	99701	-147.75230854547345	64.84282500415593	
1325 WEMBLEY AVENUE	99701	-147.75039227539514	64.85295799978125	
231 JACK LINDSEY LANE	99701	-147.7441135356509	64.84833708136028	
1859 CHENA LANDINGS LOOP ROAD	99701	-147.76796143361435	64.84395976976009	
1100 FOURTH AVENUE	99701	-147.73366433263786	64.84517532832012	
1889 CHENA LANDINGS LOOP ROAD	99701	-147.76818180834124	64.84247641252877	
1971 SECOND AVENUE	99701	-147.75924071294727	64.84161274233733	
1314 THIRD AVENUE	99701	-147.73779201127792	64.84613992197417	
1825 CHENA LANDINGS LOOP ROAD	99701	-147.76664209006782	64.84506559061371	
1829 CHENA LANDINGS LOOP ROAD	99701	-147.76607551486282	64.84478827443104	
1003 ASPEN STREET	99709	-147.77278051830223	64.85417925906835	
1270 NINTH AVENUE	99701	-147.74347517487786	64.8424956812291	
1270 NINTH AVENUE	99701	-147.7432996896643	64.84252716843173	
1270 NINTH AVENUE	99701	-147.7430334252079	64.8425776063757	
1270 NINTH AVENUE	99701	-147.74298399663866	64.84258535792145	
1270 NINTH AVENUE	99701	-147.74324411533755	64.84253917800513	
1260 NINTH AVENUE	99701	-147.743174722862	64.84284332286008	
1260 NINTH AVENUE	99701	-147.74322415184776	64.84283557125012	
1260 NINTH AVENUE	99701	-147.74366590514876	64.84275364553017	
1260 NINTH AVENUE	99701	-147.74343484371383	64.84279714260603	
1260 NINTH AVENUE	99701	-147.74349041848515	64.84278513296063	
1260 NINTH AVENUE	99701	-147.74374773198628	64.84273868806498	
1250 NINTH AVENUE	99701	-147.7426389739857	64.84294166653638	
1250 NINTH AVENUE	99701	-147.74272730900452	64.84292757372644	
1250 NINTH AVENUE	99701	-147.74253174348374	64.84296547771173	
1240 NINTH AVENUE	99701	-147.74205784703926	64.84305531119428	
1240 NINTH AVENUE	99701	-147.7418777993644	64.84308306085359	
1240 NINTH AVENUE	99701	-147.7417789786542	64.84309893777805	
1190 EIGHTH AVENUE	99701	-147.73838379483112	64.84393412172722	
1190 EIGHTH AVENUE	99701	-147.73843868308856	64.84395484720399	
1190 EIGHTH AVENUE	99701	-147.73866510247063	64.84404906244657	
1190 EIGHTH AVENUE	99701	-147.7386111773034	64.84402595244914	
1026 EVERGREEN STREET	99709	-147.7551196950892	64.85488821694979	
1026 EVERGREEN STREET	99709	-147.75527195556273	64.85489116858243	
1026 EVERGREEN STREET	99709	-147.75540466159532	64.85489375684429	
1024 EVERGREEN STREET	99709	-147.75612729044013	64.85498641792505	
1024 EVERGREEN STREET	99709	-147.7561281391101	64.85504219913486	
1024 EVERGREEN STREET	99709	-147.7561213603607	64.85508798030065	
1049 DOGWOOD STREET	99701	-147.7565552064169	64.85532321872385	
1049 DOGWOOD STREET	99701	-147.7565565627885	64.85530124225764	
260 CLEARY STREET	99701	-147.73460636260555	64.84604178129867	
1837 CHENA LANDINGS LOOP ROAD	99701	-147.7676073834444	64.84463653739249	
1004 THIRD AVENUE	99701	-147.7309164917023	64.84468249065885	
1004 THIRD AVENUE	99701	-147.7307731543447	64.84479574087075	
1847 CHENA LANDINGS LOOP ROAD	99701	-147.76790226569614	64.84435118091729	
1847 CHENA LANDINGS LOOP ROAD	99701	-147.76798570584182	64.84422863398426	
1612 KASSI COURT	99709	-147.7536316868084	64.86097042288812	
1639 KASSI COURT	99709	-147.75396664310594	64.85988183720207	
1641 KASSI COURT	99709	-147.75439203214952	64.85986606304442	
1621 KASSI COURT	99709	-147.75362512467572	64.86047455603936	
1817 COLLEGE ROAD	99709	-147.76050163798362	64.86336412193086	
1741 COLLEGE ROAD	99709	-147.7575285819598	64.86291371236405	
1812 HILLING AVENUE	99709	-147.76493374489823	64.86142603056888	
1077 ASPEN STREET	99709	-147.77217011842225	64.85605783512312	
1627 KASSI COURT	99709	-147.75370042472392	64.86028954686283	
1630 KASSI COURT	99709	-147.75456960192642	64.8602050200582	
1633 KASSI COURT	99709	-147.7536990496304	64.86002745764415	
1050 ASPEN STREET	99709	-147.7753222571581	64.85570730862727	
1060 ASPEN STREET	99709	-147.77368001782526	64.85609820466968	
1612 CARR AVENUE	99709	-147.75762482138094	64.85874020653772	
1611 CARR AVENUE	99709	-147.75684021783636	64.85838542968676	
1610 CARR AVENUE	99709	-147.75678094562278	64.85871497643328	
1603 CARR AVENUE	99709	-147.7553589105636	64.85838400764226	
1506 CARR AVENUE	99709	-147.7536954611948	64.85873231732889	
1505 CARR AVENUE	99709	-147.75365953028617	64.85843252103386	
1080 EVERGREEN STREET	99709	-147.7552673630962	64.85602538953842	
1015 EVERGREEN STREET	99709	-147.75395661129227	64.85551572862326	
1717 COLLEGE ROAD	99709	-147.75686669815124	64.8627496264752	
1715 COLLEGE ROAD	99709	-147.75646881232242	64.86264643040265	
1651 COLLEGE ROAD	99709	-147.75484901615522	64.86244229955243	
1652 COLLEGE ROAD	99709	-147.7542932862417	64.86314012514075	
1748 COTTONWOOD STREET	99709	-147.7592449529036	64.86192232790376	
1740 COTTONWOOD STREET	99709	-147.7587849826327	64.86179429569438	
1733 COTTONWOOD STREET	99709	-147.75871782920623	64.86141752321419	
1732 COTTONWOOD STREET	99709	-147.75852645516488	64.86173068557245	
1725 COTTONWOOD STREET	99709	-147.758237555232	64.86136267519949	
1648 COTTONWOOD STREET	99709	-147.75550146938218	64.86133917907513	
1641 COTTONWOOD STREET	99709	-147.75563812785586	64.8608953635262	
1853 BRIDGEWATER DRIVE	99709	-147.76398322315416	64.86322934294299	
1878 BRIDGEWATER DRIVE	99709	-147.7656597614635	64.86280292908484	
1805 JACK STREET	99709	-147.7651967695212	64.86168475588369	
1741 JACK STREET	99709	-147.76375748818685	64.86020751322795	
1816 CENTRAL AVENUE	99709	-147.76514364626598	64.85791330656099	
1803 SOUTHERN AVENUE	99709	-147.7629184396245	64.85660318992436	
1211 AURORA DRIVE	99709	-147.76142991606557	64.85645027404075	
1500 AURORA DRIVE	99709	-147.76251563875263	64.85797601920352	
1803 CENTRAL AVENUE	99709	-147.76248027621244	64.8574233379999	
1551 CEDAR STREET	99709	-147.76528123368212	64.85827453981173	
1637 COLLEGE ROAD	99709	-147.75401277588338	64.86218896614375	
1625 COLLEGE ROAD	99709	-147.75347683024088	64.86220814711683	
1762 COTTONWOOD STREET	99709	-147.75984086282583	64.86203664339041	
1752 COTTONWOOD STREET	99709	-147.75957651819604	64.86202239868464	
1724 COTTONWOOD STREET	99709	-147.75791751779877	64.86184592265711	
1716 COTTONWOOD STREET	99709	-147.7577299662335	64.86163896824343	
1708 COTTONWOOD STREET	99709	-147.75739546622046	64.86154666102088	
1701 COTTONWOOD STREET	99709	-147.75735713775896	64.86121688803466	
1632 COTTONWOOD STREET	99709	-147.7550341542543	64.86109423903265	
1628 COTTONWOOD STREET	99709	-147.75439361400782	64.86099339963782	
1625 COTTONWOOD STREET	99709	-147.75486560998436	64.86074690026904	
1863 BRIDGEWATER DRIVE	99709	-147.76472378014745	64.86314693840042	
1852 SOUTHERN AVENUE	99709	-147.765169122419	64.85689553217364	
1422 AURORA DRIVE	99709	-147.76216433750983	64.85708518906438	
1420 AURORA DRIVE	99709	-147.7621965145976	64.85686271119806	
1820 SOUTHERN AVENUE	99709	-147.76445808768838	64.85690254835058	
1450 CEDAR STREET	99709	-147.76594235129332	64.85740623844018	
1900 CARR AVENUE	99709	-147.76591201105464	64.85881631732327	
1816 CARR AVENUE	99709	-147.76476940710245	64.85872230428568	
1809 CARR AVENUE	99709	-147.76364769004795	64.85837486830508	
1808 CARR AVENUE	99709	-147.7632364266528	64.85872732167135	
1807 CARR AVENUE	99709	-147.76338717782951	64.85834287884096	
1806 CARR AVENUE	99709	-147.7629278648668	64.8587523733343	
1601 AURORA DRIVE	99709	-147.7615206789705	64.85885066276566	
1904 CAPITOL AVENUE	99709	-147.76581435985975	64.86056384642379	
1903 CAPITOL AVENUE	99709	-147.76554105080126	64.86023407139977	
1873 BRIDGEWATER DRIVE	99709	-147.7653433743374	64.86316214886403	
1868 BRIDGEWATER DRIVE	99709	-147.76501988646433	64.86281060217874	
1843 BRIDGEWATER DRIVE	99709	-147.76364136131463	64.86293589869865	
1840 BRIDGEWATER DRIVE	99709	-147.7644298401808	64.86267432192003	
1809 HILLING AVENUE	99709	-147.76400595269664	64.86122916994282	
1808 HILLING AVENUE	99709	-147.7642879716873	64.86160472414609	
1806 BRIDGEWATER DRIVE	99709	-147.76380160321563	64.86172045655579	
1777 BRIDGEWATER DRIVE	99709	-147.76241866414844	64.86116106276354	
1775 BRIDGEWATER DRIVE	99709	-147.76239854746962	64.86113582231634	
1770 BRIDGEWATER DRIVE	99709	-147.7629606419196	64.86082656319945	
1760 BRIDGEWATER DRIVE	99709	-147.76262171921417	64.86060897915664	
1825 SOUTHERN AVENUE	99709	-147.7644367863456	64.85656743274475	
1812 SOUTHERN AVENUE	99709	-147.76405795776375	64.85688342543945	
1811 SOUTHERN AVENUE	99709	-147.76410485166116	64.85652151701072	
1811 CENTRAL AVENUE	99709	-147.76401031528914	64.85746002868774	
1808 CENTRAL AVENUE	99709	-147.76335092750708	64.85780452193538	
1433 AURORA DRIVE	99709	-147.76138850084268	64.85729568662866	
1423 AURORA DRIVE	99709	-147.76145259114048	64.85695360972868	
1260 AURORA DRIVE	99709	-147.76221257118303	64.85651569980023	
1081 AURORA DRIVE	99709	-147.7613234999454	64.85606615985132	
1809 JACK STREET	99709	-147.76548082513915	64.86191229589636	
1793 JACK STREET	99709	-147.76458974236627	64.8610680227931	
1781 JACK STREET	99709	-147.76438854919533	64.86085651746349	
1776 JACK STREET	99709	-147.76513411102258	64.86064230135233	
1747 BRIDGEWATER DRIVE	99709	-147.76103084267808	64.8600447804822	
1810 SOUTHERN AVENUE	99709	-147.7636963789061	64.85689045014733	
1846 ESQUIRE AVENUE	99709	-147.76453965564033	64.85974511628996	
1843 ESQUIRE AVENUE	99709	-147.76456015723898	64.85931586366418	
1837 ESQUIRE AVENUE	99709	-147.76402594682318	64.8593081329308	
1829 ESQUIRE AVENUE	99709	-147.76356119833267	64.85929991414217	
1902 CENTRAL AVENUE	99709	-147.76616642767476	64.85782302153888	
1810 CENTRAL AVENUE	99709	-147.76364381568143	64.85781645515515	
1809 CENTRAL AVENUE	99709	-147.7637368761914	64.85745889878964	
1721 AURORA DRIVE	99709	-147.76127254367364	64.86001225328921	
1661 AURORA DRIVE	99709	-147.76120723052188	64.85939350876332	
1643 AURORA DRIVE	99709	-147.76138729570707	64.85912113470948	
1751 COLLEGE ROAD	99709	-147.75809759515533	64.86283633482061	
1771 COLLEGE ROAD	99709	-147.75836972749505	64.86307806705308	
2016 COLLEGE ROAD	99709	-147.76362617110954	64.86482143968364	
1800 COLLEGE ROAD	99709	-147.7551945122363	64.86504980171809	
1651 OLD PIONEER WAY	99709	-147.77803768273068	64.85945938141306	
1902 HILLING AVENUE	99709	-147.766259222189	64.86145460269654	
2122 BRIDGEWATER DRIVE	99709	-147.77335930582367	64.86239394562885	
2014 CARR AVENUE	99709	-147.77217260867994	64.85868514582141	
1904 CARR AVENUE	99709	-147.766273948724	64.85876223419572	
1907 CAPITOL AVENUE	99709	-147.76621835161228	64.86026005029447	
2085 BRIDGEWATER DRIVE	99709	-147.7736815529626	64.86310501262732	
1914 SOUTHERN AVENUE	99709	-147.76828816236173	64.8569040944699	
2009 SOUTHERN AVENUE	99709	-147.77127871521753	64.85656833299814	
2115 SOUTHERN AVENUE	99709	-147.77589771521107	64.85658752843139	
2108 CENTRAL AVENUE	99709	-147.77465405608214	64.85786401636503	
2018 CENTRAL AVENUE	99709	-147.77275414384604	64.85779293386295	
2015 CENTRAL AVENUE	99709	-147.77234920483195	64.8574009673526	
2101 CARR AVENUE	99709	-147.77385465611133	64.85829501471626	
2258 BRIDGEWATER DRIVE	99709	-147.7732574552671	64.8598699325094	
2253 BRIDGEWATER DRIVE	99709	-147.77440587095015	64.85999089140914	
2248 BRIDGEWATER DRIVE	99709	-147.7732161291091	64.86018895197952	
2243 BRIDGEWATER DRIVE	99709	-147.77409764259104	64.86021315149446	
2218 BRIDGEWATER DRIVE	99709	-147.77330845282714	64.86084654345584	
2213 BRIDGEWATER DRIVE	99709	-147.77419115826277	64.860951756557	
2019 CARR AVENUE	99709	-147.77280088547718	64.85827973992276	
2010 CARR AVENUE	99709	-147.77169616373226	64.85867183010438	
2107 CARR AVENUE	99709	-147.7741875921457	64.85824086316178	
2011 CARR AVENUE	99709	-147.77164584431677	64.8583486759544	
2012 CARR AVENUE	99709	-147.7712800903902	64.85868352048657	
2003 CARR AVENUE	99709	-147.770096454485	64.85837203941254	
2002 CARR AVENUE	99709	-147.77014531496025	64.85868695700529	
1912 CARR AVENUE	99709	-147.76784136133463	64.85868759984128	
1910 CARR AVENUE	99709	-147.76738760407528	64.85876779008034	
2008 CAPITOL AVENUE	99709	-147.76981565566254	64.86056354884575	
2007 CAPITOL AVENUE	99709	-147.76947039814524	64.86023989926117	
2004 CAPITOL AVENUE	99709	-147.76923451241592	64.86057323459384	
2003 CAPITOL AVENUE	99709	-147.76887556750404	64.86024581451778	
1917 CAPITOL AVENUE	99709	-147.7670812580724	64.86056108696714	
1915 CAPITOL AVENUE	99709	-147.76740683131862	64.86021406199558	
1911 CAPITOL AVENUE	99709	-147.76691731284902	64.86022594137644	
1908 CAPITOL AVENUE	99709	-147.76648685093045	64.86057966910353	
2001 CARR AVENUE	99709	-147.76973151457338	64.85827729651828	
1921 CARR AVENUE	99709	-147.7690332837589	64.8583166982756	
1918 CARR AVENUE	99709	-147.76907560442166	64.8588271456722	
1906 CARR AVENUE	99709	-147.7666866303755	64.85868935383486	
2003 JACK STREET	99709	-147.76953742383475	64.86223384282555	
1617 BRIDGEWATER DRIVE	99709	-147.7575239014638	64.85911099559759	
1703 ALASKA WAY	99709	-147.77600165596525	64.86001858677977	
1677 ALASKA WAY	99709	-147.77608948529686	64.859463403544	
1635 WILLOW STREET	99709	-147.75644728971676	64.86012165231823	
2400 COLLEGE ROAD	99709	-147.7751037076147	64.86405051460878	
1515 ALASKA WAY	99709	-147.7771634646769	64.85774607994783	
2058 BRIDGEWATER DRIVE	99709	-147.7719894357395	64.86282052428021	
2055 BRIDGEWATER DRIVE	99709	-147.77196703372516	64.8631967521287	
2017 SOUTHERN AVENUE	99709	-147.77282459931183	64.85648045061933	
2012 SOUTHERN AVENUE	99709	-147.77175201421062	64.85690344874826	
2010 SOUTHERN AVENUE	99709	-147.77130286334506	64.85696932309233	
2008 SOUTHERN AVENUE	99709	-147.77099585523484	64.85694141094075	
2007 SOUTHERN AVENUE	99709	-147.77090990984613	64.85656524289158	
2006 SOUTHERN AVENUE	99709	-147.77048019108963	64.85686626166304	
2001 SOUTHERN AVENUE	99709	-147.7697581062856	64.85657107662021	
1916 SOUTHERN AVENUE	99709	-147.7690744747077	64.85687612343675	
1915 SOUTHERN AVENUE	99709	-147.7685942090679	64.85660331459998	
2028 BRIDGEWATER DRIVE	99709	-147.77046540200868	64.8628260996624	
2025 BRIDGEWATER DRIVE	99709	-147.77022808039655	64.86325417517521	
2018 BRIDGEWATER DRIVE	99709	-147.76979914391637	64.86282328407401	
2015 BRIDGEWATER DRIVE	99709	-147.76971197467603	64.86326031835611	
2114 SOUTHERN AVENUE	99709	-147.77595190818064	64.85694814535576	
2113 SOUTHERN AVENUE	99709	-147.77532643376853	64.85649239147571	
2112 SOUTHERN AVENUE	99709	-147.77549319988208	64.85694913159634	
2111 SOUTHERN AVENUE	99709	-147.77498936848323	64.85649671224685	
2105 SOUTHERN AVENUE	99709	-147.7742263969912	64.85658216423299	
2101 SOUTHERN AVENUE	99709	-147.7734848913853	64.85644867660884	
2018 SOUTHERN AVENUE	99709	-147.77287424506468	64.85698872684702	
1927 ESQUIRE AVENUE	99709	-147.76837457048737	64.85927640954651	
1926 ESQUIRE AVENUE	99709	-147.7684063349191	64.8596717332309	
1913 ESQUIRE AVENUE	99709	-147.76663951787538	64.85925425300108	
2105 CENTRAL AVENUE	99709	-147.77428912855723	64.8575148059131	
2104 CENTRAL AVENUE	99709	-147.77386543791755	64.85782959284963	
2011 CENTRAL AVENUE	99709	-147.77154204588868	64.8574200675541	
2010 CENTRAL AVENUE	99709	-147.77122537561002	64.857801127135	
2009 CENTRAL AVENUE	99709	-147.77132548661484	64.85751937756682	
2008 CENTRAL AVENUE	99709	-147.77082066236605	64.85787797050413	
2000 CENTRAL AVENUE	99709	-147.76970358811084	64.85786958215652	
1917 CENTRAL AVENUE	99709	-147.76881803569006	64.85746385344572	
1915 CENTRAL AVENUE	99709	-147.7682768625188	64.85741983019325	
1869 FERN STREET	99709	-147.76851211338368	64.86226755907275	
1867 FERN STREET	99709	-147.76854277612648	64.86271741836481	
1866 FERN STREET	99709	-147.7692349383116	64.8627192567105	
2401 COLLEGE ROAD	99709	-147.7765735849774	64.8630999978272	
1930 ALASKA WAY	99709	-147.77686098490815	64.86267896708077	
1912 ESQUIRE AVENUE	99709	-147.76682569666215	64.8596358984371	
1661 ASPEN STREET	99709	-147.77277232267193	64.85917787639846	
1660 ASPEN STREET	99709	-147.77362824642748	64.85926949795173	
1600 ASPEN STREET	99709	-147.77283861653842	64.85889584863402	
1433 ASPEN STREET	99709	-147.77289432055505	64.8574016860841	
1913 SOUTHERN AVENUE	99709	-147.76823667080487	64.85658316080111	
1906 SOUTHERN AVENUE	99709	-147.76677235829945	64.85694100738316	
2043 ESQUIRE AVENUE	99709	-147.772100655092	64.85933124981398	
2035 ESQUIRE AVENUE	99709	-147.77161284038056	64.85930737962828	
2021 ESQUIRE AVENUE	99709	-147.771011596142	64.85932223547368	
2016 ESQUIRE AVENUE	99709	-147.770606718269	64.85958373912679	
1935 ESQUIRE AVENUE	99709	-147.76886336314107	64.85926200434389	
1934 ESQUIRE AVENUE	99709	-147.7688930963816	64.85963912169443	
1416 ASPEN STREET	99709	-147.77356784986296	64.85822060549367	
2109 CENTRAL AVENUE	99709	-147.7751621544361	64.8573936181161	
2002 HILLING AVENUE	99709	-147.76905274374505	64.86141661087497	
2001 HILLING AVENUE	99709	-147.76915749611652	64.8610543533969	
1942 HILLING AVENUE	99709	-147.76847380129593	64.86142427350379	
1921 HILLING AVENUE	99709	-147.767093549839	64.86105837875357	
1911 HILLING AVENUE	99709	-147.76647381970318	64.86105445668319	
2246 JACK STREET	99709	-147.77115722842802	64.86017965466023	
2243 JACK STREET	99709	-147.77192443560378	64.86018472736944	
2233 JACK STREET	99709	-147.77193264495213	64.86039393226498	
2223 JACK STREET	99709	-147.77194158745297	64.86060654803745	
2120 JACK STREET	99709	-147.77119462027622	64.86149966939477	
2113 JACK STREET	99709	-147.77190840408468	64.8616988501825	
2103 JACK STREET	99709	-147.77203659423438	64.86200260836736	
2045 JACK STREET	99709	-147.77155187151473	64.86223714669433	
2035 JACK STREET	99709	-147.7710376309171	64.8622035013881	
2005 JACK STREET	99709	-147.76963854712494	64.86223463191808	
2004 JACK STREET	99709	-147.76917073855137	64.86190579662522	
1948 JACK STREET	99709	-147.768512495584	64.8619165325828	
1939 JACK STREET	99709	-147.76781840374792	64.86223941626578	
2140 HILLING AVENUE	99709	-147.7730753975666	64.86143845826889	
2011 HILLING AVENUE	99709	-147.76965987273803	64.8610534161083	
2104 SOUTHERN AVENUE	99709	-147.77384190098627	64.85689740076991	
1910 SOUTHERN AVENUE	99709	-147.76733765549528	64.85691306225195	
2045 JACK STREET	99709	-147.7718392511563	64.86210928369975	
2008 CARR AVENUE	99709	-147.7708638850935	64.85870430272675	
2007 CARR AVENUE	99709	-147.77097753768035	64.85823142954266	
2005 CARR AVENUE	99709	-147.77037410525978	64.85831951089719	
1917 CARR AVENUE	99709	-147.76860698922786	64.85831636051375	
1915 CARR AVENUE	99709	-147.7682182702363	64.8582842698376	
1914 CARR AVENUE	99709	-147.76827345587898	64.85877526166492	
1913 CARR AVENUE	99709	-147.76786831978177	64.85832739837058	
1907 CARR AVENUE	99709	-147.76670527521048	64.8583814213696	
2019 CAPITOL AVENUE	99709	-147.77048755256791	64.86024340664328	
2016 CAPITOL AVENUE	99709	-147.7705067772569	64.86056935741624	
2011 CAPITOL AVENUE	99709	-147.76998487643507	64.86024479010898	
1918 CENTRAL AVENUE	99709	-147.76880164606146	64.85783946184296	
1914 BRIDGEWATER DRIVE	99709	-147.7668872201236	64.86279989380353	
1430 BUSH STREET	99709	-147.7697627317478	64.85740018952879	
1924 CAPITOL AVENUE	99709	-147.7684850572416	64.86055790505092	
1922 CAPITOL AVENUE	99709	-147.76787198719893	64.86058056671648	
1921 CAPITOL AVENUE	99709	-147.76835186009967	64.86020872136226	
2131 CARR AVENUE	99709	-147.7745804384815	64.8583627628498	
2130 CARR AVENUE	99709	-147.77424907792386	64.85879357942302	
2009 CARR AVENUE	99709	-147.77131918695093	64.85841373713488	
1919 CAPITOL AVENUE	99709	-147.76789382985004	64.86020136838411	
2153 BRIDGEWATER DRIVE	99709	-147.77427173924357	64.86169418129468	
2152 BRIDGEWATER DRIVE	99709	-147.7733446357266	64.86170626626416	
2143 BRIDGEWATER DRIVE	99709	-147.77420740043516	64.8619147283691	
2142 BRIDGEWATER DRIVE	99709	-147.77322479150226	64.86190601015872	
2113 BRIDGEWATER DRIVE	99709	-147.77412060465468	64.86264961452035	
2103 BRIDGEWATER DRIVE	99709	-147.77407282887185	64.86290303130794	
2102 BRIDGEWATER DRIVE	99709	-147.77321037960726	64.86279567949553	
2075 BRIDGEWATER DRIVE	99709	-147.77304740652542	64.86316309548857	
2048 BRIDGEWATER DRIVE	99709	-147.7714997738692	64.86282006239786	
2045 BRIDGEWATER DRIVE	99709	-147.77140103231574	64.8631972278463	
2038 BRIDGEWATER DRIVE	99709	-147.77095667981615	64.86282495749133	
2035 BRIDGEWATER DRIVE	99709	-147.77085670933621	64.86319478555356	
2005 BRIDGEWATER DRIVE	99709	-147.7691511194642	64.8632481701567	
1945 BRIDGEWATER DRIVE	99709	-147.7686557901717	64.863189071163	
1935 BRIDGEWATER DRIVE	99709	-147.76816485889748	64.86320136306531	
1932 BRIDGEWATER DRIVE	99709	-147.76779140376937	64.86278216105957	
1925 BRIDGEWATER DRIVE	99709	-147.76752179868814	64.86320388753872	
1060 BURGESS AVENUE	99709	-147.7698730344233	64.85602658983663	
2273 BRIDGEWATER DRIVE	99709	-147.7740717906901	64.85956910282528	
2268 BRIDGEWATER DRIVE	99709	-147.77326839862565	64.85971659138104	
2263 BRIDGEWATER DRIVE	99709	-147.7743566352609	64.85978882665094	
2238 BRIDGEWATER DRIVE	99709	-147.77331756053542	64.8603968661428	
2233 BRIDGEWATER DRIVE	99709	-147.7740777535407	64.86047233297084	
2228 BRIDGEWATER DRIVE	99709	-147.77323715166648	64.86064129043147	
2223 BRIDGEWATER DRIVE	99709	-147.7742648552706	64.86071149626412	
2163 BRIDGEWATER DRIVE	99709	-147.77427627954475	64.86145282743537	
2121 SOUTHERN AVENUE	99709	-147.77739246131225	64.85649933863803	
2118 SOUTHERN AVENUE	99709	-147.77665175982034	64.85686359736383	
2117 SOUTHERN AVENUE	99709	-147.7765738240802	64.85657370608179	
2119 SOUTHERN AVENUE	99709	-147.77615643194616	64.8565297368699	
2110 SOUTHERN AVENUE	99709	-147.7750625116002	64.85696271395294	
2107 SOUTHERN AVENUE	99709	-147.7746904231859	64.85660031527861	
2106 SOUTHERN AVENUE	99709	-147.77424599077997	64.85688578129492	
2016 SOUTHERN AVENUE	99709	-147.7723785775298	64.85688379221472	
2013 SOUTHERN AVENUE	99709	-147.7720461872726	64.85658366969167	
2014 SOUTHERN AVENUE	99709	-147.772108939145	64.85686387617295	
2011 SOUTHERN AVENUE	99709	-147.7717310409719	64.85658703548273	
2005 SOUTHERN AVENUE	99709	-147.77049428205115	64.85656846452278	
2004 SOUTHERN AVENUE	99709	-147.77019146667874	64.85696487759184	
2003 SOUTHERN AVENUE	99709	-147.77012836654134	64.85657246175245	
2002 SOUTHERN AVENUE	99709	-147.7696786191805	64.85693263505541	
1912 SOUTHERN AVENUE	99709	-147.76780721608756	64.85687217780631	
1911 SOUTHERN AVENUE	99709	-147.76785513504439	64.85660683467387	
1907 SOUTHERN AVENUE	99709	-147.76683973940936	64.85638295764558	
2008 ESQUIRE AVENUE	99709	-147.7699511071842	64.85967843710252	
2004 ESQUIRE AVENUE	99709	-147.76935831937732	64.85966161852627	
2012 CENTRAL AVENUE	99709	-147.77162398106765	64.85788225800245	
2007 CENTRAL AVENUE	99709	-147.77082539594923	64.85744957398387	
2006 CENTRAL AVENUE	99709	-147.7704973433116	64.85782046551351	
2004 CENTRAL AVENUE	99709	-147.7700947269119	64.85782325370411	
2003 CENTRAL AVENUE	99709	-147.77017330037336	64.85744512470727	
1911 CENTRAL AVENUE	99709	-147.76788757045452	64.85743908910747	
1907 CENTRAL AVENUE	99709	-147.76704276488354	64.8575088925109	
1906 CENTRAL AVENUE	99709	-147.76706186437278	64.85777648363333	
1905 CENTRAL AVENUE	99709	-147.76666541250864	64.85747285292692	
2263 JACK STREET	99709	-147.77196110841638	64.85967756745248	
2256 JACK STREET	99709	-147.77123246272077	64.85979390194677	
2253 JACK STREET	99709	-147.77197067544418	64.85993065216476	
2213 JACK STREET	99709	-147.77191906894745	64.86080531903093	
2212 JACK STREET	99709	-147.77117690109162	64.86065573020255	
1920 ESQUIRE AVENUE	99709	-147.76780792944842	64.85963890014202	
1919 ESQUIRE AVENUE	99709	-147.7676048130587	64.85931668964663	
1916 ESQUIRE AVENUE	99709	-147.76725148644275	64.85963295799313	
1915 ESQUIRE AVENUE	99709	-147.76722819221345	64.8593291021401	
1656 ASPEN STREET	99709	-147.77447091340704	64.85927236180501	
1412 ASPEN STREET	99709	-147.7735281128571	64.85736214595553	
1400 ASPEN STREET	99709	-147.77348434261523	64.85698818782322	
2111 CENTRAL AVENUE	99709	-147.77555999049474	64.85735635128356	
2015 ESQUIRE AVENUE	99709	-147.77050128448067	64.85919885861776	
2009 ESQUIRE AVENUE	99709	-147.76977940624167	64.85927405939067	
2014 CENTRAL AVENUE	99709	-147.77211494900968	64.85778201777347	
2103 CENTRAL AVENUE	99709	-147.7740460312445	64.8573452512683	
1922 HILLING AVENUE	99709	-147.7671151869572	64.86141564267685	
2210 JACK STREET	99709	-147.77117736662916	64.86097394884014	
2203 JACK STREET	99709	-147.77192646113346	64.86104472334227	
2030 JACK STREET	99709	-147.7710582295999	64.86186623268574	
2025 JACK STREET	99709	-147.77043964859146	64.86221238880887	
2024 JACK STREET	99709	-147.77046780979398	64.86191616699868	
2014 JACK STREET	99709	-147.76983597842735	64.86190990289232	
1938 JACK STREET	99709	-147.76774964933423	64.86192047606029	
1919 JACK STREET	99709	-147.76719116453128	64.86224595984628	
1918 JACK STREET	99709	-147.76724178072357	64.86191226928648	
1913 JACK STREET	99709	-147.76674700254233	64.86224052359705	
2130 HILLING AVENUE	99709	-147.77204098982068	64.86142667983584	
2022 HILLING AVENUE	99709	-147.77035554374982	64.86141776769615	
2021 HILLING AVENUE	99709	-147.7703764401512	64.86106139564485	
2012 HILLING AVENUE	99709	-147.76974671391193	64.86141510591465	
1941 HILLING AVENUE	99709	-147.76847527441754	64.86106409142255	
1932 HILLING AVENUE	99709	-147.76784567796497	64.86140942634299	
1931 HILLING AVENUE	99709	-147.7677585851162	64.86105414537522	
1640 COTTONWOOD STREET	99709	-147.75508586509986	64.86134479193473	
1741 WILLOW STREET	99709	-147.75943361634276	64.86099800171168	
1741 WILLOW STREET	99709	-147.75947236397477	64.86152927369152	
1733 WILLOW STREET	99709	-147.759027407917	64.86089162514301	
1640 WILLOW STREET	99709	-147.75600935006946	64.86051152871728	
1520 EVERGREEN STREET	99709	-147.7541389827581	64.8580470710052	
1714 CENTRAL AVENUE	99709	-147.76075739277195	64.85778561454426	
1614 CENTRAL AVENUE	99709	-147.75741323206915	64.85780380106976	
1714 CARR AVENUE	99709	-147.76052154402947	64.85870707510757	
1608 CARR AVENUE	99709	-147.75610609736654	64.85871922057382	
1710 CARR AVENUE	99709	-147.7599177149543	64.8587203213765	
1706 CENTRAL AVENUE	99709	-147.75911613393916	64.85772141497273	
1713 CENTRAL AVENUE	99709	-147.76063853647992	64.85746159032925	
1701 TAMARACK STREET	99709	-147.7565981134157	64.86190654280512	
1649 COTTONWOOD STREET	99709	-147.75598866062552	64.86095506780268	
1611 CENTRAL AVENUE	99709	-147.75665160954105	64.85743439697714	
1607 CENTRAL AVENUE	99709	-147.75582623578774	64.85742677081276	
1710 CENTRAL AVENUE	99709	-147.7598191799772	64.85783929818571	
1709 CENTRAL AVENUE	99709	-147.7597575259531	64.85748317231021	
1606 CENTRAL AVENUE	99709	-147.7557155724409	64.8578175899313	
1608 SOUTHERN AVENUE	99709	-147.75607557182803	64.85692454720025	
1510 EVERGREEN STREET	99709	-147.75419670305112	64.8571109932693	
1604 CENTRAL AVENUE	99709	-147.75520417731371	64.85783609245306	
1603 CENTRAL AVENUE	99709	-147.75530977550412	64.85749182248583	
1601 CENTRAL AVENUE	99709	-147.75488878352965	64.85743168493487	
1708 CARR AVENUE	99709	-147.75952594028107	64.85872484494837	
1706 CARR AVENUE	99709	-147.75914484804966	64.85870226210986	
1704 CARR AVENUE	99709	-147.75879595676201	64.85878196541834	
1925 OLD PIONEER WAY	99709	-147.77789342794665	64.86299611589396	
1960 ALASKA WAY	99709	-147.77686095296644	64.8629024253859	
1795 OLD PIONEER WAY	99709	-147.77764205999406	64.86114066487129	
1802 ALASKA WAY	99709	-147.77681318621026	64.86119082335071	
1800 ALASKA WAY	99709	-147.77680187119978	64.86105328805225	
1787 OLD PIONEER WAY	99709	-147.7777261080622	64.86083007839443	
1760 ALASKA WAY	99709	-147.77702152977847	64.86080385658978	
1745 OLD PIONEER WAY	99709	-147.77818963577568	64.86028243159136	
1724 ALASKA WAY	99709	-147.7768127067529	64.86026289518368	
1667 OLD PIONEER WAY	99709	-147.77817365851428	64.86009244187188	
1716 ALASKA WAY	99709	-147.77684209805156	64.86010208932858	
1684 ALASKA WAY	99709	-147.77688253440368	64.85948942685941	
1645 OLD PIONEER WAY	99709	-147.77824843982086	64.85921466730116	
1605 ALASKA WAY	99709	-147.77640092460155	64.85864463847511	
1528 ALASKA WAY	99709	-147.77797916912385	64.85827293967453	
1495 ALASKA WAY	99709	-147.77750216067392	64.8573521392995	
1860 ALASKA WAY	99709	-147.77663262135016	64.86201435815944	
1609 SOUTHERN AVENUE	99709	-147.75659623109158	64.85658705164217	
1611 SOUTHERN AVENUE	99709	-147.75721687298991	64.85656647372404	
1625 ALASKA WAY	99709	-147.77620467824642	64.85893901189044	
1718 CARR AVENUE	99709	-147.76141059938826	64.85878766505287	
1744 AURORA DRIVE	99709	-147.76261290912922	64.85998678113656	
1815 BRIDGEWATER DRIVE	99709	-147.76318834364878	64.86204189314864	
1546 ALASKA WAY	99709	-147.77752855510423	64.85850076229855	
1520 ALASKA WAY	99709	-147.77811269758215	64.85832164812352	
1600 ALASKA WAY	99709	-147.7770003057675	64.85884185689585	
1505 ALASKA WAY	99709	-147.77721584270097	64.85749929426197	
1514 ALASKA WAY	99709	-147.77814455419963	64.85806998287559	
1806 ALASKA WAY	99709	-147.77678003834924	64.86143719684218	
1900 ALASKA WAY	99709	-147.77651099798032	64.86257569056738	
1986 COLLEGE ROAD	99709	-147.76226771640634	64.8643096516581	
1912 CENTRAL AVENUE	99709	-147.76820656412193	64.85783281390562	
1908 CENTRAL AVENUE	99709	-147.76756327332572	64.85782810755883	
1519 ALASKA WAY	99709	-147.7770576732079	64.85807027610277	
1558 BRIDGEWATER DRIVE	99709	-147.75370332294074	64.85929095274724	
1740 TAMARACK STREET	99709	-147.7580239746353	64.86249125571481	
1733 TAMARACK STREET	99709	-147.7582716419302	64.86222796095868	
1732 TAMARACK STREET	99709	-147.75760847416504	64.86246448900863	
1700 TAMARACK STREET	99709	-147.75622186445977	64.86227222314969	
1760 WILLOW STREET	99709	-147.75984424541187	64.86161421143412	
1755 WILLOW STREET	99709	-147.7603056898766	64.86131619417552	
1737 WILLOW STREET	99709	-147.75906869901146	64.86146138445952	
1725 WILLOW STREET	99709	-147.75867362974594	64.8606530031332	
1637 WILLOW STREET	99709	-147.75679259899044	64.86018939686333	
1630 WILLOW STREET	99709	-147.75525064954607	64.86029664808208	
1744 BRIDGEWATER DRIVE	99709	-147.7608572365125	64.86047643850759	
1740 BRIDGEWATER DRIVE	99709	-147.7604688212989	64.86030345074835	
1743 BRIDGEWATER DRIVE	99709	-147.76025867920788	64.85983294599676	
1739 BRIDGEWATER DRIVE	99709	-147.7597417088378	64.85969098170712	
1738 BRIDGEWATER DRIVE	99709	-147.75983928392827	64.86017012378683	
1718 BRIDGEWATER DRIVE	99709	-147.75893470902193	64.85988233054374	
1708 BRIDGEWATER DRIVE	99709	-147.75847141038105	64.85976049427744	
1698 BRIDGEWATER DRIVE	99709	-147.75797854519976	64.85963475912817	
1678 BRIDGEWATER DRIVE	99709	-147.75750231784886	64.85952526608132	
1608 BRIDGEWATER DRIVE	99709	-147.75484820550628	64.85920489517558	
1578 BRIDGEWATER DRIVE	99709	-147.75429921792315	64.85921310975384	
1710 SOUTHERN AVENUE	99709	-147.76033370342006	64.85688874717906	
1709 SOUTHERN AVENUE	99709	-147.75988847096926	64.85651413675147	
1708 SOUTHERN AVENUE	99709	-147.75946202401718	64.85691710390692	
1703 SOUTHERN AVENUE	99709	-147.75874932260294	64.85649823803035	
225 SPRUCE STREET	99709	-147.7563455861073	64.8613508310604	
217 SPRUCE STREET	99709	-147.7562306077802	64.86149646749077	
209 SPRUCE STREET	99709	-147.7558986102815	64.86158615470772	
200 SPRUCE STREET	99709	-147.7569365152564	64.86152399596482	
1711 SOUTHERN AVENUE	99709	-147.76036808648794	64.85654915620773	
1751 WILLOW STREET	99709	-147.7600094383094	64.86129264602586	
1743 WILLOW STREET	99709	-147.75959919488602	64.86105855343357	
1644 WILLOW STREET	99709	-147.75680584114065	64.8605419381282	
1642 WILLOW STREET	99709	-147.75643363084035	64.86051027924435	
1641 WILLOW STREET	99709	-147.75702081921293	64.86021932348787	
1735 BRIDGEWATER DRIVE	99709	-147.75934808240703	64.85958597913607	
1731 BRIDGEWATER DRIVE	99709	-147.75886396162485	64.85943205538774	
1648 BRIDGEWATER DRIVE	99709	-147.7558931132158	64.8592449789643	
1628 BRIDGEWATER DRIVE	99709	-147.75531084396346	64.85921532763419	
1831 TAMARACK STREET	99709	-147.76110013828452	64.86279660126648	
1772 TAMARACK STREET	99709	-147.7594977099366	64.86275677791996	
1756 TAMARACK STREET	99709	-147.7587800157701	64.86258570930296	
1615 BRIDGEWATER DRIVE	99709	-147.75744856832182	64.85913594848321	
1516 EVERGREEN STREET	99709	-147.75403672853645	64.85781983517836	
1514 EVERGREEN STREET	99709	-147.7539856816523	64.8574761473645	
1512 EVERGREEN STREET	99709	-147.75404955312962	64.85728362675194	
1556 DOGWOOD STREET	99709	-147.75831311606618	64.85830032297508	
1550 DOGWOOD STREET	99709	-147.75829065742812	64.8578619366246	
1701 CENTRAL AVENUE	99709	-147.75844698303726	64.85749585049945	
1571 DOGWOOD STREET	99709	-147.7576857592416	64.85833308988602	
1716 SOUTHERN AVENUE	99709	-147.76100329760115	64.85688423606555	
1714 SOUTHERN AVENUE	99709	-147.76071236558735	64.85688329520843	
1713 SOUTHERN AVENUE	99709	-147.7608369502311	64.85654977338062	
1707 SOUTHERN AVENUE	99709	-147.75955876189528	64.85647980192981	
1706 SOUTHERN AVENUE	99709	-147.75907384947882	64.8570407666006	
1705 SOUTHERN AVENUE	99709	-147.75911102842255	64.85645349603246	
1612 SOUTHERN AVENUE	99709	-147.756867901219	64.85693095599524	
1428 DOGWOOD STREET	99709	-147.7582925969825	64.85699294495464	
1081 DOGWOOD STREET	99709	-147.75656390852092	64.85609903107604	
1061 DOGWOOD STREET	99709	-147.75657787368357	64.85572519849377	
1526 EVERGREEN STREET	99709	-147.75422138823888	64.85879069599454	
1525 EVERGREEN STREET	99709	-147.75490173092038	64.85876140769902	
1507 EVERGREEN STREET	99709	-147.75488419195162	64.85691745283721	
1506 EVERGREEN STREET	99709	-147.753873718987	64.85681535828073	
1433 DOGWOOD STREET	99709	-147.75765920503133	64.85737406119418	
1905 SOUTHERN AVENUE	99709	-147.7664260337159	64.85650419746489	
1904 SOUTHERN AVENUE	99709	-147.7664120100437	64.85697668921614	
1702 CARR AVENUE	99709	-147.75838549076798	64.85878428517832	
1615 CARR AVENUE	99709	-147.75723974044016	64.85840656865197	
1607 CARR AVENUE	99709	-147.7561347211844	64.85835843951793	
1606 CARR AVENUE	99709	-147.7556866908317	64.8587632927372	
1605 CARR AVENUE	99709	-147.75573730865315	64.85840515765362	
1027 EVERGREEN STREET	99709	-147.7540522858276	64.85607791211683	
1504 CARR AVENUE	99709	-147.7535652808471	64.85873429982536	
401 SPRUCE STREET	99709	-147.75750442366467	64.86033647467352	
1618 KASSI COURT	99709	-147.75392814686396	64.86079663269705	
1905 BRIDGEWATER DRIVE	99709	-147.76649497738725	64.86318693069671	
1904 BRIDGEWATER DRIVE	99709	-147.76619529477597	64.86282209560306	
1903 BRIDGEWATER DRIVE	99709	-147.7659294436537	64.86318914592835	
1833 BRIDGEWATER DRIVE	99709	-147.76368174410422	64.86268509971737	
1814 CARR AVENUE	99709	-147.7644102699469	64.85877402830016	
1813 CARR AVENUE	99709	-147.76444638571058	64.85839224688736	
1811 CARR AVENUE	99709	-147.7640102480572	64.85838119127631	
1805 CARR AVENUE	99709	-147.7629155037357	64.85835854921568	
1804 CARR AVENUE	99709	-147.76267968011197	64.85870257856426	
1801 CARR AVENUE	99709	-147.76232414806398	64.85828781393471	
1810 BURGESS AVENUE	99709	-147.76395623956836	64.85555963315363	
1028 AURORA DRIVE	99709	-147.76243368698226	64.85563827373113	
1801 BRIDGEWATER DRIVE	99709	-147.7628224693402	64.86162663733411	
1790 BRIDGEWATER DRIVE	99709	-147.763347314272	64.86125848707105	
1789 BRIDGEWATER DRIVE	99709	-147.76261428568935	64.86139692830253	
1780 BRIDGEWATER DRIVE	99709	-147.7631733930232	64.8610718162477	
1750 BRIDGEWATER DRIVE	99709	-147.76235437867902	64.86036350176508	
1746 AURORA DRIVE	99709	-147.76261512730954	64.86006310148339	
1824 BRIDGEWATER DRIVE	99709	-147.76439197995032	64.86240728354957	
1821 BRIDGEWATER DRIVE	99709	-147.7635567727174	64.86242304205668	
1819 BRIDGEWATER DRIVE	99709	-147.76341644981548	64.86224260687754	
1902 SOUTHERN AVENUE	99709	-147.76593483875357	64.85691185358631	
1901 SOUTHERN AVENUE	99709	-147.7659051934314	64.85645478816927	
1887 SOUTHERN AVENUE	99709	-147.76526865542664	64.85643938505339	
1850 SOUTHERN AVENUE	99709	-147.76475496940702	64.8568790819168	
1807 SOUTHERN AVENUE	99709	-147.76372102675782	64.85650481727997	
1816 BRIDGEWATER DRIVE	99709	-147.7641258027185	64.86205817255039	
1911 ESQUIRE AVENUE	99709	-147.76616518427952	64.85930313560688	
1908 ESQUIRE AVENUE	99709	-147.76614348983458	64.85964400180654	
1849 ESQUIRE AVENUE	99709	-147.76512906798118	64.85931195998666	
1848 ESQUIRE AVENUE	99709	-147.76510667227734	64.8596744340202	
1825 ESQUIRE AVENUE	99709	-147.76300536915602	64.85928114983803	
1820 ESQUIRE AVENUE	99709	-147.76339370717514	64.85969777901612	
1802 ESQUIRE AVENUE	99709	-147.7626570131853	64.85972668625138	
1747 JACK STREET	99709	-147.76406550496907	64.86042525307492	
1735 JACK STREET	99709	-147.76368016548284	64.85999379797367	
1718 JACK STREET	99709	-147.76468573413922	64.86008509278236	
1901 HILLING AVENUE	99709	-147.7658474734759	64.86105505938046	
1810 HILLING AVENUE	99709	-147.76476144648547	64.8614576667213	
1881 AURORA DRIVE	99709	-147.76119587391864	64.86068288267374	
1817 CENTRAL AVENUE	99709	-147.76520004175555	64.85751783991464	
1815 CENTRAL AVENUE	99709	-147.76480892246522	64.85747302461326	
1813 CENTRAL AVENUE	99709	-147.76449775922728	64.85745670736893	
1812 CENTRAL AVENUE	99709	-147.7642042809566	64.8579027006185	
1807 CENTRAL AVENUE	99709	-147.7632364539821	64.8574628739517	
1806 CENTRAL AVENUE	99709	-147.76291584417035	64.85779755674648	
1650 AURORA DRIVE	99709	-147.76256085922336	64.85911672592425	
1602 AURORA DRIVE	99709	-147.7621187420942	64.8588107863818	
1501 AURORA DRIVE	99709	-147.76134374505122	64.85791979762006	
1030 AURORA DRIVE	99709	-147.76240935347118	64.8560663806605	
1908 JACK STREET	99709	-147.7663286595922	64.861828367491	
1829 JACK STREET	99709	-147.76600012965596	64.86226907593797	
1765 JACK STREET	99709	-147.764421877581	64.86065863923957	
1805 CENTRAL AVENUE	99709	-147.76291525778086	64.85734050664625	
1719 AURORA DRIVE	99709	-147.7612098512869	64.85960566178751	
1909 OLD PIONEER WAY	99709	-147.77786438880847	64.86273075992798	
1895 OLD PIONEER WAY	99709	-147.77770626158312	64.86258748488555	
1880 ALASKA WAY	99709	-147.77674434172062	64.86238813755952	
1845 OLD PIONEER WAY	99709	-147.77753497586303	64.86211080988403	
1870 ALASKA WAY	99709	-147.7765810805383	64.8621830833154	
2421 SMITH STREET	99709	-147.77723261607963	64.86169820953106	
1793 OLD PIONEER WAY	99709	-147.77775222123321	64.8615008753226	
1810 ALASKA WAY	99709	-147.7768990066175	64.86143577491958	
1769 OLD PIONEER WAY	99709	-147.77781880835536	64.86062050640615	
1754 ALASKA WAY	99709	-147.7768732523542	64.86062410619772	
1750 ALASKA WAY	99709	-147.77665534399372	64.86050134592203	
1753 ALASKA WAY	99709	-147.77595324287367	64.86047277541665	
1714 ALASKA WAY	99709	-147.7768805811358	64.85998537419704	
1710 ALASKA WAY	99709	-147.77693413597822	64.85982430120156	
1708 ALASKA WAY	99709	-147.77699743104188	64.8597017110953	
1659 OLD PIONEER WAY	99709	-147.7778075073535	64.85975435550237	
1666 ALASKA WAY	99709	-147.77702065145746	64.85917865696396	
1812 CARR AVENUE	99709	-147.76414492290158	64.85875099598472	
1810 CARR AVENUE	99709	-147.76377125912256	64.85878354586188	
1916 CARR AVENUE	99709	-147.76868905810443	64.8587593527546	
1700 WILLOW STREET	99709	-147.75797448075795	64.86098784654266	
1629 WILLOW STREET	99709	-147.7560462356887	64.86008899702664	
1625 WILLOW STREET	99709	-147.7557352482466	64.85997740936051	
1621 WILLOW STREET	99709	-147.7552270131867	64.85996662063252	
1623 WILLOW STREET	99709	-147.7553382032707	64.8599890950044	
1046 DOGWOOD STREET	99709	-147.75977408800418	64.85615165735463	
1046 DOGWOOD STREET	99709	-147.75964016056574	64.8561518169611	
1046 DOGWOOD STREET	99709	-147.75951626970664	64.85615185861319	
1046 DOGWOOD STREET	99709	-147.7594023708866	64.85615106861388	
1046 DOGWOOD STREET	99709	-147.75929019211705	64.85615097153375	
1046 DOGWOOD STREET	99709	-147.75917471290163	64.85615162496241	
1046 DOGWOOD STREET	99709	-147.75907075762535	64.85614929308954	
1046 DOGWOOD STREET	99709	-147.75894194359736	64.85615081650033	
1046 DOGWOOD STREET	99709	-147.75883143617497	64.85615069930884	
1046 DOGWOOD STREET	99709	-147.75871089216594	64.85615069981544	
1046 DOGWOOD STREET	99709	-147.75859378598523	64.85615208448515	
1046 DOGWOOD STREET	99709	-147.75847486897504	64.85615135400634	
1046 DOGWOOD STREET	99709	-147.7583593897291	64.8561520068021	
1028 DOGWOOD STREET	99709	-147.75876113440728	64.85542659309735	
1028 DOGWOOD STREET	99709	-147.75851010690488	64.85537685672462	
1028 DOGWOOD STREET	99709	-147.75843074192358	64.85543358364417	
1028 DOGWOOD STREET	99709	-147.75984182087342	64.85541381001173	
1028 DOGWOOD STREET	99709	-147.75976495719496	64.85536486379559	
1028 DOGWOOD STREET	99709	-147.75868761946708	64.85537760674325	
1028 DOGWOOD STREET	99709	-147.7589814902115	64.85541686536672	
1028 DOGWOOD STREET	99709	-147.75902498460678	64.85536507040568	
1028 DOGWOOD STREET	99709	-147.75925249851085	64.85541366003436	
1028 DOGWOOD STREET	99709	-147.75920909346146	64.85536431687899	
1028 DOGWOOD STREET	99709	-147.7595072420131	64.85541776847552	
1028 DOGWOOD STREET	99709	-147.75958084619586	64.85536561713855	
1052 EVERGREEN STREET	99709	-147.7550188927923	64.85550821984754	
1070 EVERGREEN STREET	99709	-147.75608698314244	64.85550365788708	
1054 EVERGREEN STREET	99709	-147.75512746956872	64.8555090481646	
1056 EVERGREEN STREET	99709	-147.75525526245303	64.85550041823896	
1058 EVERGREEN STREET	99709	-147.7553557906777	64.8555016051785	
1060 EVERGREEN STREET	99709	-147.75550123748528	64.85550701127072	
1062 EVERGREEN STREET	99709	-147.75561685118907	64.85550856015091	
1066 EVERGREEN STREET	99709	-147.75584162696055	64.85550655460906	
1068 EVERGREEN STREET	99709	-147.75596422767745	64.85550392008857	
1033 AURORA DRIVE	99709	-147.76116448136776	64.85559137015953	
1046 DOGWOOD STREET	99709	-147.75988716500083	64.85615274931266	
1624 KASSI COURT	99709	-147.75422189130396	64.86056036558912	
1633 COTTONWOOD STREET	99709	-147.75543199981328	64.86068089903928	
1603 SOUTHERN AVENUE	99709	-147.75567885502005	64.85656506625728	
1903 CENTRAL AVENUE	99709	-147.76636366466056	64.85749202811346	
1601 SOUTHERN AVENUE	99709	-147.75539716331474	64.85652753893669	
1701 SOUTHERN AVENUE	99709	-147.7583064346299	64.85649023830298	
1616 SOUTHERN AVENUE	99709	-147.7576583081614	64.85692913802689	
1615 SOUTHERN AVENUE	99709	-147.7576277701881	64.85661139537731	
1614 SOUTHERN AVENUE	99709	-147.75721051464674	64.8570948818322	
1606 SOUTHERN AVENUE	99709	-147.75571433635284	64.85703050946954	
1604 SOUTHERN AVENUE	99709	-147.75528551809506	64.85693905202623	
1656 TAMARACK STREET	99709	-147.75555983527175	64.86201156368433	
1651 TAMARACK STREET	99709	-147.7555896636207	64.86178182064114	
1627 TAMARACK STREET	99709	-147.75447760520848	64.86156696274735	
1624 TAMARACK STREET	99709	-147.75387055557212	64.86170368879179	
1623 TAMARACK STREET	99709	-147.75406804276253	64.86145510470213	
1728 BRIDGEWATER DRIVE	99709	-147.75946542137677	64.86006867782687	
1727 BRIDGEWATER DRIVE	99709	-147.75845336172864	64.85925403266101	
1668 BRIDGEWATER DRIVE	99709	-147.75702734983108	64.85943432353221	
1658 BRIDGEWATER DRIVE	99709	-147.75651757633977	64.85932069408933	
1749 TAMARACK STREET	99709	-147.75866786451166	64.86231369882182	
1752 TAMARACK STREET	99709	-147.75829617095437	64.86268785955312	
1722 TAMARACK STREET	99709	-147.75726810848482	64.86250171354943	
1721 TAMARACK STREET	99709	-147.7576278273382	64.8621338685752	
1717 TAMARACK STREET	99709	-147.7572997073429	64.86206071477261	
1712 TAMARACK STREET	99709	-147.75694335253232	64.86244982729015	
1523 EVERGREEN STREET	99709	-147.75490506783083	64.85827703657891	
1502 EVERGREEN STREET	99709	-147.75398903786476	64.85642406585727	
1610 SOUTHERN AVENUE	99709	-147.75651324682522	64.85699685805515	
1649 TAMARACK STREET	99709	-147.75544059230003	64.86159236516531	
1648 TAMARACK STREET	99709	-147.75494571433194	64.86189296765619	
1640 TAMARACK STREET	99709	-147.75452093508036	64.86193175154338	
1632 TAMARACK STREET	99709	-147.7542401634195	64.86176473902584	
400 SPRUCE STREET	99709	-147.75795206311116	64.86045577844892	
325 SPRUCE STREET	99709	-147.7571011575114	64.86057912456727	
301 SPRUCE STREET	99709	-147.7566471563724	64.86108184632783	
1064 EVERGREEN STREET	99709	-147.7557202790919	64.85550702252144	
1072 EVERGREEN STREET	99709	-147.75619479546128	64.8555088678761	
1612 CENTRAL AVENUE	99709	-147.75686211864976	64.8578552382899	
1608 CENTRAL AVENUE	99709	-147.75613906427347	64.85785284417024	
1711 CARR AVENUE	99709	-147.76080712689475	64.85831999846947	
1709 CARR AVENUE	99709	-147.7601805522817	64.85829866948004	
1908 CARR AVENUE	99709	-147.76721879640994	64.85871790488865	
1773 COLLEGE ROAD	99709	-147.75884706908494	64.86307405460693	
2208 BRIDGEWATER DRIVE	99709	-147.77328411627042	64.86106185124981	
2203 BRIDGEWATER DRIVE	99709	-147.7741685316413	64.86114003178994	
2133 BRIDGEWATER DRIVE	99709	-147.77410080252292	64.86214170695898	
2132 BRIDGEWATER DRIVE	99709	-147.77324349608236	64.8622089108706	
2123 BRIDGEWATER DRIVE	99709	-147.77408016466617	64.86239517968549	
2068 BRIDGEWATER DRIVE	99709	-147.77264984671362	64.86283298829426	
2065 BRIDGEWATER DRIVE	99709	-147.772406616855	64.86325396228904	
1875 OLD PIONEER WAY	99709	-147.77742077935392	64.86227254839054	
1605 SOUTHERN AVENUE	99709	-147.75603317190422	64.85652282287629	
1602 BUSH STREET	99709	-147.76970294951573	64.8587796662562	
1665 OLD PIONEER WAY	99709	-147.7781915357642	64.8599760444532	
1418 ASPEN STREET	99709	-147.77353952706096	64.8584059928813	
2000 CARR AVENUE	99709	-147.76977957521532	64.85866320468365	
1599 SOUTHERN AVENUE	99709	-147.7549676621301	64.85654089472887	
1738 ALASKA WAY	99709	-147.77727018744267	64.86049609726817	
1420 AURORA DRIVE	99709	-147.7624146301482	64.85686422035724	
1420 AURORA DRIVE	99709	-147.76240506746862	64.85692273614285	
1420 AURORA DRIVE	99709	-147.76218348931863	64.85691396667015	
1420 AURORA DRIVE	99709	-147.76261604976222	64.85692308497997	
2030 COLLEGE ROAD	99709	-147.7653431141181	64.86424090699587	
1707 CARR AVENUE	99709	-147.75981622392706	64.85829542958756	
1505 CARR AVENUE	99709	-147.75345310159554	64.85843495461897	
1527 AURORA DRIVE	99709	-147.76140951944856	64.85820462067745	
1711 CARR AVENUE	99709	-147.7608560785876	64.85831752029833	
1711 CARR AVENUE	99709	-147.76107060316414	64.85832067841565	
1711 CARR AVENUE	99709	-147.76110183437575	64.85832030864809	
1436 DOGWOOD STREET	99709	-147.75834444849087	64.8574193181165	
1211 AURORA DRIVE	99709	-147.76143364186365	64.85650720836495	
1609 SOUTHERN AVENUE	99709	-147.75637846664225	64.8565853494714	
1425 DOGWOOD STREET	99709	-147.75766992799922	64.85700636388154	
1806 SOUTHERN AVENUE	99709	-147.76284542798382	64.85690344171746	
1918 SOUTHERN AVENUE	99709	-147.76870616195094	64.856916537459	
2008 SOUTHERN AVENUE	99709	-147.770994450419	64.8569200602321	
2112 SOUTHERN AVENUE	99709	-147.77560520431857	64.85695119353134	
1500 AURORA DRIVE	99709	-147.76241181139662	64.85798168211538	
1500 AURORA DRIVE	99709	-147.76230759729185	64.8579814390314	
1500 AURORA DRIVE	99709	-147.7621861287251	64.85798287814299	
1500 AURORA DRIVE	99709	-147.7625489807907	64.85790175221685	
1500 AURORA DRIVE	99709	-147.7625527202873	64.8577997640188	
1500 AURORA DRIVE	99709	-147.762483784404	64.85775477916603	
1500 AURORA DRIVE	99709	-147.76224749803848	64.85775314614618	
2107 CENTRAL AVENUE	99709	-147.77481545809073	64.85740355289735	
2107 CENTRAL AVENUE	99709	-147.77458013301995	64.85742345430371	
1905 CARR AVENUE	99709	-147.76635737554358	64.8583836930243	
1909 CARR AVENUE	99709	-147.76704143905803	64.85838604229573	
1542 CEDAR STREET	99709	-147.76697584577857	64.85821368929109	
1545 CEDAR STREET	99709	-147.76486316641314	64.85817890548948	
2005 CARR AVENUE	99709	-147.7705810099935	64.8583185923944	
1475 CEDAR STREET	99709	-147.76530401636822	64.85793670090632	
1575 CEDAR STREET	99709	-147.7652789080028	64.85890234584625	
1919 BRIDGEWATER DRIVE	99709	-147.76683761296795	64.86358211324001	
1806 HILLING AVENUE	99709	-147.76394559899498	64.86164972177487	
1906 JACK STREET	99709	-147.76666519968362	64.86175184599935	
1719 AURORA DRIVE	99709	-147.76120959982072	64.85964275816568	
1656 AURORA DRIVE	99709	-147.76233628084285	64.85928991751373	
1915 ESQUIRE AVENUE	99709	-147.7672402007956	64.85932896036715	
2009 ESQUIRE AVENUE	99709	-147.76986018377173	64.85928022106407	
2001 CAPITOL AVENUE	99709	-147.76873552158796	64.86017088086467	
2006 CAPITOL AVENUE	99709	-147.76967369478223	64.86061502449266	
1651 TAMARACK STREET	99709	-147.75564376584435	64.86178972888764	
1651 TAMARACK STREET	99709	-147.75562573317168	64.8617870927911	
1762 COTTONWOOD STREET	99709	-147.75970684067875	64.86200863774664	
1641 COTTONWOOD STREET	99709	-147.75574549472276	64.86088817776253	
1633 COTTONWOOD STREET	99709	-147.75529498118016	64.8608201144616	
301 SPRUCE STREET	99709	-147.75687992524644	64.86100502558354	
301 SPRUCE STREET	99709	-147.75682768525135	64.86092302308248	
1642 WILLOW STREET	99709	-147.75630545037927	64.86053812296096	
1753 COLLEGE ROAD	99709	-147.75820355126285	64.86285061928335	
121 SPRUCE STREET	99709	-147.75555565119174	64.86227640868728	
1060 BUSH STREET	99709	-147.7698896882515	64.85586701933003	
1049 DOGWOOD STREET	99701	-147.75656832788684	64.85546016894442	
2016 COLLEGE ROAD	99709	-147.76354548426428	64.86486797891014	
2016 COLLEGE ROAD	99709	-147.76346256860063	64.86493163803758	
2016 COLLEGE ROAD	99709	-147.7629992702154	64.86481320045925	
2016 COLLEGE ROAD	99709	-147.76290052955474	64.8647887302459	
2016 COLLEGE ROAD	99709	-147.7628148037565	64.8647584079133	
2016 COLLEGE ROAD	99709	-147.7627126243792	64.8647325543124	
2016 COLLEGE ROAD	99709	-147.76261323154878	64.86469811996953	
2016 COLLEGE ROAD	99709	-147.76252425377035	64.86466926091238	
2016 COLLEGE ROAD	99709	-147.76314730264994	64.86477203682705	
2016 COLLEGE ROAD	99709	-147.7631666691026	64.86476088629368	
2016 COLLEGE ROAD	99709	-147.76320682818042	64.86474331681747	
2016 COLLEGE ROAD	99709	-147.76323065790822	64.86473211427501	
2016 COLLEGE ROAD	99709	-147.76327818858095	64.86470780932983	
2016 COLLEGE ROAD	99709	-147.76330415551328	64.86469515653502	
2016 COLLEGE ROAD	99709	-147.76334081306788	64.86467525427152	
2016 COLLEGE ROAD	99709	-147.76336677993945	64.86466260146588	
1519 ALASKA WAY	99709	-147.77708515081255	64.85804264557956	
1519 ALASKA WAY	99709	-147.77712904431183	64.85801007039136	
1519 ALASKA WAY	99709	-147.77716035113258	64.85797705245707	
1752 TAMARACK STREET	99709	-147.75833608127365	64.86264940256797	
1752 TAMARACK STREET	99709	-147.7583621096568	64.862620605746	
1752 TAMARACK STREET	99709	-147.7583934370459	64.86258747245967	
1049 DOGWOOD STREET	99701	-147.7565644559135	64.85544359583561	
1049 DOGWOOD STREET	99701	-147.7565619791594	64.85542700624886	
1049 DOGWOOD STREET	99701	-147.75656046980333	64.85540387650386	
1049 DOGWOOD STREET	99701	-147.75655985043704	64.85537302039081	
1049 DOGWOOD STREET	99701	-147.75655818627249	64.85534751822607	
1909 CAPITOL AVENUE	99709	-147.7666315075669	64.8602255376987	
1701 CARR AVENUE	99709	-147.75876637015838	64.8583208818895	
1703 CARR AVENUE	99709	-147.75914281406438	64.85835725016871	
1705 CARR AVENUE	99709	-147.75947416490783	64.85833300815442	
1712 CENTRAL AVENUE	99709	-147.76034007019052	64.8578461919315	
1703 CARR AVENUE	99709	-147.75914343154545	64.85833255193137	
1954 AURORA DRIVE	99709	-147.761196774262	64.86181903854816	
1960 AURORA DRIVE	99709	-147.76090873490963	64.86217713941008	
1966 AURORA DRIVE	99709	-147.76072357239818	64.86231607923654	
1970 AURORA DRIVE	99709	-147.76054454726756	64.8624976799702	
1967 AURORA DRIVE	99709	-147.76014954051274	64.86209115960511	
1973 AURORA DRIVE	99709	-147.7598946075438	64.86242654993892	
1984 AURORA DRIVE	99709	-147.7600325420173	64.86286270313516	
1229 O'CONNOR ROAD	99701	-147.73926883690524	64.85832273500013	
1615 KASSI COURT	99709	-147.75338584838605	64.86070344302821	
1609 KASSI COURT	99709	-147.75295639589947	64.8608228009699	
1608 COLLEGE ROAD	99709	-147.75236840299996	64.86299255700594	
1604 COLLEGE ROAD	99709	-147.75278100302478	64.86269886773671	
1603 COLLEGE ROAD	99709	-147.7526556973916	64.86209361829266	
1600 COLLEGE ROAD	99709	-147.75182617972885	64.86246015080306	
1616 COLLEGE ROAD	99709	-147.7530412494994	64.86338947939726	
1595 COLLEGE ROAD	99709	-147.75166162912052	64.86165820386351	
7 KATHRYN AVENUE	99701	-147.7357321913279	64.85940357979857	
1501 COLLEGE ROAD	99709	-147.75022908981398	64.86119011715968	
341 KATHRYN AVENUE	99701	-147.7370227086133	64.8581027257431	
118 KATHRYN AVENUE	99701	-147.7369483948724	64.85847976293813	
111 KATHRYN AVENUE	99701	-147.73591178815488	64.85890830097124	
109 KATHRYN AVENUE	99701	-147.73589742654383	64.85927384518091	
913 COLLEGE ROAD	99701	-147.72886508113203	64.85898213722739	
910 COLLEGE ROAD	99701	-147.72862128558432	64.85950356900197	
1300 COLLEGE ROAD	99701	-147.74096532537607	64.86179504464641	
1001 COLLEGE ROAD	99701	-147.73070547848047	64.85916069622968	
15 BRIDGET AVENUE	99701	-147.7299279822472	64.85889513690243	
7 BRIDGET AVENUE	99701	-147.72976270974848	64.85905492694303	
1315 O'CONNOR ROAD	99701	-147.74038027482345	64.85915322049765	
18 BONNIE AVENUE	99701	-147.73303011623526	64.85861917441056	
1200 O'CONNOR ROAD	99701	-147.73718590663563	64.85782235730842	
11 BONNIE AVENUE	99701	-147.7322694289565	64.85890642717155	
214 BRIDGET AVENUE	99701	-147.73104475624578	64.85732273195735	
1323 O'CONNOR ROAD	99701	-147.7406536741507	64.85946082804178	
1319 O'CONNOR ROAD	99701	-147.7405499873963	64.85929870912204	
1415 HAMPSTEAD AVENUE	99701	-147.7420503065628	64.85766607383191	
1221 BUNNELL STREET	99701	-147.73868206504318	64.85936975367797	
1136 BAINBRIDGE BOULEVARD	99701	-147.73567991635005	64.85563740413981	
1138 BAINBRIDGE BOULEVARD	99701	-147.73588012731386	64.85562414757942	
1140 BAINBRIDGE BOULEVARD	99701	-147.73612332137918	64.8556140293348	
1142 BAINBRIDGE BOULEVARD	99701	-147.73640071335151	64.85560351144993	
1259 SUTTON LOOP	99701	-147.740075598196	64.85645714375441	
1248 SUTTON LOOP	99701	-147.74076200194133	64.85691172162791	
1250 SUTTON LOOP	99701	-147.74050439269072	64.85689867389517	
1203 SUTTON LOOP	99701	-147.7376408674315	64.85583546458473	
1205 SUTTON LOOP	99701	-147.73783168352608	64.85577001743737	
1207 SUTTON LOOP	99701	-147.73800342500567	64.85569689138256	
1209 SUTTON LOOP	99701	-147.73833446683585	64.85564560981503	
1219 SUTTON LOOP	99701	-147.73960931119677	64.85553982953245	
1221 SUTTON LOOP	99701	-147.7399624803398	64.85554360084375	
1223 SUTTON LOOP	99701	-147.74021356568883	64.85554856485702	
1225 SUTTON LOOP	99701	-147.74064174541874	64.8555633101275	
1235 SUTTON LOOP	99701	-147.7419108736418	64.85551289228628	
1237 SUTTON LOOP	99701	-147.7423096790123	64.85550427030574	
1239 SUTTON LOOP	99701	-147.74249554425506	64.85550604368281	
1241 SUTTON LOOP	99701	-147.74275514052388	64.85549905135561	
1243 SUTTON LOOP	99701	-147.74296007864797	64.85550850312572	
1212 SUTTON LOOP	99701	-147.73901018034962	64.85609694738334	
1214 SUTTON LOOP	99701	-147.739279553223	64.85605845961342	
1216 SUTTON LOOP	99701	-147.7397455362208	64.85602409635828	
1218 SUTTON LOOP	99701	-147.73994948510042	64.85602492385068	
1228 SUTTON LOOP	99701	-147.74125008957014	64.85605146600561	
1230 SUTTON LOOP	99701	-147.7414613763005	64.85604899231885	
1232 SUTTON LOOP	99701	-147.74182129763176	64.85600943969924	
1234 SUTTON LOOP	99701	-147.74202441536818	64.85599742305617	
1253 SUTTON LOOP	99701	-147.74148359889625	64.85639247673375	
1255 SUTTON LOOP	99701	-147.7409486603047	64.85641158920254	
1257 SUTTON LOOP	99701	-147.74046633161205	64.85642687182377	
1210 HAMPSTEAD AVENUE	99701	-147.73573008714862	64.85620909175285	
1212 HAMPSTEAD AVENUE	99701	-147.73616585955094	64.8562500699388	
1214 HAMPSTEAD AVENUE	99701	-147.73642030742928	64.85627780849573	
1216 HAMPSTEAD AVENUE	99701	-147.73675520051125	64.85631064428321	
1418 HAMPSTEAD AVENUE	99701	-147.74125310782415	64.85803336328902	
1416 HAMPSTEAD AVENUE	99701	-147.74108282920633	64.85793931937202	
1414 HAMPSTEAD AVENUE	99701	-147.74088950598724	64.85780625795427	
1412 HAMPSTEAD AVENUE	99701	-147.7407078473456	64.85769488552106	
1402 HAMPSTEAD AVENUE	99701	-147.73957540063577	64.85716247124914	
1400 HAMPSTEAD AVENUE	99701	-147.73936440111737	64.85707326702358	
1314 HAMPSTEAD AVENUE	99701	-147.73919340421875	64.85694897457171	
1312 HAMPSTEAD AVENUE	99701	-147.7389639250605	64.85684676160017	
1302 HAMPSTEAD AVENUE	99701	-147.73765656699405	64.85642833229976	
1300 HAMPSTEAD AVENUE	99701	-147.73741587437772	64.8563726442592	
1422 HAMPSTEAD AVENUE	99701	-147.74206119912836	64.85824637234204	
1144 BAINBRIDGE BOULEVARD	99701	-147.73680031462862	64.85556426684926	
1200 BAINBRIDGE BOULEVARD	99701	-147.73714093794817	64.85547293135096	
1251 SUTTON LOOP	99701	-147.74190742407603	64.85640678942138	
1240 SUTTON LOOP	99701	-147.74221149679835	64.85690438830349	
1242 SUTTON LOOP	99701	-147.74182726331955	64.85691852622351	
1244 SUTTON LOOP	99701	-147.74116929014193	64.85690374209206	
1246 SUTTON LOOP	99701	-147.7409728802413	64.85690282886611	
1201 SUTTON LOOP	99701	-147.7374503073343	64.85590485926069	
1211 SUTTON LOOP	99701	-147.7385456244802	64.85560758209084	
1213 SUTTON LOOP	99701	-147.73898002334244	64.85557484566365	
1215 SUTTON LOOP	99701	-147.73920275509946	64.8555722413385	
1217 SUTTON LOOP	99701	-147.73940616187693	64.85555800945788	
1227 SUTTON LOOP	99701	-147.74087401197497	64.85556454248783	
1229 SUTTON LOOP	99701	-147.74109648807365	64.85555798753879	
1231 SUTTON LOOP	99701	-147.74131922154882	64.85555538002083	
1233 SUTTON LOOP	99701	-147.74170721313942	64.85552317980022	
1245 SUTTON LOOP	99701	-147.74329256569894	64.85562313883344	
1247 SUTTON LOOP	99701	-147.74348353327542	64.85566781984892	
1208 SUTTON LOOP	99701	-147.73863640484953	64.85615593071405	
1210 SUTTON LOOP	99701	-147.7387856664277	64.85612848563852	
1220 SUTTON LOOP	99701	-147.7401840324707	64.85603181678191	
1222 SUTTON LOOP	99701	-147.74040327965824	64.85603567696937	
1224 SUTTON LOOP	99701	-147.74077552467293	64.85606987110543	
1226 SUTTON LOOP	99701	-147.7409710959463	64.85605794512894	
1236 SUTTON LOOP	99701	-147.74228056016455	64.85598799819098	
1238 SUTTON LOOP	99701	-147.7425369146205	64.85598178183709	
1261 SUTTON LOOP	99701	-147.73968631417742	64.85650988652046	
1249 SUTTON LOOP	99701	-147.74218814888235	64.85631033741303	
1206 HAMPSTEAD AVENUE	99701	-147.7351772136356	64.8560312858704	
1208 HAMPSTEAD AVENUE	99701	-147.73540053838303	64.8561361631964	
1218 HAMPSTEAD AVENUE	99701	-147.7370396857632	64.85634185261348	
1407 HAMPSTEAD AVENUE	99701	-147.7412396618116	64.85719101636734	
1409 HAMPSTEAD AVENUE	99701	-147.74150532583914	64.85733196099855	
1410 HAMPSTEAD AVENUE	99701	-147.74047576517768	64.85759719977852	
1408 HAMPSTEAD AVENUE	99701	-147.74026363113498	64.85749054875214	
1406 HAMPSTEAD AVENUE	99701	-147.74007172309553	64.85737929639485	
1404 HAMPSTEAD AVENUE	99701	-147.73984905632616	64.85726840359628	
1310 HAMPSTEAD AVENUE	99701	-147.73871205701516	64.85676498112119	
1308 HAMPSTEAD AVENUE	99701	-147.73843136928892	64.85667748573856	
1306 HAMPSTEAD AVENUE	99701	-147.73818768110854	64.85657543768596	
1304 HAMPSTEAD AVENUE	99701	-147.73796937698148	64.85649931598	
1480 COLLEGE ROAD	99709	-147.74988802251661	64.86439204740991	
1607 TAMARACK STREET	99709	-147.7527710376695	64.86113632684454	
1401 BAINBRIDGE BOULEVARD	99701	-147.74982616874115	64.85536235513071	
1109 O'CONNOR ROAD	99701	-147.73611816902937	64.85721229065797	
1212 O'CONNOR ROAD	99701	-147.73786762361937	64.85814420041554	
115 BRIDGET AVENUE	99701	-147.73001721574343	64.85804503798323	
112 MARYLEIGH AVENUE	99701	-147.72898970649885	64.85805126763279	
123 BRIDGET AVENUE	99701	-147.73010407849395	64.8578039159207	
109 BRIDGET AVENUE	99701	-147.73007548611153	64.85840927317116	
107 BRIDGET AVENUE	99701	-147.72996932617053	64.85857809626388	
98 BRIDGET AVENUE	99701	-147.73082163725775	64.85872979190013	
215 BRIDGET AVENUE	99701	-147.73044668137754	64.85731183954368	
111 BRIDGET AVENUE	99701	-147.73015604060845	64.85822502373621	
205 BRIDGET AVENUE	99701	-147.73029005867724	64.85761487784868	
17 BRIDGET AVENUE	99701	-147.72992302839242	64.85872778111529	
209 BRIDGET AVENUE	99701	-147.7303818994331	64.85743300397203	
919 O'CONNOR ROAD	99701	-147.73062647663832	64.8570588800907	
905 O'CONNOR ROAD	99701	-147.72961392022816	64.85675642835642	
831 O'CONNOR ROAD	99701	-147.72876836059353	64.85643040348114	
116 MARYLEIGH AVENUE	99701	-147.7291511642111	64.8578978549281	
108 MARYLEIGH AVENUE	99701	-147.72904582538186	64.85820994140906	
1107 O'CONNOR ROAD	99701	-147.73570814706042	64.85710223888057	
1603 COLLEGE ROAD	99709	-147.75256255039628	64.86197727950942	
915 O'CONNOR ROAD	99701	-147.73039423867112	64.85698815779499	
913 O'CONNOR ROAD	99701	-147.73012906618004	64.85696188140246	
912 O'CONNOR ROAD	99701	-147.7299897730529	64.8572506258963	
906 O'CONNOR ROAD	99701	-147.72941552229523	64.8571986193483	
1018 COLLEGE ROAD	99701	-147.73318277660977	64.85974926445455	
122 BRIDGET AVENUE	99701	-147.73138092101877	64.85754877836389	
120 BRIDGET AVENUE	99701	-147.7311396626184	64.85786959194807	
116 BRIDGET AVENUE	99701	-147.7309870086766	64.85797719207974	
1215 O'CONNOR ROAD	99701	-147.73852094165	64.85788169661974	
1205 O'CONNOR ROAD	99701	-147.73792816504306	64.85768426489294	
1121 O'CONNOR ROAD	99701	-147.73726531716943	64.85720759225411	
1221 O'CONNOR ROAD	99701	-147.73879635323306	64.85799915315553	
1327 O'CONNOR ROAD	99701	-147.74095976116195	64.85959361993993	
1303 O'CONNOR ROAD	99701	-147.73970719405284	64.85874466111895	
1311 O'CONNOR ROAD	99701	-147.7400124072652	64.85905909214654	
1465 CARR AVENUE	99709	-147.7513402552481	64.85837171322474	
1202 BAINBRIDGE BOULEVARD	99701	-147.73735157989998	64.85540445908049	
1331 O'CONNOR ROAD	99701	-147.74092068060548	64.85977393138478	
1225 O'CONNOR ROAD	99701	-147.73896363149007	64.85815500961621	
1267 O'CONNOR ROAD	99701	-147.7394637086301	64.85860789818605	
1019 COLLEGE ROAD	99701	-147.73269759759953	64.85934673803351	
1501 HAMPSTEAD AVENUE	99701	-147.747371078236	64.85723725339214	
225 PINE STREET	99709	-147.75188142727316	64.86084266993191	
221 PINE STREET	99709	-147.75186646192157	64.8610093760453	
1603 SUNCHA CIRCLE	99709	-147.75287069865166	64.85946814110187	
1616 SUNCHA CIRCLE	99709	-147.7516398505118	64.85916524823395	
1620 SUNCHA CIRCLE	99709	-147.75175593389272	64.85935313151496	
1624 SUNCHA CIRCLE	99709	-147.75156384710962	64.85959059427947	
1554 SUNCHA CIRCLE	99709	-147.75181241416172	64.85891973949843	
1555 SUNCHA CIRCLE	99709	-147.75268007165073	64.85891991813946	
1601 SUNCHA CIRCLE	99709	-147.75270031701302	64.85915963163856	
1499 CARR AVENUE	99709	-147.7522707253355	64.85825922140498	
215 PINE STREET	99709	-147.75187078377857	64.86118274085483	
104 MARYLEIGH AVENUE	99701	-147.7291003345954	64.85836925839133	
1500 CARR AVENUE	99709	-147.75279621621016	64.85868089817197	
1501 CARR AVENUE	99709	-147.75263069461232	64.85838658133183	
1503 CARR AVENUE	99709	-147.75306742863916	64.8583710386837	
1477 CARR AVENUE	99709	-147.75179806542315	64.85830908913788	
1488 CARR AVENUE	99709	-147.75154861589695	64.85869814988848	
1615 TAMARACK STREET	99709	-147.75342372537673	64.86132071716916	
1611 TAMARACK STREET	99709	-147.75305607662895	64.86123385003319	
118 MARYLEIGH AVENUE	99701	-147.72927031105067	64.85772251877182	
208 MARYLEIGH AVENUE	99701	-147.72921596124857	64.85735903007662	
120 MARYLEIGH AVENUE	99701	-147.7291082607846	64.85755652717476	
11 BONNIE AVENUE	99701	-147.7322244836471	64.85903960491862	
205 ROSELLA AVENUE	99701	-147.7344324259518	64.85776481472361	
20 ROSELLA AVENUE	99701	-147.73483513150643	64.85885763156186	
17 ROSELLA AVENUE	99701	-147.73415327309283	64.85877206510969	
15 ROSELLA AVENUE	99701	-147.7337585328077	64.85891601838287	
119 ROSELLA AVENUE	99701	-147.7341771938378	64.85808262455836	
116 ROSELLA AVENUE	99701	-147.7350283872632	64.85816782179795	
107 ROSELLA AVENUE	99701	-147.73410034643146	64.8584889546158	
929 O'CONNOR ROAD	99701	-147.7316532252192	64.85709252676477	
1101 O'CONNOR ROAD	99701	-147.73537162927832	64.85715151271097	
1100 O'CONNOR ROAD	99701	-147.7354137512563	64.8575282439187	
1010 O'CONNOR ROAD	99701	-147.73331634493164	64.85740410620869	
1005 O'CONNOR ROAD	99701	-147.7326411806876	64.85713329320667	
1003 O'CONNOR ROAD	99701	-147.73234718460213	64.85712684113214	
20 BONNIE AVENUE	99701	-147.73314314669855	64.85825449378964	
14 BONNIE AVENUE	99701	-147.73287122880419	64.85889420615807	
121 BONNIE AVENUE	99701	-147.7324782981579	64.8577536553156	
12 BONNIE AVENUE	99701	-147.73281749638522	64.85909248611979	
1019 O'CONNOR ROAD	99701	-147.7343244066031	64.85716966622681	
1015 O'CONNOR ROAD	99701	-147.73385250345413	64.85711134904145	
1014 O'CONNOR ROAD	99701	-147.7336888016825	64.8574213398722	
14 ROSELLA AVENUE	99701	-147.73469370821496	64.85919598805286	
130 ROSELLA AVENUE	99701	-147.73524060344954	64.85770191560295	
126 ROSELLA AVENUE	99701	-147.73537611546934	64.8578769823978	
122 ROSELLA AVENUE	99701	-147.73542947935022	64.85807318670177	
105 ROSELLA AVENUE	99701	-147.73413990488575	64.85867446033886	
104 ROSELLA AVENUE	99701	-147.73506737723616	64.85871960150656	
10 ROSELLA AVENUE	99701	-147.7348390288982	64.8593654208263	
1023 O'CONNOR ROAD	99701	-147.73459784142068	64.8571690367852	
1020 O'CONNOR ROAD	99701	-147.7344044202712	64.85745973786176	
921 O'CONNOR ROAD	99701	-147.73102954175425	64.85706025008993	
1217 BUNNELL STREET	99701	-147.73813657853893	64.85943500439993	
1215 BUNNELL STREET	99701	-147.73765085860882	64.85923192360093	
1210 BUNNELL STREET	99701	-147.73819632561307	64.85975440402298	
1216 WARREN STREET	99701	-147.73795870192095	64.85886670902951	
1208 WARREN STREET	99701	-147.73727566898458	64.85892896507383	
112 KATHRYN AVENUE	99701	-147.7367943193831	64.8592230246594	
1213 BUNNELL STREET	99701	-147.73791563976263	64.85936858601332	
1207 WARREN STREET	99701	-147.73735908921674	64.85849897809238	
108 BRIDGET AVENUE	99701	-147.73127091644312	64.8583030251537	
100 BRIDGET AVENUE	99701	-147.73092282630927	64.85846170779267	
1210 O'CONNOR ROAD	99701	-147.73765459586772	64.85799302900593	
1201 COLLEGE ROAD	99701	-147.73724535140613	64.85969292339817	
18 KATHRYN AVENUE	99701	-147.73598813354133	64.85838578728145	
16 KATHRYN AVENUE	99701	-147.73615365365632	64.85862510183819	
14 KATHRYN AVENUE	99701	-147.73610658440035	64.85877975904818	
918 COLLEGE ROAD	99701	-147.7297248410891	64.85952901893234	
915 COLLEGE ROAD	99701	-147.72975156731232	64.85925759784251	
914 COLLEGE ROAD	99701	-147.72922973629503	64.85973807931028	
1009 O'CONNOR ROAD	99701	-147.73301165146663	64.85713177139039	
123 BONNIE AVENUE	99701	-147.73258382479128	64.8575369797889	
111 ROSELLA AVENUE	99701	-147.73412066502675	64.85829511489459	
1307 O'CONNOR ROAD	99701	-147.73983729865444	64.85889960011806	
1103 COLLEGE ROAD	99701	-147.73488765375052	64.85951655942773	
1019 COLLEGE ROAD	99701	-147.7335259434254	64.85947685585124	
1010 COLLEGE ROAD	99701	-147.73183417429559	64.85969709613084	
1111 O'CONNOR ROAD	99701	-147.73650347274526	64.85724413223254	
123 KATHRYN AVENUE	99701	-147.73632110468944	64.85812027786548	
1216 WARREN STREET	99701	-147.73813033216297	64.85887344951279	
1220 BUNNELL STREET	99701	-147.7388837712289	64.85977229491849	
1228 WARREN STREET	99701	-147.73885035109305	64.85896435456637	
1211 WARREN STREET	99701	-147.73833213366106	64.85849884651832	
1209 WARREN STREET	99701	-147.73782238937858	64.8584298915641	
122 BRIDGET AVENUE	99701	-147.73099334337053	64.85761732881983	
112 BRIDGET AVENUE	99701	-147.73105032651623	64.8581558160975	
1248 BUNNELL STREET	99701	-147.73998865191277	64.85982327824767	
1229 BUNNELL STREET	99701	-147.7391518794942	64.85936264274449	
1233 O'CONNOR ROAD	99701	-147.7393727111982	64.85843058614421	
1616 TAMARACK STREET	99709	-147.7533737973626	64.86169481114082	
1608 TAMARACK STREET	99709	-147.75290919122284	64.86160836584533	
201 PINE STREET	99709	-147.7518576758947	64.86135620594094	
8 BONNIE AVENUE	99701	-147.73276463926345	64.85928255193758	
7 BONNIE AVENUE	99701	-147.73209470315945	64.85920595179648	
32 BONNIE AVENUE	99701	-147.73329840785152	64.85775151788243	
24 BONNIE AVENUE	99701	-147.73332095363938	64.85806292961176	
119 BONNIE AVENUE	99701	-147.73243046642835	64.85789706627824	
115 BONNIE AVENUE	99701	-147.73228095959996	64.85811608612603	
13 ROSELLA AVENUE	99701	-147.73399344402807	64.85915329797899	
1220 BUNNELL STREET	99701	-147.73923753017806	64.8598051948115	
1198 COLLEGE ROAD	99701	-147.73620678985972	64.86002585356978	
912 COLLEGE ROAD	99701	-147.72896625663975	64.8595137243227	
98 BRIDGET AVENUE	99701	-147.73102340284345	64.85874287560267	
98 BRIDGET AVENUE	99701	-147.7308274345859	64.85881993965266	
122 BRIDGET AVENUE	99701	-147.73096669670434	64.85761953847827	
209 BRIDGET AVENUE	99701	-147.73039008946375	64.85742151222846	
209 BRIDGET AVENUE	99701	-147.7303223661285	64.85747927790982	
209 BRIDGET AVENUE	99701	-147.72990379330295	64.85742716875384	
8 BONNIE AVENUE	99701	-147.73313596363255	64.85922742593633	
11 BONNIE AVENUE	99701	-147.7321361050365	64.85889669095751	
11 BONNIE AVENUE	99701	-147.73208793409088	64.8590313167577	
16 BONNIE AVENUE	99701	-147.73305966115115	64.85870028971287	
16 BONNIE AVENUE	99701	-147.733099620102	64.85870264612065	
16 BONNIE AVENUE	99701	-147.73328284936116	64.85871462192713	
18 BONNIE AVENUE	99701	-147.73319640551338	64.85862570283382	
18 BONNIE AVENUE	99701	-147.73324299783036	64.8586279828076	
129 KATHRYN AVENUE	99701	-147.73629252075636	64.85783502368919	
119 BRIDGET AVENUE	99701	-147.73011368548757	64.85795337143254	
1486 HAMPSTEAD AVENUE	99701	-147.7453452096481	64.85985286426066	
1000 CREAMERS LANE	99709	-147.73821205901402	64.86406603302466	
1413 HAMPSTEAD AVENUE	99701	-147.7418259514938	64.8575093098662	
1332 O'CONNOR ROAD	99701	-147.74024986703824	64.86007787709003	
1107 COLLEGE ROAD	99701	-147.73575004194976	64.85953176475908	
123 KATHRYN AVENUE	99701	-147.73624430720596	64.85814966328785	
123 KATHRYN AVENUE	99701	-147.73616028515903	64.85814494622734	
123 KATHRYN AVENUE	99701	-147.7360730557491	64.85814240300293	
123 KATHRYN AVENUE	99701	-147.73592282044282	64.85812350166664	
111 BRIDGET AVENUE	99701	-147.7298329974992	64.85822664446317	
106 ROSELLA AVENUE	99701	-147.73530235275652	64.85851130203545	
505 ILLINOIS STREET	99701	-147.71882234550745	64.85049947814154	
505 ILLINOIS STREET	99701	-147.71860728474965	64.85088924127166	
120 INA STREET	99701	-147.70912437860312	64.85056490058132	
401 SLATER STREET	99701	-147.7186898497364	64.84797120346353	
44 COLLEGE ROAD	99701	-147.70579365475163	64.8517493771742	
48 COLLEGE ROAD	99701	-147.70836006026502	64.85286877247144	
615 MONROE STREET	99701	-147.71649637386147	64.851292765173	
99 COLLEGE ROAD	99701	-147.71508903957488	64.85365928605333	
723 FIRST AVENUE	99701	-147.72530282213404	64.84393885813195	
109 SEVENTH AVENUE	99701	-147.70926039006616	64.84127048462823	
418 ILLINOIS STREET	99701	-147.7205876299424	64.85029251322163	
327 ANTOINETTE AVENUE	99701	-147.7255501609644	64.85528237052745	
302 CHARLES STREET	99701	-147.7145451929255	64.85002913643184	
257 CHARLES STREET	99701	-147.71408654821764	64.84978814228015	
250 CHARLES STREET	99701	-147.7136758622426	64.8499768492866	
223 CHARLES STREET	99701	-147.7119519320162	64.84973661471155	
219 CHARLES STREET	99701	-147.7115400278657	64.84972458485687	
215 CHARLES STREET	99701	-147.71133091137716	64.8497441098685	
142 CHARLES STREET	99701	-147.70939115833582	64.85006211481857	
139 CHARLES STREET	99701	-147.7095061836528	64.84972781881005	
135 CHARLES STREET	99701	-147.70921202604492	64.84965929174504	
115 CHARLES STREET	99701	-147.7078264634146	64.84973094962254	
709 FOURTH AVENUE	99701	-147.72552889503058	64.84225635095234	
901 FIRST AVENUE	99701	-147.72784610273507	64.84466156096855	
811 FIRST AVENUE	99701	-147.72677835465325	64.84428810114812	
348 DRIVEWAY STREET	99701	-147.72482593664532	64.84759869058158	
340 DRIVEWAY STREET	99701	-147.72471837012336	64.84734131107336	
330 DRIVEWAY STREET	99701	-147.7246292135871	64.84714082947347	
326 DRIVEWAY STREET	99701	-147.7245723365225	64.84685173323591	
218 DRIVEWAY STREET	99701	-147.7240680262821	64.84612933152606	
826 FOURTH AVENUE	99701	-147.72840568231868	64.84311119758628	
715 FOURTH AVENUE	99701	-147.7258096781515	64.84228792470837	
714 FOURTH AVENUE	99701	-147.72657015297668	64.84267024169287	
269 ILLINOIS STREET	99701	-147.72023241133908	64.84805376311574	
253 ILLINOIS STREET	99701	-147.719971701623	64.84757115291868	
249 ILLINOIS STREET	99701	-147.71992906956558	64.8473203375375	
340 GLORIA AVENUE	99701	-147.72777527999753	64.8552894271121	
610 CUSHMAN STREET	99701	-147.72243809747673	64.84126534270166	
501 CUSHMAN STREET	99701	-147.71989627710252	64.8414385629428	
410 CUSHMAN STREET	99701	-147.72084070318203	64.84181325561067	
119 NORTH CUSHMAN STREET	99701	-147.72106354087543	64.84584362643092	
100 CUSHMAN STREET	99701	-147.72157102452687	64.84352245180453	
113 THIRD AVENUE	99701	-147.70664176941582	64.8421540604553	
107 THIRD AVENUE	99701	-147.70638295088605	64.8421123661946	
505 ILLINOIS STREET	99701	-147.71787251526314	64.85098824535773	
60 COLLEGE ROAD	99701	-147.7121084318669	64.85381059519631	
511 SECOND AVENUE	99701	-147.71811884500832	64.84343607287272	
321 FOURTH AVENUE	99701	-147.71384322266928	64.8426089971164	
321 NOYES STREET	99701	-147.71074514384338	64.85145939886428	
121 FORTY MILE AVENUE	99701	-147.7039826458153	64.84633077100939	
122 WENDELL AVENUE	99701	-147.71839747577818	64.84484030083732	
349 WELL STREET	99701	-147.71776919764184	64.84852643037793	
210 WELL STREET	99701	-147.71186594572578	64.84872913524174	
201 WELL STREET	99701	-147.71230504023163	64.84842153887584	
311 HALL STREET	99701	-147.7102902714707	64.84259796798052	
224 THIRD AVENUE	99701	-147.71209131357688	64.84328012739262	
219 THIRD AVENUE	99701	-147.71193551519056	64.8430012991021	
172 THIRD AVENUE	99701	-147.71002170351858	64.84302616621744	
319 SLATER STREET	99701	-147.71557034779298	64.84774373521893	
318 SLATER STREET	99701	-147.7156109876203	64.84805412639709	
301 SLATER STREET	99701	-147.714566534123	64.84777081346753	
223 SLATER STREET	99701	-147.71411859820466	64.84778913181567	
222 SLATER STREET	99701	-147.7141331944447	64.84802833137604	
215 SLATER STREET	99701	-147.7136225362938	64.84779596185405	
529 SIXTH AVENUE	99701	-147.71793235876294	64.84122691840852	
528 SIXTH AVENUE	99701	-147.71837217394526	64.84139247270299	
521 SIXTH AVENUE	99701	-147.71778565530403	64.84124795094067	
411 SIXTH AVENUE	99701	-147.7157489164458	64.84128288588934	
221 SIXTH AVENUE	99701	-147.7119840857605	64.8414672179315	
403 BETTY STREET	99701	-147.714094845469	64.84942104999098	
230 OLD STEESE HIGHWAY	99701	-147.70591977686317	64.84818685576103	
201 OLD STEESE HIGHWAY	99701	-147.70519860721566	64.84748903065908	
643 NOYES STREET	99701	-147.71004807360526	64.85143212660098	
640 NOYES STREET	99701	-147.71006775854636	64.85103312148907	
625 NOYES STREET	99701	-147.7088260495219	64.8510766908979	
620 NOYES STREET	99701	-147.7089995000185	64.85086522432368	
613 NOYES STREET	99701	-147.7084717168302	64.85095383410172	
515 NOYES STREET	99701	-147.70690354064274	64.85005756070453	
409 NOYES STREET	99701	-147.70637585649666	64.84928728591916	
315 NOYES STREET	99701	-147.71176400871903	64.8516006439838	
302 NOYES STREET	99701	-147.71351650050482	64.85158294231661	
514 BETTY STREET	99701	-147.71451019603188	64.85041457201986	
152 SECOND AVENUE	99701	-147.70920038077853	64.84342036829065	
141 SECOND AVENUE	99701	-147.7085693035753	64.84310031307254	
104 SECOND AVENUE	99701	-147.70641162667008	64.8431472803246	
404 BETTY STREET	99701	-147.7144835745399	64.84941984207212	
307 MINNIE STREET	99701	-147.71482517005595	64.84912832441208	
251 MINNIE STREET	99701	-147.71365565166684	64.84909580957509	
231 MINNIE STREET	99701	-147.71235009228317	64.84900415174347	
220 MINNIE STREET	99701	-147.71204769815296	64.84936701376101	
217 MINNIE STREET	99701	-147.7120368446233	64.84909765286436	
216 MINNIE STREET	99701	-147.71164759798563	64.84932347481914	
103 MINNIE STREET	99701	-147.70672375282751	64.84841616942973	
241 ELLINGSON STREET	99701	-147.7134464662598	64.85105284669291	
238 ELLINGSON STREET	99701	-147.71312155175835	64.85124872986253	
417 MONROE STREET	99701	-147.71636547978903	64.84974606655454	
345 MINNIE STREET	99701	-147.7175177827508	64.84921601741925	
324 MINNIE STREET	99701	-147.7161262528295	64.84937361949137	
252 ELLINGSON STREET	99701	-147.71375611172053	64.85123274920049	
250 ELLINGSON STREET	99701	-147.7137309567857	64.85123263888653	
320 CHARLES STREET	99701	-147.7158596097953	64.85003988083302	
319 CHARLES STREET	99701	-147.71554838232183	64.84978170561538	
234 CHARLES STREET	99701	-147.71274772128413	64.84995407943714	
120 CHARLES STREET	99701	-147.70812191568936	64.84994846913544	
119 CHARLES STREET	99701	-147.70821923826847	64.84968240151501	
318 CHARLES STREET	99701	-147.71553372370283	64.85003547532543	
314 CHARLES STREET	99701	-147.71526559651377	64.85004398242403	
246 CHARLES STREET	99701	-147.71345805175832	64.84996427931193	
326 FIRST AVENUE	99701	-147.71499906353336	64.84441535286061	
407 ILLINOIS STREET	99701	-147.71925436078547	64.84978295601442	
415 ILLINOIS STREET	99701	-147.71893843452472	64.85007622790411	
54 COLLEGE ROAD	99701	-147.71044520983244	64.85294042600847	
612 ILLINOIS STREET	99701	-147.7193676341604	64.85161831954291	
516 ILLINOIS STREET	99701	-147.719503681556	64.85110218615891	
146 FOURTH AVENUE	99701	-147.710099146402	64.84251629993611	
348 BRANDT STREET	99701	-147.72679790056722	64.84755248341271	
410 SECOND AVENUE	99701	-147.71632657444232	64.84376154777743	
201 ELLINGSON STREET	99701	-147.71086492853487	64.85097606652532	
1002 PIONEER ROAD	99701	-147.72773763201755	64.84677731239775	
302 BOUNDARY STREET	99701	-147.72722062872162	64.84665204798927	
1003 PIONEER ROAD	99701	-147.72823923066395	64.84612169420356	
510 NOBLE STREET	99701	-147.71514570069382	64.84167605226838	
303 ILLINOIS STREET	99701	-147.7199590533218	64.84851190333849	
244 ILLINOIS STREET	99701	-147.72176017286586	64.8473929563639	
542 FOURTH AVENUE	99701	-147.71969281926738	64.84237990609087	
540 FOURTH AVENUE	99701	-147.71962601372735	64.84238478746602	
816 SECOND AVENUE	99701	-147.7270581084463	64.84410173133966	
543 THIRD AVENUE	99701	-147.71983657547258	64.84274273659945	
541 THIRD AVENUE	99701	-147.7198754397912	64.8427396337556	
706 SECOND AVENUE	99701	-147.72468880352162	64.84350115547913	
524 THIRD AVENUE	99701	-147.71889877914478	64.84301634753179	
344 GLORIA AVENUE	99701	-147.72794476795494	64.85478581563356	
301 BRANDT STREET	99701	-147.72620632651453	64.8465504692828	
246 ILLINOIS STREET	99701	-147.72179999529175	64.84758119388889	
214 DRIVEWAY STREET	99701	-147.7240150186678	64.84601394202414	
308 BRANDT STREET	99701	-147.72621885678942	64.84658039465621	
506 WICKERSHAM STREET	99701	-147.72765670879315	64.84189355521292	
829 THIRD AVENUE	99701	-147.7282842684566	64.84340235459572	
823 THIRD AVENUE	99701	-147.72799449099656	64.84333541467616	
817 THIRD AVENUE	99701	-147.72771907251834	64.84321399261673	
828 SECOND AVENUE	99701	-147.72782890270952	64.84418344274164	
819 FIRST AVENUE	99701	-147.72711535630674	64.84443593831035	
318 DRIVEWAY STREET	99701	-147.72430267310935	64.8465487461817	
209 WICKERSHAM STREET	99701	-147.72633797905476	64.84329118968476	
207 WICKERSHAM STREET	99701	-147.7262580317747	64.84337952017282	
402 BARNETTE STREET	99701	-147.72503419890649	64.84220143210358	
201 CUSHMAN STREET	99701	-147.7209844195976	64.84318318955627	
725 SECOND AVENUE	99701	-147.72570685834773	64.84344389414478	
809 FIRST AVENUE	99701	-147.72646726962031	64.84422475165506	
107 WICKERSHAM STREET	99701	-147.72592710305744	64.84382037496965	
410 WICKERSHAM STREET	99701	-147.7274162920303	64.84243124640645	
547 SECOND AVENUE	99701	-147.7203506980269	64.84325437001766	
555 SECOND AVENUE	99701	-147.7207612875922	64.84321389941393	
345 BRANDT STREET	99701	-147.7260000818913	64.8475575404723	
331 BRANDT STREET	99701	-147.72582669830084	64.84717598894835	
325 BRANDT STREET	99701	-147.7257816747314	64.84701395152153	
311 BRANDT STREET	99701	-147.72531134010865	64.84673128657069	
710 THIRD AVENUE	99701	-147.72515220224335	64.84301862006913	
706 THIRD AVENUE	99701	-147.72498055901394	64.84299505857558	
700 THIRD AVENUE	99701	-147.72476179281387	64.84293513985367	
332 BOUNDARY STREET	99701	-147.72728637925772	64.84731191058653	
326 BOUNDARY STREET	99701	-147.72725182496126	64.84714367636994	
805 PEDRO PLACE	99701	-147.7260539476765	64.85471667028513	
815 SECOND AVENUE	99701	-147.72740951270933	64.84372889192906	
321 BRANDT STREET	99701	-147.72571770401024	64.84688700978965	
301 BOUNDARY STREET	99701	-147.7265234371095	64.84644120631539	
831 THIRD AVENUE	99701	-147.72853377793155	64.84345586040178	
714 THIRD AVENUE	99701	-147.72566258241253	64.84302537588768	
827 SECOND AVENUE	99701	-147.72784223317038	64.84396434559915	
731 SECOND AVENUE	99701	-147.72612085216767	64.84353568970919	
704 SECOND AVENUE	99701	-147.72448779204746	64.84347677206922	
815 PEDRO PLACE	99701	-147.7268028155172	64.85475272177686	
810 PEDRO PLACE	99701	-147.72635819966297	64.85508794786833	
809 PEDRO PLACE	99701	-147.72646111091728	64.85474280582388	
178 CLAY STREET	99701	-147.70625184092816	64.8432917264791	
176 CLAY STREET	99701	-147.70637956949025	64.84337019689936	
168 CLAY STREET	99701	-147.70659279312278	64.84353383408371	
607 CLARA STREET	99701	-147.71008490084725	64.8507166391372	
515 CLARA STREET	99701	-147.71012865428955	64.85029655099012	
155 CHARLES STREET	99701	-147.7099323648675	64.84970813894702	
212 INA STREET	99701	-147.71124876420888	64.85060119768217	
129 INA STREET	99701	-147.7097324490714	64.85040118874399	
125 INA STREET	99701	-147.70950035212823	64.85035028554812	
113 INA STREET	99701	-147.70884981527712	64.85033548271697	
109 INA STREET	99701	-147.7084312347973	64.85038279182561	
60 HALL STREET	99701	-147.7107817672575	64.8449460806676	
171 HALL STREET	99701	-147.70983879904009	64.84388019262195	
165 HALL STREET	99701	-147.70987501341372	64.84405902751055	
155 HALL STREET	99701	-147.7099558193619	64.8445709957004	
147 HALL STREET	99701	-147.70978693978262	64.84410003407373	
323 INA STREET	99701	-147.71590225479463	64.85044389663365	
311 INA STREET	99701	-147.715579509219	64.85043404970043	
307 INA STREET	99701	-147.71476887658403	64.85043164288308	
221 INA STREET	99701	-147.7118607289728	64.85040588551117	
217 INA STREET	99701	-147.71162641143675	64.85031952088647	
616 FULTON STREET	99701	-147.71261430929516	64.85101127621125	
612 FULTON STREET	99701	-147.71269100148598	64.8507222427358	
518 FULTON STREET	99701	-147.71269441381702	64.85033955118305	
300 FRONT STREET	99701	-147.70511789291382	64.84598803466325	
140 FRONT STREET	99701	-147.70864630358753	64.8472279190683	
111 CHARLES STREET	99701	-147.70757117947502	64.84973157423889	
106 CHARLES STREET	99701	-147.70729113795812	64.84997627975001	
329 FOURTH AVENUE	99701	-147.71429534659794	64.84257429454331	
325 FOURTH AVENUE	99701	-147.71411507596298	64.84259275203999	
323 FOURTH AVENUE	99701	-147.71397214322482	64.84253184019543	
317 FOURTH AVENUE	99701	-147.7131835516358	64.84261438168241	
120 FORTY MILE AVENUE	99701	-147.70479699696037	64.84669554510131	
519 FIRST AVENUE	99701	-147.7188151015453	64.84394907374373	
301 FIRST AVENUE	99701	-147.7132871245151	64.84426560802717	
300 FIRST AVENUE	99701	-147.71339529998346	64.84449438413523	
137 FIRST AVENUE	99701	-147.709113881481	64.84411240944027	
338 CHURCH STREET	99701	-147.7187558655206	64.84720905524767	
416 CLARA STREET	99701	-147.71057985494753	64.84963434993868	
345 CHURCH STREET	99701	-147.71840284013177	64.84708073983062	
244 INA STREET	99701	-147.71366789845302	64.850646070388	
242 INA STREET	99701	-147.71342125488758	64.85063945763682	
108 INA STREET	99701	-147.70848590997556	64.85056854732582	
703 FULTON STREET	99701	-147.7122280342357	64.85125168375798	
702 FULTON STREET	99701	-147.71261548486567	64.85123623065644	
204 INA STREET	99701	-147.7105825274187	64.85065322697267	
201 INA STREET	99701	-147.71069284550333	64.85037139175391	
232 SECOND STREET	99701	-147.70440917396303	64.84694729178885	
209 FORTY MILE AVENUE	99701	-147.70377494934607	64.8467364200251	
316 FRONT STREET	99701	-147.70431757574536	64.84576455545339	
527 SECOND AVENUE	99701	-147.71919981978368	64.84334031922339	
531 SECOND AVENUE	99701	-147.71935247209618	64.84333130216089	
543 SECOND AVENUE	99701	-147.72016196856012	64.84327091471638	
549 SECOND AVENUE	99701	-147.720448444423	64.84324580316895	
523 SECOND AVENUE	99701	-147.71890861783353	64.84317972574766	
215 CUSHMAN STREET	99701	-147.72082141725215	64.84288844014374	
250 CUSHMAN STREET	99701	-147.7218203374351	64.84280398409506	
529 FIFTH AVENUE	99701	-147.71856853368587	64.841757388139	
520 FIFTH AVENUE	99701	-147.71757856196385	64.84221203123012	
404 LACEY STREET	99701	-147.71720570365042	64.8422738865433	
415 FIFTH AVENUE	99701	-147.71625611315395	64.84193543443844	
407 FIFTH AVENUE	99701	-147.71559712195372	64.84192306831656	
335 FIFTH AVENUE	99701	-147.71464051648962	64.84200954656359	
331 FIFTH AVENUE	99701	-147.71430939842134	64.84202464735209	
321 FIFTH AVENUE	99701	-147.71374882940196	64.84200766384963	
318 FIFTH AVENUE	99701	-147.7136928367024	64.84227709291153	
312 FIFTH AVENUE	99701	-147.71330556103925	64.84230098605542	
806 FIFTH AVENUE	99701	-147.72766660703505	64.8423090252934	
717 FIFTH AVENUE	99701	-147.72624762635155	64.8417788617879	
607 FOURTH AVENUE	99701	-147.72104578365764	64.8421352566548	
400 CUSHMAN STREET	99701	-147.72088808360985	64.84211009524776	
758 ILLINOIS STREET	99701	-147.7183871702768	64.85291556542781	
505 ILLINOIS STREET	99701	-147.71803109846851	64.85042067289517	
2 DOYON PLACE	99701	-147.72170752872532	64.84524475544691	
250 CUSHMAN STREET	99701	-147.7212923660864	64.84286046581292	
250 CUSHMAN STREET	99701	-147.7219271521665	64.84307888919574	
609 FOURTH AVENUE	99701	-147.72129779016953	64.84214047408187	
109 FIFTH AVENUE	99701	-147.70944867109608	64.84167539354526	
309 SIXTH AVENUE	99701	-147.71271117162843	64.84152885891932	
170 SEVENTH AVENUE	99701	-147.7097268790494	64.84137963760803	
115 FIFTH AVENUE	99701	-147.70983581366082	64.84175417382198	
335 SIXTH AVENUE	99701	-147.71446113351678	64.84147140613061	
329 SIXTH AVENUE	99701	-147.7140956087106	64.84138943022491	
327 SIXTH AVENUE	99701	-147.7138756856454	64.84142022831186	
323 SIXTH AVENUE	99701	-147.71369694683182	64.8414283516204	
319 SIXTH AVENUE	99701	-147.71346313112048	64.8415337166224	
313 SIXTH AVENUE	99701	-147.71310633042276	64.84154986269256	
312 SEVENTH AVENUE	99701	-147.71307930944394	64.84123077095161	
302 SEVENTH AVENUE	99701	-147.71235845000638	64.84124437912895	
214 SEVENTH AVENUE	99701	-147.7120996079702	64.84132490262472	
212 SEVENTH AVENUE	99701	-147.71180756273398	64.84133461287655	
1 DOYON PLACE	99701	-147.71945063696165	64.84582076002896	
925 PIONEER ROAD	99701	-147.72737923901937	64.84569708165533	
333 FIRST AVENUE	99701	-147.7153882440027	64.84400883722759	
196 SEVENTH AVENUE	99701	-147.710948632018	64.8413256453616	
114 MINNIE STREET	99701	-147.70784568262684	64.84913865317377	
116 MINNIE STREET	99701	-147.7082272245919	64.84937469333764	
822 FIFTH AVENUE	99701	-147.72842440669362	64.84261279562796	
813 FIFTH AVENUE	99701	-147.72818295592242	64.84217759213627	
723 FIFTH AVENUE	99701	-147.72660161650785	64.84188684061243	
817 FIFTH AVENUE	99701	-147.72842469426303	64.84222785402932	
816 FIFTH AVENUE	99701	-147.72814306085286	64.84248883667296	
622 FIFTH AVENUE	99701	-147.72218372512427	64.84181136504331	
709 FIFTH AVENUE	99701	-147.72570210737513	64.84168229542946	
634 FIFTH AVENUE	99701	-147.72261855770282	64.84198312378717	
645 FIFTH AVENUE	99701	-147.72356198973966	64.84159222132801	
825 FIRST AVENUE	99701	-147.72736973985073	64.84451056105408	
250 CUSHMAN STREET	99701	-147.7219075175938	64.84303353436746	
331 ANTOINETTE AVENUE	99701	-147.72555278459524	64.85512384231038	
102 FRONT STREET	99701	-147.710520968182	64.8478018755792	
106 FRONT STREET	99701	-147.71039816764127	64.84775089211416	
333 ILLINOIS STREET	99701	-147.71927728790723	64.84909385050018	
136 DUNKEL STREET	99701	-147.71341210615742	64.84481816333677	
125 CHARLES STREET	99701	-147.70851491175537	64.84972490715164	
101 CHARLES STREET	99701	-147.70630868067954	64.84964077846091	
1 FIRST AVENUE	99701	-147.7061037825657	64.84395520674258	
125 CLAY STREET	99701	-147.7061014845004	64.84390005917913	
410 NOYES STREET	99701	-147.70688789508264	64.84934882331198	
250 CUSHMAN STREET	99701	-147.72175182883788	64.84313718580513	
250 CUSHMAN STREET	99701	-147.7214270327087	64.84310854110473	
250 CUSHMAN STREET	99701	-147.72139760888288	64.8430095915043	
250 CUSHMAN STREET	99701	-147.7213099255467	64.84292578605854	
250 CUSHMAN STREET	99701	-147.72175612758733	64.84315209381218	
250 CUSHMAN STREET	99701	-147.72143309484414	64.8431248518013	
250 CUSHMAN STREET	99701	-147.7214070618286	64.84302657538993	
250 CUSHMAN STREET	99701	-147.72138064648027	64.84297987411428	
250 CUSHMAN STREET	99701	-147.72130132879388	64.84289597270597	
250 CUSHMAN STREET	99701	-147.72130558169835	64.84291016791096	
250 CUSHMAN STREET	99701	-147.72128472237173	64.84284559741705	
250 CUSHMAN STREET	99701	-147.7213176169039	64.84294136634811	
250 CUSHMAN STREET	99701	-147.72187223527268	64.84295275098965	
250 CUSHMAN STREET	99701	-147.72174447432513	64.84310867530701	
250 CUSHMAN STREET	99701	-147.72141666992	64.84307732241483	
250 CUSHMAN STREET	99701	-147.72182698440324	64.84282080035628	
250 CUSHMAN STREET	99701	-147.7219101913571	64.84304917363683	
250 CUSHMAN STREET	99701	-147.7218800157684	64.84296975331928	
250 CUSHMAN STREET	99701	-147.7217524963623	64.84312150873838	
250 CUSHMAN STREET	99701	-147.72142440477842	64.84309361464229	
250 CUSHMAN STREET	99701	-147.72139024817216	64.84299407289224	
250 CUSHMAN STREET	99701	-147.72183643965798	64.84283778419012	
250 CUSHMAN STREET	99701	-147.72192131942344	64.84306613809271	
250 CUSHMAN STREET	99701	-147.7218894213257	64.84298602438191	
250 CUSHMAN STREET	99701	-147.72184477081368	64.84285538760808	
250 CUSHMAN STREET	99701	-147.721853944237	64.84287604192025	
69 COLLEGE ROAD	99701	-147.7131785896078	64.85272948460013	
101 DUNKEL STREET	99701	-147.71288801909012	64.8459444780563	
529 FOURTH AVENUE	99701	-147.71890256226635	64.8422881724527	
531 FOURTH AVENUE	99701	-147.71896718119436	64.84228070916649	
1101 WELL STREET	99701	-147.72694742216362	64.84890797166264	
407 FIRST AVENUE	99701	-147.71639283512	64.84398988066356	
206 DRIVEWAY STREET	99701	-147.72402863965615	64.84586314287213	
1008 PIONEER ROAD	99701	-147.7279978199757	64.84686617858203	
1000 PIONEER ROAD	99701	-147.72742669997032	64.84679897473421	
1101 MINNIE STREET	99701	-147.7266316354146	64.85047318447403	
59 COLLEGE ROAD	99701	-147.71258682227673	64.852376268539	
222 ELLINGSON STREET	99701	-147.71192956593745	64.85121676094754	
220 ELLINGSON STREET	99701	-147.71187699870333	64.85121695600095	
527 FOURTH AVENUE	99701	-147.7186921029439	64.8423038117558	
89 COLLEGE ROAD	99701	-147.71415238657005	64.85331980254473	
87 COLLEGE ROAD	99701	-147.7136822128112	64.85300139544803	
344 MINNIE STREET	99701	-147.7171897363039	64.8494590339203	
346 MINNIE STREET	99701	-147.71757019615205	64.84951594538497	
508 MONROE STREET	99701	-147.71717351893363	64.85053698867355	
816 BETTY STREET	99701	-147.71425487369436	64.85212767174355	
326 DRIVEWAY STREET	99701	-147.72458540792823	64.8468770637227	
113 COWLES STREET	99701	-147.72803664783348	64.84428237640472	
127 MINNIE STREET	99701	-147.70813370855902	64.84880536110984	
302 CUSHMAN STREET	99701	-147.7211144579137	64.84246925497278	
327 SLATER STREET	99701	-147.7162621555537	64.8478557094108	
409 DRIVEWAY STREET	99701	-147.72371247141703	64.85055388461194	
407 DRIVEWAY STREET	99701	-147.72380119056916	64.85046367035213	
403 DRIVEWAY STREET	99701	-147.72443645044967	64.8497591064506	
401 DRIVEWAY STREET	99701	-147.72496888875108	64.85009257727273	
341 ANTOINETTE AVENUE	99701	-147.72536981097122	64.854851174279	
332 ANTOINETTE AVENUE	99701	-147.7264463811959	64.85531502475168	
315 BARNETTE STREET	99701	-147.7231228015093	64.84249794465578	
724 SIXTH AVENUE	99701	-147.726832363746	64.84153472478064	
712 SIXTH AVENUE	99701	-147.7261367327574	64.84147108072132	
708 SIXTH AVENUE	99701	-147.72590772160973	64.84142549038705	
805 SIXTH AVENUE	99701	-147.72816517152145	64.84141666195757	
501 BARNETTE STREET	99701	-147.72491065453644	64.84123551537506	
300 BARNETTE STREET	99701	-147.72481780688452	64.84265497742715	
218 SIXTH AVENUE	99701	-147.7119059150581	64.84187043192883	
324 SIXTH AVENUE	99701	-147.71393620943334	64.84171996784274	
340 SIXTH AVENUE	99701	-147.7142613630881	64.84167738815869	
139 MINNIE STREET	99701	-147.7102387480381	64.84891151475225	
575 FIRST AVENUE	99701	-147.72052993117916	64.8437179944867	
515 FIRST AVENUE	99701	-147.71862998357815	64.84396845049856	
211 SECOND STREET	99701	-147.70609690636192	64.84682215551173	
254 ELLINGSON STREET	99701	-147.71379366238318	64.8512335547271	
123 LACEY STREET	99701	-147.71732497579342	64.84382516983607	
410 SIXTH AVENUE	99701	-147.71594307352612	64.84161029192146	
538 FOURTH AVENUE	99701	-147.71942811590205	64.8424240292244	
314 SLOUGH STREET	99701	-147.71795757871934	64.84709453099833	
321 CHURCH STREET	99701	-147.71813539025842	64.84741935257397	
409 SLATER STREET	99701	-147.71926533318143	64.84800005476862	
308 SIXTH AVENUE	99701	-147.7129382379736	64.84175776590818	
123 FOURTH AVENUE	99701	-147.70882262020606	64.84209235678092	
305 NOBLE STREET	99701	-147.71498474649516	64.84291113237943	
119 THIRD AVENUE	99701	-147.7072059547951	64.84232053908535	
113 SECOND AVENUE	99701	-147.7068545721336	64.84289222004114	
115 SECOND AVENUE	99701	-147.70707966786293	64.84292143908237	
506 THIRD AVENUE	99701	-147.71761517946223	64.84315920386815	
507 SECOND AVENUE	99701	-147.7177728096865	64.84346782868786	
304 NOYES STREET	99701	-147.71327201842757	64.8515212846578	
427 FIRST AVENUE	99701	-147.71727648575177	64.84408499002109	
212 MINNIE STREET	99701	-147.71132834300903	64.84939272444582	
311 CHARLES STREET	99701	-147.71481838972036	64.8496453276008	
103 CHARLES STREET	99701	-147.70690714380544	64.84969494270324	
202 SLATER STREET	99701	-147.712767988707	64.8481163106596	
129 MINNIE STREET	99701	-147.70933117015457	64.84896160437269	
307 CHURCH STREET	99701	-147.71769232486065	64.84768913118606	
360 WENDELL AVENUE	99701	-147.7169596782454	64.84529814025188	
108 FOURTH AVENUE	99701	-147.7075401661231	64.84217003201933	
153 THIRD AVENUE	99701	-147.70911638188767	64.84268816222092	
320 NOYES STREET	99701	-147.71143740527467	64.85123128715598	
513 NOYES STREET	99701	-147.707102016604	64.85029994183552	
211 MINNIE STREET	99701	-147.71124658933215	64.84900904267239	
202 SECOND AVENUE	99701	-147.7104284483691	64.84366136259538	
315 ILLINOIS STREET	99701	-147.71977342898663	64.84882073558772	
413 NOBLE STREET	99701	-147.7149109635828	64.84222838713663	
237 INA STREET	99701	-147.71312127955477	64.85029285687153	
236 INA STREET	99701	-147.7129663781469	64.85063015018237	
200 WELL STREET	99701	-147.71160314382047	64.848580691588	
252 MINNIE STREET	99701	-147.71349673393658	64.8495804921008	
215 BETTY STREET	99701	-147.7141570427609	64.84835463319621	
418 SIXTH AVENUE	99701	-147.7162388306796	64.8415723236185	
220 SIXTH AVENUE	99701	-147.7120232800879	64.8418088161469	
219 FOURTH AVENUE	99701	-147.71168507378178	64.84253667110697	
405 NOBLE STREET	99701	-147.7148310714918	64.84245361392607	
101 COLLEGE ROAD	99701	-147.7158090200757	64.85473807533478	
516 SECOND AVENUE	99701	-147.7185756994742	64.84361244594513	
121 LACEY STREET	99701	-147.71740618599299	64.8439155603248	
320 SECOND AVENUE	99701	-147.714273743107	64.84382842929034	
129 FIRST AVENUE	99701	-147.7084968150506	64.84407517630144	
302 CHARLES STREET	99701	-147.71450697068906	64.85013340014055	
220 CHARLES STREET	99701	-147.71174785978448	64.84998338492768	
311 NOYES STREET	99701	-147.71229740586224	64.85166651777142	
146 THIRD AVENUE	99701	-147.70855140378595	64.84274934788485	
168 THIRD AVENUE	99701	-147.70974875645237	64.84297151561834	
509 MONROE STREET	99701	-147.71641427824247	64.85025129504824	
319 MINNIE STREET	99701	-147.7158007117945	64.84913333318929	
205 THIRD STREET	99701	-147.70486424518575	64.84786006830613	
218 WELL STREET	99701	-147.71489420367018	64.84840598099707	
307 THIRD AVENUE	99701	-147.7132451841198	64.84311758959608	
116 THIRD AVENUE	99701	-147.70688555969159	64.84243696405241	
111 CLAY STREET	99701	-147.70657024344277	64.84449399296139	
132 CHARLES STREET	99701	-147.70880175680873	64.85002023255998	
317 WENDELL AVENUE	99701	-147.71444001024884	64.84490170513946	
315 WENDELL AVENUE	99701	-147.71384808234652	64.84494918511167	
314 WENDELL AVENUE	99701	-147.71448460089897	64.84512043639225	
308 WENDELL AVENUE	99701	-147.7140566693122	64.84510497300151	
116 FORTY MILE AVENUE	99701	-147.70489605216883	64.84645633976125	
119 FORTY MILE AVENUE	99701	-147.70445618697624	64.84627421206072	
314 FRONT STREET	99701	-147.7044300114844	64.84587973212373	
302 WENDELL AVENUE	99701	-147.71359068031074	64.84516522382326	
333 WELL STREET	99701	-147.71613000664019	64.84840561870864	
330 WELL STREET	99701	-147.71641956179317	64.84871629444405	
322 WELL STREET	99701	-147.71590580479392	64.84870361206546	
319 WELL STREET	99701	-147.7155705660788	64.84846594424718	
238 WELL STREET	99701	-147.7140360816434	64.84870771292933	
229 WELL STREET	99701	-147.71337174662474	64.84839867938331	
305 SLOUGH STREET	99701	-147.71802146210436	64.84667595362909	
302 SLOUGH STREET	99701	-147.71720651236024	64.84716357850452	
366 SLATER STREET	99701	-147.71859143121407	64.84829130558543	
312 SLATER STREET	99701	-147.71525960892558	64.84802054776624	
311 SLATER STREET	99701	-147.71513597803357	64.84776305852357	
306 SLATER STREET	99701	-147.71494813136042	64.84803374213813	
302 SLATER STREET	99701	-147.71461387705912	64.84804148098311	
212 SLATER STREET	99701	-147.71353328020209	64.84801693824002	
209 SLATER STREET	99701	-147.71291490490376	64.8477594749441	
213 SECOND AVENUE	99701	-147.71098421798374	64.84344300525932	
209 SECOND AVENUE	99701	-147.71073452771	64.84339079230287	
203 SECOND AVENUE	99701	-147.71042583943458	64.84328635286997	
163 SECOND AVENUE	99701	-147.70984807046764	64.84328150414042	
126 SECOND AVENUE	99701	-147.70851634446942	64.84334732475067	
519 SIXTH AVENUE	99701	-147.71761345824882	64.84121062580851	
124 SECOND AVENUE	99701	-147.70772299914935	64.84322257864518	
110 SECOND AVENUE	99701	-147.70685447815003	64.84309575907987	
107 SECOND AVENUE	99701	-147.70641211256248	64.84285840069829	
715 BETTY STREET	99701	-147.71402408944212	64.85153463622979	
615 BETTY STREET	99701	-147.71406572717206	64.85097255398787	
605 BETTY STREET	99701	-147.71406045506268	64.85065495445875	
352 DRIVEWAY STREET	99701	-147.72532521687148	64.84768148858352	
350 DRIVEWAY STREET	99701	-147.7250737300726	64.84769768526652	
805 FOURTH AVENUE	99701	-147.72760053271355	64.84265530432016	
909 FIRST AVENUE	99701	-147.72845805901702	64.84481525701494	
729 FIRST AVENUE	99701	-147.7256553215068	64.84401709901408	
408 CUSHMAN STREET	99701	-147.720844309928	64.84192131549226	
406 CUSHMAN STREET	99701	-147.72083339403386	64.84200123224421	
206 BARNETTE STREET	99701	-147.72451420162452	64.84302946887348	
223 ILLINOIS STREET	99701	-147.72036268062604	64.84707651490274	
200 OLD STEESE HIGHWAY	99701	-147.7067335404674	64.84779508898211	
160 OLD STEESE HIGHWAY	99701	-147.70734732468856	64.84755973380061	
157 OLD STEESE HIGHWAY	99701	-147.70691976620395	64.84712520609737	
637 NOYES STREET	99701	-147.70961773802236	64.85124599868612	
636 NOYES STREET	99701	-147.70978858194306	64.85100442585426	
631 NOYES STREET	99701	-147.7092663273174	64.85114840096597	
628 NOYES STREET	99701	-147.70938360550457	64.8508971255137	
605 NOYES STREET	99701	-147.7077966619953	64.85080259282067	
601 NOYES STREET	99701	-147.70773959624913	64.85068819764479	
521 NOYES STREET	99701	-147.70756510788732	64.8505425847906	
519 NOYES STREET	99701	-147.70742674511487	64.85041719717334	
516 NOYES STREET	99701	-147.70756907675982	64.85028931705801	
308 NOYES STREET	99701	-147.71258064883807	64.85150897909104	
307 NOYES STREET	99701	-147.71282621664986	64.85173222355367	
600 NOBLE STREET	99701	-147.71516063702524	64.84145213182791	
306 NOYES STREET	99701	-147.71306158482258	64.85151059944644	
316 MINNIE STREET	99701	-147.71548742629508	64.84934513301441	
313 MINNIE STREET	99701	-147.71528678935184	64.84913700712433	
312 MINNIE STREET	99701	-147.71521123999295	64.84949372747275	
245 MINNIE STREET	99701	-147.71339046586988	64.84912422162735	
240 MINNIE STREET	99701	-147.71307073046418	64.84934278604345	
239 MINNIE STREET	99701	-147.71307903125847	64.84912471399116	
234 MINNIE STREET	99701	-147.71272601841085	64.849314075726	
215 MINNIE STREET	99701	-147.711604358108	64.84908703477869	
206 MINNIE STREET	99701	-147.71098458978742	64.84928629697659	
201 MINNIE STREET	99701	-147.71098785931346	64.8490866756048	
140 MINNIE STREET	99701	-147.71009389866234	64.8493207025616	
603 LACEY STREET	99701	-147.71620885009403	64.84140912132415	
317 MINNIE STREET	99701	-147.71564687564572	64.84906165452146	
301 ERCEG STREET	99701	-147.71828875158388	64.84893415567026	
237 ELLINGSON STREET	99701	-147.7130227678704	64.85091149198335	
221 ELLINGSON STREET	99701	-147.7119340542316	64.85107233539475	
215 ELLINGSON STREET	99701	-147.71159210258895	64.85102534242866	
211 ELLINGSON STREET	99701	-147.71120515584428	64.85103023503132	
413 DUNKEL STREET	99701	-147.7120686431182	64.84233158590622	
102 DUNKEL STREET	99701	-147.71402650278318	64.84596768989786	
323 CHARLES STREET	99701	-147.7159355824871	64.84978468126971	
313 CHARLES STREET	99701	-147.71509065256123	64.84978235179699	
101 NOBLE STREET	99701	-147.71535735467546	64.8445825672619	
545 SECOND AVENUE	99701	-147.72027946297405	64.84325898438298	
552 THIRD AVENUE	99701	-147.7203588386489	64.84287260835667	
1000 CHARLES STREET	99701	-147.72414950339783	64.85126129079882	
544 FOURTH AVENUE	99701	-147.7197458280037	64.84237646111276	
545 THIRD AVENUE	99701	-147.71997999185885	64.84271839145627	
311 SECOND STREET	99701	-147.70370620009055	64.84639448190102	
34 COLLEGE ROAD	99701	-147.70379320707605	64.85212361320593	
19 COLLEGE ROAD	99701	-147.70394721074211	64.85007787994937	
208 SEVENTH AVENUE	99701	-147.71140417447776	64.84138216056397	
202 SEVENTH AVENUE	99701	-147.71103791765725	64.84132529258584	
311 WELL STREET	99701	-147.71526875587006	64.84848940212646	
108 FIFTH AVENUE	99701	-147.70813697549397	64.84166144682	
319 FIFTH AVENUE	99701	-147.71358243143055	64.84201167245206	
123 NORTH TURNER STREET	99701	-147.72419835572768	64.84539661207081	
121 NORTH TURNER STREET	99701	-147.72411360733045	64.84509719253818	
122 NORTH TURNER STREET	99701	-147.72348924185496	64.84532826490205	
412 FIFTH AVENUE	99701	-147.7159333398764	64.8421462886958	
127 FIFTH AVENUE	99701	-147.71042603011327	64.84168127924568	
811 FIFTH AVENUE	99701	-147.72796129197567	64.84214165417761	
801 FIFTH AVENUE	99701	-147.7275882037024	64.84208185877061	
340 OLD STEESE HIGHWAY	99701	-147.70447506472408	64.84905908758485	
354 OLD STEESE HIGHWAY	99701	-147.70386537350822	64.84892774603063	
324 OLD STEESE HIGHWAY	99701	-147.704856713241	64.84901428561624	
332 OLD STEESE HIGHWAY	99701	-147.7046684791796	64.84907423385758	
338 OLD STEESE HIGHWAY	99701	-147.7045332649775	64.84907696012567	
346 OLD STEESE HIGHWAY	99701	-147.70419472797624	64.84899867516344	
308 OLD STEESE HIGHWAY	99701	-147.7054513406995	64.84880361374361	
314 OLD STEESE HIGHWAY	99701	-147.70525555099016	64.8488700721531	
316 OLD STEESE HIGHWAY	99701	-147.70521904090447	64.8488808454559	
322 OLD STEESE HIGHWAY	99701	-147.70494437533836	64.8489855599523	
122 FIRST AVENUE	99701	-147.70875925437244	64.84439598928388	
122 FIRST AVENUE	99701	-147.70870912088344	64.84450873576333	
122 FIRST AVENUE	99701	-147.70875033068964	64.84441304780866	
122 FIRST AVENUE	99701	-147.70873944773913	64.84443444927025	
122 FIRST AVENUE	99701	-147.7087298432864	64.84445995187876	
122 FIRST AVENUE	99701	-147.70876907876442	64.84437498402326	
141 DUNKEL STREET	99701	-147.7124644330844	64.8449103577785	
141 DUNKEL STREET	99701	-147.7126009175987	64.84481097458375	
141 DUNKEL STREET	99701	-147.71258729646377	64.84477219648731	
141 DUNKEL STREET	99701	-147.7125650532985	64.84470313024806	
141 DUNKEL STREET	99701	-147.71254739094587	64.84463590990013	
141 DUNKEL STREET	99701	-147.71252966836212	64.84456774091669	
141 DUNKEL STREET	99701	-147.71236967519056	64.84457813021285	
141 DUNKEL STREET	99701	-147.71239613436924	64.84464334971578	
141 DUNKEL STREET	99701	-147.71241385666772	64.8447115187152	
141 DUNKEL STREET	99701	-147.71243240639203	64.84478099450018	
141 DUNKEL STREET	99701	-147.71248691263705	64.84496891858903	
141 DUNKEL STREET	99701	-147.71264407855261	64.84496336761052	
141 DUNKEL STREET	99701	-147.71262912970286	64.84490371332708	
141 DUNKEL STREET	99701	-147.71261315667275	64.84486306277027	
141 DUNKEL STREET	99701	-147.71244881887074	64.84484026585095	
122 FIRST AVENUE	99701	-147.70842455907962	64.8444663088001	
122 FIRST AVENUE	99701	-147.70899354416926	64.84450155385701	
300 OLD STEESE HIGHWAY	99701	-147.70566478212803	64.84872975191107	
29 COLLEGE ROAD	99701	-147.70458255769262	64.85073695793709	
29 COLLEGE ROAD	99701	-147.7043332565943	64.85067690233504	
29 COLLEGE ROAD	99701	-147.70464068262146	64.8502009401357	
29 COLLEGE ROAD	99701	-147.70543873136643	64.85052107300908	
29 COLLEGE ROAD	99701	-147.70538070779287	64.85057396740334	
29 COLLEGE ROAD	99701	-147.70531959561526	64.85062214967073	
29 COLLEGE ROAD	99701	-147.70525402682273	64.8506706898837	
29 COLLEGE ROAD	99701	-147.70523530293337	64.85011933992729	
29 COLLEGE ROAD	99701	-147.70530762437784	64.85016005747364	
29 COLLEGE ROAD	99701	-147.70539990962152	64.85020766687816	
29 COLLEGE ROAD	99701	-147.70548119824238	64.85025777654974	
29 COLLEGE ROAD	99701	-147.70557928324186	64.85030888154483	
29 COLLEGE ROAD	99701	-147.70572204433765	64.85040458132748	
620 FIFTH AVENUE	99701	-147.72142651083607	64.84177955179999	
517 FULTON STREET	99701	-147.7122511188559	64.85033192251093	
200 NORTH CUSHMAN STREET	99701	-147.72279072606398	64.84616299881448	
402 FIFTH AVENUE	99701	-147.71540062507	64.84220489492263	
315 FIFTH AVENUE	99701	-147.71330678009613	64.84205819978763	
118 FIFTH AVENUE	99701	-147.709927500331	64.8419659247046	
124 FIFTH AVENUE	99701	-147.7102051397895	64.84204084620589	
455 THIRD AVENUE	99701	-147.71637790779764	64.84303767347741	
309 ERCEG STREET	99701	-147.71807265458128	64.8492628617311	
149 HALL STREET	99701	-147.7100920895113	64.84473188536784	
221 WELL STREET	99701	-147.71303293166824	64.84843636200806	
536 FOURTH AVENUE	99701	-147.7192973921605	64.84241017043068	
535 THIRD AVENUE	99701	-147.71939723771214	64.84278465069747	
510 SECOND AVENUE	99701	-147.71803093727328	64.84366255257918	
225 WENDELL AVENUE	99701	-147.7119256772193	64.844841928256	
200 FIRST AVENUE	99701	-147.71099123821404	64.84449234083662	
516 FIRST AVENUE	99701	-147.7193754308157	64.84427556313618	
302 WELL STREET	99701	-147.7146195437098	64.84868547161368	
303 MINNIE STREET	99701	-147.71452143477424	64.84905908554704	
308 HALL STREET	99701	-147.71077181986087	64.84274891964608	
150 CHARLES STREET	99701	-147.71001359831845	64.84998444573644	
308 FIFTH AVENUE	99701	-147.71307290245966	64.8423001567633	
221 FIFTH AVENUE	99701	-147.71202064717662	64.84203501343244	
211 FIFTH AVENUE	99701	-147.71164912211273	64.84200341855097	
102 FIFTH AVENUE	99701	-147.70878712650784	64.8418206857719	
239 INA STREET	99701	-147.7134030969512	64.85038073477338	
224 INA STREET	99701	-147.71216220541737	64.85062604137921	
208 INA STREET	99701	-147.71091594519697	64.85059941365287	
130 INA STREET	99701	-147.70966671786005	64.85064722760384	
222 FRONT STREET	99701	-147.70605927968356	64.84639361699502	
212 FRONT STREET	99701	-147.70667201339714	64.84652479222687	
204 FRONT STREET	99701	-147.70712609382528	64.8466967994705	
120 FRONT STREET	99701	-147.70976743456754	64.84749448328644	
112 FRONT STREET	99701	-147.70995705458182	64.84778889017537	
110 FRONT STREET	99701	-147.71005341287494	64.84780421225858	
103 INA STREET	99701	-147.70805183665811	64.85035927402582	
409 ILLINOIS STREET	99701	-147.71935584185522	64.84774870662517	
400 CHURCH STREET	99701	-147.71988234773204	64.84718615750833	
475 HALL STREET	99701	-147.7104377586615	64.84225863125407	
400 HALL STREET	99701	-147.7110874740068	64.8422508457242	
175 HALL STREET	99701	-147.7098806925351	64.84376420256378	
216 SLATER STREET	99701	-147.7137552334998	64.84800927131249	
203 SIXTH AVENUE	99701	-147.71085790422885	64.84165486593557	
300 BARNETTE STREET	99701	-147.72495119262734	64.84267300611137	
815 PIONEER ROAD	99701	-147.7256613881825	64.84607095217521	
803 PIONEER ROAD	99701	-147.7250911909867	64.8460435639677	
801 PIONEER ROAD	99701	-147.72471206632716	64.8459783871246	
109 CLAY STREET	99701	-147.70730278200344	64.84494025478439	
320 BRANDT STREET	99701	-147.7262674909893	64.84685201092806	
346 BRANDT STREET	99701	-147.72678245989573	64.84752121812983	
101 LACEY STREET	99701	-147.71725137524632	64.84451597657049	
301 CUSHMAN STREET	99701	-147.7207253317679	64.8426412413443	
550 FIRST AVENUE	99701	-147.72023660505423	64.844069553898	
551 SECOND AVENUE	99701	-147.7206095689809	64.8432314762231	
312 WELL STREET	99701	-147.71519901368956	64.84869885589063	
129 THIRD AVENUE	99701	-147.70759277663248	64.84241440596051	
220 WELL STREET	99701	-147.71276022396725	64.84875782302615	
330 WENDELL AVENUE	99701	-147.71521147980658	64.84520068174093	
325 WENDELL AVENUE	99701	-147.71510140241148	64.8447652784905	
321 WENDELL AVENUE	99701	-147.71482715107595	64.84472618582714	
177 THIRD AVENUE	99701	-147.71030549510593	64.84287130937206	
147 THIRD AVENUE	99701	-147.7087372151529	64.84259315425156	
145 SECOND AVENUE	99701	-147.7088585530532	64.8430395779673	
141 THIRD AVENUE	99701	-147.70824119153136	64.84251648615293	
309 HALL STREET	99701	-147.71025746634308	64.8426621440575	
226 THIRD AVENUE	99701	-147.71226198875806	64.84330792219767	
209 THIRD AVENUE	99701	-147.7111584378326	64.84297575912964	
208 SLATER STREET	99701	-147.71320396399057	64.84802454163919	
322 SIXTH AVENUE	99701	-147.71373551465186	64.84173789409776	
205 SIXTH AVENUE	99701	-147.71104400905253	64.84159876064018	
152 THIRD AVENUE	99701	-147.70891576080368	64.84283639447752	
132 THIRD AVENUE	99701	-147.70771969230714	64.84260537792082	
169 THIRD AVENUE	99701	-147.7099430324724	64.84279927296869	
165 THIRD AVENUE	99701	-147.70954669347083	64.84273331400068	
158 THIRD AVENUE	99701	-147.70915013780032	64.84288141346534	
359 SLATER STREET	99701	-147.718225528466	64.84794708451828	
340 SLATER STREET	99701	-147.7174688599462	64.84815872276744	
512 BETTY STREET	99701	-147.7145080373427	64.85035815320617	
511 BETTY STREET	99701	-147.71399176549795	64.85028268749736	
222 SECOND STREET	99701	-147.70546696027955	64.8469140216885	
217 SECOND STREET	99701	-147.70592353517628	64.84712539199114	
101 SECOND STREET	99701	-147.70834271349173	64.84783835832543	
504 SECOND AVENUE	99701	-147.7178774831717	64.84367040477383	
330 THIRD AVENUE	99701	-147.7146050506975	64.84349065821426	
235 SECOND AVENUE	99701	-147.71218562670137	64.84360903669582	
159 SECOND AVENUE	99701	-147.709612696341	64.84326621931876	
203 DUNKEL STREET	99701	-147.71253607605982	64.84359724180702	
116 CHARLES STREET	99701	-147.7078259192981	64.84994485195807	
419 FOURTH AVENUE	99701	-147.7164911496446	64.8424802093016	
411 FOURTH AVENUE	99701	-147.71590985852905	64.84251166632278	
409 FOURTH AVENUE	99701	-147.71575061451176	64.84251778772912	
142 FOURTH AVENUE	99701	-147.70969808189642	64.84246607220913	
147 FOURTH AVENUE	99701	-147.71021927914109	64.84229942181226	
114 FOURTH AVENUE	99701	-147.70829618154562	64.84217743296583	
224 CHARLES STREET	99701	-147.71221677135765	64.8499841376305	
214 CHARLES STREET	99701	-147.7113193190807	64.84998377680121	
208 CHARLES STREET	99701	-147.71082971756113	64.85003102619623	
207 CHARLES STREET	99701	-147.71093561180723	64.84972060211864	
124 CHARLES STREET	99701	-147.70851592864094	64.85009552183189	
310 FIRST AVENUE	99701	-147.71388098729543	64.84446380072019	
304 FIRST AVENUE	99701	-147.7135848764279	64.84448552362936	
117 FIRST AVENUE	99701	-147.7078632357252	64.84397260346967	
102 FIRST AVENUE	99701	-147.7071163507039	64.84429577085776	
324 BRANDT STREET	99701	-147.72631962676041	64.84696506881268	
341 BRANDT STREET	99701	-147.72588394213764	64.84745650517883	
334 BRANDT STREET	99701	-147.72640761313616	64.84714040132664	
1103 WELL STREET	99701	-147.72689253635158	64.84977450426554	
316 BRANDT STREET	99701	-147.72619316959634	64.84671546024362	
348 WELL STREET	99701	-147.717444505324	64.84884193553201	
309 SECOND AVENUE	99701	-147.7134968430227	64.84360021239607	
300 SECOND AVENUE	99701	-147.71317355078617	64.84392999688426	
410 DUNKEL STREET	99701	-147.7127408702386	64.84239984265146	
409 DUNKEL STREET	99701	-147.7121315341286	64.84245586694288	
213 DUNKEL STREET	99701	-147.71253495347565	64.8433636412065	
343 WELL STREET	99701	-147.71683891187652	64.84833596637868	
980 CHARLES STREET	99701	-147.72189366444258	64.85190599946746	
990 CHARLES STREET	99701	-147.72373745809085	64.85232227780112	
348 MINNIE STREET	99701	-147.71807008055407	64.84956889380773	
502 MONROE STREET	99701	-147.7172171267438	64.84988824560513	
504 MONROE STREET	99701	-147.71719577896934	64.85025481346942	
718 BETTY STREET	99701	-147.71450624040804	64.85160579183433	
530 THIRD AVENUE	99701	-147.71905301156684	64.8429935678509	
211 CUSHMAN STREET	99701	-147.72083879909889	64.84294651061252	
1376 CHARLES STREET	99701	-147.72685014444178	64.85318554309197	
535 SECOND AVENUE	99701	-147.71980400432477	64.84329625503864	
100 CUSHMAN STREET	99701	-147.7220398037353	64.84336888092216	
100 CUSHMAN STREET	99701	-147.72202722145025	64.84332914220533	
110 CUSHMAN STREET	99701	-147.7215016370127	64.84337938590322	
315 BARNETTE STREET	99701	-147.72416193502315	64.842628343308	
528 FIFTH AVENUE	99701	-147.71856270305202	64.84193571236158	
514 SECOND AVENUE	99701	-147.71840520923337	64.84362866091153	
500 SECOND AVENUE	99701	-147.7176734496476	64.84368985533148	
201 LACEY STREET	99701	-147.7170868508857	64.84349616007054	
500 FOURTH AVENUE	99701	-147.71793236583358	64.84271861631032	
405 DUNKEL STREET	99701	-147.71219565464776	64.84255199045343	
275 BENTLEY TRUST ROAD	99701	-147.71108669570955	64.85384452190321	
401 FIFTH AVENUE	99701	-147.71524548358838	64.8419508919299	
201 FIRST AVENUE	99701	-147.7107104048173	64.84409268166534	
125 THIRD AVENUE	99701	-147.70747617247304	64.84235290925663	
108 FIFTH AVENUE	99701	-147.70924199304125	64.84187197525941	
281 BENTLEY TRUST ROAD	99701	-147.7120363495134	64.85421018142324	
414 SECOND AVENUE	99701	-147.7166238150285	64.84373593986528	
301 FRONT STREET	99701	-147.70561499166405	64.84588477011684	
232 SECOND STREET	99701	-147.70426918126432	64.8470221684069	
101 FRONT STREET	99701	-147.71129372622855	64.84762309361456	
611 NOYES STREET	99701	-147.70813204341658	64.85094325739473	
417 CLARA STREET	99701	-147.71010586052176	64.84971738328899	
207 BETTY STREET	99701	-147.71417236725017	64.8481608152748	
215 INA STREET	99701	-147.71119835660068	64.85034021679076	
248 ELLINGSON STREET	99701	-147.7137065117497	64.85123271509862	
703 BETTY STREET	99701	-147.71383988281337	64.85133891959778	
705 BETTY STREET	99701	-147.7138130486354	64.85137925221261	
510 MONROE STREET	99701	-147.71703577473724	64.85077648990168	
315 ILLINOIS STREET	99701	-147.71938564906168	64.84882901795517	
302 SLOUGH STREET	99701	-147.71749592874104	64.8469699897878	
302 SLOUGH STREET	99701	-147.71729780491333	64.84710545053638	
302 SLOUGH STREET	99701	-147.71711009051737	64.84722889996415	
305 SLOUGH STREET	99701	-147.71789014950232	64.84663228699696	
757 ILLINOIS STREET	99701	-147.7161182752596	64.85296989518012	
246 ILLINOIS STREET	99701	-147.7219085310873	64.84782826855881	
246 ILLINOIS STREET	99701	-147.7218447678792	64.84771542917184	
246 ILLINOIS STREET	99701	-147.72222646267417	64.84763593199713	
305 BRANDT STREET	99701	-147.7255547258657	64.84652421528297	
805 PEDRO PLACE	99701	-147.726044717901	64.85439865118104	
344 GLORIA AVENUE	99701	-147.72789473299946	64.85478877115273	
105 DUNKEL STREET	99701	-147.71314929663956	64.84589362657852	
770 CLAY STREET	99701	-147.7059337471846	64.84134413113475	
306 OLD STEESE HIGHWAY	99701	-147.7054889511598	64.8487913400678	
356 OLD STEESE HIGHWAY	99701	-147.70380091247193	64.84891365702244	
334 OLD STEESE HIGHWAY	99701	-147.7046060181344	64.84908332238881	
330 OLD STEESE HIGHWAY	99701	-147.7047289364191	64.84905591101185	
147 FOURTH AVENUE	99701	-147.7100828821318	64.84228141734297	
717 SECOND AVENUE	99701	-147.7251129336877	64.84340070608454	
303 FIFTH AVENUE	99701	-147.7123800707354	64.84205988164415	
44 COLLEGE ROAD	99701	-147.7063886248187	64.8518711502129	
36 COLLEGE ROAD	99701	-147.70481522204818	64.85149377809421	
36 COLLEGE ROAD	99701	-147.70468458604432	64.85146575231072	
36 COLLEGE ROAD	99701	-147.7044966657051	64.85142010804206	
36 COLLEGE ROAD	99701	-147.704292503998	64.85137886599396	
36 COLLEGE ROAD	99701	-147.70423461892992	64.85124737949644	
33 COLLEGE ROAD	99701	-147.7063085975853	64.85099829406468	
600 DRIVEWAY STREET	99701	-147.7254093976692	64.8513943974907	
286 BENTLEY TRUST ROAD	99701	-147.71279516029884	64.85488763448097	
62 COLLEGE ROAD	99701	-147.7128496944536	64.85487610894499	
907 TERMINAL STREET	99701	-147.72530822316608	64.84525789867769	
611 NOBLE STREET	99701	-147.71427835880118	64.84135285390965	
58 COLLEGE ROAD	99701	-147.71118051942148	64.8531633581047	
125 STEESE HIGHWAY	99701	-147.70501260445778	64.84315412321962	
159 STEESE HIGHWAY	99701	-147.70395631145226	64.84472899515491	
272 ILLINOIS STREET	99701	-147.7226856810771	64.84882851214006	
1107 WELL STREET	99701	-147.72853392084633	64.84865446074754	
544 THIRD AVENUE	99701	-147.72008070231962	64.84290197602841	
286 NORTH CUSHMAN STREET	99701	-147.72354609913793	64.84724693624648	
210 LACEY STREET	99701	-147.71740819324305	64.84316472463443	
212 LACEY STREET	99701	-147.7173910342091	64.84313869963914	
346 THIRD AVENUE	99701	-147.71516817691668	64.84327630155461	
302 CUSHMAN STREET	99701	-147.72125481885365	64.8424653581386	
251 CHARLES STREET	99701	-147.7134386376439	64.84978121468673	
52 COLLEGE ROAD	99701	-147.71008135268445	64.8539061989615	
1016 CARLAS WAY	99701	-147.72800139294912	64.84721978566871	
4 DOYON PLACE	99701	-147.72062086724816	64.84490910950599	
819 BETTY STREET	99701	-147.713751804952	64.85199179021235	
241 ELLINGSON STREET	99701	-147.7134505099601	64.85088622104256	
241 ELLINGSON STREET	99701	-147.71332501692643	64.85088695444195	
274 BENTLEY TRUST ROAD	99701	-147.71044088829814	64.85511893124963	
310 HELMERICKS AVENUE	99701	-147.70784802940614	64.85506326051652	
310 HELMERICKS AVENUE	99701	-147.7080343082251	64.85509673277022	
310 HELMERICKS AVENUE	99701	-147.70821515917018	64.85513264044626	
812 FIFTH AVENUE	99701	-147.7279546937106	64.84240404903768	
29 COLLEGE ROAD	99701	-147.70511883498943	64.85080898668893	
29 COLLEGE ROAD	99701	-147.70524518831007	64.85072491976896	
29 COLLEGE ROAD	99701	-147.7051563592066	64.85078481615656	
29 COLLEGE ROAD	99701	-147.7052025049499	64.85075579744392	
138 THIRD AVENUE	99701	-147.70802224472683	64.842733996141	
100 CUSHMAN STREET	99701	-147.7219513216902	64.84353445303041	
100 CUSHMAN STREET	99701	-147.72187460911906	64.84354038959027	
100 CUSHMAN STREET	99701	-147.72197016712417	64.84359733294875	
1103 WELL STREET	99701	-147.7281956547692	64.84892522998415	
120 FORTY MILE AVENUE	99701	-147.70471911979797	64.84668148113599	
120 FORTY MILE AVENUE	99701	-147.70458884858334	64.84671217571135	
120 FORTY MILE AVENUE	99701	-147.70481094637125	64.84678370018469	
120 FORTY MILE AVENUE	99701	-147.70470215595546	64.84675717115245	
116 FORTY MILE AVENUE	99701	-147.70496615214836	64.84647975186061	
116 FORTY MILE AVENUE	99701	-147.7050722739718	64.84651699523502	
116 FORTY MILE AVENUE	99701	-147.70521039609855	64.84655743198564	
116 FORTY MILE AVENUE	99701	-147.7053140880512	64.84652989054898	
116 FORTY MILE AVENUE	99701	-147.70524570562685	64.84650717135528	
116 FORTY MILE AVENUE	99701	-147.7051383634771	64.84647706472474	
116 FORTY MILE AVENUE	99701	-147.7050063906428	64.84642801078635	
214 SEVENTH AVENUE	99701	-147.71204959618476	64.8413278527601	
214 SEVENTH AVENUE	99701	-147.71200783204836	64.8413289267945	
214 SEVENTH AVENUE	99701	-147.71198128189354	64.84132804541477	
212 SEVENTH AVENUE	99701	-147.71175054690713	64.84133704955164	
212 SEVENTH AVENUE	99701	-147.7116949255875	64.84133947014966	
212 SEVENTH AVENUE	99701	-147.71164205352534	64.84134126596996	
221 SIXTH AVENUE	99701	-147.71207988952148	64.84146516539168	
221 SIXTH AVENUE	99701	-147.7121487593597	64.8414605740866	
221 SIXTH AVENUE	99701	-147.71200264491685	64.8414959685829	
221 SIXTH AVENUE	99701	-147.7120795005045	64.84149413423367	
221 SIXTH AVENUE	99701	-147.71215156478561	64.84148713192546	
221 SIXTH AVENUE	99701	-147.71204534223037	64.8415885406261	
221 SIXTH AVENUE	99701	-147.7120267829633	64.84155978998066	
221 SIXTH AVENUE	99701	-147.7121225870498	64.84155773741254	
221 SIXTH AVENUE	99701	-147.7121221980788	64.8415867062542	
221 SIXTH AVENUE	99701	-147.71219145711694	64.84155314608712	
221 SIXTH AVENUE	99701	-147.7121942625958	64.84157970392475	
991 CHARLES STREET	99701	-147.72265473925154	64.84975060366155	
520 FIFTH AVENUE	99701	-147.71748860962302	64.8420259932868	
520 FIFTH AVENUE	99701	-147.71825853757764	64.84195917013845	
520 FIFTH AVENUE	99701	-147.71839457870368	64.84230801170013	
520 FIFTH AVENUE	99701	-147.71757566549866	64.84220161937746	
520 FIFTH AVENUE	99701	-147.7174211209919	64.84201727690706	
520 FIFTH AVENUE	99701	-147.71763170935753	64.84199585129645	
520 FIFTH AVENUE	99701	-147.7183737868861	64.84229685556731	
520 FIFTH AVENUE	99701	-147.71821899566058	64.8423185876195	
520 FIFTH AVENUE	99701	-147.71843987490396	64.84224861089166	
520 FIFTH AVENUE	99701	-147.7183042885486	64.84201182088576	
520 FIFTH AVENUE	99701	-147.71766894214065	64.84219484400913	
520 FIFTH AVENUE	99701	-147.71763678436355	64.84204042549958	
520 FIFTH AVENUE	99701	-147.7182037422587	64.8422893257116	
520 FIFTH AVENUE	99701	-147.71819532801052	64.84215742398416	
520 FIFTH AVENUE	99701	-147.71814883092765	64.8420231143684	
520 FIFTH AVENUE	99701	-147.7176502585402	64.84218176566087	
520 FIFTH AVENUE	99701	-147.71746745546733	64.84200914524234	
520 FIFTH AVENUE	99701	-147.71782715344628	64.84212179397215	
206 MINNIE STREET	99701	-147.71112607963354	64.84931790616493	
206 MINNIE STREET	99701	-147.71107066100166	64.84937647068917	
212 MINNIE STREET	99701	-147.71124118626156	64.84933817387424	
212 MINNIE STREET	99701	-147.71143514141923	64.84929985576123	
44 COLLEGE ROAD	99701	-147.7058886716443	64.85182235794366	
234 FRONT STREET	99701	-147.70573683141168	64.8462296078456	
153 THIRD AVENUE	99701	-147.7089923975472	64.8426640596763	
103 CLAY STREET	99701	-147.70773806879407	64.84529492758746	
330 BARNETTE STREET	99701	-147.72501736574753	64.8424395884174	
330 BARNETTE STREET	99701	-147.7251507505528	64.8424576169255	
330 BARNETTE STREET	99701	-147.7249630456662	64.8424841391444	
330 BARNETTE STREET	99701	-147.7250964306568	64.84250216770069	
719 SECOND AVENUE	99701	-147.72525217843653	64.84341926952986	
303 MINNIE STREET	99701	-147.7145588171973	64.84915551645263	
112 FOURTH AVENUE	99701	-147.70780374084472	64.84225840557312	
230 FAREWELL AVENUE	99701	-147.6822440136654	64.84503624932688	
230 FAREWELL AVENUE	99701	-147.68232556166168	64.8451459033835	
79 SLATER DRIVE	99701	-147.7004876683012	64.8442443337574	
79 SLATER DRIVE	99701	-147.70045895550018	64.84416062007543	
81 SLATER DRIVE	99701	-147.7005746838987	64.84395275309487	
81 SLATER DRIVE	99701	-147.70051851014603	64.84407020006269	
81 SLATER DRIVE	99701	-147.70049282630168	64.84398146644885	
81 SLATER DRIVE	99701	-147.70043118442007	64.84409185240098	
81 SLATER DRIVE	99701	-147.70040211254886	64.84400244597687	
83 SLATER DRIVE	99701	-147.70051991790857	64.84380096545809	
83 SLATER DRIVE	99701	-147.70046365426845	64.84391698765607	
83 SLATER DRIVE	99701	-147.70044144898353	64.84383035157549	
83 SLATER DRIVE	99701	-147.70037655372926	64.84394219959813	
169 KUTTER ROAD	99701	-147.68948589884576	64.85029826342438	
170 KUTTER ROAD	99701	-147.68715912481733	64.84972280275527	
105 ADAK AVENUE	99701	-147.69433692368384	64.84918468886283	
32 ADAK AVENUE	99701	-147.6910601261791	64.84918559124138	
414 THIRD STREET	99701	-147.69892154533161	64.84649579194529	
418 THIRD STREET	99701	-147.69740741433506	64.84676612399907	
418 THIRD STREET	99701	-147.69753457165382	64.84680367360399	
418 THIRD STREET	99701	-147.69780088692394	64.84664487513203	
418 THIRD STREET	99701	-147.69808258050935	64.84673191237229	
418 THIRD STREET	99701	-147.69828568850434	64.84679250292216	
418 THIRD STREET	99701	-147.69844955752617	64.84684261431929	
418 THIRD STREET	99701	-147.69858654912917	64.84687388818948	
300 BARANOF AVENUE	99701	-147.6811050943451	64.84884839849434	
930 OLD STEESE HIGHWAY	99701	-147.69053158324837	64.8544173477039	
1243 OLD STEESE HIGHWAY	99701	-147.68464311983016	64.85436172722885	
530 OLD STEESE HIGHWAY	99701	-147.69732498188625	64.85044529876944	
1117 SADLER WAY	99701	-147.68460041404668	64.85328222944756	
99 HAMILTON AVENUE	99701	-147.6940754558018	64.84162543110628	
605 THIRD STREET	99701	-147.69476036281173	64.84453709643459	
601 THIRD STREET	99701	-147.69481222434658	64.84473049715078	
600 THIRD STREET	99701	-147.69412853418288	64.8450384275727	
520 THIRD STREET	99701	-147.69656225181748	64.84572139983584	
720 OLD STEESE HIGHWAY	99701	-147.6945418101923	64.85132155510135	
901 OLD STEESE HIGHWAY	99701	-147.68905192497306	64.85200002758862	
903 OLD STEESE HIGHWAY	99701	-147.68858432743136	64.85240534259849	
927 OLD STEESE HIGHWAY	99701	-147.68746899585196	64.85312703418398	
700 OLD STEESE HIGHWAY	99701	-147.6958471675047	64.85087911046399	
150 PRATT AVENUE	99701	-147.69478723838873	64.8434805564646	
1024 BLAIR ROAD	99701	-147.68710442767883	64.8523729124052	
730 FRONT STREET	99701	-147.69422830405873	64.84228892810151	
510 FOURTH STREET	99701	-147.6957946670734	64.84675196182005	
520 FOURTH AVENUE	99701	-147.69560404177201	64.84672359763286	
320 FRONT STREET	99701	-147.7035393027023	64.84572292917082	
28 BARANOF AVENUE	99701	-147.6911982675539	64.84822538185514	
500 A STREET	99701	-147.69015864267982	64.84731091758736	
629 SLATER DRIVE	99701	-147.6991513123999	64.84170237281488	
597 SLATER DRIVE	99701	-147.69743421699087	64.84124560883073	
594 SLATER DRIVE	99701	-147.696945560213	64.84167881397266	
626 SECOND STREET	99701	-147.69441668439245	64.8437676974381	
621 SECOND STREET	99701	-147.69406292765956	64.8433572382523	
604 SECOND STREET	99701	-147.69575965764048	64.84423640384396	
552 SECOND STREET	99701	-147.69603165250768	64.84429618738854	
438 SECOND STREET	99701	-147.69944151320783	64.84565128025604	
108 RAMPART AVENUE	99701	-147.69657286442836	64.84408139980353	
524 FRONT STREET	99701	-147.69850631940446	64.84455660403367	
548 SECOND STREET	99701	-147.69669488939735	64.8444998268491	
550 SECOND STREET	99701	-147.69611521880196	64.84457953910966	
398 HAMILTON AVENUE	99701	-147.69414895622225	64.8466242481397	
396 HAMILTON AVENUE	99701	-147.69477613685532	64.84647376618162	
394 HAMILTON AVENUE	99701	-147.6941823264082	64.84585565156587	
29 GLACIER AVENUE	99701	-147.69173755025034	64.84333957862383	
19 GLACIER AVENUE	99701	-147.69223951405155	64.84336823125302	
150 A STREET	99701	-147.6900745865999	64.84331968164895	
719 FRONT STREET	99701	-147.69542067167615	64.84243483021467	
703 FRONT STREET	99701	-147.695774806851	64.84260472208305	
624 FRONT STREET	99701	-147.6957288633884	64.84321293348725	
618 FRONT STREET	99701	-147.6959038769178	64.8433574272919	
560 FRONT STREET	99701	-147.69699546276917	64.84392708848232	
555 FRONT STREET	99701	-147.6981587003621	64.8436208884529	
543 FRONT STREET	99701	-147.69840915242833	64.84387320364486	
538 FRONT STREET	99701	-147.698026937079	64.84423946843098	
530 FRONT STREET	99701	-147.6983122740029	64.84448176208036	
305 EAGLE AVENUE	99701	-147.69752869292137	64.8460880404244	
94 FAREWELL AVENUE	99701	-147.69040885165688	64.84486493496308	
56 FAREWELL AVENUE	99701	-147.6911992122669	64.84495085354229	
48 FAREWELL AVENUE	99701	-147.6916910709643	64.84487633388075	
38 FAREWELL AVENUE	99701	-147.6920763599142	64.8448719489319	
41 EUREKA AVENUE	99701	-147.69119532152203	64.84547516503461	
37 EUREKA AVENUE	99701	-147.69154534618616	64.84547454293086	
20 COLLEGE ROAD	99701	-147.70043663384328	64.85055242831709	
32 CRAIG AVENUE	99701	-147.6907817442758	64.84776875592942	
26 CRAIG AVENUE	99701	-147.69124193917486	64.84781990585878	
20 CRAIG AVENUE	99701	-147.6915867313232	64.84784496073377	
2 CRAIG AVENUE	99701	-147.6934721509561	64.84783967169736	
687 SLATER DRIVE	99701	-147.70165983599904	64.84282862904575	
432 FOURTH STREET	99701	-147.69748783323956	64.8470530076872	
430 FOURTH STREET	99701	-147.69755971424814	64.8472455671227	
424 FOURTH STREET	99701	-147.69825774932096	64.8475574071427	
322 SECOND STREET	99701	-147.70261519788158	64.84641232512651	
416 SECOND STREET	99701	-147.70052349355356	64.84600306541007	
668 SLATER DRIVE	99701	-147.70034289791033	64.84314015295239	
655 SLATER DRIVE	99701	-147.70111730192895	64.84281688009966	
651 SLATER DRIVE	99701	-147.70068265692996	64.84249076719604	
647 SLATER DRIVE	99701	-147.7005566173467	64.8423228846557	
688 SLATER DRIVE	99701	-147.7018906896678	64.84325828995286	
5 ADAK AVENUE	99701	-147.69333777216218	64.8488231551259	
9 ADAK AVENUE	99701	-147.69266921352866	64.84883327444861	
608 SLATER DRIVE	99701	-147.69812889881143	64.84188835890453	
609 THIRD STREET	99701	-147.69436320346952	64.8444596589684	
551 THIRD STREET	99701	-147.6957968313176	64.84499011580242	
543 THIRD STREET	99701	-147.69639480934293	64.8451711026021	
541 THIRD STREET	99701	-147.69660848787586	64.8452484633233	
433 THIRD STREET	99701	-147.69922720424302	64.84621116156138	
619 SLATER DRIVE	99701	-147.69886275028074	64.84160174638933	
609 SLATER DRIVE	99701	-147.69849969147813	64.84146144122204	
601 SLATER DRIVE	99701	-147.69824856313235	64.84133801408045	
12 BARANOF AVENUE	99701	-147.6927994059007	64.84842053022666	
17 ADAK AVENUE	99701	-147.69208709473082	64.84889330353407	
605 FRONT STREET	99701	-147.6979103598546	64.84331153285537	
530 SECOND STREET	99701	-147.69768185234068	64.84484769503182	
150 PRATT AVENUE	99701	-147.6949092384698	64.84335351341878	
600 SLATER DRIVE	99701	-147.69776137635515	64.84175513042426	
620 SECOND STREET	99701	-147.69477731001928	64.84399730173736	
619 SECOND STREET	99701	-147.6952788055214	64.8435786241841	
615 SECOND STREET	99701	-147.69548011657838	64.84382076391559	
536 SECOND STREET	99701	-147.6968100562486	64.84489186140819	
533 SECOND STREET	99701	-147.69659020129274	64.84422264204899	
532 SECOND STREET	99701	-147.69735346569345	64.84478383848142	
102 PRATT AVENUE	99701	-147.69542973838716	64.84310584648708	
500 OLD STEESE HIGHWAY	99701	-147.69834325291367	64.85027413429464	
585 SLATER DRIVE	99701	-147.69655673203147	64.84123860949639	
584 SLATER DRIVE	99701	-147.69561640986012	64.84168162752596	
582 SLATER DRIVE	99701	-147.69532180219258	64.8416060426752	
579 SLATER DRIVE	99701	-147.6962041211554	64.84124339191087	
639 SLATER DRIVE	99701	-147.69941370198268	64.84183723662706	
203 BENTLEY DRIVE	99701	-147.69887509554903	64.84118813906616	
201 BENTLEY DRIVE	99701	-147.6991716789082	64.84130781815335	
28 FAREWELL AVENUE	99701	-147.69235646873614	64.84491393366181	
22 FAREWELL AVENUE	99701	-147.69269698097747	64.84491279433843	
16 FAREWELL AVENUE	99701	-147.6930785701576	64.84493101099571	
10 FAREWELL AVENUE	99701	-147.69354313390002	64.84492020129001	
43 EUREKA AVENUE	99701	-147.69078433076476	64.84551836272936	
98 CRAIG AVENUE	99701	-147.6900630770504	64.8478107350348	
8 CRAIG AVENUE	99701	-147.69270347259388	64.84784522575839	
4 CRAIG AVENUE	99701	-147.69306274177512	64.84783520021362	
38 CRAIG AVENUE	99701	-147.69040845172225	64.84785382398877	
16 CRAIG AVENUE	99701	-147.69197227892053	64.84784831161956	
98 BARANOF AVENUE	99701	-147.69031605467083	64.84823104728561	
390 HAMILTON AVENUE	99701	-147.69416905185088	64.84549342132034	
108 HAMILTON AVENUE	99701	-147.69404094010437	64.84284804665398	
92 GLACIER AVENUE	99701	-147.69003689230053	64.84389128158242	
38 GLACIER AVENUE	99701	-147.6912971579654	64.84387739826556	
15 GLACIER AVENUE	99701	-147.69275614098382	64.84345906359485	
151 HAMILTON AVENUE	99701	-147.69314360725042	64.84339610523448	
342 A STREET	99701	-147.69009951080832	64.84539368127459	
33 EUREKA AVENUE	99701	-147.69202064010733	64.84551389142413	
29 EUREKA AVENUE	99701	-147.69238197790358	64.84542005043228	
23 EUREKA AVENUE	99701	-147.69277352436785	64.84541285672003	
17 EUREKA AVENUE	99701	-147.69313955564022	64.8454086883192	
510 SECOND STREET	99701	-147.69891549206832	64.84528393910662	
205 A STREET	99701	-147.68925930509374	64.8443768184684	
201 A STREET	99701	-147.68924606326854	64.84387548472175	
107 BENTLEY DRIVE	99701	-147.69946733347822	64.84141109690923	
124 HAMILTON AVENUE	99701	-147.69488712392624	64.84281880551038	
614 FRONT STREET	99701	-147.69599063018703	64.84350012368884	
609 FRONT STREET	99701	-147.69665867276495	64.84317971191476	
607 FRONT STREET	99701	-147.69705854858657	64.84331494007412	
604 FRONT STREET	99701	-147.69636395822914	64.843709021757	
529 FRONT STREET	99701	-147.69863157521942	64.84417632327072	
518 FRONT STREET	99701	-147.69880988787855	64.84462879558872	
150 PRATT AVENUE	99701	-147.6949270056667	64.84346509130155	
500 FOURTH STREET	99701	-147.69675489155745	64.84684156080277	
428 FOURTH STREET	99701	-147.69792762191483	64.8472876860267	
426 FOURTH STREET	99701	-147.6979034056391	64.84744515974788	
117 SLATER DRIVE	99701	-147.70074337308523	64.84163309513926	
318 SECOND STREET	99701	-147.70293057979862	64.84658789446297	
114 SLATER DRIVE	99701	-147.70191408010982	64.84174112493538	
201 SLATER DRIVE	99701	-147.70097162734848	64.8412339104755	
108 SLATER DRIVE	99701	-147.70248617463466	64.84253669855944	
105 SLATER DRIVE	99701	-147.70157633783649	64.84256594532383	
656 SLATER DRIVE	99701	-147.70005109959104	64.84297177338823	
324 SECOND STREET	99701	-147.70198932102258	64.84641210566569	
686 SLATER DRIVE	99701	-147.70127020045004	64.84334133340694	
107 SLATER DRIVE	99701	-147.70148461975367	64.84237424538088	
105 BENTLEY DRIVE	99701	-147.69977913202757	64.84156488782173	
24 COLLEGE ROAD	99701	-147.69961049779357	64.85111299173029	
106 SLATER DRIVE	99701	-147.70232169216308	64.84224256586815	
329 SECOND STREET	99701	-147.70260482620415	64.8459455729481	
102 BENTLEY DRIVE	99701	-147.70065016247227	64.84120519254007	
38 COLLEGE ROAD	99701	-147.70317195902024	64.8508964881912	
421 THIRD STREET	99701	-147.7004147311268	64.8463308791528	
140 BARANOF AVENUE	99701	-147.68581708975134	64.8482963521526	
117 BARANOF AVENUE	99701	-147.688143539474	64.847886306461	
648 SLATER DRIVE	99701	-147.69981359817928	64.84274111854121	
210 IDITAROD AVENUE	99701	-147.68487143745014	64.84181669829685	
802 JOYCE DRIVE	99701	-147.68410096312613	64.84984147602289	
118 GLACIER AVENUE	99701	-147.687435132152	64.84380561858767	
455 C STREET	99701	-147.6808516880564	64.84652735268295	
711 B STREET	99701	-147.68385396773175	64.84876235747807	
138 BARANOF AVENUE	99701	-147.68623246520875	64.84831308751531	
716 B STREET	99701	-147.6850002465244	64.84878187274985	
309 HAINES AVENUE	99701	-147.67942446474885	64.84227829796848	
224 EUREKA AVENUE	99701	-147.68296953680488	64.8459213582294	
124 EUREKA AVENUE	99701	-147.6866788105362	64.84593905567566	
105 DUNBAR AVENUE	99701	-147.68818038380567	64.8465746268175	
339 SHANNON DRIVE	99701	-147.68025195410254	64.85005105173656	
338 SHANNON DRIVE	99701	-147.68030308839292	64.85040902315178	
329 SHANNON DRIVE	99701	-147.68072077864696	64.84997812272654	
328 SHANNON DRIVE	99701	-147.68069100572805	64.850352163403	
299 SHANNON DRIVE	99701	-147.68210820307056	64.84982665476187	
298 SHANNON DRIVE	99701	-147.68208036028184	64.85020164401749	
289 SHANNON DRIVE	99701	-147.68255272405773	64.84971416743309	
288 SHANNON DRIVE	99701	-147.68256044725968	64.85014784271263	
347 LE ANN DRIVE	99701	-147.67974559656977	64.85082286858159	
89 C STREET	99701	-147.6808314417622	64.84122365564741	
513 C STREET	99701	-147.6806442441834	64.84777166082277	
507 C STREET	99701	-147.68083684605514	64.84737192103171	
504 C STREET	99701	-147.6815317788142	64.84700258521373	
303 C STREET	99701	-147.68076811799972	64.84546687178852	
301 C STREET	99701	-147.68084797498886	64.84495993357984	
250 C STREET	99701	-147.68148599212907	64.84432985263392	
200 C STREET	99701	-147.6816846284678	64.84389052608003	
601 A STREET	99701	-147.68906701735781	64.8478555862506	
517 A STREET	99701	-147.68920998012945	64.84746440745188	
346 LE ANN DRIVE	99701	-147.67955862944558	64.8512826126182	
225 EUREKA AVENUE	99701	-147.6826780645517	64.84555857193419	
221 EUREKA AVENUE	99701	-147.68311996387033	64.8455058605905	
208 EUREKA AVENUE	99701	-147.68424162818317	64.84591510934717	
207 EUREKA AVENUE	99701	-147.68424093873327	64.84555371129207	
205 EUREKA AVENUE	99701	-147.6846757764409	64.84555486072847	
204 EUREKA AVENUE	99701	-147.68463413215616	64.84591388781095	
120 EUREKA AVENUE	99701	-147.6873575900265	64.8460601147529	
119 EUREKA AVENUE	99701	-147.68732053026054	64.84551792841269	
117 EUREKA AVENUE	99701	-147.68775065004243	64.84552423507691	
314 DUNBAR AVENUE	99701	-147.6796237810653	64.84689975267636	
310 DUNBAR AVENUE	99701	-147.6800198981102	64.84689423788953	
309 DUNBAR AVENUE	99701	-147.68006584726666	64.84657478413625	
308 DUNBAR AVENUE	99701	-147.68038685438881	64.84691926193727	
337 LE ANN DRIVE	99701	-147.68031488876323	64.85081740461274	
336 LE ANN DRIVE	99701	-147.68028942037748	64.85118577684574	
327 LE ANN DRIVE	99701	-147.68075157668824	64.85078073331088	
306 LE ANN DRIVE	99701	-147.68164788620618	64.85103671366116	
297 LE ANN DRIVE	99701	-147.68216038053416	64.85059250271486	
296 LE ANN DRIVE	99701	-147.6820645923542	64.85096499347912	
287 LE ANN DRIVE	99701	-147.6826211210492	64.85055994147596	
266 LE ANN DRIVE	99701	-147.6834842830167	64.85082084674707	
257 LE ANN DRIVE	99701	-147.68396339762907	64.85045890508196	
319 EUREKA AVENUE	99701	-147.67924060913126	64.84555051249367	
316 EUREKA AVENUE	99701	-147.67916350809247	64.84603497127404	
312 EUREKA AVENUE	99701	-147.67963814508968	64.84591470109761	
309 EUREKA AVENUE	99701	-147.6799358602766	64.84550054108897	
227 EUREKA AVENUE	99701	-147.68229887967976	64.84556369873195	
25 TIMBERLAND DRIVE	99701	-147.6994726679481	64.84832720476291	
431 OLD STEESE HIGHWAY	99701	-147.69948051302495	64.84927771740529	
69 TIMBERLAND DRIVE	99701	-147.6961826717925	64.84769967757205	
66 TIMBERLAND DRIVE	99701	-147.69621068046797	64.84811754602856	
61 TIMBERLAND DRIVE	99701	-147.69676016212088	64.84782500373825	
97 TIMBERLAND DRIVE	99701	-147.69429633770184	64.84712913774423	
93 TIMBERLAND DRIVE	99701	-147.69462326321013	64.84730781846716	
90 TIMBERLAND DRIVE	99701	-147.69457545066862	64.84776458136042	
85 TIMBERLAND DRIVE	99701	-147.69512004067565	64.84744966986948	
81 TIMBERLAND DRIVE	99701	-147.69548059738634	64.84749933500731	
78 TIMBERLAND DRIVE	99701	-147.69517972241542	64.84790214250829	
77 TIMBERLAND DRIVE	99701	-147.69564015652767	64.8475997911452	
33 TIMBERLAND DRIVE	99701	-147.6988971281046	64.84822946340296	
49 TIMBERLAND DRIVE	99701	-147.69767531048802	64.8480534523104	
17 TIMBERLAND DRIVE	99701	-147.69995146165547	64.84852703349469	
760 HAMILTON AVENUE	99701	-147.6942567181385	64.84797572335893	
87 SLATER DRIVE	99701	-147.7011597182132	64.84360593173842	
85 SLATER DRIVE	99701	-147.70080792126447	64.84361086892429	
79 SLATER DRIVE	99701	-147.70065166932972	64.8441905763279	
81 SLATER DRIVE	99701	-147.70059771033385	64.84404220171692	
75 SLATER DRIVE	99701	-147.70190805339084	64.84478402201965	
13 TIMBERLAND DRIVE	99701	-147.7006108616366	64.8486053135104	
89 SLATER DRIVE	99701	-147.70152325198734	64.84359763008763	
83 SLATER DRIVE	99701	-147.70054486568773	64.8438874588999	
73 SLATER DRIVE	99701	-147.70225378252516	64.84482250579698	
407 OLD STEESE HIGHWAY	99701	-147.7007964473058	64.84900904193718	
77 SLATER DRIVE	99701	-147.7015262929964	64.84473888099232	
1109 OLD STEESE HIGHWAY	99701	-147.68603135615896	64.85386141367904	
1247 OLD STEESE HIGHWAY	99701	-147.68344269909394	64.85472056380746	
397 HAMILTON AVENUE	99701	-147.69295080331602	64.84705272322175	
425 SECOND STREET	99701	-147.69990136457244	64.84557616509863	
6 TIMBERLAND DRIVE	99701	-147.6996847288017	64.84891014180099	
26 TIMBERLAND DRIVE	99701	-147.6988233914666	64.84886166096456	
32 TIMBERLAND DRIVE	99701	-147.6984129742505	64.84887822001349	
740 HAMILTON AVENUE	99701	-147.69417388128997	64.84767232624051	
73 SLATER DRIVE	99701	-147.7021065828613	64.84480682224341	
73 SLATER DRIVE	99701	-147.70222583903626	64.84486670816476	
73 SLATER DRIVE	99701	-147.70207913674884	64.84484915702842	
73 SLATER DRIVE	99701	-147.70220164656752	64.84490758084144	
73 SLATER DRIVE	99701	-147.7020515985139	64.84489006887586	
75 SLATER DRIVE	99701	-147.70175398786984	64.84476634488442	
75 SLATER DRIVE	99701	-147.70187358860903	64.84482729490165	
101 HAMILTON AVENUE	99701	-147.6939843057829	64.84168544697667	
77 SLATER DRIVE	99701	-147.70149011065655	64.84478360908611	
77 SLATER DRIVE	99701	-147.701338330962	64.8447651660053	
77 SLATER DRIVE	99701	-147.70146226265854	64.84482844099595	
77 SLATER DRIVE	99701	-147.70131187532786	64.84480998195322	
79 SLATER DRIVE	99701	-147.7006246141608	64.84410744578936	
75 SLATER DRIVE	99701	-147.70172188336622	64.84481003845936	
75 SLATER DRIVE	99701	-147.7018373418274	64.84487162991448	
75 SLATER DRIVE	99701	-147.70168703106424	64.844854357474	
77 SLATER DRIVE	99701	-147.70137047347802	64.84472206518615	
79 SLATER DRIVE	99701	-147.70057146912703	64.84421987194014	
79 SLATER DRIVE	99701	-147.70054262129338	64.84413402338951	
83 SLATER DRIVE	99701	-147.70034933251785	64.84385561997166	
518 SECOND STREET	99701	-147.6984404075935	64.84508344425333	
509 C STREET	99701	-147.67969741463784	64.84740087443386	
1049 BLAIR ROAD	99701	-147.68569913593603	64.85340429188398	
1053 BLAIR ROAD	99701	-147.68642892598302	64.85356332014165	
124 TRAINOR GATE ROAD	99701	-147.68583566091016	64.85064015956861	
540 FOURTH STREET	99701	-147.69540229633202	64.84669857494598	
22 BARANOF AVENUE	99701	-147.6919054175161	64.84823543235021	
24 BARANOF AVENUE	99701	-147.69177402501845	64.84823519817358	
26 BARANOF AVENUE	99701	-147.69133257845013	64.84824186715086	
406 C STREET	99701	-147.68198281940553	64.84635612223448	
607 OLD STEESE HIGHWAY	99701	-147.69615429642073	64.8501746954257	
623 OLD STEESE HIGHWAY	99701	-147.6948062856083	64.85019465554147	
739 OLD STEESE HIGHWAY	99701	-147.69218538302735	64.85097940230956	
803 OLD STEESE HIGHWAY	99701	-147.6916969075792	64.85147632074302	
1035 BLAIR ROAD	99701	-147.68644719628966	64.85275401572048	
90 SLATER DRIVE	99701	-147.7031021195159	64.8432837803739	
707 OLD STEESE HIGHWAY	99701	-147.6940534469608	64.85073728020014	
102 B STREET	99701	-147.6873507967531	64.84281938197473	
250 THIRD STREET	99701	-147.70115805540416	64.84745207378046	
1025 BLAIR ROAD	99701	-147.68664293067394	64.85245080833353	
505 OLD STEESE HIGHWAY	99701	-147.69705968054544	64.8494767018506	
218 DUNBAR AVENUE	99701	-147.68313900445423	64.84694338444189	
217 DUNBAR AVENUE	99701	-147.68321118166924	64.84653629077239	
209 DUNBAR AVENUE	99701	-147.68425289996003	64.84654900248708	
206 DUNBAR AVENUE	99701	-147.6846046225488	64.8469294813851	
200 DUNBAR AVENUE	99701	-147.68492392437506	64.84702254970796	
135 DUNBAR AVENUE	99701	-147.68622256693087	64.8465984464823	
114 DUNBAR AVENUE	99701	-147.68695007475395	64.84695457003198	
221 DUNBAR AVENUE	99701	-147.68276228504797	64.8465635350793	
220 DUNBAR AVENUE	99701	-147.6825986471317	64.84700375896752	
19 CRAIG AVENUE	99701	-147.69155286337642	64.84745797122147	
616 SLATER DRIVE	99701	-147.69856018903494	64.8420584621553	
624 SLATER DRIVE	99701	-147.69895054402582	64.8421955292929	
632 SLATER DRIVE	99701	-147.69929755170335	64.84236558142746	
640 SLATER DRIVE	99701	-147.699647590829	64.84249112977136	
200 SLATER DRIVE	99701	-147.70183717268543	64.8412981342286	
118 SLATER DRIVE	99701	-147.70184922901313	64.84140754359166	
116 SLATER DRIVE	99701	-147.70190650185828	64.84161207934255	
109 SLATER DRIVE	99701	-147.70134418628504	64.84219762894959	
323 SECOND STREET	99701	-147.70315798395302	64.8461226900205	
317 SECOND STREET	99701	-147.7035645014639	64.84621876655358	
106 DUNBAR AVENUE	99701	-147.68844436123413	64.8469227917148	
112 DUNBAR AVENUE	99701	-147.68734751553848	64.84698333437298	
108 DUNBAR AVENUE	99701	-147.68809257146367	64.84691455590567	
353 DROZ DRIVE	99701	-147.67940659879517	64.85232447673926	
343 DROZ DRIVE	99701	-147.6798482274692	64.85234413814673	
342 DROZ DRIVE	99701	-147.67890172122938	64.85259366157852	
313 DROZ DRIVE	99701	-147.68138927706133	64.85225819707624	
150 B STREET	99701	-147.68578478410438	64.84334020625144	
320 FAREWELL AVENUE	99701	-147.67885221330272	64.8449768056288	
317 FAREWELL AVENUE	99701	-147.67929614440828	64.84444639500511	
316 FAREWELL AVENUE	99701	-147.67926616583745	64.84485030724221	
315 FAREWELL AVENUE	99701	-147.67961300391016	64.84437812699169	
304 FAREWELL AVENUE	99701	-147.68040163227775	64.8448902641879	
302 C STREET	99701	-147.6814742990089	64.84502256502624	
285 C STREET	99701	-147.68082813262427	64.84443823517987	
218 FAREWELL AVENUE	99701	-147.6834667259212	64.84496507227098	
213 FAREWELL AVENUE	99701	-147.68380930161132	64.84433724343909	
212 FAREWELL AVENUE	99701	-147.68386733826938	64.84491153307101	
123 FAREWELL AVENUE	99701	-147.68684957011223	64.84438635895074	
121 FAREWELL AVENUE	99701	-147.68703946768738	64.8443858563495	
119 FAREWELL AVENUE	99701	-147.6875617204391	64.84436777085587	
117 FAREWELL AVENUE	99701	-147.68820166975055	64.84441786382817	
235 FAREWELL AVENUE	99701	-147.68223676749267	64.84440490302357	
220 FAREWELL AVENUE	99701	-147.6832416463292	64.84488808049636	
228 CRAIG AVENUE	99701	-147.68221128854105	64.84779563010545	
224 CRAIG AVENUE	99701	-147.68273951049179	64.84779557833608	
223 CRAIG AVENUE	99701	-147.68269302612288	64.84749112662853	
221 CRAIG AVENUE	99701	-147.68304220176134	64.84748717408439	
214 CRAIG AVENUE	99701	-147.68387865646955	64.84782714149597	
212 CRAIG AVENUE	99701	-147.68423444955732	64.84782613328059	
210 CRAIG AVENUE	99701	-147.68463054825483	64.84783143755298	
202 CRAIG AVENUE	99701	-147.6850616317244	64.84783892311025	
136 CRAIG AVENUE	99701	-147.68689555282538	64.8477738523801	
125 CRAIG AVENUE	99701	-147.68686879480128	64.84747653006906	
116 CRAIG AVENUE	99701	-147.6875943010787	64.84778172512742	
113 CRAIG AVENUE	99701	-147.688130253986	64.84747315162976	
125 ADAK AVENUE	99701	-147.6887736276972	64.84886838245843	
357 CINDY DRIVE	99701	-147.67907843830417	64.85151342660167	
355 CINDY DRIVE	99701	-147.67926980226403	64.85153177941373	
325 CINDY DRIVE	99701	-147.68072666415952	64.85151994930219	
324 CINDY DRIVE	99701	-147.68078323430936	64.85189508680848	
315 CINDY DRIVE	99701	-147.68125206012067	64.85148408029575	
314 CINDY DRIVE	99701	-147.68112305208032	64.85183586434253	
285 CINDY DRIVE	99701	-147.6826324170492	64.85131736615158	
32 COLLEGE ROAD	99701	-147.7029379587059	64.85198955125512	
30 COLLEGE ROAD	99701	-147.7013560858474	64.85152391337978	
1230 JOYCE DRIVE	99701	-147.6790178140619	64.85380757670434	
1128 JOYCE DRIVE	99701	-147.68014286374282	64.85339102554941	
1127 JOYCE DRIVE	99701	-147.68022650106565	64.85295213544244	
1120 JOYCE DRIVE	99701	-147.68066256735088	64.85322584795585	
1117 JOYCE DRIVE	99701	-147.680596907574	64.85278498821539	
1029 JOYCE DRIVE	99701	-147.68232769849325	64.85229525157244	
1022 JOYCE DRIVE	99701	-147.68329748476026	64.85244061867571	
1021 JOYCE DRIVE	99701	-147.68275425582254	64.85212891806302	
1018 JOYCE DRIVE	99701	-147.68385221977937	64.85229091126801	
1004 JOYCE DRIVE	99701	-147.68507660458727	64.85174655882841	
1000 JOYCE DRIVE	99701	-147.6850987230905	64.85150670592509	
313 IDITAROD AVENUE	99701	-147.67922240562584	64.84138362882211	
905 JOYCE DRIVE	99701	-147.6841220147153	64.85082942450775	
227 DUNBAR AVENUE	99701	-147.68174094989624	64.84660761322706	
303 DROZ DRIVE	99701	-147.68194402952963	64.85235724907743	
1001 JOYCE DRIVE	99701	-147.68401043494498	64.85159029021933	
278 SHANNON DRIVE	99701	-147.68326711418197	64.85009618158647	
230 IDITAROD AVENUE	99701	-147.68279036544337	64.84175256662176	
232 IDITAROD AVENUE	99701	-147.68216253307085	64.84179254937249	
200 B STREET	99701	-147.68578206202477	64.84391360701	
230 GLACIER AVENUE	99701	-147.6829228056529	64.84387223675883	
318 IDITAROD AVENUE	99701	-147.6788346071173	64.84190285856324	
130 BARANOF AVENUE	99701	-147.68699543634054	64.84828805140569	
314 B STREET	99701	-147.6857948689902	64.84540717933837	
505 B STREET	99701	-147.68499935142904	64.84740854856399	
234 GLACIER AVENUE	99701	-147.6822011136239	64.84385450190977	
126 GLACIER AVENUE	99701	-147.6866343645222	64.84381280123448	
102 C STREET	99701	-147.68153129500217	64.84293941525098	
101 C STREET	99701	-147.6808470009313	64.84273706911254	
100 C STREET	99701	-147.68153437281012	64.842792456902	
359 SHANNON DRIVE	99701	-147.6791591042847	64.85002197724086	
358 SHANNON DRIVE	99701	-147.6792367197162	64.85038876260852	
349 SHANNON DRIVE	99701	-147.67961563703972	64.85007550524301	
348 SHANNON DRIVE	99701	-147.67963692360956	64.85041609453975	
319 SHANNON DRIVE	99701	-147.68116472724128	64.84993202380225	
318 SHANNON DRIVE	99701	-147.68123756846884	64.85030769601082	
309 SHANNON DRIVE	99701	-147.68160051722973	64.84990971821405	
308 SHANNON DRIVE	99701	-147.6816378705932	64.85024231589065	
279 SHANNON DRIVE	99701	-147.68307723725638	64.84968943322669	
269 SHANNON DRIVE	99701	-147.68341766649218	64.84953140195785	
411 A STREET	99701	-147.68927801518507	64.84601025194027	
357 LE ANN DRIVE	99701	-147.6792738046816	64.85078307278332	
356 LE ANN DRIVE	99701	-147.67919120280905	64.85115252590266	
326 LE ANN DRIVE	99701	-147.68070861071467	64.85109997933253	
317 LE ANN DRIVE	99701	-147.6812671524023	64.85069832847513	
316 LE ANN DRIVE	99701	-147.68117066817226	64.85107409339314	
307 LE ANN DRIVE	99701	-147.6815906857407	64.85067939977363	
286 LE ANN DRIVE	99701	-147.68252850717124	64.85091158438294	
277 LE ANN DRIVE	99701	-147.68308675597655	64.85047821193099	
276 LE ANN DRIVE	99701	-147.6830119190517	64.85084894722392	
267 LE ANN DRIVE	99701	-147.68354041570873	64.85049059263149	
367 LE ANN DRIVE	99701	-147.67880860742727	64.85073294610893	
305 DUNBAR AVENUE	99701	-147.68041752360207	64.84652533908489	
224 DUNBAR AVENUE	99701	-147.68182968662057	64.84700433774863	
223 DUNBAR AVENUE	99701	-147.6823520445135	64.84652673011061	
222 DUNBAR AVENUE	99701	-147.6823649112086	64.84694115910271	
216 DUNBAR AVENUE	99701	-147.68343404584786	64.84698202629977	
215 DUNBAR AVENUE	99701	-147.68354292985927	64.8465524510511	
214 DUNBAR AVENUE	99701	-147.68391751235333	64.84698157421732	
212 DUNBAR AVENUE	99701	-147.6842859909656	64.8469326188364	
211 DUNBAR AVENUE	99701	-147.68387097168977	64.84655083894114	
131 DUNBAR AVENUE	99701	-147.68651051670733	64.8466058503889	
125 DUNBAR AVENUE	99701	-147.68699663467953	64.8466093878335	
323 EUREKA AVENUE	99701	-147.67883994039926	64.84549838917894	
322 EUREKA AVENUE	99701	-147.67881334870484	64.84587531421253	
306 EUREKA AVENUE	99701	-147.6799474635007	64.84599557035341	
305 EUREKA AVENUE	99701	-147.68035869419944	64.84555086857004	
304 EUREKA AVENUE	99701	-147.68029589223576	64.84597738828553	
232 EUREKA AVENUE	99701	-147.68191907889948	64.845893821185	
228 EUREKA AVENUE	99701	-147.6823354696617	64.84599842761594	
217 EUREKA AVENUE	99701	-147.68343141315538	64.84550233304248	
216 EUREKA AVENUE	99701	-147.683555770157	64.84588504271885	
212 EUREKA AVENUE	99701	-147.68387835555262	64.84587914499632	
211 EUREKA AVENUE	99701	-147.68385999889554	64.84552216873735	
130 EUREKA AVENUE	99701	-147.68618770991023	64.84595090646967	
108 EUREKA AVENUE	99701	-147.68845942868418	64.84590625195456	
417 A STREET	99701	-147.68929318233936	64.84651602585535	
320 DUNBAR AVENUE	99701	-147.67884949784718	64.84689085610977	
319 DUNBAR AVENUE	99701	-147.6793150665706	64.84659264954885	
318 DUNBAR AVENUE	99701	-147.67926649550068	64.84700680136714	
315 DUNBAR AVENUE	99701	-147.67960117319953	64.84654539244825	
123 EUREKA AVENUE	99701	-147.6866020950103	64.84552633408066	
121 EUREKA AVENUE	99701	-147.68689262060542	64.84552589803037	
112 FAREWELL AVENUE	99701	-147.68813349119466	64.84489429284875	
100 FAREWELL AVENUE	99701	-147.68899032486817	64.84487703965516	
363 DROZ DRIVE	99701	-147.67893631646177	64.85222813972202	
333 DROZ DRIVE	99701	-147.6804103260819	64.85235123284819	
332 DROZ DRIVE	99701	-147.67938060408088	64.85264395761446	
323 DROZ DRIVE	99701	-147.68089583957587	64.85231042056309	
322 DROZ DRIVE	99701	-147.6799835045497	64.8526753293046	
234 FAREWELL AVENUE	99701	-147.6819595407993	64.84496063374013	
230 FAREWELL AVENUE	99701	-147.68241666187896	64.84502992171902	
229 FAREWELL AVENUE	99701	-147.68271281191522	64.84434764663439	
224 FAREWELL AVENUE	99701	-147.68268493085222	64.84489711482392	
221 FAREWELL AVENUE	99701	-147.6832211388772	64.844372032502	
210 FAREWELL AVENUE	99701	-147.68427473306622	64.84490797948949	
208 FAREWELL AVENUE	99701	-147.6845920836329	64.8449050699152	
129 FAREWELL AVENUE	99701	-147.68593739609298	64.84443904178251	
125 FAREWELL AVENUE	99701	-147.6864254623779	64.84443314352868	
116 FAREWELL AVENUE	99701	-147.68771385613513	64.84489657555329	
115 FAREWELL AVENUE	99701	-147.6886087495242	64.84435015638552	
309 FAREWELL AVENUE	99701	-147.6800004189069	64.84446586175544	
305 FAREWELL AVENUE	99701	-147.68028939933313	64.84422792654588	
304 CINDY DRIVE	99701	-147.68157117384456	64.85179414356313	
295 CINDY DRIVE	99701	-147.68216794287926	64.85136432773639	
294 CINDY DRIVE	99701	-147.68209304945455	64.85173787419467	
265 CINDY DRIVE	99701	-147.68356450808446	64.85124315383844	
264 CINDY DRIVE	99701	-147.6834047884867	64.85157891702539	
215 CRAIG AVENUE	99701	-147.68392777791496	64.84747665028358	
145 CRAIG AVENUE	99701	-147.68618317373617	64.84750000133795	
144 CRAIG AVENUE	99701	-147.68616219062218	64.8477861071423	
140 CRAIG AVENUE	99701	-147.6865446602818	64.84778546206478	
139 CRAIG AVENUE	99701	-147.68656426273478	64.8474764006456	
354 CINDY DRIVE	99701	-147.67917528893392	64.85188837623052	
345 CINDY DRIVE	99701	-147.67968767256454	64.85157970441122	
344 CINDY DRIVE	99701	-147.67959884966294	64.8519382884423	
335 CINDY DRIVE	99701	-147.6802148657139	64.85158810557198	
334 CINDY DRIVE	99701	-147.68017451225282	64.8519171981244	
305 CINDY DRIVE	99701	-147.68169156436696	64.85142167921933	
131 ADAK AVENUE	99701	-147.68654273877775	64.84885733655128	
233 CRAIG AVENUE	99701	-147.68155333757284	64.8474825264206	
232 CRAIG AVENUE	99701	-147.68188969433987	64.84779676979556	
231 CRAIG AVENUE	99701	-147.68198073537076	64.84751422526298	
229 CRAIG AVENUE	99701	-147.6822995291037	64.84752022165655	
220 CRAIG AVENUE	99701	-147.68313721165285	64.84777266168429	
218 CRAIG AVENUE	99701	-147.6835130031194	64.84778898223857	
217 CRAIG AVENUE	99701	-147.68342342369777	64.84748340616815	
1214 JOYCE DRIVE	99701	-147.6795130784096	64.85363736102076	
1137 JOYCE DRIVE	99701	-147.67935603138267	64.85317580808598	
1132 JOYCE DRIVE	99701	-147.67988174044146	64.85347465269159	
1131 JOYCE DRIVE	99701	-147.67978695434778	64.85309992150862	
1114 JOYCE DRIVE	99701	-147.68107086238697	64.8530977093131	
1110 JOYCE DRIVE	99701	-147.6815783792624	64.8529623695455	
1106 JOYCE DRIVE	99701	-147.681938240172	64.85282922910993	
1036 JOYCE DRIVE	99701	-147.6824477969428	64.85270427160896	
1030 JOYCE DRIVE	99701	-147.68286243652426	64.85254779554235	
1015 JOYCE DRIVE	99701	-147.68316518166282	64.85203811875824	
227 IDITAROD AVENUE	99701	-147.6841326702228	64.8414123714161	
321 BARANOF AVENUE	99701	-147.67884992282754	64.84845008836406	
318 BARANOF AVENUE	99701	-147.67927823402175	64.84875446112326	
908 JOYCE DRIVE	99701	-147.68492804571258	64.85112089988513	
907 JOYCE DRIVE	99701	-147.6841169703923	64.85115971409243	
904 JOYCE DRIVE	99701	-147.68490496130332	64.85089409228398	
900 JOYCE DRIVE	99701	-147.6849257293667	64.85068554988078	
820 JOYCE DRIVE	99701	-147.68493327555635	64.85051256378253	
1007 JOYCE DRIVE	99701	-147.68370481430426	64.85187270456126	
235 IDITAROD AVENUE	99701	-147.68215277678368	64.84138245199875	
231 IDITAROD AVENUE	99701	-147.68333209605956	64.8413472339574	
229 IDITAROD AVENUE	99701	-147.68400467303772	64.8413894332779	
1012 JOYCE DRIVE	99701	-147.68433272017367	64.85214659975242	
1008 JOYCE DRIVE	99701	-147.6848953158102	64.85199072206959	
235 HAINES AVENUE	99701	-147.68226415071308	64.84232834403463	
208 BARANOF AVENUE	99701	-147.6839275393136	64.84831369845043	
325 GLACIER AVENUE	99701	-147.67878042681386	64.84340845010749	
315 GLACIER AVENUE	99701	-147.67960978397224	64.84344821659072	
308 GLACIER AVENUE	99701	-147.680179874668	64.8438656474732	
307 GLACIER AVENUE	99701	-147.68005480679417	64.84350542554657	
300 GLACIER AVENUE	99701	-147.68074592326357	64.84381188097377	
235 GLACIER AVENUE	99701	-147.68223141112978	64.84334367817678	
221 GLACIER AVENUE	99701	-147.68323634336136	64.84335331812983	
207 GLACIER AVENUE	99701	-147.68381603916043	64.84344260317907	
205 GLACIER AVENUE	99701	-147.68452739436307	64.84343635264361	
127 GLACIER AVENUE	99701	-147.68634949512332	64.84345060550746	
107 GLACIER AVENUE	99701	-147.68859084162648	64.84338478023795	
144 BARANOF AVENUE	99701	-147.685076952544	64.84828181288749	
106 GLACIER AVENUE	99701	-147.68868130526133	64.84380381526043	
122 BARANOF AVENUE	99701	-147.6876029163704	64.84830156532564	
420 B STREET	99701	-147.68573302936207	64.8464844626996	
233 HAINES AVENUE	99701	-147.68264062268085	64.84232955188736	
225 HAINES AVENUE	99701	-147.68432361484477	64.84231031516502	
210 HAINES AVENUE	99701	-147.6838794392217	64.84273615743825	
206 HAINES AVENUE	99701	-147.68436948569158	64.84273308670703	
236 CRAIG AVENUE	99701	-147.68152075065055	64.84784089521371	
220 BARANOF AVENUE	99701	-147.68211904262702	64.84819428508848	
317 BARANOF AVENUE	99701	-147.67939645915595	64.84838183557927	
317 HAINES AVENUE	99701	-147.67886996625643	64.8423573876736	
316 HAINES AVENUE	99701	-147.6788321049097	64.84273396996979	
312 BARANOF AVENUE	99701	-147.67957979913092	64.8487686347956	
240 HAINES AVENUE	99701	-147.68216932287785	64.84273842680243	
236 HAINES AVENUE	99701	-147.68272481992238	64.84275814755865	
411 B STREET	99701	-147.68502320775505	64.84600839683876	
322 BARANOF AVENUE	99701	-147.67886535378463	64.84873695045417	
312 HAINES AVENUE	99701	-147.6796453123331	64.84274392700159	
309 HAINES AVENUE	99701	-147.67973445722527	64.84226826661543	
308 HAINES AVENUE	99701	-147.68005145131468	64.84279221385903	
305 HAINES AVENUE	99701	-147.68027325162674	64.84236292818622	
301 HAINES AVENUE	99701	-147.6807318114621	64.84234497333307	
400 B STREET	99701	-147.68570692941404	64.84599178936925	
311 B STREET	99701	-147.68506734434928	64.84550233694719	
151 B STREET	99701	-147.68504713911145	64.84339166320049	
309 IDITAROD AVENUE	99701	-147.6797598840198	64.84135169689465	
305 IDITAROD AVENUE	99701	-147.6801899157107	64.84140717948411	
201 IDITAROD AVENUE	99701	-147.6846973167447	64.84140396166765	
310 BARANOF AVENUE	99701	-147.6799471942422	64.8487818703809	
232 HAINES AVENUE	99701	-147.68331387881403	64.84279913845248	
231 HAINES AVENUE	99701	-147.68325012499324	64.84233464933598	
227 HAINES AVENUE	99701	-147.68387370016373	64.84237732436033	
304 BARANOF AVENUE	99701	-147.68040297854364	64.84876069984347	
224 BARANOF AVENUE	99701	-147.6832369706308	64.84831705195619	
222 BARANOF AVENUE	99701	-147.68266512654986	64.84839680780992	
324 GLACIER AVENUE	99701	-147.67877915637018	64.8438617220094	
320 GLACIER AVENUE	99701	-147.67915511756382	64.84388970587071	
319 GLACIER AVENUE	99701	-147.67934284650002	64.84341740453105	
316 GLACIER AVENUE	99701	-147.67955579760684	64.84389136974416	
234 GLACIER AVENUE	99701	-147.68242501785053	64.843857213115	
231 GLACIER AVENUE	99701	-147.68266240243548	64.84335527523818	
111 GLACIER AVENUE	99701	-147.68814201631153	64.84338897507769	
110 GLACIER AVENUE	99701	-147.68814458522505	64.84381979175971	
708 B STREET	99701	-147.6842956685806	64.84851577630124	
600 B STREET	99701	-147.68574680174484	64.84786539026832	
504 B STREET	99701	-147.68576058803336	64.84749503650863	
500 B STREET	99701	-147.68574300526305	64.84696865738479	
425 B STREET	99701	-147.68500137219337	64.84652826249065	
301 B STREET	99701	-147.68508280700672	64.84497182814582	
205 B STREET	99701	-147.68499863476185	64.84441956878133	
203 B STREET	99701	-147.684999466144	64.84386218540058	
226 GLACIER AVENUE	99701	-147.6838959085967	64.84378776024653	
222 GLACIER AVENUE	99701	-147.68439011275908	64.84394865661658	
117 GLACIER AVENUE	99701	-147.68745592444992	64.84341506958026	
188 BENTLEY TRUST ROAD	99701	-147.70306202086354	64.85325776728838	
418 THIRD STREET	99701	-147.6989046951973	64.8470015993714	
89 SLATER DRIVE	99701	-147.70173939977744	64.84355704162216	
89 SLATER DRIVE	99701	-147.70151121801752	64.84352107444442	
89 SLATER DRIVE	99701	-147.70173417681596	64.84351852277139	
71 SLATER DRIVE	99701	-147.70203671214426	64.84439120797003	
71 SLATER DRIVE	99701	-147.70224293777207	64.84445472736884	
71 SLATER DRIVE	99701	-147.70201549523603	64.84443062257242	
71 SLATER DRIVE	99701	-147.70221640896685	64.84449835722944	
71 SLATER DRIVE	99701	-147.70198463636206	64.84447192864447	
85 SLATER DRIVE	99701	-147.70096444863438	64.84360745513024	
85 SLATER DRIVE	99701	-147.70079919838656	64.84357432821655	
85 SLATER DRIVE	99701	-147.70096080657012	64.84357188548664	
85 SLATER DRIVE	99701	-147.70079111468308	64.84353465496542	
85 SLATER DRIVE	99701	-147.70095682957947	64.84353097905482	
87 SLATER DRIVE	99701	-147.70133508275205	64.84360262056273	
87 SLATER DRIVE	99701	-147.7011558233887	64.8435684672387	
87 SLATER DRIVE	99701	-147.70132553083982	64.84356177792759	
87 SLATER DRIVE	99701	-147.70114337006672	64.84352587668653	
87 SLATER DRIVE	99701	-147.70132866787256	64.8435231634076	
89 SLATER DRIVE	99701	-147.70174304281056	64.84359261034751	
89 SLATER DRIVE	99701	-147.7015177956949	64.84355898379651	
71 SLATER DRIVE	99701	-147.70226606518938	64.84441822586743	
16 GLACIER AVENUE	99701	-147.69269014397364	64.84375423554629	
16 GLACIER AVENUE	99701	-147.6928477625263	64.84396743003738	
16 GLACIER AVENUE	99701	-147.69284665992947	64.84380790636867	
16 GLACIER AVENUE	99701	-147.69276142506664	64.84394277324922	
22 GLACIER AVENUE	99701	-147.69217152242132	64.84378710296647	
22 GLACIER AVENUE	99701	-147.69210406245296	64.84392081782546	
15 FAREWELL AVENUE	99701	-147.69288890013112	64.84441464918501	
201 HAMILTON AVENUE	99701	-147.69314566207535	64.84391465807	
201 HAMILTON AVENUE	99701	-147.69331759025633	64.84381014113647	
201 HAMILTON AVENUE	99701	-147.69314372487818	64.8437498678892	
15 FAREWELL AVENUE	99701	-147.69272827378518	64.84441505393143	
15 FAREWELL AVENUE	99701	-147.692353506592	64.84441647111358	
15 FAREWELL AVENUE	99701	-147.69215952442255	64.8444186788764	
15 FAREWELL AVENUE	99701	-147.69177789136566	64.84441732388463	
28 GLACIER AVENUE	99701	-147.6918392772959	64.84379040918402	
28 GLACIER AVENUE	99701	-147.69175674324902	64.84393284197235	
28 GLACIER AVENUE	99701	-147.6917694421132	64.84377980835829	
28 GLACIER AVENUE	99701	-147.6916951124322	64.84391075231878	
37 GLACIER AVENUE	99701	-147.6912655183718	64.84321125688109	
95 GLACIER AVENUE	99701	-147.69074390077364	64.84325885449255	
37 GLACIER AVENUE	99701	-147.6910302198179	64.84330153632149	
37 GLACIER AVENUE	99701	-147.69126913836047	64.84326890534014	
95 GLACIER AVENUE	99701	-147.69062414366218	64.84321712715034	
95 GLACIER AVENUE	99701	-147.6907454891463	64.8432175275209	
201 HAMILTON AVENUE	99701	-147.69330085780547	64.84396986794087	
22 GLACIER AVENUE	99701	-147.6921050739332	64.84375937059089	
95 GLACIER AVENUE	99701	-147.69062594306098	64.84325912713967	
16 GLACIER AVENUE	99701	-147.69275785551002	64.84377947948764	
15 FAREWELL AVENUE	99701	-147.69161057587155	64.84441780263526	
16 GLACIER AVENUE	99701	-147.69267479171162	64.84391337227747	
22 GLACIER AVENUE	99701	-147.69223437157248	64.84397061428703	
22 GLACIER AVENUE	99701	-147.69223538437606	64.84380916703059	
22 GLACIER AVENUE	99701	-147.69217907147143	64.84394275505727	
28 GLACIER AVENUE	99701	-147.69183615235994	64.8439537790921	
28 GLACIER AVENUE	99701	-147.6916944934668	64.8437588195604	
15 FAREWELL AVENUE	99701	-147.6928875580726	64.84439329845648	
15 FAREWELL AVENUE	99701	-147.69273027526054	64.84439366424095	
15 FAREWELL AVENUE	99701	-147.69235243326182	64.84439939016738	
15 FAREWELL AVENUE	99701	-147.69216161791888	64.84439871302914	
15 FAREWELL AVENUE	99701	-147.691776639573	64.8443973961081	
15 FAREWELL AVENUE	99701	-147.69161266766807	64.84439783681863	
15 FAREWELL AVENUE	99701	-147.69122082153459	64.84439374773368	
95 GLACIER AVENUE	99701	-147.69084031355567	64.84330191587614	
37 GLACIER AVENUE	99701	-147.6911066165665	64.84321235276161	
37 GLACIER AVENUE	99701	-147.69136813929185	64.84316664509144	
37 GLACIER AVENUE	99701	-147.69136642021587	64.84329913618627	
37 GLACIER AVENUE	99701	-147.69110698012796	64.84327146224106	
201 HAMILTON AVENUE	99701	-147.6932277784294	64.84394316089013	
15 FAREWELL AVENUE	99701	-147.69122234109744	64.84441794620328	
15 FAREWELL AVENUE	99701	-147.69330598152933	64.84439423162061	
37 GLACIER AVENUE	99701	-147.69102882061435	64.84317264111237	
201 HAMILTON AVENUE	99701	-147.69321968850193	64.84377896837383	
95 GLACIER AVENUE	99701	-147.6908579886843	64.84317031021891	
95 GLACIER AVENUE	99701	-147.6905156024252	64.84316743805269	
95 GLACIER AVENUE	99701	-147.69050312030234	64.84330183257273	
15 FAREWELL AVENUE	99701	-147.69121817839837	64.84429834145553	
15 FAREWELL AVENUE	99701	-147.69161309835485	64.84429812182609	
15 FAREWELL AVENUE	99701	-147.69176387045354	64.84430068015749	
15 FAREWELL AVENUE	99701	-147.69216547943134	64.84430038295334	
15 FAREWELL AVENUE	99701	-147.69234969664512	64.84430256005894	
15 FAREWELL AVENUE	99701	-147.69271451712035	64.84430268009172	
15 FAREWELL AVENUE	99701	-147.69216404849124	64.84427760835581	
15 FAREWELL AVENUE	99701	-147.6933020759305	64.84427889676431	
15 FAREWELL AVENUE	99701	-147.6923447411064	64.84427697671799	
15 FAREWELL AVENUE	99701	-147.6927095612353	64.84427709676378	
15 FAREWELL AVENUE	99701	-147.69288691037687	64.8442765025302	
15 FAREWELL AVENUE	99701	-147.69289186432343	64.84430208587581	
15 FAREWELL AVENUE	99701	-147.693299895929	64.84429743963861	
15 FAREWELL AVENUE	99701	-147.69330454961903	64.84437145703674	
15 FAREWELL AVENUE	99701	-147.69288269144926	64.84436913809856	
15 FAREWELL AVENUE	99701	-147.69272541094122	64.84436950475016	
15 FAREWELL AVENUE	99701	-147.6923441342402	64.84437384488174	
15 FAREWELL AVENUE	99701	-147.69216009751366	64.84437451457119	
15 FAREWELL AVENUE	99701	-147.691768519924	64.84437469761426	
15 FAREWELL AVENUE	99701	-147.69161467219155	64.8443764480136	
15 FAREWELL AVENUE	99701	-147.69121595856845	64.84436958819015	
15 FAREWELL AVENUE	99701	-147.69121032737223	64.84427991272045	
15 FAREWELL AVENUE	99701	-147.69160832443166	64.84427538526036	
15 FAREWELL AVENUE	99701	-147.69175891547135	64.84427509679563	
95 FAREWELL AVENUE	99701	-147.69003299544116	64.84435407289808	
95 FAREWELL AVENUE	99701	-147.69002438310534	64.84425180211198	
15 FAREWELL AVENUE	99701	-147.69330704648095	64.84441472411612	
80 B STREET	99701	-147.68631281867673	64.84146315113118	
80 B STREET	99701	-147.68721034858865	64.841346434635	
80 B STREET	99701	-147.68682387760884	64.84127603722492	
80 B STREET	99701	-147.68627209338686	64.84128229660234	
80 B STREET	99701	-147.68595019570722	64.84135242112063	
80 B STREET	99701	-147.68718730840007	64.84142385300994	
95 FAREWELL AVENUE	99701	-147.69029047566562	64.84421855615528	
80 B STREET	99701	-147.6868246562285	64.8413330055185	
80 B STREET	99701	-147.6862758805966	64.8413427920591	
80 B STREET	99701	-147.6859636052674	64.84143298633245	
95 FAREWELL AVENUE	99701	-147.69066489822944	64.84435389329664	
95 FAREWELL AVENUE	99701	-147.6901409440272	64.84425349205469	
95 FAREWELL AVENUE	99701	-147.69013598829974	64.84435230911117	
95 FAREWELL AVENUE	99701	-147.69065798819602	64.84424381658776	
95 FAREWELL AVENUE	99701	-147.69050622793128	64.84427877819813	
95 FAREWELL AVENUE	99701	-147.6902941681835	64.8442773908883	
95 FAREWELL AVENUE	99701	-147.69050687373047	64.84421799460334	
95 FAREWELL AVENUE	99701	-147.6907877701215	64.84435629430108	
95 FAREWELL AVENUE	99701	-147.69077182245164	64.84424442082529	
102 KUTTER ROAD	99701	-147.69158362176123	64.85135671640437	
104 KUTTER ROAD	99701	-147.69087441751137	64.85141021875965	
182 BENTLEY TRUST ROAD	99701	-147.7007618426547	64.85360882454823	
168 BENTLEY TRUST ROAD	99701	-147.69784644093167	64.85286013601299	
144 BENTLEY TRUST ROAD	99701	-147.6959654829867	64.851829299784	
345 A STREET	99701	-147.6892280274338	64.8454775972323	
103 GLACIER AVENUE	99701	-147.68913415614128	64.84319004317759	
540 SECOND STREET	99701	-147.6969070435534	64.84459492488975	
542 SECOND STREET	99701	-147.69695281070454	64.84466913972649	
544 SECOND STREET	99701	-147.69668052898237	64.84474367854426	
546 SECOND STREET	99701	-147.69652335409586	64.84483030083122	
558 THIRD STREET	99701	-147.69509277057261	64.84535144234017	
550 THIRD STREET	99701	-147.6955573341893	64.84560822302724	
216 IDITAROD AVENUE	99701	-147.6844342032321	64.84180366845791	
222 IDITAROD AVENUE	99701	-147.68381208860006	64.84178351983677	
228 IDITAROD AVENUE	99701	-147.6832727213648	64.84174070425313	
91 C STREET	99701	-147.68075927421208	64.84178623435582	
308 IDITAROD AVENUE	99701	-147.68026995327946	64.84173891656941	
310 IDITAROD AVENUE	99701	-147.6797435958223	64.84181532819682	
314 IDITAROD AVENUE	99701	-147.67929231824846	64.84187265550717	
138 FAREWELL AVENUE	99701	-147.68624389118696	64.84493131266868	
987 BLAIR ROAD	99701	-147.68649797394409	64.85129408370759	
996 BLAIR ROAD	99701	-147.68743821620265	64.85115100164802	
997 BLAIR ROAD	99701	-147.68619653505115	64.85156444777058	
1251 SADLER WAY	99701	-147.6817836887672	64.85403060361713	
515 OLD STEESE HIGHWAY	99701	-147.6978175764566	64.84985949013853	
591 SLATER DRIVE	99701	-147.69709020252532	64.84122720188873	
590 SLATER DRIVE	99701	-147.69612053198128	64.84164319921521	
573 SLATER DRIVE	99701	-147.69559309456147	64.84116892732628	
568 SLATER DRIVE	99701	-147.6945654072515	64.84132980904126	
517 FOURTH STREET	99701	-147.69538574780142	64.84636498819651	
11 EUREKA AVENUE	99701	-147.69349968275452	64.8454127909809	
284 CINDY DRIVE	99701	-147.6825835725283	64.85167907026282	
275 CINDY DRIVE	99701	-147.6830923130237	64.8512711386385	
274 CINDY DRIVE	99701	-147.68306473185183	64.8516688019979	
916 JOYCE DRIVE	99701	-147.68500826927712	64.85130178085592	
812 JOYCE DRIVE	99701	-147.68480456701542	64.85017953813636	
808 JOYCE DRIVE	99701	-147.6846025391608	64.84994131289038	
121 DUNBAR AVENUE	99701	-147.68755669719954	64.84654584571828	
205 DUNBAR AVENUE	99701	-147.6846296814565	64.84659526174293	
98 C STREET	99701	-147.68153673783618	64.84234655042816	
501 C STREET	99701	-147.68081381334636	64.84697466963142	
409 C STREET	99701	-147.6807240584329	64.84614808951952	
404 C STREET	99701	-147.68145026471433	64.84596498781255	
304 C STREET	99701	-147.68150491835024	64.8455160101612	
198 C STREET	99701	-147.68166471163914	64.84317038689868	
151 C STREET	99701	-147.6808555344095	64.84322675594302	
323 FAREWELL AVENUE	99701	-147.67883757615246	64.84431334818636	
312 FAREWELL AVENUE	99701	-147.67955379300733	64.84488827491667	
310 FAREWELL AVENUE	99701	-147.67999854796437	64.84488514461086	
118 DUNBAR AVENUE	99701	-147.68644134094168	64.84697792812766	
100 DUNBAR AVENUE	99701	-147.68898940088573	64.84696307460523	
92 C STREET	99701	-147.68164945263314	64.8418212924442	
94 C STREET	99701	-147.6816506888039	64.84189623151697	
2 BARANOF AVENUE	99701	-147.69337060802695	64.8483124297163	
730 OLD STEESE HIGHWAY	99701	-147.69287585504006	64.85190280855588	
89 DUNBAR AVENUE	99701	-147.69108903463123	64.84694307398225	
111 ADAK AVENUE	99701	-147.68982183420587	64.84891983621016	
206 EAGLE AVENUE	99701	-147.6989779326062	64.84586052441054	
30 BARANOF AVENUE	99701	-147.6908480897947	64.84827349749075	
403 OLD STEESE HIGHWAY	99701	-147.70194872865048	64.84850641858257	
401 OLD STEESE HIGHWAY	99701	-147.70237881853774	64.84865769427046	
130 BARANOF AVENUE	99701	-147.686995529519	64.84840831326441	
511 C STREET	99701	-147.6789492436354	64.84738166433196	
1045 BLAIR ROAD	99701	-147.68610529310092	64.85317062406122	
1107 JOYCE DRIVE	99701	-147.68106418573134	64.85270532583574	
245 IDITAROD AVENUE	99701	-147.68165736125482	64.84134569154895	
907 OLD STEESE HIGHWAY	99701	-147.68851861431327	64.85271887401079	
910 OLD STEESE HIGHWAY	99701	-147.68984855221234	64.85307540394606	
906 OLD STEESE HIGHWAY	99701	-147.69043436830378	64.85283179362193	
220 BARANOF AVENUE	99701	-147.6823288368908	64.84822508316658	
220 BARANOF AVENUE	99701	-147.6822335707035	64.84831185250462	
711 B STREET	99701	-147.6842140099056	64.84876540275563	
4 COLLEGE ROAD	99701	-147.69539762041111	64.8486811662449	
117 FAREWELL AVENUE	99701	-147.68793569972604	64.84441825079593	
314 HAINES AVENUE	99701	-147.67923847238475	64.84279964385286	
550 SECOND STREET	99701	-147.6962196932584	64.84452212105644	
548 FRONT STREET	99701	-147.69744013526898	64.84405161222453	
111 B STREET	99701	-147.68499721675647	64.84294290501954	
150 EAGLE AVENUE	99701	-147.70045897592308	64.8452442224462	
415 SECOND STREET	99701	-147.70076041089115	64.84533573773962	
250 THIRD STREET	99701	-147.70322395634923	64.84808422865676	
250 THIRD STREET	99701	-147.70264153636396	64.84791036811322	
250 THIRD STREET	99701	-147.70240282223273	64.84783204706784	
250 THIRD STREET	99701	-147.70208601131642	64.84775093535349	
250 THIRD STREET	99701	-147.70196209607997	64.84770814192868	
19 COLLEGE ROAD	99701	-147.70339684158085	64.84998661469491	
19 COLLEGE ROAD	99701	-147.70302428175015	64.84962499452115	
19 COLLEGE ROAD	99701	-147.70218360330594	64.8496565724694	
607 OLD STEESE HIGHWAY	99701	-147.69599863606493	64.85010397057232	
607 OLD STEESE HIGHWAY	99701	-147.69586486536664	64.85003522388595	
607 OLD STEESE HIGHWAY	99701	-147.69575196166272	64.84994344824734	
607 OLD STEESE HIGHWAY	99701	-147.6958197406433	64.84988569811551	
607 OLD STEESE HIGHWAY	99701	-147.69594152048776	64.84983492938328	
607 OLD STEESE HIGHWAY	99701	-147.69606365852147	64.84978985418584	
607 OLD STEESE HIGHWAY	99701	-147.69619037449468	64.8497466253117	
40 COLLEGE ROAD	99701	-147.70205033979	64.8506995342968	
518 OLD STEESE HIGHWAY	99701	-147.69891442675325	64.85070640355408	
100 B STREET	99701	-147.68652551798755	64.84278193193892	
510 OLD STEESE HIGHWAY	99701	-147.69993312824909	64.85007929532861	
512 OLD STEESE HIGHWAY	99701	-147.6997170285608	64.85024905168771	
514 OLD STEESE HIGHWAY	99701	-147.69960776010328	64.85031464092224	
516 OLD STEESE HIGHWAY	99701	-147.6994700974079	64.8504095088973	
105 HAMILTON AVENUE	99701	-147.69103434983927	64.84184542944048	
131 BENTLEY TRUST ROAD	99701	-147.6980262685592	64.85130787345454	
950 OLD STEESE HIGHWAY	99701	-147.68653261270356	64.8549898398359	
950 OLD STEESE HIGHWAY	99701	-147.68640172752802	64.85499132391963	
950 OLD STEESE HIGHWAY	99701	-147.68629888841184	64.85499248991322	
950 OLD STEESE HIGHWAY	99701	-147.68616800320768	64.85499397379141	
908 OLD STEESE HIGHWAY	99701	-147.68935999547256	64.85287002771818	
910 OLD STEESE HIGHWAY	99701	-147.68968949282515	64.85314679048112	
910 OLD STEESE HIGHWAY	99701	-147.68965402541903	64.85316072257032	
910 OLD STEESE HIGHWAY	99701	-147.68949901969273	64.85322433189965	
910 OLD STEESE HIGHWAY	99701	-147.68946355208578	64.85323826394382	
910 OLD STEESE HIGHWAY	99701	-147.68932682472695	64.85330359818487	
910 OLD STEESE HIGHWAY	99701	-147.68929135692653	64.85331753018828	
807 OLD STEESE HIGHWAY	99701	-147.69143513079973	64.85160260577433	
95 HAMILTON AVENUE	99701	-147.69406733809936	64.84146810485015	
680 SLATER DRIVE	99701	-147.7008145962159	64.84323739963912	
96 HAMILTON AVENUE	99701	-147.6949182243852	64.841763600675	
100 HAMILTON AVENUE	99701	-147.69480476874284	64.84184121845544	
521 SECOND STREET	99701	-147.69885636338608	64.84477251144303	
515 SECOND STREET	99701	-147.6990726897154	64.84480612557884	
511 SECOND STREET	99701	-147.69925537766056	64.84487241069333	
505 SECOND STREET	99701	-147.69943384593086	64.84494254290662	
304 HAINES AVENUE	99701	-147.68039894989144	64.8427783046435	
209 FAREWELL AVENUE	99701	-147.68433941306986	64.84436083235028	
139 ADAK AVENUE	99701	-147.68579417648726	64.84891662726976	
207 FAREWELL AVENUE	99701	-147.68444426832642	64.84436059472795	
104 B STREET	99701	-147.68729003905156	64.84240477642477	
910 OLD STEESE HIGHWAY	99701	-147.69013126683816	64.85317902393867	
899 OLD STEESE HIGHWAY	99701	-147.68912477028044	64.85192171319692	
205 CRAIG AVENUE	99701	-147.6845882021239	64.84749634135072	
211 CRAIG AVENUE	99701	-147.6842368111792	64.84747856277346	
1275 SADLER WAY	99701	-147.67977156787498	64.8547851249449	
104 B STREET	99701	-147.68732608099583	64.8424013992037	
104 B STREET	99701	-147.68741560065993	64.84240133255993	
104 B STREET	99701	-147.687279642866	64.84246590748845	
104 B STREET	99701	-147.68734666014677	64.84246277273655	
104 B STREET	99701	-147.68742063884585	64.84246395112085	
104 B STREET	99701	-147.68729527893066	64.84254852453947	
104 B STREET	99701	-147.68736649089612	64.84254783481428	
104 B STREET	99701	-147.6874375564601	64.84254702917315	
104 B STREET	99701	-147.68730486933538	64.84259702481923	
104 B STREET	99701	-147.68736440666788	64.84259694314292	
104 B STREET	99701	-147.6874348254218	64.84259691560638	
102 B STREET	99701	-147.68736698283982	64.84284626286545	
102 B STREET	99701	-147.68738003374182	64.84287650285188	
102 B STREET	99701	-147.68719854754568	64.84282870698858	
102 B STREET	99701	-147.68720936728866	64.84285897230693	
102 B STREET	99701	-147.68721916176654	64.84289067323863	
102 B STREET	99701	-147.6869951663544	64.84284098621359	
102 B STREET	99701	-147.68701071313183	64.84287547074499	
102 B STREET	99701	-147.68702822136652	64.84290566018376	
102 B STREET	99701	-147.68682684786802	64.8428609383784	
102 B STREET	99701	-147.68683173847742	64.84288557327616	
102 B STREET	99701	-147.68684258753873	64.8429163129447	
100 B STREET	99701	-147.68651019967746	64.84283124868007	
100 B STREET	99701	-147.686510196619	64.8428846645318	
100 B STREET	99701	-147.68636362949997	64.84278875346331	
100 B STREET	99701	-147.6863661248972	64.84282860913599	
100 B STREET	99701	-147.68635463970747	64.84288571651018	
100 B STREET	99701	-147.68593542178246	64.84279147322431	
100 B STREET	99701	-147.685920102386	64.84284078990733	
100 B STREET	99701	-147.68592009815762	64.84289420576192	
100 B STREET	99701	-147.68577353307927	64.84279829410677	
100 B STREET	99701	-147.68577602760467	64.8428381497915	
100 B STREET	99701	-147.6857645411595	64.8428952571232	
548 SECOND STREET	99701	-147.69665284429595	64.84452309754005	
548 SECOND STREET	99701	-147.69661303021232	64.84454634276129	
548 SECOND STREET	99701	-147.69655871272573	64.84458732130547	
548 SECOND STREET	99701	-147.69652992594456	64.84460854113706	
548 SECOND STREET	99701	-147.69649450985335	64.84463078682099	
15 GLACIER AVENUE	99701	-147.69275343842878	64.84339831895709	
15 GLACIER AVENUE	99701	-147.69274988979816	64.84334185679462	
15 GLACIER AVENUE	99701	-147.69275311943048	64.84328674234082	
151 HAMILTON AVENUE	99701	-147.6931507665126	64.8433325178723	
151 HAMILTON AVENUE	99701	-147.6931467025481	64.84326787121503	
151 HAMILTON AVENUE	99701	-147.69314248946083	64.84320085205457	
1131 SADLER WAY	99701	-147.682443394849	64.85381471893746	
609 FRONT STREET	99701	-147.69659533605855	64.8431305790713	
609 FRONT STREET	99701	-147.6963727805453	64.84299779693879	
609 FRONT STREET	99701	-147.697130959154	64.84297347540331	
90 B STREET	99701	-147.68612543695494	64.84207125708187	
1275 SADLER WAY	99701	-147.68023241429745	64.85492675393037	
1275 SADLER WAY	99701	-147.68014658504472	64.85490611984108	
1275 SADLER WAY	99701	-147.67994710118202	64.85469174157038	
1275 SADLER WAY	99701	-147.68056531786158	64.85489604763336	
1275 SADLER WAY	99701	-147.68040004621682	64.85484093805871	
1275 SADLER WAY	99701	-147.6802608330569	64.85480096524314	
1275 SADLER WAY	99701	-147.68020694588935	64.85487635642053	
534 FRONT STREET	99701	-147.69799850812333	64.84441554792231	
318 SECOND STREET	99701	-147.70272321131657	64.84663893774005	
92 B STREET	99701	-147.6868868384209	64.84211651162823	
90 B STREET	99701	-147.6861281156438	64.84200712700671	
90 B STREET	99701	-147.68613143674173	64.84189978215294	
90 B STREET	99701	-147.68612946539398	64.84181481350336	
90 B STREET	99701	-147.68614398760613	64.84204683187887	
90 B STREET	99701	-147.6861466662492	64.8419827018033	
90 B STREET	99701	-147.68614998727153	64.84187535694902	
90 B STREET	99701	-147.68614801586813	64.84179038829953	
90 B STREET	99701	-147.68629734806598	64.84200188416035	
90 B STREET	99701	-147.68630342051372	64.84189391499056	
90 B STREET	99701	-147.68630434490356	64.84181069369313	
90 B STREET	99701	-147.68627775710962	64.84204531564745	
90 B STREET	99701	-147.68627838487782	64.84198405768296	
90 B STREET	99701	-147.68626894209305	64.84187329718971	
90 B STREET	99701	-147.68626436347728	64.84179571668083	
92 B STREET	99701	-147.68688423092263	64.84207487702776	
92 B STREET	99701	-147.68689381183887	64.84197850031345	
92 B STREET	99701	-147.68689502080812	64.8419399081483	
92 B STREET	99701	-147.6868953108246	64.84185099631664	
92 B STREET	99701	-147.6868939768629	64.8418074468316	
92 B STREET	99701	-147.68691245999875	64.84210257064323	
92 B STREET	99701	-147.68690985246252	64.84206093604324	
92 B STREET	99701	-147.6869069669963	64.84196588786946	
92 B STREET	99701	-147.68690817594643	64.84192729570421	
92 B STREET	99701	-147.6869181822497	64.84183767963171	
92 B STREET	99701	-147.686916848252	64.84179413014691	
92 B STREET	99701	-147.6870254393173	64.84210306892797	
92 B STREET	99701	-147.6870228316065	64.84206143433039	
92 B STREET	99701	-147.68703241202255	64.84196505760823	
92 B STREET	99701	-147.68703362079293	64.8419264654424	
92 B STREET	99701	-147.6870339103524	64.84183755361141	
92 B STREET	99701	-147.68703257616764	64.84179400412812	
92 B STREET	99701	-147.68705294889176	64.84207474377294	
92 B STREET	99701	-147.68705834971126	64.84197841447438	
92 B STREET	99701	-147.68705684571793	64.84194104018836	
92 B STREET	99701	-147.6870627463577	64.84185265778763	
92 B STREET	99701	-147.6870653686921	64.84180550211407	
619 SECOND STREET	99701	-147.69545100487406	64.84363363796052	
460 TAIL WAGGIN LANE	99712	-147.68115303445293	64.86919609186806	
365 HELMERICKS AVENUE	99701	-147.70444670481874	64.85575618761087	
369 HELMERICKS AVENUE	99701	-147.70416814055937	64.85575755897962	
377 HELMERICKS AVENUE	99701	-147.70363059636176	64.8557600767303	
324 ANTOINETTE AVENUE	99701	-147.72632369022054	64.8554429161907	
323 ANTOINETTE AVENUE	99701	-147.72543888309497	64.85547498921872	
322 ANTOINETTE AVENUE	99701	-147.72635271657475	64.85559751755898	
817 AUSTIN STREET	99701	-147.7272465650857	64.8574351691859	
813 AUSTIN STREET	99701	-147.72687862251482	64.85738071392029	
312 ANTOINETTE AVENUE	99701	-147.72636548580877	64.85610421221448	
302 ANTOINETTE AVENUE	99701	-147.72637830694939	64.85652863482753	
218 ANTOINETTE AVENUE	99701	-147.72582727477823	64.8569287987683	
306 ANTOINETTE AVENUE	99701	-147.72649356375072	64.85628710295971	
845 COLLEGE ROAD	99701	-147.7274755742414	64.85904876914306	
840 COLLEGE ROAD	99701	-147.7273987183274	64.85958847306978	
724 COLLEGE ROAD	99701	-147.72385706080675	64.85924127330064	
720 COLLEGE ROAD	99701	-147.7229605782131	64.85920577802659	
610 COLLEGE ROAD	99701	-147.72155134603906	64.85910363735172	
824 ANDREW STREET	99701	-147.72727380108566	64.85857080491712	
111 ANTOINETTE AVENUE	99701	-147.72477363504382	64.85778946636405	
825 ANDREW STREET	99701	-147.72778578614233	64.85826942405578	
809 ANDREW STREET	99701	-147.72628758870886	64.85813399128975	
267 COLLEGE ROAD	99701	-147.7172118498667	64.85759561358036	
401 COLLEGE ROAD	99701	-147.7170335937228	64.85783897460206	
255 COLLEGE ROAD	99701	-147.7163286216408	64.85719964189465	
525 MERHAR AVENUE	99701	-147.69085355490657	64.85699912552788	
537 JOHANSEN EXPRESSWAY	99701	-147.68952442039318	64.85646028242068	
400 MERHAR AVENUE	99701	-147.7025871052196	64.85837770362964	
1292 SADLER WAY	99701	-147.6830893558442	64.85557807579228	
1288 SADLER WAY	99701	-147.68146079982932	64.85624107405009	
340 MERHAR AVENUE	99701	-147.70592449298786	64.85840734437873	
419 MERHAR AVENUE	99701	-147.7000365459164	64.85696498861171	
419 MERHAR AVENUE	99701	-147.70017355891815	64.85696529787981	
419 MERHAR AVENUE	99701	-147.70029212586059	64.8569662683174	
506 MERHAR AVENUE	99701	-147.69404194526888	64.85830164373034	
510 MERHAR AVENUE	99701	-147.6924300131335	64.85825884870265	
420 MERHAR AVENUE	99701	-147.69945240181653	64.85829185908383	
471 TAIL WAGGIN LANE	99712	-147.68195065053854	64.86916489645321	
328 GLORIA AVENUE	99701	-147.72765283550316	64.85552608881055	
324 GLORIA AVENUE	99701	-147.7275660349478	64.85582960427715	
212 WEDGEWOOD DRIVE	99701	-147.7193018417331	64.8608208947915	
417 WEDGEWOOD DRIVE	99701	-147.71612335764377	64.86089709538183	
416 WEDGEWOOD DRIVE	99701	-147.7157326507081	64.86094820533692	
415 WEDGEWOOD DRIVE	99701	-147.7153528873658	64.86101626696211	
410 WEDGEWOOD DRIVE	99701	-147.71505450975985	64.8621750004783	
409 WEDGEWOOD DRIVE	99701	-147.71526101636408	64.86268588559457	
408 WEDGEWOOD DRIVE	99701	-147.71565827390728	64.8627380381639	
407 WEDGEWOOD DRIVE	99701	-147.71602994909549	64.86278431685325	
402 WEDGEWOOD DRIVE	99701	-147.71793266851046	64.86187198838658	
8 BLANCHE AVENUE	99701	-147.71876945256577	64.85926040984667	
6 BLANCHE AVENUE	99701	-147.7188914565169	64.85910699728097	
5 BLANCHE AVENUE	99701	-147.7179844979923	64.85893521394108	
17 BLANCHE AVENUE	99701	-147.71759414242965	64.85981814746162	
217 PALACE CIRCLE	99701	-147.718546148225	64.85764911311844	
205 PALACE CIRCLE	99701	-147.7192251700534	64.85810889648195	
202 PRINCESS DRIVE	99701	-147.71963628989658	64.85712611544005	
221 PALACE CIRCLE	99701	-147.71837246410956	64.8574386084905	
9 ELEANOR AVENUE	99701	-147.7200040934072	64.85953526931495	
361 HELMERICKS AVENUE	99701	-147.70472076428445	64.85575122618383	
1625 SEEKINS FORD DRIVE	99701	-147.6796273375366	64.85686771762792	
847 COLLEGE ROAD	99701	-147.72769964017863	64.85896834145946	
849 COLLEGE ROAD	99701	-147.72791668217033	64.8589837526854	
449 HAROLD BENTLEY AVENUE	99701	-147.6970681217808	64.85942512635918	
433 HAROLD BENTLEY AVENUE	99701	-147.70149233015826	64.85957980126678	
15 ANTOINETTE AVENUE	99701	-147.72351428606515	64.85840369097824	
10 ELEANOR AVENUE	99701	-147.72059112755244	64.85974324115689	
321 GLORIA AVENUE	99701	-147.72654977030612	64.85572840210963	
810 COLLEGE ROAD	99701	-147.72597535212498	64.85929786193094	
307 ANTOINETTE AVENUE	99701	-147.7256806425	64.85633718487077	
9 ANTOINETTE AVENUE	99701	-147.72464816059673	64.85862062459707	
145 PALACE CIRCLE	99701	-147.72359476733263	64.85594927754823	
149 PALACE CIRCLE	99701	-147.72383313519654	64.85611594799258	
705 O'CONNOR ROAD	99701	-147.72405220717258	64.8562080403066	
109 ANTOINETTE AVENUE	99701	-147.72474740358683	64.85795909846905	
823 ANDREW STREET	99701	-147.72738376330025	64.8582481499995	
810 ANDREW STREET	99701	-147.72566288174156	64.85860191188362	
825 COLLEGE ROAD	99701	-147.72689051945827	64.85902579132295	
807 COLLEGE ROAD	99701	-147.7255562120406	64.85884284706754	
7 ANTOINETTE AVENUE	99701	-147.72459187781382	64.8587828695564	
320 GLORIA AVENUE	99701	-147.72820286916055	64.85614729182451	
3 ANTOINETTE AVENUE	99701	-147.72453287619751	64.85894733448879	
13 ANTOINETTE AVENUE	99701	-147.72313799149416	64.85839523375023	
832 ANDREW STREET	99701	-147.7279447842998	64.85857801002051	
818 AUSTIN STREET	99701	-147.7271897462049	64.85772917120924	
189 PALACE CIRCLE	99701	-147.72107820056334	64.85787875591758	
183 PALACE CIRCLE	99701	-147.72121118882302	64.85773430006903	
181 PALACE CIRCLE	99701	-147.72147611853208	64.85759029384583	
152 PALACE CIRCLE	99701	-147.72277022499017	64.85641109685072	
169 PALACE CIRCLE	99701	-147.72235561084003	64.85720840529788	
157 PALACE CIRCLE	99701	-147.7233142229727	64.85693536510823	
156 PALACE CIRCLE	99701	-147.7225641723557	64.85674600067222	
153 PALACE CIRCLE	99701	-147.72353058081225	64.8566813119353	
150 PALACE CIRCLE	99701	-147.72278964715593	64.85626622838718	
832 O'CONNOR ROAD	99701	-147.72831595788182	64.85705006929727	
820 O'CONNOR ROAD	99701	-147.72743238462428	64.85690926967939	
103 MARYLEIGH AVENUE	99701	-147.72816173022088	64.85824255544033	
232 PRINCESS DRIVE	99701	-147.72239429502943	64.8563617821092	
230 PRINCESS DRIVE	99701	-147.72224476050343	64.85643655725744	
228 PRINCESS DRIVE	99701	-147.7222543487303	64.85655024817945	
177 PALACE CIRCLE	99701	-147.72167626642215	64.85747779056388	
173 PALACE CIRCLE	99701	-147.7218974918499	64.85734376744144	
171 PALACE CIRCLE	99701	-147.72215049596164	64.8572417528168	
154 PALACE CIRCLE	99701	-147.72272633159832	64.8566022131436	
165 PALACE CIRCLE	99701	-147.72271592412284	64.85712848996127	
164 PALACE CIRCLE	99701	-147.72183827047814	64.85698307364873	
161 PALACE CIRCLE	99701	-147.7230069329731	64.85709478555098	
160 PALACE CIRCLE	99701	-147.72224898004134	64.85685889432757	
806 O'CONNOR ROAD	99701	-147.72658663787885	64.85681903840606	
709 O'CONNOR ROAD	99701	-147.72431087305606	64.85631761276566	
55 ANNA AVENUE	99701	-147.71493824072888	64.85957743736148	
49 ANNA AVENUE	99701	-147.71488885777345	64.85940707768324	
7 HARRIET AVENUE	99701	-147.71600186344241	64.8588213611501	
14 HARRIET AVENUE	99701	-147.71664080329194	64.85918919551078	
12 HARRIET AVENUE	99701	-147.71680654044818	64.85904241167012	
59 ANNA AVENUE	99701	-147.7148603050664	64.8597838183442	
47 ANNA AVENUE	99701	-147.71500095332658	64.85925065840316	
37 ANNA AVENUE	99701	-147.71498869043185	64.85858919011201	
601 COLLEGE ROAD	99701	-147.72027210819343	64.85874002480344	
409 COLLEGE ROAD	99701	-147.71792333273333	64.85831527106824	
151 FARMERS LOOP EXT ROAD	99712	-147.679219267914	64.86767448922153	
455 TAIL WAGGIN LANE	99712	-147.68121768910754	64.86760269740957	
1248 OLD STEESE HIGHWAY	99701	-147.68590185252472	64.85552944237342	
430 MERHAR AVENUE	99701	-147.69749602193323	64.8583075159676	
410 MERHAR AVENUE	99701	-147.70091170236915	64.8583966961084	
24 MARGARET AVENUE	99701	-147.72551703488068	64.86118579949942	
495 HAROLD BENTLEY AVENUE	99701	-147.69498850290515	64.8594958216524	
523 HAROLD BENTLEY AVENUE	99701	-147.690974042653	64.85937104347074	
559 HAROLD BENTLEY AVENUE	99701	-147.6875300472402	64.85947944237377	
1301 OLD STEESE HIGHWAY	99701	-147.6825771927159	64.85730286840823	
437 FLESHMAN STREET	99712	-147.6788778423454	64.86910518355994	
805 ANDREW STREET	99701	-147.72586166675666	64.85812457628558	
29 HARRIET AVENUE	99701	-147.71576226458242	64.85980099474324	
450 TAIL WAGGIN LANE	99712	-147.6794847540245	64.86870958312532	
5 MARGARET AVENUE	99701	-147.72400684992547	64.8594772510015	
421 MERHAR AVENUE	99701	-147.6995069374715	64.85698673422246	
423 MERHAR AVENUE	99701	-147.69847429621257	64.85698023394616	
360 MERHAR AVENUE	99701	-147.70467455365804	64.85842739521291	
511 HAROLD BENTLEY AVENUE	99701	-147.6922582204205	64.85932593056313	
391 MERHAR AVENUE	99701	-147.70334060904702	64.85700608523995	
413 MERHAR AVENUE	99701	-147.7021735397008	64.85698673608348	
415 MERHAR AVENUE	99701	-147.70155712855015	64.85698769008964	
417 MERHAR AVENUE	99701	-147.70098330938131	64.8569820556605	
203 PRINCESS DRIVE	99701	-147.71940216461667	64.85667752598289	
211 PRINCESS DRIVE	99701	-147.7199159970434	64.85663872937056	
215 PRINCESS DRIVE	99701	-147.72031215436797	64.8565214865403	
219 PRINCESS DRIVE	99701	-147.72056418053177	64.8563979312957	
153 PALACE CIRCLE	99701	-147.7236710859711	64.85665051654513	
710 O'CONNOR ROAD	99701	-147.72410992490745	64.85679739671015	
223 PRINCESS DRIVE	99701	-147.72103590493262	64.8563169976459	
239 HIS MAJESTY'S AVENUE	99701	-147.72149007797043	64.85585349764327	
227 PRINCESS DRIVE	99701	-147.7212825486533	64.85626434505642	
241 HIS MAJESTY'S AVENUE	99701	-147.72197182441232	64.85572447059346	
231 PRINCESS DRIVE	99701	-147.72170971610785	64.85616611103691	
8 ANTOINETTE AVENUE	99701	-147.725341428803	64.85857509804723	
10 MARIETTA AVENUE	99701	-147.72267993038142	64.85967192051748	
831 AUSTIN STREET	99701	-147.7282814894132	64.85740307355897	
9 MARGARET AVENUE	99701	-147.7240093594315	64.85957853455278	
11 MARGARET AVENUE	99701	-147.72381834376696	64.85976273234581	
7 MARIETTA AVENUE	99701	-147.7219339814532	64.85947198862569	
11 MARIETTA AVENUE	99701	-147.72192718405313	64.85977481610014	
5 ELEANOR AVENUE	99701	-147.72016137390295	64.85919546469295	
14 BLANCHE AVENUE	99701	-147.7186768320828	64.85958859695347	
12 BLANCHE AVENUE	99701	-147.71867917432814	64.85957086914915	
16 HARRIET AVENUE	99701	-147.71670992658986	64.85930455305589	
17 ANNA AVENUE	99701	-147.71542846863775	64.85778569131243	
404 WEDGEWOOD DRIVE	99701	-147.71776536536714	64.8625630061077	
403 WEDGEWOOD DRIVE	99701	-147.71798350410214	64.86236336000826	
328 WEDGEWOOD DRIVE	99701	-147.71921409722097	64.86282035810393	
326 WEDGEWOOD DRIVE	99701	-147.71920179984716	64.86262632508365	
320 WEDGEWOOD DRIVE	99701	-147.71923271712947	64.86195246842303	
9 BLANCHE AVENUE	99701	-147.71817549797916	64.85926977684503	
229 PALACE CIRCLE	99701	-147.71855415209134	64.85708662198748	
225 PALACE CIRCLE	99701	-147.71847594525175	64.85730486510279	
200 PRINCESS DRIVE	99701	-147.71932913362116	64.85713468026354	
321 ANTOINETTE AVENUE	99701	-147.72565195325413	64.85562555505547	
320 ANTOINETTE AVENUE	99701	-147.72644113369108	64.85580111058704	
315 ANTOINETTE AVENUE	99701	-147.7255679137179	64.85596821896559	
204 ANTOINETTE AVENUE	99701	-147.72565419040828	64.85723276660792	
119 ANTOINETTE AVENUE	99701	-147.72478868060026	64.85759284704359	
826 AUSTIN STREET	99701	-147.72765029565062	64.85778359998444	
814 AUSTIN STREET	99701	-147.7268171451061	64.85773374318933	
811 AUSTIN STREET	99701	-147.72647637205108	64.85738904887583	
810 AUSTIN STREET	99701	-147.72639090383163	64.85767344469542	
805 AUSTIN STREET	99701	-147.72609429332348	64.85736439945781	
830 AUSTIN STREET	99701	-147.72832632280475	64.85779571378723	
11 ANTOINETTE AVENUE	99701	-147.7245276597381	64.85844308114358	
102 ANTOINETTE AVENUE	99701	-147.725428010739	64.85811122365104	
820 ANDREW STREET	99701	-147.72687675675016	64.85858582794292	
819 ANDREW STREET	99701	-147.72697642804417	64.85822257661994	
816 ANDREW STREET	99701	-147.72654171697585	64.85851220591097	
812 ANDREW STREET	99701	-147.72612459807155	64.85849180891883	
830 COLLEGE ROAD	99701	-147.7266666831077	64.85938840483205	
825 COLLEGE ROAD	99701	-147.72706233632383	64.85902301858351	
110 ANTOINETTE AVENUE	99701	-147.72565275922088	64.85772427955077	
701 COLLEGE ROAD	99701	-147.72275891699647	64.8587705726685	
612 COLLEGE ROAD	99701	-147.72192431685698	64.85909013569896	
251 HIS MAJESTY'S AVENUE	99701	-147.7234121653655	64.85570136538445	
249 HIS MAJESTY'S AVENUE	99701	-147.72327534261208	64.85539550612438	
319 GLORIA AVENUE	99701	-147.7267370313988	64.85581665061514	
306 GLORIA AVENUE	99701	-147.7277038401482	64.85648555340023	
815 COLLEGE ROAD	99701	-147.72638535568748	64.85893182112116	
809 COLLEGE ROAD	99701	-147.72592009854583	64.85887990237	
3 ELEANOR AVENUE	99701	-147.72011753168144	64.85904942970096	
15 ELEANOR AVENUE	99701	-147.71988147869862	64.85978722976782	
11 ELEANOR AVENUE	99701	-147.71990044959583	64.85969037996634	
12 MARIETTA AVENUE	99701	-147.72295547500272	64.85979783884757	
261 COLLEGE ROAD	99701	-147.7163910161376	64.8573514208171	
425 MERHAR AVENUE	99701	-147.6965539905318	64.85682463176111	
193 PALACE CIRCLE	99701	-147.7208761206344	64.85813099887002	
193 PALACE CIRCLE	99701	-147.72082390206256	64.85805622649235	
193 PALACE CIRCLE	99701	-147.72075878564343	64.85815075514739	
193 PALACE CIRCLE	99701	-147.72070652736016	64.85807539008475	
193 PALACE CIRCLE	99701	-147.72074414619163	64.85800907437991	
193 PALACE CIRCLE	99701	-147.72067715087127	64.85792141469736	
193 PALACE CIRCLE	99701	-147.72060461831109	64.85803086748935	
245 HIS MAJESTY'S AVENUE	99701	-147.72267371510304	64.85574929300594	
6 ELEANOR AVENUE	99701	-147.7207031269146	64.85935287091603	
4 ELEANOR AVENUE	99701	-147.7208004430834	64.85921798947268	
427 MERHAR AVENUE	99701	-147.6970761810179	64.85748983032188	
427 MERHAR AVENUE	99701	-147.69707919640857	64.85758335338689	
319 HELMERICKS AVENUE	99701	-147.70664171893526	64.85535932214832	
33 ANNA AVENUE	99701	-147.71516229886277	64.85826276634789	
411 WEDGEWOOD DRIVE	99701	-147.7150329478595	64.86203850571844	
406 WEDGEWOOD DRIVE	99701	-147.71642813570912	64.86283441625183	
405 WEDGEWOOD DRIVE	99701	-147.71763104258147	64.86277764145463	
25 HARRIET AVENUE	99701	-147.71590381077894	64.85963853999992	
24 HARRIET AVENUE	99701	-147.71689768324003	64.85965746129519	
23 HARRIET AVENUE	99701	-147.71579332921232	64.85928064050688	
21 HARRIET AVENUE	99701	-147.71582061480356	64.85943015967554	
20 HARRIET AVENUE	99701	-147.7169440078875	64.85955786460438	
405 COLLEGE ROAD	99701	-147.71760038656222	64.85812329910759	
418 WEDGEWOOD DRIVE	99701	-147.71771559937852	64.86313694008282	
209 COLLEGE ROAD	99701	-147.71617783604506	64.85583431564919	
411 MERHAR AVENUE	99701	-147.7011145522891	64.8577181593076	
407 MERHAR AVENUE	99701	-147.70108774307607	64.85787072534859	
409 MERHAR AVENUE	99701	-147.70110441228022	64.85779892010724	
193 PALACE CIRCLE	99701	-147.72052513871358	64.85794704627891	
425 HAROLD BENTLEY AVENUE	99701	-147.70361844635673	64.85964367210927	
313 WEDGEWOOD DRIVE	99701	-147.7211579596412	64.86252468196548	
312 WEDGEWOOD DRIVE	99701	-147.72115529162625	64.86238249667547	
311 WEDGEWOOD DRIVE	99701	-147.7213661056366	64.86199260238698	
310 WEDGEWOOD DRIVE	99701	-147.72135325778862	64.8618622300957	
305 WEDGEWOOD DRIVE	99701	-147.72238311130644	64.86215953075161	
304 WEDGEWOOD DRIVE	99701	-147.72234791618845	64.86200821796423	
302 WEDGEWOOD DRIVE	99701	-147.72229314727662	64.86166940073552	
234 PRINCESS DRIVE	99701	-147.7223892098243	64.85627265340766	
220 PRINCESS DRIVE	99701	-147.72134645491536	64.85669108518344	
816 O'CONNOR ROAD	99701	-147.72703107066582	64.85685305968994	
400 COLLEGE ROAD	99701	-147.71692299387104	64.85845257538213	
236 PRINCESS DRIVE	99701	-147.72241942605123	64.85614296771946	
148 PALACE CIRCLE	99701	-147.7227999592366	64.85615971766565	
414 WEDGEWOOD DRIVE	99701	-147.71496573012578	64.86108466049096	
413 WEDGEWOOD DRIVE	99701	-147.7150272972638	64.86174662435847	
412 WEDGEWOOD DRIVE	99701	-147.7150113504262	64.86189996017424	
318 WEDGEWOOD DRIVE	99701	-147.71923578881095	64.86179927984077	
225 WEDGEWOOD DRIVE	99701	-147.7156775915944	64.86037612460687	
224 WEDGEWOOD DRIVE	99701	-147.7161150298904	64.86038165594299	
223 WEDGEWOOD DRIVE	99701	-147.71690795227022	64.86014668942195	
222 WEDGEWOOD DRIVE	99701	-147.716938255639	64.8603198888303	
16 BLANCHE AVENUE	99701	-147.71868259347022	64.85976242243186	
13 BLANCHE AVENUE	99701	-147.71790837308313	64.8595967164062	
10 BLANCHE AVENUE	99701	-147.71873145277885	64.85944037323152	
504 COLLEGE ROAD	99701	-147.71892015360976	64.8589197575747	
420 COLLEGE ROAD	99701	-147.71798723061158	64.85875224841772	
6 HARRIET AVENUE	99701	-147.71703664495755	64.85873568480744	
325 WEDGEWOOD DRIVE	99701	-147.72208160283398	64.86055585760217	
315 WEDGEWOOD DRIVE	99701	-147.72118089183417	64.86278422654712	
314 WEDGEWOOD DRIVE	99701	-147.72116617697603	64.86265312303547	
309 WEDGEWOOD DRIVE	99701	-147.72135458493878	64.86173103337826	
308 WEDGEWOOD DRIVE	99701	-147.7213328167368	64.86159180759739	
307 WEDGEWOOD DRIVE	99701	-147.72237104078522	64.86248082615872	
306 WEDGEWOOD DRIVE	99701	-147.72238735136366	64.86232759355059	
401 WEDGEWOOD DRIVE	99701	-147.71810256677105	64.86166909553005	
400 WEDGEWOOD DRIVE	99701	-147.71825803820593	64.86148955223432	
330 WEDGEWOOD DRIVE	99701	-147.71922719651934	64.86302532154929	
316 WEDGEWOOD DRIVE	99701	-147.71919856793625	64.8616192085643	
300 WEDGEWOOD DRIVE	99701	-147.7228554723993	64.86165622874736	
227 WEDGEWOOD DRIVE	99701	-147.71488006078383	64.86037748124004	
226 WEDGEWOOD DRIVE	99701	-147.7152342585989	64.86038123803539	
221 WEDGEWOOD DRIVE	99701	-147.71694272197607	64.86049336132149	
220 WEDGEWOOD DRIVE	99701	-147.71693636008513	64.86064785650038	
575 HAROLD BENTLEY AVENUE	99701	-147.6847716375373	64.85940656192093	
420 WEDGEWOOD DRIVE	99701	-147.71408860471075	64.86170214909677	
230 WEDGEWOOD DRIVE	99701	-147.71370040804163	64.86056311463214	
551 HAROLD BENTLEY AVENUE	99701	-147.68914544427528	64.85958242756035	
357 MERHAR AVENUE	99701	-147.70499916683806	64.85705758840204	
524 HAROLD BENTLEY AVENUE	99701	-147.69056081773223	64.86015599503662	
399 HELMERICKS AVENUE	99701	-147.7014735055214	64.85570758081195	
59 ANNA AVENUE	99701	-147.71472233154796	64.85985829882495	
31 ANNA AVENUE	99701	-147.71490869742306	64.85798924520302	
18 HARRIET AVENUE	99701	-147.71669246067822	64.85938072501067	
15 BLANCHE AVENUE	99701	-147.71785835744916	64.85971999771303	
8 ELEANOR AVENUE	99701	-147.72063958531209	64.85956793875906	
6 ELEANOR AVENUE	99701	-147.72073091945592	64.85935353284347	
8 ELEANOR AVENUE	99701	-147.72067437391283	64.85956950319931	
8 ELEANOR AVENUE	99701	-147.72081770707476	64.85956882945935	
8 ELEANOR AVENUE	99701	-147.72108970551747	64.85959125707011	
8 ELEANOR AVENUE	99701	-147.72111980861592	64.85959189219355	
10 MARIETTA AVENUE	99701	-147.72267993038142	64.85967192051748	
10 MARIETTA AVENUE	99701	-147.72283634557218	64.85971613531194	
10 MARIETTA AVENUE	99701	-147.7229604614836	64.85963749255482	
610 COLLEGE ROAD NORTH	99701	-147.7217649633591	64.85911452728926	
610 COLLEGE ROAD	99701	-147.7215403357321	64.85914979106178	
610 COLLEGE ROAD	99701	-147.72152358407703	64.85921531363175	
610 COLLEGE ROAD	99701	-147.72157424185494	64.85929787165934	
610 COLLEGE ROAD	99701	-147.72161986996113	64.85930179770054	
612 COLLEGE ROAD	99701	-147.72207128419234	64.85909585758378	
612 COLLEGE ROAD	99701	-147.72206030071877	64.85919694647444	
119 ANTOINETTE AVENUE	99701	-147.72470421593854	64.85758194906167	
409 COLLEGE ROAD	99701	-147.7180586619794	64.85835427788912	
409 COLLEGE ROAD	99701	-147.71821211941338	64.85841046008582	
409 COLLEGE ROAD	99701	-147.71837551280586	64.85846218179495	
153 PALACE CIRCLE	99701	-147.7236105928086	64.85664331425824	
150 PALACE CIRCLE	99701	-147.7227901046743	64.85634314298544	
152 PALACE CIRCLE	99701	-147.7227613354696	64.85648147261014	
236 PRINCESS DRIVE	99701	-147.7224178033262	64.85615248249462	
815 COLLEGE ROAD	99701	-147.72638965251636	64.85890995011873	
823 ANDREW STREET	99701	-147.72738685730423	64.858234634114	
825 ANDREW STREET	99701	-147.72778877185218	64.85825422431137	
204 ANTOINETTE AVENUE	99701	-147.72564713939238	64.85724632836009	
204 ANTOINETTE AVENUE	99701	-147.7258374879351	64.8573115196296	
204 ANTOINETTE AVENUE	99701	-147.72571180021393	64.85732814297315	
830 AUSTIN STREET	99701	-147.72828155484126	64.85779385973655	
311 ANTOINETTE AVENUE	99701	-147.72573511810157	64.85627957955359	
327 ANTOINETTE AVENUE	99701	-147.7254929272704	64.85534713495112	
327 ANTOINETTE AVENUE	99701	-147.7252251096039	64.85534786750554	
2 ELEANOR AVENUE	99701	-147.72076526558467	64.85909990714397	
168 PALACE CIRCLE	99701	-147.7207490773644	64.85698258956312	
168 PALACE CIRCLE	99701	-147.72087393525516	64.85693567957567	
168 PALACE CIRCLE	99701	-147.72087843895093	64.85690355128953	
168 PALACE CIRCLE	99701	-147.72098705974287	64.85685906150636	
168 PALACE CIRCLE	99701	-147.72105895309352	64.85685543999007	
168 PALACE CIRCLE	99701	-147.7211834199081	64.85680239861463	
176 PALACE CIRCLE	99701	-147.72074740362532	64.85736669037533	
176 PALACE CIRCLE	99701	-147.72072391773273	64.85730699286695	
176 PALACE CIRCLE	99701	-147.72066298893316	64.85727701591554	
176 PALACE CIRCLE	99701	-147.72064012481565	64.85722707367344	
176 PALACE CIRCLE	99701	-147.72066455084877	64.8571988980823	
176 PALACE CIRCLE	99701	-147.72057643466562	64.85715389470636	
184 PALACE CIRCLE	99701	-147.71986728982867	64.8576000100692	
184 PALACE CIRCLE	99701	-147.72004011926603	64.85758546037184	
184 PALACE CIRCLE	99701	-147.72008455965673	64.85756263186717	
184 PALACE CIRCLE	99701	-147.7202378227267	64.85754970258539	
184 PALACE CIRCLE	99701	-147.7203044140484	64.85756566770841	
184 PALACE CIRCLE	99701	-147.72047396753027	64.8575511553911	
192 PALACE CIRCLE	99701	-147.71933503420829	64.85727424134683	
192 PALACE CIRCLE	99701	-147.71935205506503	64.8573354081596	
192 PALACE CIRCLE	99701	-147.71941926646085	64.8573611298659	
192 PALACE CIRCLE	99701	-147.71945266917143	64.85742210729872	
192 PALACE CIRCLE	99701	-147.7194186801436	64.85745457636723	
192 PALACE CIRCLE	99701	-147.71944588604353	64.85752120475598	
197 PALACE CIRCLE	99701	-147.720398934827	64.85821645886713	
197 PALACE CIRCLE	99701	-147.72020295690558	64.8582187254206	
197 PALACE CIRCLE	99701	-147.7203976275923	64.85826577086348	
197 PALACE CIRCLE	99701	-147.72020177250647	64.85826993195602	
197 PALACE CIRCLE	99701	-147.72006584982026	64.85823547957172	
197 PALACE CIRCLE	99701	-147.7198920220508	64.85823559360888	
197 PALACE CIRCLE	99701	-147.72006478623737	64.85828858067097	
197 PALACE CIRCLE	99701	-147.7198954119898	64.85828864320959	
197 PALACE CIRCLE	99701	-147.7197462490735	64.85825623959133	
197 PALACE CIRCLE	99701	-147.7195544825162	64.85825466377145	
197 PALACE CIRCLE	99701	-147.71974036782746	64.85830370848942	
197 PALACE CIRCLE	99701	-147.71955750872507	64.85830203058342	
205 PALACE CIRCLE	99701	-147.71931774170898	64.85803746047732	
205 PALACE CIRCLE	99701	-147.71915224151903	64.85809815004549	
205 PALACE CIRCLE	99701	-147.71923226975252	64.85802517576037	
205 PALACE CIRCLE	99701	-147.71941764213128	64.85799648867355	
205 PALACE CIRCLE	99701	-147.71947203370775	64.85794087427195	
205 PALACE CIRCLE	99701	-147.7193136267528	64.85797304257089	
205 PALACE CIRCLE	99701	-147.7193504453297	64.85792142326527	
1292 SADLER WAY	99701	-147.68315198790523	64.85554593908874	
1292 SADLER WAY	99701	-147.6831066132147	64.85552916745303	
1292 SADLER WAY	99701	-147.6830402415048	64.85556056044089	
1292 SADLER WAY	99701	-147.68304283294225	64.85551338919105	
1292 SADLER WAY	99701	-147.68299745837436	64.85549661752164	
1292 SADLER WAY	99701	-147.68293108661632	64.85552801046104	
1292 SADLER WAY	99701	-147.68298020082545	64.85554552584887	
1292 SADLER WAY	99701	-147.68294290557824	64.85548073480584	
1292 SADLER WAY	99701	-147.68287653379508	64.85551212772108	
492 MERHAR AVENUE	99701	-147.69514632036552	64.8583033962661	
410 MERHAR AVENUE	99701	-147.7010627320147	64.85840209163626	
410 MERHAR AVENUE	99701	-147.70072780792333	64.85840117300476	
410 MERHAR AVENUE	99701	-147.70057677834538	64.85839577713669	
410 MERHAR AVENUE	99701	-147.7004317738072	64.85839743484632	
1369 NORTHSIDE BOULEVARD	99701	-147.68507096406447	64.86107465207643	
825 O'CONNOR ROAD	99701	-147.7279696653032	64.85662212472356	
267 COLLEGE ROAD	99701	-147.71705775678512	64.85762967946926	
267 COLLEGE ROAD	99701	-147.71687695279007	64.8576650037326	
267 COLLEGE ROAD	99701	-147.71670091310375	64.8577050203186	
261 COLLEGE ROAD	99701	-147.7164238063733	64.85738427965244	
261 COLLEGE ROAD	99701	-147.71642034717425	64.85741755678647	
261 COLLEGE ROAD	99701	-147.71645095405907	64.85745993677445	
261 COLLEGE ROAD	99701	-147.71650349155274	64.85749612814037	
261 COLLEGE ROAD	99701	-147.71651807201988	64.85733096179764	
261 COLLEGE ROAD	99701	-147.7165780104061	64.85743947770293	
261 COLLEGE ROAD	99701	-147.71655086238508	64.85736382060476	
261 COLLEGE ROAD	99701	-147.71663054802968	64.85747566902374	
261 COLLEGE ROAD	99701	-147.7165474033454	64.85739709774144	
261 COLLEGE ROAD	99701	-147.71658964156475	64.85753430579865	
255 COLLEGE ROAD	99701	-147.71649334364633	64.85718349668699	
255 COLLEGE ROAD	99701	-147.71687266123905	64.85714564473989	
255 COLLEGE ROAD	99701	-147.71669780970794	64.85716048329095	
145 PALACE CIRCLE	99701	-147.723651800944	64.85592487619827	
145 PALACE CIRCLE	99701	-147.72373799782042	64.8558983557332	
145 PALACE CIRCLE	99701	-147.72379781960976	64.85587392201198	
149 PALACE CIRCLE	99701	-147.72377542131755	64.85613845863405	
149 PALACE CIRCLE	99701	-147.72369603989708	64.85617119100873	
149 PALACE CIRCLE	99701	-147.72362979896613	64.85619997284671	
705 O'CONNOR ROAD	99701	-147.72410681634545	64.85618497243911	
705 O'CONNOR ROAD	99701	-147.72418423038403	64.85615202486625	
705 O'CONNOR ROAD	99701	-147.72424706579483	64.85612672514422	
709 O'CONNOR ROAD	99701	-147.72439079985415	64.85634564968656	
709 O'CONNOR ROAD	99701	-147.72447172023433	64.85637177638668	
709 O'CONNOR ROAD	99701	-147.72452445419165	64.85639348140714	
228 PRINCESS DRIVE	99701	-147.7221988321983	64.85657225807985	
228 PRINCESS DRIVE	99701	-147.72213777104415	64.85659480682034	
228 PRINCESS DRIVE	99701	-147.72207881830138	64.85661543156863	
375 MERHAR AVENUE	99701	-147.70296419430656	64.8577288290664	
498 HAROLD BENTLEY AVENUE	99701	-147.6930479883576	64.86032272443683	
316 ANTOINETTE AVENUE	99701	-147.72646998032232	64.85595841754947	
316 ANTOINETTE AVENUE	99701	-147.72647288626075	64.85597761359305	
7 ELEANOR AVENUE	99701	-147.72001176834516	64.85949814511306	
505 MARSHALL DRIVE	99712	-147.68607642621228	64.89420937194365	
528 MARSHALL DRIVE	99712	-147.68809280533213	64.89505696632784	
520 MARSHALL DRIVE	99712	-147.68745915334995	64.89493360790057	
754 ARKANSAS DRIVE	99712	-147.68087288540255	64.89302034248499	
453 KEEP DRIVE	99712	-147.68066493941328	64.89339750189289	
445 KEEP DRIVE	99712	-147.67932495802418	64.89350753182205	
448 KEEP DRIVE	99712	-147.67976279187883	64.89414004771504	
454 KEEP DRIVE	99712	-147.68055349838664	64.89402809406371	
464 KEEP DRIVE	99712	-147.68152164013958	64.89380111865569	
768 MINERS COURT	99712	-147.68275019817978	64.89354326648909	
515 MARSHALL DRIVE	99712	-147.68734116356282	64.8940639335648	
542 FARMERS LOOP ROAD	99712	-147.68970053652214	64.8943824888717	
536 MARSHALL DRIVE	99712	-147.68881590895015	64.89545804703229	
841 SKYLINE DRIVE	99712	-147.68944086795	64.89736412268957	
496 MCKINLEY VIEW DRIVE	99712	-147.68463482849018	64.89760718037837	
502 MCKINLEY VIEW DRIVE	99712	-147.68572301642942	64.89756635823572	
774 MINERS COURT	99712	-147.6837980863996	64.89388616729518	
494 KEEP DRIVE	99712	-147.6849509543803	64.89237794107848	
522 FARMERS LOOP ROAD	99712	-147.68768755775739	64.89332017569609	
518 FARMERS LOOP ROAD	99712	-147.68670893945938	64.89323053766886	
445 MARSHALL DRIVE	99712	-147.67941878635344	64.89491642319884	
485 MARSHALL DRIVE	99712	-147.68426315553518	64.89447966184298	
512 MARSHALL DRIVE	99712	-147.68673040401524	64.89483569306735	
462 MARSHALL DRIVE	99712	-147.68150281924764	64.89533492911919	
452 MARSHALL DRIVE	99712	-147.68050980121043	64.89548845596214	
442 MARSHALL DRIVE	99712	-147.67945295157594	64.89548792062199	
469 PANORAMA DRIVE	99712	-147.68184685409153	64.89603752558354	
475 PANORAMA DRIVE	99712	-147.68276597458936	64.895910805503	
485 PANORAMA DRIVE	99712	-147.6836939871838	64.89585287336321	
495 PANORAMA DRIVE	99712	-147.68463734296643	64.89572770966926	
456 PANORAMA DRIVE	99712	-147.68045074501663	64.89673498848548	
512 PANORAMA DRIVE	99712	-147.6862782357943	64.89612760737957	
479 MCKINLEY VIEW DRIVE	99712	-147.6839012600423	64.89710571431854	
483 MCKINLEY VIEW DRIVE	99712	-147.68420114817482	64.89707034155946	
834 SKYLINE DRIVE	99712	-147.6879566436271	64.89661075970028	
844 SKYLINE DRIVE	99712	-147.6877117057472	64.8971338780998	
753 GREEN MEADOW DRIVE	99712	-147.71224734371074	64.88532218717212	
755 GREEN MEADOW DRIVE	99712	-147.7126886743175	64.88568918285266	
857 BOUTON COURT	99712	-147.70382366024702	64.89763067617238	
450 FLESHMAN STREET	99712	-147.6795175989009	64.86957416948181	
465 BENSON STREET	99712	-147.6814758834608	64.87003525045944	
459 BENSON STREET	99712	-147.6812677398013	64.8700104437466	
455 BENSON STREET	99712	-147.6805014556824	64.87011005825515	
478 BENSON STREET	99712	-147.68261706593466	64.8704910553599	
482 BENSON STREET	99712	-147.68298663585102	64.87045818196964	
472 FARMERS LOOP ROAD	99712	-147.6826186911969	64.88979034831608	
705 TURNEY COURT	99712	-147.68007500199906	64.89023279990774	
702 TURNEY COURT	99712	-147.6795471321779	64.89057175311224	
451 COLORADO COURT	99712	-147.67986835001017	64.89127135207262	
630 HEMPEL STREET	99712	-147.6791312123942	64.88735888962282	
645 HEMPEL STREET	99712	-147.67969252506455	64.88807579160051	
651 HEMPEL STREET	99712	-147.67906449186415	64.88844849918766	
756 GREEN MEADOW DRIVE	99712	-147.7119790820282	64.88662501414852	
790 GREEN MEADOW DRIVE	99712	-147.71690369201553	64.88671770484905	
671 HEMPEL STREET	99712	-147.67877758709562	64.88918657000806	
463 ALEXANDER AVENUE	99712	-147.68073290247568	64.88848865462549	
461 COLORADO COURT	99712	-147.68142243723705	64.89108644927433	
475 COLORADO COURT	99712	-147.68262127441545	64.89116936975459	
466 COLORADO COURT	99712	-147.68229041163826	64.89162224091555	
440 COLORADO COURT	99712	-147.68028676260482	64.89192176621344	
473 FARMERS LOOP ROAD	99712	-147.68425689176647	64.88940278732126	
481 FARMERS LOOP ROAD	99712	-147.68588405267965	64.8897340351686	
376 LAYLA COURT	99712	-147.68345298659247	64.88869641502284	
596 ARVITA COURT	99712	-147.695706174168	64.89034841375847	
585 FIDELER ROAD	99712	-147.69447565684783	64.89209707800116	
601 FIDELER ROAD	99712	-147.69687850651633	64.89164772928596	
621 FIDELER ROAD	99712	-147.69798735027013	64.89208377858424	
790 CESSNA WAY	99712	-147.71618175050705	64.88329465164215	
822 CESSNA WAY	99712	-147.71963066330238	64.88301662248978	
791 AIR PARK DRIVE	99712	-147.71723327945563	64.88459668549831	
809 AIR PARK DRIVE	99712	-147.7184836713851	64.88484732293719	
810 GREEN MEADOW DRIVE	99712	-147.71808211398357	64.88679464167907	
775 GREEN MEADOW DRIVE	99712	-147.71464388384535	64.8857718331697	
692 BONNER STREET	99712	-147.6982487355013	64.89061131520442	
635 FIDELER ROAD	99712	-147.69990417680725	64.89157361011866	
651 FIDELER ROAD	99712	-147.70131620573505	64.89161286659113	
668 ECHO ACRES DRIVE	99712	-147.70924395172347	64.8892313320563	
433 FARMERS LOOP ROAD	99712	-147.68594339833518	64.88443676595686	
466 ALEXANDER AVENUE	99712	-147.68194818751712	64.88917171380511	
454 ALEXANDER AVENUE	99712	-147.6810516158531	64.88954985265515	
440 ALEXANDER AVENUE	99712	-147.6795841648488	64.88997402180469	
735 ARKANSAS DRIVE	99712	-147.68091345383323	64.89226076345895	
485 KEEP DRIVE	99712	-147.68345035812172	64.89191912062557	
599 ARVITA COURT	99712	-147.6954341581602	64.88916595498605	
615 ARVITA COURT	99712	-147.69783841884316	64.88920696995928	
1080 MUSHERS ROAD	99709	-147.74541886180035	64.89257468214961	
989 MUSHERS ROAD	99709	-147.73703251875577	64.89203751291565	
1318 SHUROS DRIVE	99709	-147.77286025642297	64.88808023511193	
493 MARSHALL DRIVE	99712	-147.68508308010348	64.89426644556099	
1155 FARMERS LOOP ROAD	99709	-147.75488252576443	64.89527806607117	
711 ARKANSAS DRIVE	99712	-147.67937702923405	64.89149108007929	
929 MUSHERS ROAD	99709	-147.73019185478844	64.89200386139254	
1350 GRENAC ROAD	99709	-147.77631372568408	64.89609257955297	
841 CONSTITUTION DRIVE	99709	-147.7425508572265	64.89690461371242	
815 CONSTITUTION DRIVE	99709	-147.74227131465315	64.89577265542138	
935 UNION DRIVE	99709	-147.7341114080076	64.89691991613569	
746 CONSTITUTION DRIVE	99709	-147.73910376521596	64.89285748739258	
870 FOXTAIL DRIVE	99712	-147.7249061192499	64.88802549930212	
490 FARMERS LOOP ROAD	99712	-147.6834323639917	64.89077022045866	
500 FARMERS LOOP ROAD	99712	-147.68612820582325	64.89186745934772	
1201 FARMERS LOOP ROAD	99709	-147.75837707887285	64.88907424511322	
1363 VIEWPOINTE DRIVE	99709	-147.7774090042331	64.88931803369482	
833 FOXTAIL DRIVE	99712	-147.72050183636807	64.88751455898058	
810 FOXTAIL DRIVE	99712	-147.71841554848544	64.8884750917442	
772 FOXTAIL DRIVE	99712	-147.71358422714331	64.88830327153781	
733 ECHO ACRES DRIVE	99712	-147.7131254252753	64.89087786914641	
735 ECHO ACRES DRIVE	99712	-147.71405340873932	64.89101616866473	
823 CESSNA WAY	99712	-147.71915105175498	64.88163729635845	
766 CESSNA WAY	99712	-147.7135952845063	64.88268285553669	
852 CESSNA WAY	99712	-147.72257177440787	64.88229003795209	
536 CAVU WAY	99712	-147.72466390016268	64.88323578625601	
749 AIR PARK DRIVE	99712	-147.71188415638062	64.88482680429902	
767 AIR PARK DRIVE	99712	-147.71382572013889	64.88457009244775	
839 AIR PARK DRIVE	99712	-147.7214765850706	64.88451442418211	
855 AIR PARK DRIVE	99712	-147.72318015217743	64.88438127819148	
875 AIR PARK DRIVE	99712	-147.72482398642188	64.88390358985059	
830 AIR PARK DRIVE	99712	-147.72070264842586	64.88629029886846	
635 ECHO ACRES DRIVE	99712	-147.71253581221424	64.88776037644408	
773 FOXTAIL DRIVE	99712	-147.7147318264747	64.88775235550467	
743 ECHO ACRES DRIVE	99712	-147.7145916880893	64.89182281885601	
1314 FARMERS LOOP ROAD	99709	-147.77171563846295	64.88722082537714	
1325 SHUROS DRIVE	99709	-147.77283214495284	64.88700166445632	
1326 FARMERS LOOP ROAD	99709	-147.7729103452643	64.88661866791388	
1338 FARMERS LOOP ROAD	99709	-147.7738632510204	64.88650332834624	
745 ECHO ACRES DRIVE	99712	-147.71220297098276	64.89202093761297	
969 MUSHERS ROAD	99709	-147.73611564026268	64.8912126353851	
991 MUSHERS ROAD	99709	-147.73761198324402	64.89213185155509	
728 CONSTITUTION DRIVE	99709	-147.7393779500622	64.89190096225383	
591 CONSTITUTION DRIVE	99709	-147.74189476669872	64.88565310117197	
611 CONSTITUTION DRIVE	99709	-147.74177631558052	64.8865937675839	
1041 OPEN WOOD COURT	99709	-147.7434418851889	64.89044967248479	
1044 OPEN WOOD COURT	99709	-147.7432397019896	64.89080771093826	
709 CONSTITUTION DRIVE	99709	-147.74128328462282	64.89101051029503	
1267 VIEWPOINTE DRIVE	99709	-147.76702812580797	64.88945158442108	
1221 VIEWPOINTE DRIVE	99709	-147.76263580068184	64.88976416773916	
1199 VIEWPOINTE DRIVE	99709	-147.76112135452655	64.88962354426785	
1362 VIEWPOINTE DRIVE	99709	-147.77757707082552	64.89025416741288	
1326 VIEWPOINTE DRIVE	99709	-147.77308841267947	64.89012222946387	
1314 VIEWPOINTE DRIVE	99709	-147.77211225639527	64.89018638758267	
1308 VIEWPOINTE DRIVE	99709	-147.77135074087406	64.89011567734222	
1300 VIEWPOINTE DRIVE	99709	-147.77057855928527	64.88996798621187	
1277 OVERHILL DRIVE	99709	-147.76949184701618	64.8903464388882	
1309 OVERHILL DRIVE	99709	-147.7713004926239	64.89113336208561	
1317 OVERHILL DRIVE	99709	-147.77215317185536	64.89127109626948	
1323 OVERHILL DRIVE	99709	-147.77305388675734	64.89120819830104	
1331 OVERHILL DRIVE	99709	-147.77409825605992	64.89120306596676	
731 CONSTITUTION DRIVE	99709	-147.74151207543656	64.8917078368627	
710 PYROLA DRIVE	99709	-147.75053092348224	64.89103622710952	
1092 CANDAMAR ROAD	99709	-147.74851491628854	64.89156020363663	
1110 CANDAMAR ROAD	99709	-147.75068084857682	64.89175637726608	
1122 CANDAMAR ROAD	99709	-147.75158751107648	64.89182091396198	
695 PYROLA DRIVE	99709	-147.75201732800573	64.89037432636054	
1130 WALKER WAY	99709	-147.75289671274237	64.89012258862616	
1158 WALKER WAY	99709	-147.75529863294574	64.88996091349368	
1372 SHUROS DRIVE	99709	-147.7782999222862	64.88813465933508	
1364 SHUROS DRIVE	99709	-147.77716403868854	64.8875542224454	
1350 SHUROS DRIVE	99709	-147.77546269321638	64.88750669058064	
1312 SHUROS DRIVE	99709	-147.77168517013237	64.88769189353889	
1306 SHUROS DRIVE	99709	-147.77080400806832	64.88817865237351	
1300 SHUROS DRIVE	99709	-147.7699176505601	64.88837495301912	
1304 FARMERS LOOP ROAD	99709	-147.76891159988497	64.88832831852122	
1350 FARMERS LOOP ROAD	99709	-147.7758441621244	64.8868715284048	
1363 SHUROS DRIVE	99709	-147.77667826369992	64.88671390741214	
1382 SHUROS DRIVE	99709	-147.77803457088237	64.88665720100107	
1357 VIEWPOINTE DRIVE	99709	-147.77668809726	64.88935518622722	
1351 VIEWPOINTE DRIVE	99709	-147.77593135649929	64.88931336877161	
1335 VIEWPOINTE DRIVE	99709	-147.77417364492138	64.88921468799657	
1293 VIEWPOINTE DRIVE	99709	-147.76962320764304	64.88937288663907	
1283 VIEWPOINTE DRIVE	99709	-147.76876818189166	64.88936786954348	
1275 VIEWPOINTE DRIVE	99709	-147.76774220268882	64.88948065389064	
1134 CANDAMAR ROAD	99709	-147.75307297948984	64.89192492437456	
1146 CANDAMAR ROAD	99709	-147.75410567343857	64.89182826807327	
1154 CANDAMAR ROAD	99709	-147.75482743246812	64.89182255100796	
853 FOXTAIL DRIVE	99712	-147.72177959983068	64.88758484720586	
675 ECHO ACRES DRIVE	99712	-147.7145425260109	64.88917548904834	
677 ECHO ACRES DRIVE	99712	-147.71595202365637	64.88928955610177	
681 ECHO ACRES DRIVE	99712	-147.71184142011091	64.88988450983126	
689 ECHO ACRES DRIVE	99712	-147.71586113568588	64.88983104217243	
879 MUSHERS ROAD	99712	-147.72530976710584	64.89180481891829	
588 CONSTITUTION DRIVE	99709	-147.74013936540982	64.88576477151877	
628 CONSTITUTION DRIVE	99709	-147.7395016014309	64.88746545142962	
648 CONSTITUTION DRIVE	99709	-147.74007720363252	64.88831637622518	
991 POND WEED COURT	99709	-147.73806869181047	64.8902217278219	
633 CONSTITUTION DRIVE	99709	-147.74227181452594	64.8876083871965	
651 CONSTITUTION DRIVE	99709	-147.741778074989	64.88846804451798	
671 CONSTITUTION DRIVE	99709	-147.74307099803707	64.88904850956347	
1033 OPEN WOOD COURT	99709	-147.74236168416263	64.89025975479278	
1043 MUSHERS ROAD	99709	-147.74222111399297	64.8921541360308	
1049 MUSHERS ROAD	99709	-147.74345019375394	64.89202310342856	
670 PYROLA DRIVE	99709	-147.75057157362525	64.88897808152365	
692 PYROLA DRIVE	99709	-147.74982448552333	64.89041910154718	
1143 CANDAMAR ROAD	99709	-147.75380004781837	64.89106092572305	
1342 VIEWPOINTE DRIVE	99709	-147.77480510823906	64.89010875754042	
1336 VIEWPOINTE DRIVE	99709	-147.77399103458285	64.89021486199532	
1281 OVERHILL DRIVE	99709	-147.7691575484639	64.89076558923182	
1285 OVERHILL DRIVE	99709	-147.76811036750667	64.89132749390963	
1133 CANDAMAR ROAD	99709	-147.7530084229858	64.89096244425548	
1159 WALKER WAY	99709	-147.75512580156987	64.88923969896332	
1135 WALKER WAY	99709	-147.75271545187	64.88925546736367	
1336 SHUROS DRIVE	99709	-147.77441419138887	64.88769633544908	
1324 SHUROS DRIVE	99709	-147.77307282588623	64.8878560295541	
1316 SHUROS DRIVE	99709	-147.77273469904168	64.88814696386018	
1310 FARMERS LOOP ROAD	99709	-147.7659117671009	64.88849404901201	
1306 FARMERS LOOP ROAD	99709	-147.7708229554957	64.88685480766009	
1352 FARMERS LOOP ROAD	99709	-147.77511586863045	64.8863577987363	
1348 FARMERS LOOP ROAD	99709	-147.77494991827325	64.886941204966	
1374 FARMERS LOOP ROAD	99709	-147.7781704357038	64.88601128698092	
1341 FARMERS LOOP ROAD	99709	-147.77359907908175	64.88559228719902	
1311 FARMERS LOOP ROAD	99709	-147.77066243670353	64.88603484502352	
1325 VIEWPOINTE DRIVE	99709	-147.7729731047568	64.88930709172838	
1317 VIEWPOINTE DRIVE	99709	-147.7724142627372	64.88934367435246	
1309 VIEWPOINTE DRIVE	99709	-147.77148659274454	64.88942219139004	
1301 VIEWPOINTE DRIVE	99709	-147.77045348653607	64.8893846285351	
1261 VIEWPOINTE DRIVE	99709	-147.76616379399164	64.88947346773125	
1255 VIEWPOINTE DRIVE	99709	-147.76532729891494	64.88949501594034	
1245 VIEWPOINTE DRIVE	99709	-147.76447816509366	64.88949359399422	
1235 VIEWPOINTE DRIVE	99709	-147.76357620888308	64.8896231223972	
1358 VIEWPOINTE DRIVE	99709	-147.77663769258754	64.89012482539283	
1350 VIEWPOINTE DRIVE	99709	-147.775715432097	64.89035948437352	
1289 OVERHILL DRIVE	99709	-147.76948721962665	64.89117365375448	
1212 VIEWPOINTE DRIVE	99709	-147.76114591628956	64.89085226015898	
1301 OVERHILL DRIVE	99709	-147.7704721731501	64.89120390212166	
1341 OVERHILL DRIVE	99709	-147.77490240113133	64.89124233608737	
1355 OVERHILL DRIVE	99709	-147.77559344378324	64.89117692323396	
1363 OVERHILL DRIVE	99709	-147.77695125265384	64.89122120287406	
1367 OVERHILL DRIVE	99709	-147.7774257095178	64.89117498693558	
1346 OVERHILL DRIVE	99709	-147.77569555257938	64.891988186317	
1340 OVERHILL DRIVE	99709	-147.77489773084605	64.89204952358752	
1334 OVERHILL DRIVE	99709	-147.7740270860879	64.89194210884047	
1324 OVERHILL DRIVE	99709	-147.7731341956039	64.89190229621644	
1316 OVERHILL DRIVE	99709	-147.77229852543599	64.89193747614975	
1274 OVERHILL DRIVE	99709	-147.76628254802378	64.89124021415967	
1272 OVERHILL DRIVE	99709	-147.76724046750184	64.89076959638598	
693 DARRELL DRIVE	99709	-147.76457469431872	64.89019608945483	
703 DARRELL DRIVE	99709	-147.76533860143545	64.89068283168722	
711 DARRELL DRIVE	99709	-147.76478876978518	64.89111667815364	
725 DARRELL DRIVE	99709	-147.76502069070264	64.89167209170992	
704 DARRELL DRIVE	99709	-147.76316966254564	64.89074908736201	
698 DARRELL DRIVE	99709	-147.76296125864627	64.89034084532588	
1190 FARMERS LOOP ROAD	99709	-147.75829444264107	64.89051474407376	
1188 FARMERS LOOP ROAD	99709	-147.75708410504345	64.8911380492869	
1175 GRENAC ROAD	99709	-147.75692890720532	64.89213115637715	
719 FIREWEED DRIVE	99709	-147.76137737913135	64.89139884486204	
727 FIREWEED DRIVE	99709	-147.76154779502443	64.89196075319992	
721 FIREWEED DRIVE	99709	-147.76034701809175	64.89204790139499	
1364 OVERHILL DRIVE	99709	-147.7774620760499	64.89198583623686	
1358 OVERHILL DRIVE	99709	-147.77676754613563	64.89193656156961	
1308 OVERHILL DRIVE	99709	-147.77136137062908	64.89186769412657	
1300 OVERHILL DRIVE	99709	-147.7706564762462	64.89192017100127	
1290 OVERHILL DRIVE	99709	-147.76983399472755	64.89197911023648	
1280 OVERHILL DRIVE	99709	-147.76871281485117	64.89197296647822	
1278 VIEWPOINTE DRIVE	99709	-147.76791134663964	64.89014095090556	
1266 VIEWPOINTE DRIVE	99709	-147.76700422772612	64.8901081820818	
1258 VIEWPOINTE DRIVE	99709	-147.7657716126529	64.89017929643373	
1244 VIEWPOINTE DRIVE	99709	-147.76465351949878	64.89008022417346	
733 DARRELL DRIVE	99709	-147.76507062032942	64.89213894864169	
730 DARRELL DRIVE	99709	-147.7626860796659	64.89195314450716	
720 DARRELL DRIVE	99709	-147.7633853417594	64.89160887315735	
712 DARRELL DRIVE	99709	-147.76318142806608	64.89114171653797	
1171 GRENAC ROAD	99709	-147.75675031005224	64.89206699595077	
1183 GRENAC ROAD	99709	-147.75791216140647	64.89179363752791	
1185 GRENAC ROAD	99709	-147.75822471159805	64.89124146104886	
722 FIREWEED DRIVE	99709	-147.7598387138767	64.89140654672065	
1146 FARMERS LOOP ROAD	99709	-147.75750504674193	64.89534666180518	
1126 FARMERS LOOP ROAD	99709	-147.7576167207023	64.89687813970671	
1175 FARMERS LOOP ROAD	99709	-147.75507497543467	64.89495975632113	
842 CAPRICORN STREET	99709	-147.7486558204085	64.89657967150576	
1502 SPRING GLADE ROAD	99709	-147.774250964118	64.89644866428335	
1520 SPRING GLADE ROAD	99709	-147.77425126405709	64.89569129723853	
1342 GRENAC ROAD	99709	-147.77500461093103	64.89585611311048	
1374 GRENAC ROAD	99709	-147.77768852548544	64.89714616100778	
1497 SPRING GLADE ROAD	99709	-147.77243132218388	64.89662910019334	
811 BLOOMINGWOODS DRIVE	99709	-147.77754777096217	64.89552773293701	
1319 GRENAC ROAD	99709	-147.77226844136868	64.89458555961704	
1309 GRENAC ROAD	99709	-147.77153117272235	64.89408557797506	
1275 NORDIN DRIVE	99709	-147.76797969031128	64.89274550000363	
925 UNION DRIVE	99709	-147.7342039216574	64.89737789097263	
762 CONGRESSIONAL DRIVE	99709	-147.7339895994412	64.89349363310048	
750 CONGRESSIONAL DRIVE	99709	-147.73424523895545	64.89293460410205	
753 CONGRESSIONAL DRIVE	99709	-147.7363096054599	64.89270298676668	
759 CONGRESSIONAL DRIVE	99709	-147.73689844787899	64.8933479592326	
839 CONGRESSIONAL DRIVE	99709	-147.7389765438388	64.8962271152986	
852 CONGRESSIONAL DRIVE	99709	-147.74000408937164	64.89753261522188	
940 UNION DRIVE	99709	-147.73578971992185	64.89676436446135	
1269 NORDIN DRIVE	99709	-147.7666826078771	64.89279508665713	
1263 NORDIN DRIVE	99709	-147.76561076828227	64.89280146570275	
1249 NORDIN DRIVE	99709	-147.76556012868826	64.89339353385397	
1238 GRENAC ROAD	99709	-147.76327888879294	64.89364858440285	
1214 GRENAC ROAD	99709	-147.76185419678563	64.8933850275643	
1206 GRENAC ROAD	99709	-147.7600134422206	64.8930458160373	
1182 GRENAC ROAD	99709	-147.757827790865	64.89270724109117	
803 CAPRICORN STREET	99709	-147.74981480362544	64.89528516596995	
777 CAPRICORN STREET	99709	-147.7501812518133	64.89392152666979	
763 CAPRICORN STREET	99709	-147.7497558757704	64.89308728459243	
829 CONSTITUTION DRIVE	99709	-147.74323394137656	64.89643809009023	
807 CONSTITUTION DRIVE	99709	-147.74115343485974	64.89486419908174	
1032 UNION DRIVE	99709	-147.74232294851387	64.8947990713791	
761 CONSTITUTION DRIVE	99709	-147.74058970322324	64.89339515596748	
749 CONSTITUTION DRIVE	99709	-147.74068467150192	64.89280003842816	
1048 MUSHERS ROAD	99709	-147.74256389386534	64.892754937607	
818 CONSTITUTION DRIVE	99709	-147.74067044646915	64.89594072027589	
853 CONGRESSIONAL DRIVE	99709	-147.74071431650714	64.896617542082	
860 CONGRESSIONAL DRIVE	99709	-147.74113292283442	64.89756146259259	
873 SIENNA WAY	99712	-147.72551067893446	64.89616087828242	
874 SIENNA WAY	99712	-147.72506235263447	64.89734201025706	
871 VIRIDIAN LANE	99712	-147.7249552173178	64.89786796607967	
845 DELPHINIUM LANE	99712	-147.71156977458477	64.8974734694107	
809 DELPHINIUM LANE	99712	-147.7123997748172	64.89537944143245	
1326 SHUROS DRIVE	99709	-147.7728135857585	64.88783866028609	
1140 FARMERS LOOP ROAD	99709	-147.75766604749234	64.89616947501759	
1156 FARMERS LOOP ROAD	99709	-147.75878287858816	64.8948551061185	
1160 FARMERS LOOP ROAD	99709	-147.7596253026704	64.89477060709204	
1177 FARMERS LOOP ROAD	99709	-147.7545928085455	64.89438140562136	
1179 FARMERS LOOP ROAD	99709	-147.75489133018584	64.8940983927978	
1475 SPRING GLADE ROAD	99709	-147.77400050043258	64.89708902143266	
739 ECHO ACRES DRIVE	99712	-147.7163132789188	64.89188962953574	
737 ECHO ACRES DRIVE	99712	-147.7166139141285	64.89135518432641	
704 BARNUM DRIVE	99712	-147.70866144721944	64.89123928627859	
383 LAYLA COURT	99712	-147.68303087536196	64.88809698291	
1355 GRENAC ROAD	99709	-147.77514831630683	64.89455104185753	
1150 FARMERS LOOP ROAD	99709	-147.75849075057994	64.8952845714179	
1154 FARMERS LOOP ROAD	99709	-147.75948772597317	64.89522309679734	
1158 FARMERS LOOP ROAD	99709	-147.760354476485	64.89532982108203	
1152 FARMERS LOOP ROAD	99709	-147.7581033689536	64.89480540241803	
994 POND WEED COURT	99709	-147.7381427901798	64.89100347962474	
1008 POND WEED COURT	99709	-147.73933224936036	64.89105692582183	
811 FOXTAIL DRIVE	99712	-147.71810271715387	64.88750307977283	
741 ECHO ACRES DRIVE	99712	-147.71570213206775	64.89210527199012	
396 LAYLA COURT	99712	-147.68530233615945	64.88767822907992	
399 LAYLA COURT	99712	-147.6855386240732	64.88694484885896	
723 BARNUM DRIVE	99712	-147.70966532320705	64.89085460116802	
718 BARNUM DRIVE	99712	-147.70954138455255	64.891213385321	
766 CAPRICORN STREET	99709	-147.74850769626238	64.8936117689401	
1101 POND WEED COURT	99709	-147.7398102092228	64.89020844074979	
947 UNION DRIVE	99709	-147.73352028070286	64.8962978635362	
1144 WALKER WAY	99709	-147.75374736872163	64.89038173520278	
415 LAYLA COURT	99712	-147.6865543151914	64.88674260082561	
878 AIR PARK DRIVE	99712	-147.72613659751696	64.88544204794877	
988 BROWSING AVENUE	99709	-147.73545053407443	64.88711083092835	
970 BROWSING AVENUE	99709	-147.73326708745273	64.88706914142479	
1127 FARMERS LOOP ROAD	99709	-147.7545909889067	64.89710464713117	
1123 FARMERS LOOP ROAD	99709	-147.75501369170107	64.89712747663009	
882 TARSIER DRIVE	99712	-147.72451063362354	64.89516044466986	
857 TARSIER DRIVE	99712	-147.71966598962487	64.89415546416288	
818 SKYLINE DRIVE	99712	-147.69143896603717	64.89557224080703	
822 SKYLINE DRIVE	99712	-147.6894693050766	64.89600050169969	
502 MARSHALL DRIVE	99712	-147.68559989713435	64.8950466595752	
492 MARSHALL DRIVE	99712	-147.6846369862527	64.89498267823258	
484 MARSHALL DRIVE	99712	-147.68355078854714	64.8951112984034	
472 MARSHALL DRIVE	99712	-147.68251184151083	64.89524816095762	
736 ARKANSAS DRIVE	99712	-147.67884094399403	64.89281157091584	
757 ARKANSAS DRIVE	99712	-147.6825150726024	64.8926607858063	
471 KEEP DRIVE	99712	-147.68292611502577	64.89235199445231	
777 MINERS COURT	99712	-147.6853092756556	64.89369019459119	
767 MINERS COURT	99712	-147.6846667509258	64.89332135093578	
468 KEEP DRIVE	99712	-147.68363198405555	64.89324775032597	
545 FIDELER ROAD	99712	-147.69076608200862	64.89240542692184	
575 FIDELER ROAD	99712	-147.69288870088678	64.89246540025914	
620 FIDELER ROAD	99712	-147.69679770691255	64.89334122275466	
650 FIDELER ROAD	99712	-147.70238742099357	64.89314362585843	
453 MARSHALL DRIVE	99712	-147.68059191692902	64.89495003951166	
461 MARSHALL DRIVE	99712	-147.681438850457	64.89477381325393	
473 MARSHALL DRIVE	99712	-147.6823003744705	64.89461508987489	
477 MARSHALL DRIVE	99712	-147.68341494655186	64.89451176781567	
541 MARSHALL DRIVE	99712	-147.6900994655063	64.89488917896811	
549 MARSHALL DRIVE	99712	-147.69059083486712	64.89524727649142	
443 PANORAMA DRIVE	99712	-147.6794267898646	64.8962207840696	
457 PANORAMA DRIVE	99712	-147.68069364553398	64.89618223799107	
503 PANORAMA DRIVE	99712	-147.68569640245929	64.89564925033223	
515 PANORAMA DRIVE	99712	-147.6865828004893	64.89567486834282	
521 PANORAMA DRIVE	99712	-147.68737223362731	64.89573702928894	
533 PANORAMA DRIVE	99712	-147.68851728635326	64.89599526280098	
466 PANORAMA DRIVE	99712	-147.681687325556	64.89674965909197	
857 SKYLINE DRIVE	99712	-147.68944742578464	64.89778627942854	
445 MCKINLEY VIEW DRIVE	99712	-147.67985698157796	64.89742370123004	
455 MCKINLEY VIEW DRIVE	99712	-147.68072831022758	64.89738485832146	
499 MCKINLEY VIEW DRIVE	99712	-147.68535127304858	64.89699926174676	
482 MCKINLEY VIEW DRIVE	99712	-147.68354060071303	64.89770205068145	
868 SKYLINE DRIVE	99712	-147.68690843504857	64.89765933238638	
545 FARMERS LOOP ROAD	99712	-147.69196213887557	64.89407139887429	
858 BOUTON COURT	99712	-147.70260960470034	64.89768330964209	
458 FLESHMAN STREET	99712	-147.68073996562921	64.86953286136581	
473 BENSON STREET	99712	-147.68255849137785	64.87004154141636	
451 BENSON STREET	99712	-147.68004175766416	64.87005917779511	
447 BENSON STREET	99712	-147.6798540988661	64.87003043568026	
456 BENSON STREET	99712	-147.68040661143127	64.8705179966808	
774 CAPRICORN STREET	99709	-147.7460280812137	64.89424258422896	
798 CAPRICORN STREET	99709	-147.74779919030095	64.89464764854148	
820 CAPRICORN STREET	99709	-147.74715424382066	64.89598102402373	
1484 SPRING GLADE ROAD	99709	-147.7756018811611	64.89721072240572	
1471 SPRING GLADE ROAD	99709	-147.772534017115	64.89744339727434	
1260 NORDIN DRIVE	99709	-147.76713916993563	64.89350612191582	
1280 NORDIN DRIVE	99709	-147.76883443145357	64.89359796613772	
1286 NORDIN DRIVE	99709	-147.76975357573238	64.89330679239914	
1287 NORDIN DRIVE	99709	-147.76941150819633	64.8928855911286	
1243 GRENAC ROAD	99709	-147.76406253322796	64.89321165765628	
1241 GRENAC ROAD	99709	-147.76445727093494	64.89303281809288	
1231 GRENAC ROAD	99709	-147.7635198734591	64.89256492782128	
1211 GRENAC ROAD	99709	-147.7610205613376	64.89255362763146	
1180 FARMERS LOOP ROAD	99709	-147.75791321363025	64.89352177434495	
1185 FARMERS LOOP ROAD	99709	-147.75524340597445	64.89273417822209	
1181 FARMERS LOOP ROAD	99709	-147.75468552471747	64.8935871938127	
760 CAPRICORN STREET	99709	-147.74569743406815	64.89259477903065	
865 CAPRICORN STREET	99709	-147.75217074840236	64.89786564157134	
853 CONSTITUTION DRIVE	99709	-147.74262736048408	64.89758864451413	
1043 UNION DRIVE	99709	-147.7428654501004	64.89397371529594	
783 CONSTITUTION DRIVE	99709	-147.74149889575312	64.89438666472844	
775 CONSTITUTION DRIVE	99709	-147.74053791822752	64.89369436168198	
774 CONSTITUTION DRIVE	99709	-147.73927343106334	64.89419796167154	
995 UNION DRIVE	99709	-147.73857769492483	64.89475767700911	
804 CONSTITUTION DRIVE	99709	-147.74002374083042	64.89511570430149	
675 PYROLA DRIVE	99709	-147.75175576170568	64.88938983590755	
1145 FARMERS LOOP ROAD	99709	-147.75532480144543	64.89620373629312	
1305 FARMERS LOOP ROAD	99709	-147.76865111513413	64.88610370609108	
783 CONGRESSIONAL DRIVE	99709	-147.73633830396707	64.89456782114519	
981 UNION DRIVE	99709	-147.73746793628237	64.89500877825867	
817 CONGRESSIONAL DRIVE	99709	-147.73800614908976	64.89580481621739	
800 CONGRESSIONAL DRIVE	99709	-147.73411463634423	64.89530882994838	
790 CONGRESSIONAL DRIVE	99709	-147.73393285113355	64.8946499227321	
776 CONGRESSIONAL DRIVE	99709	-147.73424852775173	64.8938515310776	
844 CONGRESSIONAL DRIVE	99709	-147.7388554155365	64.89735061324299	
840 CONGRESSIONAL DRIVE	99709	-147.73722050543734	64.89724503394868	
828 CONGRESSIONAL DRIVE	99709	-147.73728051823662	64.89661441356161	
960 UNION DRIVE	99709	-147.73559656720042	64.89613825713913	
880 CROSSMAN ROAD	99712	-147.72673378989688	64.89411972158929	
812 CROSSMAN ROAD	99712	-147.72723720850806	64.89562946413756	
828 CROSSMAN ROAD	99712	-147.72731802795184	64.89650663262896	
877 SIENNA WAY	99712	-147.7258246165836	64.89668167972395	
876 SIENNA WAY	99712	-147.72594856439324	64.89731248589325	
852 CROSSMAN ROAD	99712	-147.72741286333616	64.89715072697705	
789 DELPHINIUM LANE	99712	-147.713818181949	64.89531131262548	
800 WILLIAM C LEARY LANE	99712	-147.6916761170559	64.89649287033563	
795 GREEN MEADOW DRIVE	99712	-147.71644903962616	64.88602527185012	
1164 FARMERS LOOP ROAD	99709	-147.7573050920248	64.89403668148267	
872 TARSIER DRIVE	99712	-147.72356046546517	64.8946511303849	
892 TARSIER DRIVE	99712	-147.72583855020562	64.89467558689773	
760 CROSSMAN ROAD	99712	-147.72693075061156	64.89296193151422	
491 FARMERS LOOP ROAD	99712	-147.69093047027764	64.88998257958173	
390 LAYLA COURT	99712	-147.68501438178487	64.88837622727279	
578 FARMERS LOOP ROAD	99712	-147.69314524389915	64.89729802031948	
1307 GRENAC ROAD	99709	-147.77108009515632	64.89387449437896	
1148 FARMERS LOOP ROAD	99709	-147.75745796769664	64.89482142984183	
515 KEEP DRIVE	99712	-147.6848632545631	64.89127372392144	
1311 FARMERS LOOP ROAD	99709	-147.7712019168064	64.88599977826345	
525 FIDELER ROAD	99712	-147.68936319433058	64.89235109325847	
1299 FARMERS LOOP ROAD	99709	-147.7627003478759	64.88755488539857	
575 ECHO ACRES DRIVE	99712	-147.71152645494195	64.88439890301069	
495 FARMERS LOOP ROAD	99712	-147.68629318180774	64.8906759170505	
1276 OVERHILL DRIVE	99709	-147.76624217344906	64.89166273900163	
771 CONGRESSIONAL DRIVE	99709	-147.73583767828893	64.89389337766785	
1149 FARMERS LOOP ROAD	99709	-147.75469733919147	64.8957070139686	
1131 FARMERS LOOP ROAD	99709	-147.75530067339741	64.89669947848645	
787 CAPRICORN STREET	99709	-147.75014637960584	64.89428017631008	
1304 GRENAC ROAD	99709	-147.77140325600135	64.89520518424794	
762 CONSTITUTION DRIVE	99709	-147.73948974646308	64.89325884065241	
869 SIENNA WAY	99712	-147.72449397113022	64.89663182337765	
864 SIENNA WAY	99712	-147.7245488056311	64.89709415929894	
852 TARSIER DRIVE	99712	-147.72000826977205	64.894754286603	
862 TARSIER DRIVE	99712	-147.72146525063408	64.89466950487389	
867 TARSIER DRIVE	99712	-147.72133720960744	64.89399517472036	
877 TARSIER DRIVE	99712	-147.7221647368985	64.89408664265575	
887 TARSIER DRIVE	99712	-147.72355362937756	64.89396597088988	
770 CROSSMAN ROAD	99712	-147.72694932964365	64.89339468777405	
680 ECHO ACRES DRIVE	99712	-147.71029840732652	64.88982453875931	
1311 FARMERS LOOP ROAD	99709	-147.77053992154447	64.88535187563306	
421 FARMERS LOOP ROAD	99712	-147.6833765190943	64.88444461806458	
415 FARMERS LOOP ROAD	99712	-147.68093616793507	64.88444180645695	
590 ECHO ACRES DRIVE	99712	-147.71027457478465	64.88489385280465	
836 CONSTITUTION DRIVE	99709	-147.74071543979986	64.8965859399406	
857 TARSIER DRIVE	99712	-147.71976097776033	64.89389322049705	
655 ECHO ACRES DRIVE	99712	-147.71194623689635	64.88852692183228	
490 FARMERS LOOP ROAD	99712	-147.6827364557133	64.89036500520487	
1142 FARMERS LOOP ROAD	99709	-147.75738837246504	64.89577930380666	
882 TARSIER DRIVE	99712	-147.72428052864853	64.89537564875629	
545 FARMERS LOOP ROAD	99712	-147.692919913623	64.89438248319198	
1300 GRENAC ROAD	99709	-147.77106479035413	64.89579688429545	
653 ECHO ACRES DRIVE	99712	-147.71259061990028	64.88848919338085	
508 FARMERS LOOP ROAD	99712	-147.68617387485963	64.89257112283065	
685 ECHO ACRES DRIVE	99712	-147.7136517686711	64.89031627811097	
975 MUSHERS ROAD	99709	-147.7350621447324	64.89211585859287	
833 CONSTITUTION DRIVE	99709	-147.74304628080458	64.8966977906408	
1162 FARMERS LOOP ROAD	99709	-147.76028771058452	64.89471912081	
860 FOXTAIL DRIVE	99712	-147.72266332247068	64.88819777273389	
768 MINERS COURT	99712	-147.6827760703055	64.89355484409553	
487 FARMERS LOOP ROAD	99712	-147.68946465943372	64.88955876121933	
1089 MUSHERS ROAD	99709	-147.74525103661188	64.89214596301724	
790 FOXTAIL DRIVE	99712	-147.71572857208716	64.8882994596054	
1515 SPRING GLADE ROAD	99709	-147.77219019273556	64.89571164810367	
1525 SPRING GLADE ROAD	99709	-147.77269428774028	64.89524043042175	
490 FARMERS LOOP ROAD	99712	-147.6833055268333	64.89033532593012	
860 AIR PARK DRIVE	99712	-147.72437699984968	64.88535505475757	
833 FOXTAIL DRIVE	99712	-147.72106198623754	64.8874059996161	
833 FOXTAIL DRIVE	99712	-147.72056841808947	64.88742001359735	
833 FOXTAIL DRIVE	99712	-147.72070843200726	64.88738159778752	
1314 SHUROS DRIVE	99709	-147.77234086684967	64.88857186940555	
669 FIDELER ROAD	99712	-147.70391009821995	64.8901683010028	
434 BENSON STREET	99712	-147.6788503717533	64.87054065777795	
1178 FARMERS LOOP ROAD	99709	-147.75705386664558	64.89371234876079	
699 BARNUM DRIVE	99712	-147.70827255714352	64.8906463810614	
671 FIDELER ROAD	99712	-147.7067417696497	64.89120372580584	
996 UNION DRIVE	99709	-147.73927009006005	64.89530085213043	
673 FIDELER ROAD	99712	-147.70679698950988	64.89022544826426	
676 CONSTITUTION DRIVE	99709	-147.73818082705208	64.88957002788312	
1298 KALE LANE	99709	-147.8623255765729	64.91491021379895	
1350 KALE LANE	99709	-147.8629004405198	64.91826005308934	
1370 KALE LANE	99709	-147.86256632857652	64.91909390714228	
1512 JOHNATHAN WAY	99709	-147.79356469391422	64.94128439289283	
2064 GOLDSTREAM ROAD	99709	-147.85625335648328	64.93526583211964	
1448 GRENAC ROAD	99709	-147.7861059421672	64.90357828862375	
1306 KALE LANE	99709	-147.86056132468977	64.91490041880206	
1170 SUNNY SLOPE ROAD	99709	-147.86723579317177	64.91182956462303	
1315 BALLAINE ROAD	99709	-147.85189904799788	64.91700431459557	
1245 CHILI PEPPER COURT	99709	-147.85660446462254	64.9149454994888	
1240 CHILI PEPPER COURT	99709	-147.85556592846825	64.9150928763292	
1290 CHILI PEPPER COURT	99709	-147.85694636682157	64.91702658625967	
1300 CHILI PEPPER COURT	99709	-147.85667827889483	64.91751997716932	
1265 CHILI PEPPER COURT	99709	-147.8577794133186	64.91573035293102	
2135 TEQUILA COURT	99709	-147.85876934142402	64.91650667628481	
2175 TEQUILA COURT	99709	-147.86158484879115	64.91707551725239	
2185 TEQUILA COURT	99709	-147.86178155158748	64.91735359329202	
2187 TEQUILA COURT	99709	-147.8623457268379	64.91741501280312	
2180 TEQUILA COURT	99709	-147.86158266906847	64.91795777584697	
450 BETTERS LANE	99709	-147.85360324276962	64.91842255821778	
430 BETTERS LANE	99709	-147.85346138913528	64.91906567561682	
410 BETTERS LANE	99709	-147.8533943990394	64.91959299828902	
435 BETTERS LANE	99709	-147.8542451721024	64.91932805630093	
425 BETTERS LANE	99709	-147.85416597262048	64.91997860341037	
415 BETTERS LANE	99709	-147.85376177264303	64.92074091366825	
2115 SOJOURN LANE	99709	-147.858349272609	64.918829060231	
2150 SOJOURN LANE	99709	-147.85932887764352	64.92010833500038	
2140 SOJOURN LANE	99709	-147.8585456163407	64.9198713797543	
2145 DESTINATION AVENUE	99709	-147.8596323610792	64.92064844905269	
2135 DESTINATION AVENUE	99709	-147.85865116092967	64.92074604982018	
1369 BALLAINE ROAD	99709	-147.86481733590162	64.92080789355278	
1370 SUNNY SLOPE ROAD	99709	-147.86544237089865	64.92079071639293	
2243 TRICE AVENUE	99709	-147.87035776849655	64.92044694812675	
1356 HELIOS AVENUE	99709	-147.87241976967232	64.91994821504268	
2241 CRANE COURT	99709	-147.87041267544183	64.91246976532692	
2278 CRANE COURT	99709	-147.8735086042836	64.91357506957905	
1215 SUNNY SLOPE ROAD	99709	-147.87125591107682	64.91348305475019	
2254 CRANE COURT	99709	-147.8712905840286	64.91294455678623	
2300 WHEAT LANE	99709	-147.8766524731727	64.91163027317116	
1295 BALLAINE ROAD	99709	-147.8523387381703	64.91594241545444	
2120 MUDDY HILL LANE	99709	-147.8580655026013	64.93359009325413	
1697 RED FOX DRIVE	99709	-147.8124699582988	64.89933948058358	
2310 SANDHILL AVENUE	99709	-147.87410173932253	64.90775684063449	
1649 RED FOX DRIVE	99709	-147.81063388232835	64.89800367740992	
2271 TRULY FAIR LANE	99709	-147.85392502401822	64.93088026014127	
2285 TRULY FAIR LANE	99709	-147.8548708208481	64.93190211332912	
2312 SOLAR AVENUE	99709	-147.87710148253677	64.9172563022339	
1005 BALLAINE ROAD	99709	-147.83130180694235	64.90456586072969	
1593 GOLDSTREAM ROAD	99709	-147.80402158462505	64.94381624526353	
1605 GOLDSTREAM ROAD	99709	-147.80368393923393	64.94467806521911	
1997 RED LEAF ROAD	99709	-147.85442048494755	64.94883086141722	
1873 PANDORA DRIVE	99709	-147.8405745053585	64.94781486073408	
871 GOLDFINCH ROAD	99709	-147.8383898464109	64.89870467964523	
859 GOLDFINCH ROAD	99709	-147.84028733532594	64.89827811866981	
1071 PIKA ROAD	99709	-147.80524387717745	64.90740354245673	
1045 ELDORADO ROAD	99709	-147.82208279588994	64.90644077773119	
2035 PINE CONE ROAD	99709	-147.85687537193365	64.95081729422952	
1620 GOLDEN VIEW DRIVE	99709	-147.86979657308737	64.93114773093465	
2071 YELLOWSNOW ROAD	99709	-147.85159393299892	64.92274825602189	
1581 GOLDPOINTE DRIVE	99709	-147.86701069077375	64.93124674334402	
2048 PINE CONE ROAD	99709	-147.8544618601842	64.95176478441927	
2165 TEQUILA COURT	99709	-147.86220491445138	64.91629712995353	
2170 TEQUILA COURT	99709	-147.8608396507226	64.91787529971674	
2160 TEQUILA COURT	99709	-147.85993789606806	64.91762962322332	
2150 TEQUILA COURT	99709	-147.86008858931848	64.91718992289597	
2130 TEQUILA COURT	99709	-147.85872922918097	64.91701777569646	
400 BETTERS LANE	99709	-147.85303574912376	64.92016191830646	
390 BETTERS LANE	99709	-147.85156755146565	64.9206694706717	
405 BETTERS LANE	99709	-147.85241167120876	64.92102704666758	
455 BETTERS LANE	99709	-147.8543955126473	64.91880790444122	
2125 SOJOURN LANE	99709	-147.85808403779444	64.9194802973911	
2135 SOJOURN LANE	99709	-147.85907718838038	64.9191796303157	
2145 SOJOURN LANE	99709	-147.85989908245168	64.91972535639687	
2165 SOJOURN LANE	99709	-147.86061753546616	64.92020585226435	
2180 SOJOURN LANE	99709	-147.8611746638136	64.9206912798605	
2110 DESTINATION AVENUE	99709	-147.85763523277342	64.92077024087138	
2150 DESTINATION AVENUE	99709	-147.8606200289287	64.92113640497935	
2140 DESTINATION AVENUE	99709	-147.8592109470093	64.92111023655991	
1372 HELIOS AVENUE	99709	-147.8721611702167	64.92068257201689	
1341 HELIOS AVENUE	99709	-147.87516202195496	64.91929024648162	
1331 HELIOS AVENUE	99709	-147.87614257982767	64.91909377146285	
1321 HELIOS AVENUE	99709	-147.87514889939916	64.91845848472354	
2271 SOLSTICE AVENUE	99709	-147.8732579063607	64.91848485689128	
2215 SOLSTICE AVENUE	99709	-147.86760485877434	64.91850870790897	
2205 SOLSTICE AVENUE	99709	-147.8667590613075	64.91832876807406	
2232 SOLSTICE AVENUE	99709	-147.8693938185106	64.91905219930135	
2244 SOLSTICE AVENUE	99709	-147.87100681277656	64.91907791303551	
1274 SUNNY SLOPE ROAD	99709	-147.86516943073084	64.91635595352454	
1266 SUNNY SLOPE ROAD	99709	-147.86523817097898	64.91593658876513	
2222 SOLAR AVENUE	99709	-147.86713642841758	64.91562620151394	
1299 SUNNY SLOPE ROAD	99709	-147.86618823266224	64.91763248417944	
2238 SUNSHINE AVENUE	99709	-147.86947855702957	64.91718963523375	
2246 SUNSHINE AVENUE	99709	-147.8704799370243	64.91756364706319	
1291 HELIOS AVENUE	99709	-147.87604116429483	64.91726761458223	
1283 HELIOS AVENUE	99709	-147.87518662749358	64.91667967652543	
1269 HELIOS AVENUE	99709	-147.87527958203458	64.91629706140631	
2268 SOLAR AVENUE	99709	-147.8732514188148	64.91575439390206	
2231 SUNSHINE AVENUE	99709	-147.86912274811655	64.91665512042243	
2313 GOLDSTREAM ROAD	99709	-147.87755751484858	64.9188301174867	
2301 WHEAT LANE	99709	-147.8750111923443	64.91093377289936	
2269 WHEAT LANE	99709	-147.87317400800643	64.91095305784184	
1145 SUNNY SLOPE ROAD	99709	-147.86933939801773	64.91107059710053	
2295 CRANE COURT	99709	-147.8760219770406	64.91313989956821	
2120 DESTINATION AVENUE	99709	-147.85828048565065	64.9211218456714	
1338 SUNNY SLOPE ROAD	99709	-147.8654829070928	64.91928079345006	
1320 SUNNY SLOPE ROAD	99709	-147.8653761596822	64.91836370024959	
1361 SUNNY SLOPE ROAD	99709	-147.86747962175428	64.9199404317985	
1335 SUNNY SLOPE ROAD	99709	-147.86729840802158	64.91924946356308	
2232 SOLAR AVENUE	99709	-147.86832889103403	64.9156575141997	
2250 SOLAR AVENUE	99709	-147.87051352256776	64.91558722820375	
2256 SOLAR AVENUE	99709	-147.87143076615305	64.91557385471039	
1231 SUNNY SLOPE ROAD	99709	-147.86872382874873	64.91445073462275	
2215 SOLAR AVENUE	99709	-147.86870107996353	64.91510218975104	
2243 SOLAR AVENUE	99709	-147.8709708586878	64.91449317816372	
2239 SOLAR AVENUE	99709	-147.87062177893014	64.91514186731357	
2303 SOLAR AVENUE	99709	-147.8760295541516	64.91522913673262	
2299 SOLAR AVENUE	99709	-147.8766018812141	64.91498076908948	
2317 SOLAR AVENUE	99709	-147.87769600071093	64.91506027972301	
2261 CRANE COURT	99709	-147.87166329357697	64.91221263400014	
2293 CRANE COURT	99709	-147.87423862383952	64.91284715978175	
2110 CLIFDEN ROAD	99709	-147.7785073702072	64.95413104408432	
2090 CLIFDEN ROAD	99709	-147.77896525955344	64.95323973827844	
1284 SUNNY SLOPE ROAD	99709	-147.86504024483745	64.91673394726422	
2221 SUNSHINE AVENUE	99709	-147.86646722547613	64.91685494164979	
2230 SUNSHINE AVENUE	99709	-147.8676120344134	64.91754398064555	
2226 SUNSHINE AVENUE	99709	-147.86737132570696	64.91727336188352	
1291 SUNNY SLOPE ROAD	99709	-147.86619352216997	64.91726558699908	
2254 SUNSHINE AVENUE	99709	-147.87180099728187	64.91763113620819	
2268 SUNSHINE AVENUE	99709	-147.87295324475912	64.91767083063941	
1314 HELIOS AVENUE	99709	-147.873371103266	64.91814533606808	
1309 HELIOS AVENUE	99709	-147.87549927143525	64.91813565359305	
1299 HELIOS AVENUE	99709	-147.87519698173932	64.9176256098218	
1266 HELIOS AVENUE	99709	-147.8727276317879	64.91610653939624	
2275 SUNSHINE AVENUE	99709	-147.87400800914	64.91688431840294	
2271 SUNSHINE AVENUE	99709	-147.87258248962658	64.91678065197436	
2255 SUNSHINE AVENUE	99709	-147.8717255712929	64.9163763098667	
2038 RED BERRY ROAD	99709	-147.84790323183122	64.95097578729929	
1850 STONY HOLLOW LANE	99709	-147.7864018214845	64.9426224502125	
1420 DRIVEN TRAIL	99709	-147.7836204469222	64.94234105583743	
1823 SLOW POKE LANE	99709	-147.79211630388193	64.9411913250863	
1524 JOHNATHAN WAY	99709	-147.7947010569768	64.9413259372303	
1805 RANCH WAY	99709	-147.79011555581238	64.94085394023419	
1799 RANCH WAY	99709	-147.7901488488499	64.94032645417005	
1793 RANCH WAY	99709	-147.79033104058342	64.94012056644267	
1787 RANCH WAY	99709	-147.79022193947378	64.93980615402717	
1581 GOLDSTREAM ROAD	99709	-147.8024712962445	64.9441860954972	
1904 BUCK'S DRIVE	99709	-147.80901751677294	64.94478302142115	
1941 BUCK'S DRIVE	99709	-147.80878234980568	64.94666610520554	
1689 GOLDSTREAM ROAD	99709	-147.81207018598374	64.94748650376242	
1681 GOLDSTREAM ROAD	99709	-147.81150209529577	64.94889776524246	
1964 ELDOVISTA PARKWAY	99709	-147.82301176734435	64.94765323268298	
1812 WOODBINE DRIVE	99709	-147.82616799368316	64.94782554042992	
1828 WOODBINE DRIVE	99709	-147.82694726328697	64.94868236464485	
2000 JANDELL LANE	99709	-147.8274399526776	64.94937323306641	
1997 JANDELL LANE	99709	-147.82981268917666	64.94927894228752	
1825 WOODBINE DRIVE	99709	-147.82741553618277	64.94703468184422	
1807 WOODBINE DRIVE	99709	-147.82484769949147	64.94684133983331	
1986 TALL TIMBERS DRIVE	99709	-147.8454545687669	64.94081049908343	
1638 LOGAN ROAD	99709	-147.84612764128093	64.93214788325942	
1800 SNOWHOOK TRAIL	99709	-147.82374131388707	64.93686960055078	
1730 WILLOW RUN	99709	-147.829498152099	64.93750082328205	
1780 WILLOW RUN	99709	-147.8284119426276	64.9389428671404	
1733 WILLOW RUN	99709	-147.8311215776444	64.93661474556113	
1977 TALL TIMBERS DRIVE	99709	-147.84286671238385	64.9401510511687	
1945 TALL TIMBERS DRIVE	99709	-147.84052686036048	64.94092789232027	
2000 GOLDSTREAM ROAD	99709	-147.84528506899085	64.93920159403658	
1914 PANDORA DRIVE	99709	-147.84558423960985	64.94867023913831	
1930 RED BERRY ROAD	99709	-147.84566304449143	64.94679967938775	
1935 RED BERRY ROAD	99709	-147.8461676773183	64.94557826961183	
1943 PANDORA DRIVE	99709	-147.84435886271262	64.94718662320969	
1965 PANDORA DRIVE	99709	-147.84407770098818	64.9460047414316	
1983 PANDORA DRIVE	99709	-147.84387207256455	64.94536617439226	
1990 PANDORA DRIVE	99709	-147.84574212059908	64.94485908204163	
1838 NO WAY LANE	99709	-147.82829480182002	64.94327930752274	
1785 NO WAY LANE	99709	-147.82277576703945	64.94256281920838	
1801 NO WAY LANE	99709	-147.82413450052357	64.94244232967894	
1815 SNOWHOOK TRAIL	99709	-147.82536125611142	64.9350072416593	
1670 WILLOW RUN	99709	-147.8289627041666	64.9344776632752	
1760 SNOWHOOK TRAIL	99709	-147.81879629201813	64.93679324838146	
1740 SNOWHOOK TRAIL	99709	-147.8165078228716	64.93771428790666	
2183 TWIN FLOWER DRIVE	99709	-147.84207351069188	64.93353110504898	
2205 TWIN FLOWER DRIVE	99709	-147.84486448946313	64.9329314491095	
1642 LOGAN ROAD	99709	-147.84630751556702	64.93286686752634	
1751 WILLOW RUN	99709	-147.8305201909051	64.93867087645582	
1775 WILLOW RUN	99709	-147.8312977260803	64.93903208882476	
1785 WILLOW RUN	99709	-147.8309486011995	64.9399448656839	
1805 WILLOW RUN	99709	-147.83073084811596	64.9408155201868	
1845 WILLOW RUN	99709	-147.8306339804806	64.94269159738184	
1865 WILLOW RUN	99709	-147.83074084195724	64.94307787962771	
1820 WHIPPOORWILL LANE	99709	-147.82651535646534	64.94131292627108	
1812 WHIPPOORWILL LANE	99709	-147.8254288000289	64.94160323122937	
1446 GRENAC ROAD	99709	-147.78198885087642	64.90434144756627	
1444 GRENAC ROAD	99709	-147.78273141641455	64.90200552378725	
1445 GRENAC ROAD	99709	-147.7857999878567	64.90240947680758	
1441 GRENAC ROAD	99709	-147.78450573629172	64.90129345984572	
1398 GRENAC ROAD	99709	-147.7830141181185	64.89831183518281	
1425 DRIVEN TRAIL	99709	-147.78328093099876	64.94087720269269	
1439 STONY HOLLOW LANE	99709	-147.78456954602643	64.94115029814124	
1853 STONY HOLLOW LANE	99709	-147.78927058590352	64.94258006385765	
1851 WOODBINE DRIVE	99709	-147.82913940599246	64.94777710941422	
1820 GOLDSTREAM ROAD	99709	-147.82693648211293	64.94620868943005	
1890 WILLOW RUN	99709	-147.82961350014844	64.9443497474898	
1929 WILLOW RUN	99709	-147.8308341774265	64.9457109162231	
1915 WILLOW RUN	99709	-147.83171029366795	64.94548782374954	
1764 RANCH WAY	99709	-147.78881990063405	64.93911949233186	
1497 JOHNATHAN WAY	99709	-147.7915238271956	64.94082059539807	
1503 JOHNATHAN WAY	99709	-147.7922015233624	64.94070442880393	
1509 JOHNATHAN WAY	99709	-147.79275220083915	64.94082525823762	
1804 RECOLLECTION LANE	99709	-147.79356790881326	64.94078359851679	
1829 SLOW POKE LANE	99709	-147.7922589626	64.94156755164562	
1835 SLOW POKE LANE	99709	-147.79226653681658	64.94197395750643	
1841 SLOW POKE LANE	99709	-147.7920116004487	64.94226413203118	
1847 SLOW POKE LANE	99709	-147.7923241557265	64.942687747862	
1781 RANCH WAY	99709	-147.79003217121303	64.93960515676247	
1570 JOHNATHAN WAY	99709	-147.79801934960818	64.94071308934245	
1543 GOLDSTREAM ROAD	99709	-147.79447684663538	64.94134919292763	
1551 GOLDSTREAM ROAD	99709	-147.79674727039216	64.94363761233035	
1874 BUCK'S DRIVE	99709	-147.8083469199357	64.94399356380038	
1871 BUCK'S DRIVE	99709	-147.81000482613985	64.9437410963193	
1895 BUCK'S DRIVE	99709	-147.81084560808586	64.94487308637628	
1919 BUCK'S DRIVE	99709	-147.81069034421637	64.94547257806838	
1970 ELDOVISTA PARKWAY	99709	-147.82305945350905	64.94797253365672	
1982 ELDOVISTA PARKWAY	99709	-147.82334366480887	64.94846680729577	
2010 ELDOVISTA PARKWAY	99709	-147.82290349073708	64.94927617859395	
2005 ELDOVISTA PARKWAY	99709	-147.8250952876442	64.94916753837995	
1893 WOODBINE DRIVE	99709	-147.83370542306668	64.9482567290159	
1865 WOODBINE DRIVE	99709	-147.83093021074458	64.94810056845053	
1902 KUNKEL LANE	99709	-147.8382211444949	64.94499379188758	
1800 WILLOW RUN	99709	-147.82767054024188	64.938857988645	
1871 WHIPPOORWILL LANE	99709	-147.82909261813518	64.94069018941904	
1830 WILLOW RUN	99709	-147.8273751602099	64.94164558243789	
1711 WILLOW RUN	99709	-147.83139974655543	64.93633574807254	
1934 TALL TIMBERS DRIVE	99709	-147.84047400406223	64.9424409136357	
1962 TALL TIMBERS DRIVE	99709	-147.84485407357982	64.94230122601633	
1866 PANDORA DRIVE	99709	-147.8396214369439	64.94845723064176	
1880 PANDORA DRIVE	99709	-147.84073216299163	64.94859016493633	
1900 PANDORA DRIVE	99709	-147.84256629261043	64.94900136006261	
1908 PANDORA DRIVE	99709	-147.84408764896583	64.9493450671786	
1881 PANDORA DRIVE	99709	-147.84045436076332	64.94693724475464	
1891 PANDORA DRIVE	99709	-147.84190027240308	64.94797448214575	
1925 PANDORA DRIVE	99709	-147.84449520744187	64.94755065180586	
1909 WATERMAN WAY	99709	-147.82260275833593	64.94416098127012	
1917 WATERMAN WAY	99709	-147.8237571569906	64.94452913082849	
1819 NO WAY LANE	99709	-147.82537972681143	64.94245375419649	
1833 NO WAY LANE	99709	-147.82717949995515	64.94265848373848	
1695 SNOWHOOK TRAIL	99709	-147.81052713700464	64.93385107423454	
1745 SNOWHOOK TRAIL	99709	-147.82070373238014	64.93466277248307	
1445 WILLOW RUN	99709	-147.83074593178574	64.92381677852893	
1518 WILLOW RUN	99709	-147.82892852477502	64.92725319658165	
1671 WILLOW RUN	99709	-147.8308789224591	64.93416733575764	
2135 TWIN FLOWER DRIVE	99709	-147.8356091281451	64.93486476828879	
2238 TWIN FLOWER DRIVE	99709	-147.84607552117177	64.93428992032463	
2021 GOLDSTREAM ROAD	99709	-147.84599853680942	64.93527532768739	
1821 WILLOW RUN	99709	-147.831234783308	64.94129152961735	
1033 PIKA ROAD	99709	-147.8122901973824	64.90533752455735	
1031 PIKA ROAD	99709	-147.81224866582926	64.90538259473186	
1025 MEADOW MOUSE ROAD	99709	-147.80114216219266	64.90294804474584	
1560 MOOSE TRAIL	99709	-147.79746579466868	64.90603019499544	
1518 MOOSE TRAIL	99709	-147.79125102215949	64.90632174687349	
1576 MOOSE TRAIL	99709	-147.7996991769859	64.90609624749987	
1825 WILLOW RUN	99709	-147.83119988670666	64.94141209020637	
1831 WILLOW RUN	99709	-147.83120820048183	64.94182065044401	
1837 WILLOW RUN	99709	-147.83067011638778	64.94250867392823	
1792 WHIPPOORWILL LANE	99709	-147.822756110337	64.9412845145908	
1807 WHIPPOORWILL LANE	99709	-147.82467440466743	64.9409145454882	
1985 GOLDSTREAM ROAD	99709	-147.8419564055092	64.93767256750415	
2140 TWIN FLOWER DRIVE	99709	-147.83676988650163	64.93619471269274	
1432 GRENAC ROAD	99709	-147.78284488128307	64.89886103697098	
1106 PIKA ROAD	99709	-147.7974426509139	64.9093105680356	
1107 PIKA ROAD	99709	-147.7991643838866	64.909605265419	
1095 PIKA ROAD	99709	-147.80057404621232	64.90917075223479	
1039 PIKA ROAD	99709	-147.8120469095424	64.90715962906636	
1669 MOOSE TRAIL	99709	-147.8096870810247	64.90430264542634	
1749 RED FOX DRIVE	99709	-147.81784076429508	64.90186128419641	
1777 RED FOX DRIVE	99709	-147.82154973835637	64.90210039894369	
1696 RED FOX DRIVE	99709	-147.8120484208197	64.900511033732	
1674 RED FOX DRIVE	99709	-147.8091224050334	64.90033789347262	
1640 RED FOX DRIVE	99709	-147.80706943412756	64.89803409824546	
1619 MOOSE TRAIL	99709	-147.80488781984783	64.90451671684016	
1605 MOOSE TRAIL	99709	-147.80260886138493	64.90467423409801	
1587 MOOSE TRAIL	99709	-147.80045061440413	64.90473447156648	
916 REINDEER DRIVE	99709	-147.8023860567839	64.90038904295362	
932 REINDEER DRIVE	99709	-147.8033616632994	64.90180902488783	
958 REINDEER DRIVE	99709	-147.80495609975907	64.9024625625294	
964 REINDEER DRIVE	99709	-147.80520760497595	64.90315316035893	
1724 MOOSE TRAIL	99709	-147.81618830455022	64.90614778480912	
1750 MOOSE TRAIL	99709	-147.81816791994547	64.90584941530125	
1042 ELDORADO ROAD	99709	-147.8197346993389	64.90638939992151	
1031 ELDORADO ROAD	99709	-147.82261965046214	64.90537970441896	
972 BALLAINE ROAD	99709	-147.82872823821864	64.90286557981304	
999 BALLAINE ROAD	99709	-147.82839058530908	64.90401381004456	
1024 BALLAINE ROAD	99709	-147.82730287244198	64.90459053473607	
1030 BALLAINE ROAD	99709	-147.82718278524544	64.90525693628726	
1761 MOOSE TRAIL	99709	-147.81936895575714	64.90505372018045	
1773 MOOSE TRAIL	99709	-147.82105073309359	64.9044087596945	
1016 ELDORADO ROAD	99709	-147.82256357812045	64.90416917067311	
1000 ELDORADO ROAD	99709	-147.8233864231767	64.90353340054502	
1790 RED FOX DRIVE	99709	-147.8231342772187	64.90263247711651	
1782 RED FOX DRIVE	99709	-147.82066100230503	64.90322037514602	
1768 RED FOX DRIVE	99709	-147.8186712306073	64.90316570619133	
1752 RED FOX DRIVE	99709	-147.81725961270493	64.90327610828031	
1725 RED FOX DRIVE	99709	-147.81637512545376	64.90095863710953	
905 BALLAINE ROAD	99709	-147.83508780763538	64.90058276490865	
873 GOLDFINCH ROAD	99709	-147.8374859715245	64.89895585084962	
865 GOLDFINCH ROAD	99709	-147.8390136153178	64.89835653884542	
1045 BALLAINE ROAD	99709	-147.82937144647784	64.90633710258851	
1039 BALLAINE ROAD	99709	-147.83037602646357	64.90607380282412	
1930 LYNX LANE	99709	-147.84097972206948	64.9028482264828	
1970 LYNX LANE	99709	-147.83857497889431	64.90113654651937	
945 BALLAINE ROAD	99709	-147.83327806340588	64.901600786093	
927 BALLAINE ROAD	99709	-147.83135379408805	64.9009558542665	
909 BALLAINE ROAD	99709	-147.83116560158447	64.89994775167449	
872 GOLDFINCH ROAD	99709	-147.8362858561562	64.8981817481522	
876 GOLDFINCH ROAD	99709	-147.8344017141402	64.89820443435717	
878 GOLDFINCH ROAD	99709	-147.83285239355257	64.89823206404863	
1374 WIDEVIEW ROAD	99709	-147.77838696001214	64.90630336390475	
1373 WIDEVIEW ROAD	99709	-147.77841748844804	64.905551805584	
2134 YELLOW LEAF COURT	99709	-147.85898655543514	64.95340004730522	
2161 YELLOW LEAF COURT	99709	-147.86127800961788	64.95263970300446	
2139 YELLOW LEAF COURT	99709	-147.85973617020093	64.95258698371879	
2045 RED BERRY ROAD	99709	-147.84962085299662	64.95126040059603	
2068 TOBOGGAN LANE	99709	-147.85174382550795	64.93812126084369	
2056 TOBOGGAN LANE	99709	-147.84911187030735	64.93807131124714	
2060 TOBOGGAN LANE	99709	-147.8497145458091	64.93910274183344	
2222 TWIN FLOWER DRIVE	99709	-147.84941638470656	64.93291519600186	
2016 RED BERRY ROAD	99709	-147.84787198736154	64.95019696817035	
2010 RED BERRY ROAD	99709	-147.84791737028058	64.94953121691692	
1980 RED BERRY ROAD	99709	-147.84725325774627	64.94816197370045	
2011 RED BERRY ROAD	99709	-147.84984592689867	64.94969914077602	
1944 RED LEAF ROAD	99709	-147.85155500030393	64.9468147664025	
1962 RED LEAF ROAD	99709	-147.85195792313493	64.94747755453709	
1996 RED LEAF ROAD	99709	-147.85266409020315	64.94902194954527	
1959 RED LEAF ROAD	99709	-147.85354246592277	64.94751752545201	
1951 RED LEAF ROAD	99709	-147.85364826318954	64.94689710523231	
1948 PINE WOOD ROAD	99709	-147.85607242626793	64.9466895033945	
1978 PINE WOOD ROAD	99709	-147.85703467886083	64.94827963763369	
2010 GREEN LEAF ROAD	99709	-147.86043280604719	64.94948797339721	
2009 GREEN LEAF ROAD	99709	-147.86238680962123	64.94906589960182	
1951 PINE WOOD ROAD	99709	-147.8581072853958	64.94676141302921	
2025 GREEN LEAF ROAD	99709	-147.8624165168416	64.95033310468912	
2090 GREEN LEAF ROAD	99709	-147.85733632236193	64.95310871987088	
2089 PINE CONE ROAD	99709	-147.85514566599332	64.9532686167606	
2069 PINE CONE ROAD	99709	-147.85588695456607	64.95233728685352	
2051 PINE CONE ROAD	99709	-147.85614598291227	64.95172820069133	
2094 PINE CONE ROAD	99709	-147.8534477042222	64.95333470246707	
2091 PINE WOOD ROAD	99709	-147.85060349654344	64.95335828655833	
2077 PINE WOOD ROAD	99709	-147.85180958974522	64.9527046988502	
2063 PINE WOOD ROAD	99709	-147.85281155971882	64.95239674819166	
2083 GOLDSTREAM ROAD	99709	-147.85390780920167	64.93234758072701	
2110 YELLOWSNOW ROAD	99709	-147.856856500942	64.92365719089119	
2091 YELLOWSNOW ROAD	99709	-147.8532156044481	64.92269174085375	
2113 YELLOWSNOW ROAD	99709	-147.856344234838	64.92276294610942	
2131 YELLOWSNOW ROAD	99709	-147.858952333934	64.92268383595507	
2111 YELLOWSNOW ROAD	99709	-147.85632783479227	64.92195984782451	
2110 GOLDSTREAM ROAD	99709	-147.85676047053252	64.93321495590762	
2052 GOLDSTREAM ROAD	99709	-147.8546416102458	64.93545874427112	
2046 GOLDSTREAM ROAD	99709	-147.84999502658218	64.9354230307959	
2053 TOBOGGAN LANE	99709	-147.85140815171408	64.93661860315596	
2095 TOBOGGAN LANE	99709	-147.85440616654793	64.93683940799549	
2142 PENROSE LANE	99709	-147.85854990761806	64.93421634073825	
2122 MUDDY HILL LANE	99709	-147.85816533091344	64.93480514620994	
2120 PENROSE LANE	99709	-147.8582659986551	64.93360045618577	
2228 PENROSE LANE	99709	-147.86921507807014	64.93438098673418	
2220 PENROSE LANE	99709	-147.8668930795136	64.93523247533223	
2222 PENROSE LANE	99709	-147.86698070904822	64.93520079441909	
2205 PENROSE LANE	99709	-147.8661391176174	64.93353199282882	
2191 PENROSE LANE	99709	-147.864364924985	64.93343061489385	
2175 PENROSE LANE	99709	-147.86299017556655	64.93345042729574	
2137 ODONATA COURT	99709	-147.85823303484642	64.93006936510935	
2108 DRAGONFLY COURT	99709	-147.85591926935572	64.92906300138027	
2131 DRAGONFLY COURT	99709	-147.85962396547976	64.92880121163687	
2030 YELLOWSNOW ROAD	99709	-147.84775903452797	64.9241056715676	
2070 YELLOWSNOW ROAD	99709	-147.8524446431723	64.92421362997483	
2088 YELLOWSNOW ROAD	99709	-147.85353659422944	64.92425085616053	
2040 YELLOWSNOW ROAD	99709	-147.85062537085255	64.92323193014076	
2060 YELLOWSNOW ROAD	99709	-147.8520828009054	64.92345810928508	
2090 YELLOWSNOW ROAD	99709	-147.85358190732654	64.92337793316267	
2129 YELLOWSNOW ROAD	99709	-147.85773028749105	64.9219604443121	
2153 YELLOWSNOW ROAD	99709	-147.8604583267814	64.92202797668914	
1392 BALLAINE ROAD	99709	-147.86221648278783	64.92186809445955	
2191 FRANKLIN STREET	99709	-147.86515289288408	64.92329077472255	
1430 LETA STREET	99709	-147.86686081534162	64.92341737072745	
1403 BALLAINE ROAD	99709	-147.86559400614348	64.92241140558501	
1398 LETA STREET	99709	-147.8683007285675	64.9217353498465	
2137 PENROSE LANE	99709	-147.86208830280717	64.93249077753867	
1561 GOLDPOINTE DRIVE	99709	-147.86912264216082	64.93022055577707	
1392 GRENAC ROAD	99709	-147.78167681216166	64.89853656829858	
1575 GOLDEN VIEW DRIVE	99709	-147.87259213340897	64.93049521959907	
1555 GOLDEN VIEW DRIVE	99709	-147.8747390388365	64.92931542034907	
1535 GOLDEN VIEW DRIVE	99709	-147.875527716646	64.92866345092317	
1525 GOLDEN VIEW DRIVE	99709	-147.8766634114454	64.927961159253	
1704 SKYFLIGHT AVENUE	99709	-147.87167920531041	64.93173935274693	
1684 SKYFLIGHT AVENUE	99709	-147.87391089453823	64.93062674035791	
1020 MEADOW MOUSE ROAD	99709	-147.79959743688022	64.90248155468682	
929 REINDEER DRIVE	99709	-147.80544360869985	64.90086690160992	
970 REINDEER DRIVE	99709	-147.80557423842902	64.90381693071326	
1070 ELDORADO ROAD	99709	-147.81844035627748	64.90714595087239	
1710 MOOSE TRAIL	99709	-147.81346642989288	64.90517672508345	
1708 MOOSE TRAIL	99709	-147.8138734849631	64.90584949457951	
1011 ELDORADO ROAD	99709	-147.82409510367586	64.90480499157474	
1030 MEADOW MOUSE ROAD	99709	-147.79736398827418	64.90323079062041	
1040 MEADOW MOUSE ROAD	99709	-147.79745484016783	64.90409913461366	
1610 MOOSE TRAIL	99709	-147.80340473458958	64.90579318026816	
1640 MOOSE TRAIL	99709	-147.80761375616902	64.90539279108428	
1678 MOOSE TRAIL	99709	-147.80946918312299	64.90545844045074	
1691 MOOSE TRAIL	99709	-147.81179135664343	64.90436839993188	
959 REINDEER DRIVE	99709	-147.80803970835788	64.90250278845292	
1058 PIKA ROAD	99709	-147.80528013134924	64.90648058134488	
1086 PIKA ROAD	99709	-147.80054419727816	64.9078756829892	
1098 PIKA ROAD	99709	-147.7970247647848	64.90842512560107	
1540 MOOSE TRAIL	99709	-147.7974339485855	64.90780679445251	
1073 PIKA ROAD	99709	-147.8041850420471	64.90770632034712	
1061 PIKA ROAD	99709	-147.8069559053184	64.9075497511491	
1053 PIKA ROAD	99709	-147.80895473027542	64.90718576781289	
1592 WOLVERINE LANE	99709	-147.80216114345868	64.898260474677	
1035 MEADOW MOUSE ROAD	99709	-147.8007497671632	64.90364863387836	
947 REINDEER DRIVE	99709	-147.80704930139964	64.90168779339216	
995 ELDORADO ROAD	99709	-147.82542682250468	64.90395719158208	
977 ELDORADO ROAD	99709	-147.82713305713486	64.90321485640497	
949 ELDORADO ROAD	99709	-147.82866042972677	64.90231298206307	
1040 BALLAINE ROAD	99709	-147.82543588161303	64.90596014011497	
1701 MOOSE TRAIL	99709	-147.8133683136073	64.90464023038915	
1721 MOOSE TRAIL	99709	-147.81526639510818	64.9044449782455	
1745 MOOSE TRAIL	99709	-147.81736635766342	64.90450636649372	
970 ELDORADO ROAD	99709	-147.8247734479784	64.90285590460054	
956 ELDORADO ROAD	99709	-147.82588800627693	64.90216790629255	
1834 RED FOX DRIVE	99709	-147.82726698143892	64.90096704788891	
1818 RED FOX DRIVE	99709	-147.82483320428454	64.90084931562409	
1802 RED FOX DRIVE	99709	-147.82354777146668	64.90163238372472	
1718 RED FOX DRIVE	99709	-147.8137334229799	64.90118725601549	
1712 RED FOX DRIVE	99709	-147.81268086163277	64.90204868441467	
1710 RED FOX DRIVE	99709	-147.81105130965713	64.90173103041799	
1805 RED FOX DRIVE	99709	-147.82220223713648	64.90129438488842	
1807 RED FOX DRIVE	99709	-147.8204459372941	64.89995248784903	
1811 RED FOX DRIVE	99709	-147.82240046971984	64.89995216023289	
890 GOLDFINCH ROAD	99709	-147.83151344420642	64.89818968039503	
1800 MUSK OX TRAIL	99709	-147.82429695401692	64.89906519268943	
1035 BALLAINE ROAD	99709	-147.83253606057232	64.90595490128102	
1029 BALLAINE ROAD	99709	-147.83240572354578	64.90508576168156	
1872 LYNX LANE	99709	-147.83191068887749	64.90356361820908	
1971 LYNX LANE	99709	-147.83499465666083	64.90071062908663	
1945 LYNX LANE	99709	-147.835697158029	64.90179546147318	
1925 LYNX LANE	99709	-147.83449939966226	64.90256254729644	
1870 LYNX LANE	99709	-147.83267353992088	64.90249121118433	
893 GOLDFINCH ROAD	99709	-147.83134400367743	64.89913926058568	
879 GOLDFINCH ROAD	99709	-147.832723065753	64.8991483332129	
877 GOLDFINCH ROAD	99709	-147.8344120777016	64.89928252063945	
1707 RED FOX DRIVE	99709	-147.81421281984964	64.89913579210761	
900 BALLAINE ROAD	99709	-147.82857464425518	64.90019519035927	
898 BALLAINE ROAD	99709	-147.82865816824545	64.89932509390698	
1378 GLADE COURT	99709	-147.7785931402018	64.90480295501527	
2141 DESTINATION AVENUE	99709	-147.8581594746386	64.92018866913827	
1954 BUCK'S DRIVE	99709	-147.8069655484643	64.94645671528025	
1300 GOLDSTREAM ROAD	99709	-147.77888827611483	64.94975943910322	
1688 SKYFLIGHT AVENUE	99709	-147.8721496380743	64.93105222953805	
1435 LETA STREET	99709	-147.86805686333958	64.92370772326395	
1540 GOLDEN VIEW DRIVE	99709	-147.8726652459754	64.92871658116795	
1540 GOLDPOINTE DRIVE	99709	-147.86804318507166	64.92902892726411	
1861 WHIPPOORWILL LANE	99709	-147.82855190146893	64.9408475797626	
1851 WHIPPOORWILL LANE	99709	-147.8280948049052	64.94075347130595	
1841 WHIPPOORWILL LANE	99709	-147.8275042506939	64.94075477518882	
1691 WILLOW RUN	99709	-147.83189626268117	64.9353461660868	
1552 GOLDSTREAM ROAD	99709	-147.797432694388	64.94971411677386	
2005 GOLDSTREAM ROAD	99709	-147.84338449657963	64.93701201599707	
2177 TEQUILA COURT	99709	-147.86254475066292	64.91689619142706	
1831 WHIPPOORWILL LANE	99709	-147.82687543252865	64.94076960322705	
2245 SUNSHINE AVENUE	99709	-147.87042381412508	64.91632564187994	
2247 SUNSHINE AVENUE	99709	-147.87050642822817	64.91661224810358	
1810 WHIPPOORWILL LANE	99709	-147.82510999564465	64.9413121507608	
2010 GOLDSTREAM ROAD	99709	-147.8446532422934	64.93667541916737	
1925 GOLDSTREAM ROAD	99709	-147.83859357389449	64.93914508754166	
1917 BUCK'S DRIVE	99709	-147.81075723615035	64.94541040637512	
2231 CORDES DRIVE	99709	-147.86944786001388	64.92778191838575	
1794 RANCH WAY	99709	-147.78882227359938	64.94016387896508	
1837 NO WAY LANE	99709	-147.8290909099661	64.94346497545294	
1454 WILLOW RUN	99709	-147.82989702472494	64.92490710147828	
1460 WILLOW RUN	99709	-147.8299345010938	64.92551084749317	
1466 WILLOW RUN	99709	-147.82916150991898	64.92540814145228	
1470 WILLOW RUN	99709	-147.82790148825117	64.92558496111843	
1476 WILLOW RUN	99709	-147.82612723025682	64.92599209812825	
1500 WILLOW RUN	99709	-147.8292703599024	64.92609563872661	
1920 LYNX LANE	99709	-147.83734285426755	64.90302813464595	
2118 DRAGONFLY COURT	99709	-147.85693403862484	64.92915926896762	
1506 WILLOW RUN	99709	-147.82940959483238	64.92643052849023	
1480 WILLOW RUN	99709	-147.82618790862455	64.92542962260876	
2317 GOLDSTREAM ROAD	99709	-147.87749840200976	64.91805487236279	
2319 GOLDSTREAM ROAD	99709	-147.87703843080263	64.9179945363894	
2321 GOLDSTREAM ROAD	99709	-147.87674789473937	64.91791946015245	
2323 GOLDSTREAM ROAD	99709	-147.87717081953465	64.91776795761574	
2251 SUNSHINE AVENUE	99709	-147.87092463138583	64.91687330488445	
1938 BUCK'S DRIVE	99709	-147.80616532121684	64.94562120893613	
2118 DRAGONFLY COURT	99709	-147.85633685361074	64.92949607928257	
1363 KALE LANE	99709	-147.8640924697564	64.9187560181995	
2295 BLACK SPRUCE COURT	99709	-147.87631496577814	64.90418659348684	
2285 BLACK SPRUCE COURT	99709	-147.87325555090905	64.90428842647049	
2280 BLACK SPRUCE COURT	99709	-147.87358937226054	64.90490100371441	
2275 SANDHILL AVENUE	99709	-147.8725107784496	64.90636923404206	
2255 SANDHILL AVENUE	99709	-147.87127144162977	64.90656265352399	
2300 BLACK SPRUCE COURT	99709	-147.87519763208465	64.90495140800014	
2285 SANDHILL AVENUE	99709	-147.87595506920826	64.90632849318094	
1570 GOLDPOINTE DRIVE	99709	-147.86630051022206	64.93054695969785	
1375 GLADE COURT	99709	-147.77858677295762	64.90385270856169	
1668 SKYFLIGHT AVENUE	99709	-147.87719494700104	64.92907745713254	
2190 GOLDSTREAM ROAD	99709	-147.86721846972807	64.92762223951412	
2251 CORDES DRIVE	99709	-147.87122715700016	64.9272659070895	
2271 CORDES DRIVE	99709	-147.8732077089708	64.92661648285828	
1995 RED BERRY ROAD	99709	-147.8501701452373	64.94888620534547	
1979 RED BERRY ROAD	99709	-147.84948622470006	64.94789379794292	
1963 RED BERRY ROAD	99709	-147.84912805811058	64.94727330096532	
2013 RED LEAF ROAD	99709	-147.8538638924783	64.95028283940059	
2158 YELLOW LEAF COURT	99709	-147.86100979098114	64.9532537242621	
2166 YELLOW LEAF COURT	99709	-147.862570297751	64.95319007370276	
2169 YELLOW LEAF COURT	99709	-147.86273141988727	64.95285813943879	
2173 ORANGE LEAF DRIVE	99709	-147.86276425394448	64.95176241924274	
2155 ORANGE LEAF DRIVE	99709	-147.8615214733879	64.95157043521746	
2070 GREEN LEAF ROAD	99709	-147.85774160578092	64.9524282689893	
2052 GREEN LEAF ROAD	99709	-147.85831814826736	64.95156609543204	
2038 GREEN LEAF ROAD	99709	-147.85921042306163	64.95083551911596	
2024 GREEN LEAF ROAD	99709	-147.8600629860522	64.95019768293348	
2013 PINE WOOD ROAD	99709	-147.85748855307935	64.95012014197927	
2010 PINE WOOD ROAD	99709	-147.85579436917814	64.94976472114593	
2074 PINE CONE ROAD	99709	-147.85430616463987	64.95258473443928	
2029 RED BERRY ROAD	99709	-147.84963785891244	64.9505290423191	
2044 RED LEAF ROAD	99709	-147.8513191352176	64.95126305003072	
2072 RED BERRY ROAD	99709	-147.84763794617427	64.95259238747896	
1977 RED LEAF ROAD	99709	-147.85383189080184	64.94829197936713	
2174 PENROSE LANE	99709	-147.86326961012247	64.93430998459873	
2235 PENROSE LANE	99709	-147.871040255881	64.93340623753714	
2091 GOLDSTREAM ROAD	99709	-147.85493066280034	64.93182329555393	
2121 ODONATA COURT	99709	-147.85662441235476	64.93087169884822	
2129 ODONATA COURT	99709	-147.85784526355494	64.93052008131087	
1994 PINE WOOD ROAD	99709	-147.85666264593917	64.94915652084869	
1999 PINE WOOD ROAD	99709	-147.85868957450216	64.94922283767313	
2004 GREEN LEAF ROAD	99709	-147.86014672560458	64.94913448322966	
1976 SEPTEMBER COURT	99709	-147.86144642343578	64.94802273736134	
1960 SEPTEMBER COURT	99709	-147.86266586581442	64.94723271073215	
2200 PENROSE LANE	99709	-147.8693166370254	64.93988865796486	
2170 TOBOGGAN LANE	99709	-147.86208137577827	64.93821944994352	
2128 TOBOGGAN LANE	99709	-147.8581664784502	64.9374745934123	
2086 TOBOGGAN LANE	99709	-147.8538003884778	64.9376541340863	
2045 TOBOGGAN LANE	99709	-147.84905304191957	64.93693410269817	
2027 GOLDSTREAM ROAD	99709	-147.84768552390867	64.9351845539206	
2226 TWIN FLOWER DRIVE	99709	-147.84905054617644	64.9328238785118	
2080 GOLDSTREAM ROAD	99709	-147.8534597924406	64.9341518847966	
2115 TOBOGGAN LANE	99709	-147.85699206468217	64.93659689413006	
2141 TOBOGGAN LANE	99709	-147.85923424774688	64.93659387075641	
2167 TOBOGGAN LANE	99709	-147.86269425575523	64.93636738863484	
2158 PENROSE LANE	99709	-147.8631769998815	64.9353336837265	
2152 PENROSE LANE	99709	-147.86037683000578	64.93474778057835	
2131 PENROSE LANE	99709	-147.85885572119506	64.93231301335518	
2141 PENROSE LANE	99709	-147.85988316125932	64.93308504273988	
2245 PENROSE LANE	99709	-147.87012972981663	64.93503828711565	
2239 PENROSE LANE	99709	-147.87100691083296	64.9343763375018	
2216 PENROSE LANE	99709	-147.86726554143908	64.93432937697088	
2155 DRAGONFLY COURT	99709	-147.86071035879624	64.9293968715784	
1600 GOLDEN VIEW DRIVE	99709	-147.870349829423	64.93045280709035	
1511 GOLDEN VIEW DRIVE	99709	-147.87727417431685	64.92734861762062	
1502 GOLDEN VIEW DRIVE	99709	-147.8753056092184	64.92682515090371	
2189 GOLDSTREAM ROAD	99709	-147.86177221773957	64.9289507361117	
2180 GOLDSTREAM ROAD	99709	-147.86192033857841	64.9304638223724	
2195 GOLDSTREAM ROAD	99709	-147.86196932419173	64.928333618817	
2118 YELLOWSNOW ROAD	99709	-147.85702128562954	64.92445176050538	
2126 YELLOWSNOW ROAD	99709	-147.8582543807634	64.9240470077995	
2158 YELLOWSNOW ROAD	99709	-147.86060014548448	64.9244251663184	
2160 YELLOWSNOW ROAD	99709	-147.86204677361138	64.92411477266528	
2130 YELLOWSNOW ROAD	99709	-147.85867167482598	64.92350396792884	
2150 YELLOWSNOW ROAD	99709	-147.8607359945818	64.92320824786746	
2168 YELLOWSNOW ROAD	99709	-147.86216815867897	64.92327181733455	
2155 YELLOWSNOW ROAD	99709	-147.8606867858812	64.92264157497614	
2161 YELLOWSNOW ROAD	99709	-147.86184771668937	64.9227157885391	
2073 YELLOWSNOW ROAD	99709	-147.8514321362479	64.9220068190472	
1483 BALLAINE ROAD	99709	-147.86503967986985	64.92592831093859	
2194 FRANKLIN STREET	99709	-147.8649602808927	64.9239528368425	
2210 FRANKLIN STREET	99709	-147.8661714920362	64.92436889319983	
2230 FRANKLIN STREET	99709	-147.86831670813686	64.92431956586805	
1412 LETA STREET	99709	-147.86765867837823	64.92254012506712	
2250 TRICE AVENUE	99709	-147.87198619150635	64.92167007966789	
1407 LETA STREET	99709	-147.87036452293063	64.92239748920785	
1415 LETA STREET	99709	-147.8696520930657	64.9231723309075	
1541 GOLDPOINTE DRIVE	99709	-147.86985446232293	64.92930116282747	
1531 GOLDPOINTE DRIVE	99709	-147.86995825177542	64.92923501283131	
1560 GOLDPOINTE DRIVE	99709	-147.86688921345112	64.92995603970266	
1520 GOLDEN VIEW DRIVE	99709	-147.87489977587762	64.9276309658134	
2295 STEVENS AVENUE	99709	-147.8758599801747	64.92320547530302	
1699 SKYFLIGHT AVENUE	99709	-147.87511794064426	64.93149442086603	
2262 CORDES DRIVE	99709	-147.87297823151383	64.92751508419697	
2240 CORDES DRIVE	99709	-147.87175353981735	64.92806723668197	
2289 CORDES DRIVE	99709	-147.87513530213408	64.92599238401952	
2301 CORDES DRIVE	99709	-147.87616665819874	64.92574112482704	
2240 OKTA WAY	99709	-147.8705611082308	64.92654762749069	
2235 OKTA WAY	99709	-147.86917875347683	64.92596511849312	
2255 FRANKLIN STREET	99709	-147.872573667263	64.92379834788242	
2267 FRANKLIN STREET	99709	-147.8733950071633	64.92344917909953	
2279 FRANKLIN STREET	99709	-147.8743008144552	64.92308298782335	
1651 WILLOW RUN	99709	-147.8309486757395	64.93341544165047	
1305 CHILI PEPPER COURT	99709	-147.8576632780709	64.917760121686	
2238 CRANE COURT	99709	-147.86978071642204	64.91357283174273	
2257 SANDHILL AVENUE	99709	-147.87169426553504	64.90646403670418	
1932 BUCK'S DRIVE	99709	-147.8077639336806	64.94579890447508	
2251 OKTA WAY	99709	-147.8707449674122	64.9253229505924	
1610 GOLDPOINTE DRIVE	99709	-147.862636899953	64.93171844562914	
1116 MILLER HILL ROAD EXT	99709	-147.874640530923	64.909337132709	
1216 MILLER HILL ROAD EXT	99709	-147.87569141398134	64.91360643016822	
1220 MILLER HILL ROAD EXT	99709	-147.87504879968682	64.91378902477103	
960 MILLER HILL ROAD EXT	99709	-147.87654167642904	64.90064542869483	
1114 MILLER HILL ROAD EXT	99709	-147.87741496733898	64.90928975382766	
1439 GRENAC ROAD	99709	-147.78500137886044	64.90067162092892	
1078 PIKA ROAD	99709	-147.80205198588283	64.90737180378838	
921 REINDEER DRIVE	99709	-147.80344530538162	64.89976122337751	
1949 RED BERRY ROAD	99709	-147.84803526773658	64.94685538284651	
2150 GOLDSTREAM ROAD	99709	-147.86089278170596	64.93116278112328	
2184 GOLDSTREAM ROAD	99709	-147.86383858080595	64.92973641853034	
2254 OKTA WAY	99709	-147.871987290999	64.92613137407575	
2261 OKTA WAY	99709	-147.87391114054753	64.92511400204461	
2249 OKTA WAY	99709	-147.8708236164127	64.92525653390581	
2289 FRANKLIN STREET	99709	-147.87525523549868	64.92251449483295	
2299 FRANKLIN STREET	99709	-147.87587482015448	64.92201737485385	
2310 FRANKLIN STREET	99709	-147.8774988593512	64.92211578449826	
2272 FRANKLIN STREET	99709	-147.873610556657	64.92437758920138	
2286 STEVENS AVENUE	99709	-147.87505845391553	64.92411783242008	
2309 STEVENS AVENUE	99709	-147.87785143045298	64.92309970047317	
1254 SUNNY SLOPE ROAD	99709	-147.8652745466159	64.91554230197578	
2234 SUNSHINE AVENUE	99709	-147.86867709050176	64.91740733502928	
1821 WHIPPOORWILL LANE	99709	-147.82611399249342	64.94094867325853	
1214 MILLER HILL ROAD EXT	99709	-147.87674972339184	64.91358686543398	
1211 SUNNY SLOPE ROAD	99709	-147.86967045862605	64.91365460879166	
1265 BALLAINE ROAD	99709	-147.84029416611125	64.91301573312063	
1285 BALLAINE ROAD	99709	-147.84841959427976	64.9163881181191	
1250 CHILI PEPPER COURT	99709	-147.8527650778846	64.91503254584039	
1260 CHILI PEPPER COURT	99709	-147.85508742087373	64.9156080992997	
1270 CHILI PEPPER COURT	99709	-147.85634389211754	64.916086268019	
1280 CHILI PEPPER COURT	99709	-147.8568499126385	64.91648135695866	
2145 TEQUILA COURT	99709	-147.85990380071232	64.91658302550867	
2155 TEQUILA COURT	99709	-147.86076347160744	64.91669472051981	
1357 HELIOS AVENUE	99709	-147.87385266474084	64.92030501132702	
1349 HELIOS AVENUE	99709	-147.87473166064657	64.91983097783827	
2255 SOLSTICE AVENUE	99709	-147.87187926174178	64.9184429667963	
2245 SOLSTICE AVENUE	99709	-147.87091477293268	64.9180456996081	
2090 RED BERRY ROAD	99709	-147.8475763521963	64.95355795346404	
1346 HELIOS AVENUE	99709	-147.87340102273836	64.91928007966325	
2239 SOLSTICE AVENUE	99709	-147.86962814214326	64.9181999357689	
2271 SOLAR AVENUE	99709	-147.8724555431654	64.91468142859175	
2283 SOLAR AVENUE	99709	-147.8750458073479	64.91533013742243	
2235 SOLSTICE AVENUE	99709	-147.86880934278813	64.91833745755812	
1352 HELIOS AVENUE	99709	-147.87198056926118	64.91940633907065	
1348 HELIOS AVENUE	99709	-147.8728809210651	64.91917739711272	
1306 SUNNY SLOPE ROAD	99709	-147.8651594659283	64.91796678050318	
1296 SUNNY SLOPE ROAD	99709	-147.86503249092138	64.91753161335937	
1288 SUNNY SLOPE ROAD	99709	-147.86508559427477	64.91715351506295	
1222 MILLER HILL ROAD EXT	99709	-147.87506418890038	64.91425933616812	
1224 MILLER HILL ROAD EXT	99709	-147.87642315225344	64.91433283657906	
2169 TOBOGGAN LANE	99709	-147.86257016699605	64.93630530726946	
2250 TRULY FAIR LANE	99709	-147.84924677392527	64.93064652249558	
2210 CORDES DRIVE	99709	-147.86611456534132	64.92904360396189	
1640 GOLDEN VIEW DRIVE	99709	-147.86836450368745	64.93183186817433	
1236 SUNNY SLOPE ROAD	99709	-147.8666311182212	64.91453796685725	
2237 SOLAR AVENUE	99709	-147.8700571503894	64.91513560606754	
2310 SOLAR AVENUE	99709	-147.87684219239188	64.91642443759643	
2305 NUGGET LOOP	99709	-147.87766942741197	64.92097909475062	
2181 TWIN FLOWER DRIVE	99709	-147.84242696520653	64.93370935491195	
2298 STEVENS AVENUE	99709	-147.87640939798547	64.92412073823583	
1590 GOLDPOINTE DRIVE	99709	-147.86485250366712	64.93109189271094	
2186 GOLDSTREAM ROAD	99709	-147.86476486976488	64.92943341514719	
1789 GOLDSTREAM ROAD	99709	-147.82056746800765	64.94612049890021	
2110 TWIN FLOWER DRIVE	99709	-147.83408711866073	64.93606231119905	
1390 DRIVEN TRAIL	99709	-147.78037673177533	64.9426187810364	
1830 PANDORA DRIVE	99709	-147.8292978761826	64.94682178836293	
1755 PANDORA DRIVE	99709	-147.82938751875605	64.94574572221585	
1891 WILLOW RUN	99709	-147.83078658839887	64.94540350317604	
1912 KESTREL LANE	99709	-147.838467399024	64.94315547174152	
1906 KUNKEL LANE	99709	-147.83665647552357	64.94400342587936	
1762 RECOLLECTION LANE	99709	-147.79337825457037	64.93899940741673	
1761 RECOLLECTION LANE	99709	-147.7943842312739	64.93895889863538	
1491 JOHNATHAN WAY	99709	-147.79082111447283	64.94085559002767	
1529 JOHNATHAN WAY	99709	-147.79503489044524	64.94090242929279	
1803 RECOLLECTION LANE	99709	-147.79436011696725	64.94076938285936	
1797 RECOLLECTION LANE	99709	-147.79423833285662	64.94055946444118	
901 WEBER WAY	99709	-147.78716049450014	64.8979702189174	
909 WEBER WAY	99709	-147.7874949442919	64.8985864422243	
2139 PANDORA DRIVE	99709	-147.8597728569195	64.93902335476253	
1931 BUCK'S DRIVE	99709	-147.8095850637498	64.94643489785777	
2215 PENROSE LANE	99709	-147.86744203410413	64.93364989317253	
2028 YELLOWSNOW ROAD	99709	-147.8492624030702	64.92244864253666	
1451 DRIVEN TRAIL	99709	-147.78263781738613	64.93904914341654	
2115 PANDORA DRIVE	99709	-147.85913797406118	64.94030563649824	
1824 STONY HOLLOW LANE	99709	-147.7865517741516	64.94114032747419	
875 GOLDFINCH ROAD	99709	-147.83617061074224	64.89903805865082	
1600 GOLDPOINTE DRIVE	99709	-147.8638761045945	64.93120413537449	
2090 PINE WOOD ROAD	99709	-147.85021343273226	64.9522784861698	
2150 ORANGE LEAF DRIVE	99709	-147.85997399219775	64.95215453337316	
1686 GOLDSTREAM ROAD	99709	-147.81231701915496	64.9496849728253	
1940 BUCK'S DRIVE	99709	-147.8054219026271	64.94606395298258	
1995 PANDORA DRIVE	99709	-147.84296564142414	64.9439064481334	
1557 SKI BOOT HILL ROAD	99709	-147.7800727928913	64.91107873566921	
1844 PANDORA DRIVE	99709	-147.83159186542906	64.94712218720161	
2305 CORDES DRIVE	99709	-147.8777379238814	64.92545922530786	
1435 GRENAC ROAD	99709	-147.78679043316592	64.8992992105269	
2279 FRANKLIN STREET	99709	-147.8742135265231	64.92300997363844	
910 BALLAINE ROAD	99709	-147.8297237037852	64.89974883579329	
1746 WILLOW RUN	99709	-147.8289595180883	64.93798756607885	
1718 WILLOW RUN	99709	-147.8295234909322	64.93676551956024	
1823 RED FOX DRIVE	99709	-147.82614999506546	64.8991616152802	
1860 PANDORA DRIVE	99709	-147.83819918965028	64.94831106413524	
1856 PANDORA DRIVE	99709	-147.83643886307374	64.94812635190192	
1846 PANDORA DRIVE	99709	-147.83430452867236	64.94740111583327	
1843 PANDORA DRIVE	99709	-147.83478131638014	64.94670725388848	
1302 KALE LANE	99709	-147.86121968189755	64.9151208820959	
1310 KALE LANE	99709	-147.86265389906032	64.9157190562187	
988 BALLAINE ROAD	99709	-147.82829566700042	64.90329260770066	
1963 SEPTEMBER COURT	99709	-147.86194077151018	64.94669211225485	
1759 GOLDSTREAM ROAD	99709	-147.81828244891008	64.94677807713795	
2314 WHEAT LANE	99709	-147.8770451971426	64.91165802754507	
1807 MUSK OX	99709	-147.82265556728436	64.89817562857439	
1624 LOGAN ROAD	99709	-147.84205498112448	64.93104487636649	
1609 WILLOW RUN	99709	-147.8313292686188	64.93164766766256	
2240 SOLAR AVENUE	99709	-147.86943524045327	64.91564126192975	
1112 BALLAINE ROAD	99709	-147.8267097994556	64.91053662193173	
1818 STONY HOLLOW LANE	99709	-147.78717278770125	64.93903417795283	
1437 GRENAC ROAD	99709	-147.7893519536662	64.9004425405974	
2102 GOLDSTREAM ROAD	99709	-147.85465210442328	64.93340203942405	
1991 ELDOVISTA PARKWAY	99709	-147.82526646640858	64.94874242717857	
1790 WOODBINE DRIVE	99709	-147.8222830438398	64.94727013056888	
2233 PENROSE LANE	99709	-147.87040345243656	64.93270197693124	
1681 WILLOW RUN	99709	-147.83067805639652	64.93504774397908	
2225 SUNSHINE AVENUE	99709	-147.86745828128366	64.91677272199696	
2188 GOLDSTREAM ROAD	99709	-147.8659781411505	64.92800066390772	
2191 CORDES DRIVE	99709	-147.8650795816264	64.92833522296826	
1870 LYNX LANE	99709	-147.83242539981742	64.90249236483201	
1015 WATER THRUSH DRIVE	99712	-147.71706602085766	64.9048479595897	
1055 WATER THRUSH DRIVE	99712	-147.7116923302886	64.90629068562531	
781 RIDGEMONT DRIVE	99712	-147.72008403232957	64.92154166192735	
1148 SKYLINE DRIVE	99712	-147.68100716990946	64.91075820735348	
1178 DONNA DRIVE	99712	-147.6831946562221	64.91273176871785	
1192 DONNA DRIVE	99712	-147.68470813709564	64.91347021099439	
1167 DONNA DRIVE	99712	-147.68441087979477	64.91145700033785	
424 SKYRIDGE DRIVE	99712	-147.67999695952142	64.9178422859405	
1285 SKYLINE DRIVE	99712	-147.68412954762067	64.91691992909598	
1271 SKYLINE DRIVE	99712	-147.68440622085242	64.91595789439265	
1267 SKYLINE DRIVE	99712	-147.68113978856772	64.9159658589727	
1223 SKYLINE DRIVE	99712	-147.68076837076129	64.91469140159629	
1178 SKYLINE DRIVE	99712	-147.67943378777716	64.91216665468222	
1166 SKYLINE DRIVE	99712	-147.68055819718137	64.91140311457823	
444 MCKINLEY VIEW DRIVE	99712	-147.67942279495713	64.8980432618598	
454 MCKINLEY VIEW DRIVE	99712	-147.68045347155302	64.89798650868609	
465 VALLEY VIEW DRIVE	99712	-147.6818588794562	64.89867063826948	
471 VALLEY VIEW DRIVE	99712	-147.6828964904058	64.89857766954135	
481 VALLEY VIEW DRIVE	99712	-147.6837230956656	64.89841998681356	
493 VALLEY VIEW DRIVE	99712	-147.68464946068173	64.89823089881064	
474 VALLEY VIEW DRIVE	99712	-147.6828895645764	64.89903094814089	
484 VALLEY VIEW DRIVE	99712	-147.68360242845768	64.89897428845545	
437 SUNDEW LANE	99712	-147.67983379524108	64.89997130364993	
438 SUNDEW LANE	99712	-147.67909749515056	64.90071882890653	
460 SUNDEW LANE	99712	-147.68013871552182	64.90083887180776	
959 WINDFLOWER LANE	99712	-147.68420414922662	64.90224794780339	
973 WINDFLOWER LANE	99712	-147.68454874685966	64.90286637481158	
972 WINDFLOWER LANE	99712	-147.6842619321137	64.9034812129118	
970 WINDFLOWER LANE	99712	-147.68302009555293	64.90297264292212	
970 CROCUS WAY	99712	-147.67878479195198	64.9028936837346	
975 CROCUS WAY	99712	-147.680591719056	64.90280307602448	
988 CROCUS WAY	99712	-147.6801638995437	64.90390663523277	
985 CROCUS WAY	99712	-147.68188353645718	64.9036670328696	
1045 SILVERWEED COURT	99712	-147.6841905130321	64.90649088269676	
1032 SILVERWEED COURT	99712	-147.6825633893172	64.90566806764073	
1023 BANEBERRY LANE	99712	-147.68062012199005	64.90487367440855	
1029 BANEBERRY LANE	99712	-147.6806956573719	64.90553244919717	
1051 SKYLINE DRIVE	99712	-147.67958530444162	64.90633629601093	
1110 SKYLINE DRIVE	99712	-147.68395889410988	64.90897722549465	
1083 SKYLINE DRIVE	99712	-147.68427530583992	64.90815078238852	
571 AQUILA STREET	99712	-147.69308885316585	64.90747248896118	
559 AQUILA STREET	99712	-147.69186513074385	64.90763229000936	
549 AQUILA STREET	99712	-147.69070976400832	64.90775280763047	
565 PAVLOF PLACE	99712	-147.69229648650406	64.90301340256306	
574 ILIAMNA PLACE	99712	-147.6940342787378	64.90291007539177	
588 ILIAMNA PLACE	99712	-147.69502530234925	64.90290768604217	
880 FAIRWEATHER ROAD	99712	-147.69339044347456	64.89837522176398	
657 FARMERS LOOP ROAD	99712	-147.70112225626076	64.89894834758374	
659 FARMERS LOOP ROAD	99712	-147.70186137293945	64.89904492999332	
861 BOUTON COURT	99712	-147.70471608740132	64.89818723306776	
869 BOUTON COURT	99712	-147.70313409973602	64.89819631094227	
887 BOUTON COURT	99712	-147.70344391312517	64.89872246544368	
717 FARMERS LOOP ROAD	99712	-147.7090343232787	64.89807097142406	
468 VALLEY VIEW DRIVE	99712	-147.68091545585182	64.89921044187774	
470 VALLEY VIEW DRIVE	99712	-147.6822257298641	64.89907639369916	
449 TAURUS ROAD	99712	-147.67971445317968	64.90797387233903	
713 ASPEN HEIGHTS DRIVE	99712	-147.70691499985588	64.91433498960659	
687 ASPEN HEIGHTS DRIVE	99712	-147.70547510825085	64.91439276873926	
714 LANCASTER DRIVE	99712	-147.70866715176112	64.91352095008257	
735 LANCASTER DRIVE	99712	-147.71036624005174	64.9126951847855	
890 DELPHINIUM LANE	99712	-147.70989611190754	64.8992371699398	
1430 SUMMIT DRIVE	99712	-147.69179728717782	64.91806249052583	
1330 SKYLINE DRIVE	99712	-147.70220313287956	64.92005529162662	
1340 SKYLINE DRIVE	99712	-147.70329719368445	64.91983454278088	
1350 SKYLINE DRIVE	99712	-147.70481939305338	64.91985348150614	
1360 SKYLINE DRIVE	99712	-147.70639579590426	64.92012605460913	
1335 SKYLINE DRIVE	99712	-147.7040230965534	64.91910115739489	
1325 SUMMIT DRIVE	99712	-147.70419058431375	64.91785564778566	
705 HOMESTRETCH ROAD	99712	-147.70624710592588	64.9183849428462	
711 HOMESTRETCH ROAD	99712	-147.70782182993378	64.91830011322057	
1370 SUMMIT DRIVE	99712	-147.69554706816558	64.91724497625093	
1324 SUMMIT DRIVE	99712	-147.7031382319215	64.91734513805336	
1318 SUMMIT DRIVE	99712	-147.7046682818628	64.91717427928585	
682 CRANBERRY RIDGE DRIVE	99712	-147.70434187551248	64.91634288578713	
700 CRANBERRY RIDGE DRIVE	99712	-147.7077434608173	64.91613852479858	
691 CRANBERRY RIDGE DRIVE	99712	-147.70597435346383	64.91562866739984	
683 CRANBERRY RIDGE DRIVE	99712	-147.7042495077092	64.9157444185097	
665 CRANBERRY RIDGE DRIVE	99712	-147.70310638117218	64.91591792023135	
664 ASPEN HEIGHTS DRIVE	99712	-147.70343510889955	64.91506026141671	
735 ASPEN HEIGHTS DRIVE	99712	-147.7102023118709	64.91435944906665	
721 ASPEN HEIGHTS DRIVE	99712	-147.70885256344997	64.91429210505683	
719 LANCASTER DRIVE	99712	-147.70856382080296	64.91287534890266	
688 SENATE DRIVE	99712	-147.7048497192194	64.91177506666342	
702 SENATE DRIVE	99712	-147.7071457685593	64.91197058239396	
720 SENATE DRIVE	99712	-147.7085696398087	64.91200411225901	
541 GOLDSTREAM ROAD	99712	-147.68828325083956	64.94567934202429	
1249 DONNA DRIVE	99712	-147.6910025378428	64.91380954403616	
652 FARMERS LOOP ROAD	99712	-147.70066868017992	64.89958332011403	
901 SKI BOOT HILL ROAD	99709	-147.74567213028357	64.90023277940702	
1100 CHICKADEE LOOP	99712	-147.72255335711264	64.90200849754137	
1125 CHICKADEE LOOP	99712	-147.72511861053115	64.90286710951243	
1115 CHICKADEE LOOP	99712	-147.72436511543086	64.90266810624566	
1105 CHICKADEE LOOP	99712	-147.72313727538608	64.90262867005383	
1095 CHICKADEE LOOP	99712	-147.7221371397475	64.90285320025349	
1035 CHICKADEE LOOP	99712	-147.72102448914032	64.9003956669773	
1025 CHICKADEE LOOP	99712	-147.72225536816666	64.90017831839926	
1015 CHICKADEE LOOP	99712	-147.72327106721997	64.90016601989153	
1005 CHICKADEE LOOP	99712	-147.72430165887556	64.90016479393994	
1165 CHICKADEE LOOP	99712	-147.72650959576552	64.90176595707922	
1458 SKYLINE DRIVE	99712	-147.71600883348313	64.92151974694026	
1455 SKYLINE DRIVE	99712	-147.7179262592812	64.92053266213294	
744 FOXVIEW ROAD	99712	-147.711545568129	64.92534313153067	
766 FOXVIEW ROAD	99712	-147.71377557854447	64.92621179559458	
1020 CHAD STREET	99712	-147.74113884916	64.92693666762256	
1041 SILVERWEED COURT	99712	-147.68437501075653	64.90509286022751	
1087 SUNDANCE LOOP	99709	-147.7479047681238	64.9019425116564	
756 FOXVIEW ROAD	99712	-147.7126650085922	64.9258471546944	
780 FOXVIEW ROAD	99712	-147.71492349170867	64.92650698208516	
940 CHAD STREET	99712	-147.7337925883274	64.92535572993371	
1080 CHAD STREET	99712	-147.74625873626906	64.92598452977813	
804 CRANBERRY RIDGE DRIVE	99712	-147.71871566619737	64.91729397060463	
870 LANCASTER DRIVE	99712	-147.72491117684783	64.90963302000341	
965 WATER THRUSH DRIVE	99712	-147.71556598895594	64.90200989261918	
1302 SUMMIT DRIVE	99712	-147.70998660071882	64.91660358932909	
735 SENATE DRIVE	99712	-147.70983548718516	64.91037029139954	
2070 CLIFDEN ROAD	99709	-147.7781730475801	64.95150689924894	
1331 BALLINA ROAD	99709	-147.7735260077152	64.9503934487172	
1245 BALLINA ROAD	99709	-147.7646063350592	64.9535688838223	
1221 BALLINA ROAD	99709	-147.7624594015813	64.95408229525088	
1171 BALLINA ROAD	99709	-147.75679413183198	64.95402347422642	
1258 BALLINA ROAD	99709	-147.76659373456724	64.95409325706483	
1290 BALLINA ROAD	99709	-147.77070371032036	64.95229469469123	
1320 BALLINA ROAD	99709	-147.77278190488389	64.95155446241311	
771 GOLDSTREAM ROAD	99709	-147.71664862713257	64.953488716551	
2101 CLIFDEN ROAD	99709	-147.77590332036527	64.95421068686599	
2081 CLIFDEN ROAD	99709	-147.7761666521443	64.95220829261869	
1311 BALLINA ROAD	99709	-147.77121938957492	64.95079901854066	
1305 BALLINA ROAD	99709	-147.7696279918482	64.95188758611866	
1113 BALLINA ROAD	99709	-147.75121088095176	64.9540615754533	
1091 BALLINA ROAD	99709	-147.74864036156535	64.95406090959862	
916 MIA STREET	99712	-147.7383118069854	64.92159245722	
834 WOODCREST COURT	99712	-147.72061144366435	64.9264903586298	
849 WOODCREST COURT	99712	-147.71984531193527	64.9256243120596	
837 WOODCREST COURT	99712	-147.7193972132868	64.92585746084153	
787 SPRUCERIDGE COURT	99712	-147.7157251131451	64.92496348736039	
784 PINEHURST COURT	99712	-147.71572282218776	64.92429243940099	
800 PINEHURST COURT	99712	-147.7173399321596	64.92453966193257	
806 PINEHURST COURT	99712	-147.71903794572924	64.92425612817092	
783 FOXVIEW ROAD	99712	-147.71512606590693	64.92595127727051	
769 FOXVIEW ROAD	99712	-147.71404917341005	64.92559287107345	
1044 CHAD STREET	99712	-147.74337879181738	64.9266464941925	
1020 MIA STREET	99712	-147.73990659286042	64.92352521238703	
999 CHAD STREET	99712	-147.73949690588125	64.92619840754078	
930 MIA STREET	99712	-147.7394197929767	64.92156305974868	
1520 CRESTLINE DRIVE	99712	-147.71569369209692	64.92757511469368	
882 WOODCREST COURT	99712	-147.7214347854008	64.92404990914352	
871 WOODCREST COURT	99712	-147.72035854490235	64.92440714102501	
1494 CRESTLINE DRIVE	99712	-147.7169763682675	64.92621822227369	
804 SPRUCERIDGE COURT	99712	-147.71851045823314	64.92539561161512	
801 SPRUCERIDGE COURT	99712	-147.71761621348458	64.92511032290606	
803 PINEHURST COURT	99712	-147.718331134447	64.92393637271324	
793 PINEHURST COURT	99712	-147.71713432622371	64.92376741230328	
1410 CRESTLINE DRIVE	99712	-147.71347193045028	64.92301043398203	
759 FOXVIEW ROAD	99712	-147.71278772325235	64.92518869980199	
747 FOXVIEW ROAD	99712	-147.71138164878835	64.92450548871602	
1154 CHAD STREET	99712	-147.75502775425758	64.92330488173454	
1170 CHAD STREET	99712	-147.75712518058796	64.92218818542204	
1001 MIA STREET	99712	-147.74443606725538	64.92179085943786	
1251 SPRING GLADE ROAD	99709	-147.76417681690026	64.90388384897874	
1400 SPRING GLADE ROAD	99709	-147.7774631507673	64.90112332533612	
1245 ERIOPHORUM DRIVE	99709	-147.7648526547776	64.90027410521787	
1225 ERIOPHORUM DRIVE	99709	-147.7628180449587	64.89977364800745	
1210 ERIOPHORUM DRIVE	99709	-147.76282530526356	64.9010043183031	
1362 WIDEVIEW ROAD	99709	-147.77670381581635	64.9065835802191	
1350 WIDEVIEW ROAD	99709	-147.77567739681132	64.90643803452018	
1306 WIDEVIEW ROAD	99709	-147.77121871094866	64.90645441541824	
1232 WIDEVIEW ROAD	99709	-147.76335920322677	64.90638361336781	
1198 SPRING GLADE ROAD	99709	-147.7624961066725	64.90634622443285	
1305 WIDEVIEW ROAD	99709	-147.77109834945338	64.90547605778264	
1255 WIDEVIEW ROAD	99709	-147.76590176857906	64.9053554456604	
1220 SPRING GLADE ROAD	99709	-147.7642034152439	64.90556446604329	
1258 SPRING GLADE ROAD	99709	-147.76574877330094	64.90456963240716	
1272 SPRING GLADE ROAD	99709	-147.76738685123402	64.904618065392	
1280 SPRING GLADE ROAD	99709	-147.76821279686348	64.90468908804495	
1320 SPRING GLADE ROAD	99709	-147.77249657443235	64.90462188794534	
1340 GLADE COURT	99709	-147.7748161269173	64.9048613199111	
1352 GLADE COURT	99709	-147.77592660829546	64.90446582477425	
1365 GLADE COURT	99709	-147.77733455961018	64.90385261885233	
1357 GLADE COURT	99709	-147.77663016014597	64.9038340231935	
1351 GLADE COURT	99709	-147.7758701993778	64.90361283621745	
1347 SPRING GLADE ROAD	99709	-147.77509538966189	64.90383661278096	
1322 ERIOPHORUM DRIVE	99709	-147.77310500257735	64.9012190002061	
1104 FARMERS LOOP ROAD	99709	-147.75604544018444	64.89941036679663	
1381 SPRING GLADE ROAD	99709	-147.77365174613098	64.90192225643735	
1310 UPLAND DRIVE	99709	-147.77070409427873	64.90251885451987	
1283 UPLAND DRIVE	99709	-147.76927371938226	64.90225189255526	
1250 UPLAND DRIVE	99709	-147.7653304663199	64.90297213706928	
1270 UPLAND DRIVE	99709	-147.7665221717816	64.90319133440741	
1290 UPLAND DRIVE	99709	-147.7691333339483	64.9032996247988	
1438 SPRING GLADE ROAD	99709	-147.7760271731544	64.89925695537386	
894 UNION DRIVE	99709	-147.7358486655645	64.89791919964186	
886 UNION DRIVE	99709	-147.73701486427976	64.89828304302863	
860 CAPRICORN STREET	99709	-147.74707454199606	64.89799643602369	
864 CAPRICORN STREET	99709	-147.74880158974742	64.89829758094815	
890 CAPRICORN STREET	99709	-147.74859696087768	64.89893192709829	
1134 SUNDANCE LOOP	99709	-147.75236639976765	64.9027159390174	
1140 SUNDANCE LOOP	99709	-147.75354942744775	64.90269922986307	
1198 SUNDANCE LOOP	99709	-147.75909537528236	64.90286668179924	
1202 SUNDANCE LOOP	99709	-147.76061119788915	64.9030347724349	
1206 SUNDANCE LOOP	99709	-147.7609622848487	64.90242357426843	
1210 SUNDANCE LOOP	99709	-147.76110127739278	64.90205971326347	
1228 SUNDANCE LOOP	99709	-147.7584564918764	64.90084761044838	
1230 SUNDANCE LOOP	99709	-147.7573150868067	64.9007890843129	
1244 SUNDANCE LOOP	99709	-147.7553749851167	64.90075243975366	
1274 DEER VALLEY ROAD	99709	-147.75293423510456	64.90123701901034	
1290 DEER VALLEY ROAD	99709	-147.75193662792438	64.90207012207674	
850 UNION DRIVE	99709	-147.74115757093645	64.89810121772189	
915 UNION DRIVE	99709	-147.73422187913985	64.89807211264349	
1101 SOLITUDE WAY	99709	-147.74925866449672	64.90501556286479	
1089 SOLITUDE WAY	99709	-147.74794063283593	64.90493169550776	
1104 BRECKENRIDGE ROAD	99709	-147.74914655580446	64.90454800720408	
1118 BRECKENRIDGE ROAD	99709	-147.7506767215981	64.90450884746156	
1132 BRECKENRIDGE ROAD	99709	-147.75283793858185	64.90425220641286	
1135 BRECKENRIDGE ROAD	99709	-147.75263216075626	64.90357662900578	
1085 BRECKENRIDGE ROAD	99709	-147.74794952314713	64.90356421967599	
1112 SUNDANCE LOOP	99709	-147.75064282911205	64.90269966697151	
1124 SUNDANCE LOOP	99709	-147.75138653253583	64.90266007731381	
872 UNION DRIVE	99709	-147.73798352982027	64.89816980046888	
1095 BRUHN ROAD	99709	-147.74903166620427	64.90633448896916	
1107 BRUHN ROAD	99709	-147.7501061226176	64.90646251428952	
1119 BRUHN ROAD	99709	-147.75101836781892	64.90647786398047	
1123 BRUHN ROAD	99709	-147.7520698791654	64.90649163195341	
1053 SUMMER ROSE DRIVE	99709	-147.75704266204647	64.90608683561796	
1090 SOLITUDE WAY	99709	-147.74811081224755	64.90572072308494	
1133 SOLITUDE WAY	99709	-147.75253468634955	64.9047987208155	
938 SENATE LOOP	99712	-147.73485850656533	64.90545727014519	
1000 FARMERS LOOP ROAD	99709	-147.73811720367027	64.90063295270555	
950 SENATE LOOP	99712	-147.73505058401847	64.9049324505085	
956 SENATE LOOP	99712	-147.7350591579256	64.90425519475747	
968 SENATE LOOP	99712	-147.7350270921788	64.90334310113221	
1012 SENATE LOOP	99712	-147.73095706911863	64.90112621331436	
920 FARMERS LOOP ROAD	99712	-147.72911754366402	64.90024961983069	
930 FARMERS LOOP ROAD	99712	-147.73083746124908	64.90008506956465	
907 SENATE LOOP	99712	-147.72952909469987	64.90558705889559	
911 SENATE LOOP	99712	-147.73114566837805	64.9055867957894	
945 SENATE LOOP	99712	-147.73368756284452	64.90525121893738	
1289 DEER VALLEY ROAD	99709	-147.75276554707847	64.90220942880941	
1269 DEER VALLEY ROAD	99709	-147.75425618758516	64.90150319587063	
1255 SUNDANCE LOOP	99709	-147.75521232783845	64.90136216421133	
1183 SUNDANCE LOOP	99709	-147.75746591483806	64.90232767974568	
1165 SUNDANCE LOOP	99709	-147.75661285068364	64.90233664622895	
1159 SUNDANCE LOOP	99709	-147.75507677532002	64.90189117345393	
1145 SUNDANCE LOOP	99709	-147.75444798086696	64.90230055591921	
953 SENATE LOOP	99712	-147.7335815337465	64.90431343218152	
865 VIRIDIAN LANE	99712	-147.72452234499195	64.89842019894783	
866 VIRIDIAN LANE	99712	-147.7246517275366	64.89879810576633	
870 VIRIDIAN LANE	99712	-147.72539628121606	64.89909694507688	
869 DELPHINIUM LANE	99712	-147.7112868568681	64.89822341545205	
863 DELPHINIUM LANE	99712	-147.71277186169394	64.89814581293888	
997 ESSEX COURT	99712	-147.72107103914811	64.90364348210694	
1000 ESSEX COURT	99712	-147.7201657229741	64.90436997576927	
882 VIDE DRIVE	99712	-147.72560528889494	64.90484793519775	
890 VIDE DRIVE	99712	-147.72697325241393	64.90487675008086	
817 SENATE DRIVE	99712	-147.71957580982559	64.90767740116127	
898 SENATE DRIVE	99712	-147.7263078311326	64.90635805248634	
808 SENATE DRIVE	99712	-147.71916188673845	64.9088794452984	
1342 WIDEVIEW ROAD	99709	-147.7748719680173	64.90651757107372	
1322 WIDEVIEW ROAD	99709	-147.7731454325413	64.90656336676543	
1274 WIDEVIEW ROAD	99709	-147.76765833432535	64.90629757675622	
1266 WIDEVIEW ROAD	99709	-147.76676814084638	64.90639742446882	
1256 WIDEVIEW ROAD	99709	-147.76602366275876	64.90641145019524	
1248 WIDEVIEW ROAD	99709	-147.76518502707145	64.90637681963604	
1244 WIDEVIEW ROAD	99709	-147.76432691718594	64.90627445939806	
1365 WIDEVIEW ROAD	99709	-147.77680761414635	64.9054059255829	
1349 WIDEVIEW ROAD	99709	-147.77523656740595	64.90565437009306	
1297 WIDEVIEW ROAD	99709	-147.77002908373333	64.90545835081771	
1289 WIDEVIEW ROAD	99709	-147.76915127476826	64.90555231967198	
1281 WIDEVIEW ROAD	99709	-147.76845486750648	64.90537559881787	
1275 WIDEVIEW ROAD	99709	-147.7675143509375	64.90531361687808	
1211 SPRING GLADE ROAD	99709	-147.7622466954444	64.90556471863233	
1227 SPRING GLADE ROAD	99709	-147.76255105707978	64.90503916809836	
1235 SPRING GLADE ROAD	99709	-147.7634645778056	64.90460143544773	
1115 ERIOPHORUM DRIVE	99709	-147.76244572836077	64.90446149871632	
1242 SPRING GLADE ROAD	99709	-147.76483445514964	64.90463928921733	
1288 SPRING GLADE ROAD	99709	-147.76910907053596	64.9046809719501	
1296 SPRING GLADE ROAD	99709	-147.77003438110026	64.90481292678814	
1304 SPRING GLADE ROAD	99709	-147.77079607513872	64.9045490723921	
1360 GLADE COURT	99709	-147.77676291583913	64.90479068818507	
1050 CHICKADEE LOOP	99712	-147.7225430371684	64.90156777799372	
1040 CHICKADEE LOOP	99712	-147.72311018962745	64.90123889757474	
1020 CHICKADEE LOOP	99712	-147.7225532643853	64.9007025967867	
1000 CHICKADEE LOOP	99712	-147.72482040792562	64.90072159650393	
1075 CHICKADEE LOOP	99712	-147.7213942374586	64.90228320800868	
1065 CHICKADEE LOOP	99712	-147.7210601979956	64.90193911089762	
1055 CHICKADEE LOOP	99712	-147.72065336654978	64.90151842592036	
1045 CHICKADEE LOOP	99712	-147.72041606390033	64.90099159748627	
995 CHICKADEE LOOP	99712	-147.72514248983396	64.90013781953574	
1135 CHICKADEE LOOP	99712	-147.72600210006163	64.90294383742845	
1145 CHICKADEE LOOP	99712	-147.72661356503917	64.90255147402799	
1155 CHICKADEE LOOP	99712	-147.72660525632466	64.90216924985592	
895 CRESTWOOD AVENUE	99712	-147.7268678319967	64.90115141189834	
945 CHICKADEE LOOP	99712	-147.72633808903996	64.90071748368707	
955 CHICKADEE LOOP	99712	-147.7266847143712	64.90037268715574	
965 CHICKADEE LOOP	99712	-147.72633306455882	64.89991054637724	
950 NOEL DRIVE	99712	-147.73465724844857	64.92105314014448	
890 NOEL DRIVE	99712	-147.73298496526365	64.92086679816391	
1075 BALLINA ROAD	99709	-147.74739630132882	64.9541106945196	
671 SENATE DRIVE	99712	-147.7050112895759	64.91099125844116	
922 STARLING COURT	99712	-147.71506624418586	64.90057128153033	
932 STARLING COURT	99712	-147.71433560997545	64.90077161988592	
1012 STARLING COURT	99712	-147.71160096291413	64.90393581581245	
1022 STARLING COURT	99712	-147.71312682235254	64.90426774646517	
1545 CRESTLINE DRIVE	99712	-147.71894751358525	64.92806093175221	
1550 CRESTLINE DRIVE	99712	-147.71677553657304	64.92815384015198	
1296 SKYLINE DRIVE	99712	-147.6929865912924	64.91898598286947	
1300 SKYLINE DRIVE	99712	-147.69433419803707	64.91909925839677	
1068 SKI BOOT HILL ROAD	99709	-147.74256218075618	64.90801339078617	
831 SKYLINE DRIVE	99712	-147.6907917969863	64.89814960442192	
817 VIDE DRIVE	99712	-147.7182411161924	64.90549542834367	
900 WATER THRUSH DRIVE	99712	-147.7151338230005	64.89993699884829	
962 STARLING COURT	99712	-147.71167081346493	64.90109548655451	
982 STARLING COURT	99712	-147.7114272648647	64.90218734610457	
993 STARLING COURT	99712	-147.713331785417	64.90312770879332	
983 STARLING COURT	99712	-147.71315731588788	64.90252130606135	
953 STARLING COURT	99712	-147.71322313464222	64.90188343354633	
910 WATER THRUSH DRIVE	99712	-147.7139625244423	64.90000772462597	
762 RIDGEMONT DRIVE	99712	-147.7145606181169	64.92250711656382	
1164 SKYLINE DRIVE	99712	-147.68070965909862	64.9113580257165	
816 WOODCREST COURT	99712	-147.71878828072354	64.92705228099325	
1442 CRESTLINE DRIVE	99712	-147.71354149928212	64.92368266768696	
991 WATER THRUSH DRIVE	99712	-147.7168363748853	64.9036599535842	
1000 WATER THRUSH DRIVE	99712	-147.7152331792176	64.90421098578668	
942 STARLING COURT	99712	-147.7137135033653	64.90098517711465	
992 STARLING COURT	99712	-147.71161276057268	64.90291010396703	
1018 STARLING COURT	99712	-147.7120396084499	64.90433818269855	
960 WATER THRUSH DRIVE	99712	-147.7145160528262	64.90173764951888	
795 SENATE DRIVE	99712	-147.71492175089784	64.90924182425624	
1400 CRESTLINE DRIVE	99712	-147.71162578531175	64.92158995520883	
1310 GOLDEN HEART DRIVE	99712	-147.69087602446163	64.91729288311973	
818 VIDE DRIVE	99712	-147.71854016706348	64.90664130139102	
1029 SUMMER ROSE DRIVE	99709	-147.75697691989706	64.90492444121604	
1295 GOLDEN HEART DRIVE	99712	-147.69283657206097	64.9163500804775	
816 VIDE DRIVE	99712	-147.7178726435442	64.90618812075984	
710 MANCHESTER LOOP	99712	-147.7093560248239	64.90944033606063	
435 ZUCKERMAN DRIVE	99712	-147.6801636507901	64.9090824688509	
734 MANCHESTER LOOP	99712	-147.71080524122576	64.90837403623834	
1283 GOLDEN HEART DRIVE	99712	-147.6914937519438	64.91589000420632	
761 RIDGEMONT DRIVE	99712	-147.71387410547692	64.92176911538785	
1628 CRESTLINE DRIVE	99712	-147.7171263707048	64.92887456347631	
714 MANCHESTER LOOP	99712	-147.70884902522118	64.90828361786359	
1700 CRESTLINE DRIVE	99712	-147.71243296830468	64.92749688274357	
748 BELLCRANK LANE	99709	-147.71782058156265	64.95169256322035	
742 BELLCRANK LANE	99709	-147.71744765698966	64.95168307028253	
738 BELLCRANK LANE	99709	-147.71680188276534	64.95167021023352	
734 BELLCRANK LANE	99709	-147.71623831227117	64.95164173827733	
2063 COARSE TAILINGS LANE	99709	-147.71765687764076	64.95139777188594	
2062 COARSE TAILINGS LANE	99709	-147.71713395034686	64.95144108562602	
2059 COARSE TAILINGS LANE	99709	-147.7175989842698	64.9512508764	
2058 COARSE TAILINGS LANE	99709	-147.7169911748383	64.95125644974102	
2055 COARSE TAILINGS LANE	99709	-147.71741839212896	64.9510718608411	
2054 COARSE TAILINGS LANE	99709	-147.71684317859672	64.95105134688224	
739 BELLCRANK LANE	99709	-147.71668936048786	64.95143646616434	
2063 FINE TAILINGS LANE	99709	-147.71619827710708	64.95142077411857	
2059 FINE TAILINGS LANE	99709	-147.71605229101294	64.95124698469428	
2055 FINE TAILINGS LANE	99709	-147.71606939807495	64.9511093604658	
2062 FINE TAILINGS LANE	99709	-147.7156902364128	64.95141290414554	
2058 FINE TAILINGS LANE	99709	-147.71558715162018	64.95125235357129	
2054 FINE TAILINGS LANE	99709	-147.71545091866318	64.95105721383642	
990 NOEL DRIVE	99712	-147.73874708901135	64.92108436057666	
1597 CALDER CREEK ROAD	99712	-147.6901836752367	64.91960409942632	
1007 WATER THRUSH DRIVE	99712	-147.71731283881843	64.9044449318524	
955 WATER THRUSH DRIVE	99712	-147.7160857417874	64.90161798842236	
1040 WATER THRUSH DRIVE	99712	-147.71205972176435	64.90522234464903	
945 WATER THRUSH DRIVE	99712	-147.7164101237583	64.9010101828381	
925 WATER THRUSH DRIVE	99712	-147.7174994984037	64.9002623684441	
1035 WATER THRUSH DRIVE	99712	-147.71449304972504	64.90590893857113	
952 STARLING COURT	99712	-147.71274385576172	64.90115123309495	
1213 DONNA DRIVE	99712	-147.68737868515956	64.91300625175366	
1242 DONNA DRIVE	99712	-147.6895840487279	64.91428862573164	
1228 DONNA DRIVE	99712	-147.68803344762284	64.91400486263456	
1212 DONNA DRIVE	99712	-147.68630509138274	64.91357287932115	
1085 CHICKADEE LOOP	99712	-147.721407039223	64.9026876064168	
972 STARLING COURT	99712	-147.71170749557783	64.9016489378269	
1237 DONNA DRIVE	99712	-147.69004968794923	64.91347117839334	
1309 DONNA DRIVE	99712	-147.69635409984605	64.91547802118278	
440 SKYRIDGE DRIVE	99712	-147.6796570631493	64.91872473140754	
1212 TAMMY TERRACE	99712	-147.6805455110269	64.91373626171463	
1209 SKYLINE DRIVE	99712	-147.67884383406846	64.91347889600546	
1213 TAMMY TERRACE	99712	-147.6826726735995	64.91385406161508	
1205 TAMMY TERRACE	99712	-147.68067437804635	64.91293332094361	
1170 DONNA DRIVE	99712	-147.68215089187635	64.91210902706965	
1153 DONNA DRIVE	99712	-147.68366722838616	64.91090366141124	
499 SNOWY OWL LANE	99712	-147.67895425713806	64.9012665555298	
501 VALLEY VIEW DRIVE	99712	-147.6858362765343	64.89823948834052	
436 VALLEY VIEW DRIVE	99712	-147.6788830689881	64.89927438424802	
450 VALLEY VIEW DRIVE	99712	-147.680154949728	64.89943568550757	
460 MCKINLEY VIEW DRIVE	99712	-147.6813105221831	64.89794543152178	
470 MCKINLEY VIEW DRIVE	99712	-147.682486314241	64.89792867705697	
445 VALLEY VIEW DRIVE	99712	-147.67946902801353	64.89873260132237	
453 VALLEY VIEW DRIVE	99712	-147.68082243177048	64.89872321842203	
490 VALLEY VIEW DRIVE	99712	-147.68437891488844	64.89888008087684	
548 AQUILA STREET	99712	-147.69060125584915	64.9084089897689	
539 AQUILA STREET	99712	-147.68940740294957	64.90813782631206	
523 AQUILA STREET	99712	-147.68772514518017	64.90828438579764	
509 AQUILA STREET	99712	-147.68617613805236	64.90860623569432	
1045 FAIRWEATHER ROAD	99712	-147.6923181776546	64.90619223992819	
572 PAVLOF PLACE	99712	-147.69327038670454	64.90382533824634	
902 SKYLINE DRIVE	99712	-147.68512033328662	64.89881880014906	
455 SUNDEW LANE	99712	-147.68134837239612	64.89986512520828	
915 SKYLINE DRIVE	99712	-147.68455377076313	64.90019749713782	
927 WINDFLOWER LANE	99712	-147.68297360040242	64.90081798024487	
935 WINDFLOWER LANE	99712	-147.68367412775086	64.90113509406372	
962 WINDFLOWER LANE	99712	-147.6829298705743	64.90247714122597	
950 WINDFLOWER LANE	99712	-147.68242731193823	64.90174600276436	
930 WINDFLOWER LANE	99712	-147.68187236055292	64.9013524509234	
959 SKYLINE DRIVE	99712	-147.68006362723688	64.90215911423468	
1010 CROCUS WAY	99712	-147.68156715608765	64.9044862693353	
1073 SKYLINE DRIVE	99712	-147.682353675301	64.90769866904049	
510 AQUILA STREET	99712	-147.68700560488222	64.90914506400459	
520 AQUILA STREET	99712	-147.6891376280743	64.90862957876547	
579 ILIAMNA PLACE	99712	-147.69404187889288	64.90224728111079	
1306 SUMMIT DRIVE	99712	-147.7086116204132	64.9166494090041	
664 CRANBERRY RIDGE DRIVE	99712	-147.70291948896437	64.91635863406718	
733 CRANBERRY RIDGE DRIVE	99712	-147.7102032765681	64.91544343937866	
705 CRANBERRY RIDGE DRIVE	99712	-147.7074624540369	64.91557427420457	
561 ILIAMNA PLACE	99712	-147.6924574087301	64.90229969245249	
939 FAIRWEATHER ROAD	99712	-147.69283363299218	64.9013582971385	
655 FARMERS LOOP ROAD	99712	-147.7020519846493	64.89856558935745	
872 BOUTON COURT	99712	-147.70125386525734	64.89841890971213	
864 BOUTON COURT	99712	-147.7015216932409	64.89806405409371	
673 FARMERS LOOP ROAD	99712	-147.70472033390195	64.89883821422771	
691 FARMERS LOOP ROAD	99712	-147.70561407530175	64.89802083103542	
705 FARMERS LOOP ROAD	99712	-147.70703873679312	64.89862354325622	
715 FARMERS LOOP ROAD	99712	-147.7079655047735	64.89809291162892	
719 FARMERS LOOP ROAD	99712	-147.70908153144632	64.89878822771034	
1415 SUMMIT DRIVE	99712	-147.69336316881217	64.9181437829545	
1304 SKYLINE DRIVE	99712	-147.6963423417707	64.91923404399576	
1306 SKYLINE DRIVE	99712	-147.69748219157793	64.91930845169374	
1320 SKYLINE DRIVE	99712	-147.6994806276938	64.91944702595184	
1380 SKYLINE DRIVE	99712	-147.70984580353144	64.92040926987026	
1385 SUMMIT DRIVE	99712	-147.69618870644265	64.91845262987079	
1313 SKYLINE DRIVE	99712	-147.69936894782595	64.91827940451451	
731 HOMESTRETCH ROAD	99712	-147.71053780736722	64.91853459207111	
736 HOMESTRETCH ROAD	99712	-147.71022012211714	64.91937534320077	
720 HOMESTRETCH ROAD	99712	-147.70873327279912	64.91915637571351	
708 HOMESTRETCH ROAD	99712	-147.70735643568457	64.91913486968198	
1310 SUMMIT DRIVE	99712	-147.7074338446599	64.91667033505408	
690 ASPEN HEIGHTS DRIVE	99712	-147.70590532494947	64.9150094801708	
716 ASPEN HEIGHTS DRIVE	99712	-147.70733600580755	64.91497241941947	
724 ASPEN HEIGHTS DRIVE	99712	-147.7090968661563	64.91489832087062	
738 ASPEN HEIGHTS DRIVE	99712	-147.70997915744977	64.91485470035755	
665 ASPEN HEIGHTS DRIVE	99712	-147.70331305654747	64.91439625877328	
682 LANCASTER DRIVE	99712	-147.70533971938232	64.91361312749251	
700 LANCASTER DRIVE	99712	-147.70680957724582	64.91377084920823	
705 LANCASTER DRIVE	99712	-147.70685427922032	64.91278314914527	
687 LANCASTER DRIVE	99712	-147.70490030503075	64.91270618502408	
665 LANCASTER DRIVE	99712	-147.70385384047037	64.91245709454729	
664 LANCASTER DRIVE	99712	-147.70331481793562	64.91366528031583	
713 SENATE DRIVE	99712	-147.708556602557	64.9111508560513	
630 MANCHESTER LOOP	99712	-147.70611354351902	64.9107529555328	
650 MANCHESTER LOOP	99712	-147.70546280263804	64.90906935634138	
693 MANCHESTER LOOP	99712	-147.704689569401	64.90733463630002	
725 MANCHESTER LOOP	99712	-147.7089846258329	64.90735769577029	
1315 SPRING GLADE ROAD	99709	-147.77172580352618	64.90372373391388	
1130 ERIOPHORUM DRIVE	99709	-147.76250210390208	64.90368762755266	
1358 SPRING GLADE ROAD	99709	-147.77653651030462	64.90301341817937	
1366 SPRING GLADE ROAD	99709	-147.7779734265456	64.90280166641263	
1418 SPRING GLADE ROAD	99709	-147.77794049178104	64.89992828957243	
1061 FARMERS LOOP ROAD	99709	-147.74602646314878	64.89911607172408	
883 CAPRICORN STREET	99709	-147.75014273174602	64.89913805026978	
1423 SPRING GLADE ROAD	99709	-147.77307307909845	64.89986254407825	
1305 ERIOPHORUM DRIVE	99709	-147.771879150614	64.90017906683987	
1290 ERIOPHORUM DRIVE	99709	-147.7696232054885	64.9009765295783	
1308 ERIOPHORUM DRIVE	99709	-147.77183765714707	64.90075931830532	
1263 UPLAND DRIVE	99709	-147.76756776827628	64.90221329241044	
1243 UPLAND DRIVE	99709	-147.76593936850526	64.90227677345396	
1190 ERIOPHORUM DRIVE	99709	-147.76261935664596	64.90214026317267	
1230 UPLAND DRIVE	99709	-147.7636787688539	64.90307189899707	
1099 FARMERS LOOP ROAD	99709	-147.7509101076042	64.8992137127107	
889 CONSTITUTION DRIVE	99709	-147.7429552858788	64.89918919464853	
875 CONSTITUTION DRIVE	99709	-147.7427916589003	64.89850470044098	
867 CONSTITUTION DRIVE	99709	-147.74309126592522	64.89812941598052	
853 UNION DRIVE	99709	-147.7407362320495	64.89893135445107	
861 UNION DRIVE	99709	-147.73938710967707	64.89874011494848	
875 UNION DRIVE	99709	-147.73815410327234	64.89877652531841	
965 FARMERS LOOP ROAD	99712	-147.736347024944	64.89899868952403	
980 ESSEX COURT	99712	-147.72234927247183	64.9046996886334	
764 SENATE DRIVE	99712	-147.71423115810904	64.91092109504706	
756 SENATE DRIVE	99712	-147.71379668586218	64.91180000026247	
851 LANCASTER DRIVE	99712	-147.72254915721095	64.90905497464048	
837 LANCASTER DRIVE	99712	-147.7213896362891	64.90932597916645	
821 LANCASTER DRIVE	99712	-147.71940768733546	64.90955709640397	
1145 SKYLINE DRIVE	99712	-147.68472820769992	64.91016923682166	
1066 SUNDANCE LOOP	99709	-147.7456494292217	64.90286497145377	
1078 SUNDANCE LOOP	99709	-147.74647680329528	64.90290836349378	
1086 SUNDANCE LOOP	99709	-147.74750403907453	64.90287487549111	
864 UNION DRIVE	99709	-147.73964673666492	64.89810991809674	
935 FARMERS LOOP ROAD	99712	-147.73019729038026	64.89882756380848	
1071 BRUHN ROAD	99709	-147.7466672915981	64.90626254787277	
1089 BRUHN ROAD	99709	-147.74818764024326	64.90641608883585	
1135 BRUHN ROAD	99709	-147.75296390289236	64.90653961663399	
1052 SUMMER ROSE DRIVE	99709	-147.7544191678206	64.90645988823874	
1034 SUMMER ROSE DRIVE	99709	-147.75498972059475	64.90557006761165	
1012 SUMMER ROSE DRIVE	99709	-147.75541422386638	64.90452365033285	
1100 SOLITUDE WAY	99709	-147.74939043114117	64.90561132107266	
1112 SOLITUDE WAY	99709	-147.75016684658866	64.90570930067223	
1126 SOLITUDE WAY	99709	-147.75165291866088	64.90538168363919	
1130 SOLITUDE WAY	99709	-147.7526671254826	64.90564938636358	
1136 SOLITUDE WAY	99709	-147.75305154272897	64.9052405972806	
1073 SOLITUDE WAY	99709	-147.74663186344802	64.90497172578114	
1001 SKI BOOT HILL ROAD	99709	-147.74594333955338	64.90435563094343	
1078 BRECKENRIDGE ROAD	99709	-147.7467687661172	64.90431823120574	
1094 BRECKENRIDGE ROAD	99709	-147.74823818742044	64.90447500057944	
1133 BRECKENRIDGE ROAD	99709	-147.75181410495753	64.90374236629692	
1121 BRECKENRIDGE ROAD	99709	-147.75076351578693	64.90389127339584	
1101 BRECKENRIDGE ROAD	99709	-147.74982627338323	64.90400319476556	
1097 BRECKENRIDGE ROAD	99709	-147.74887680654342	64.90390912661186	
1102 SUNDANCE LOOP	99709	-147.74941363565077	64.90304240592793	
972 FARMERS LOOP ROAD	99712	-147.73573363023777	64.89996958334817	
967 SENATE LOOP	99712	-147.73376424300326	64.90353536151957	
945 VIDE WAY	99712	-147.73363051502756	64.90267113884265	
989 SENATE LOOP	99712	-147.73329968075114	64.90198524300318	
1011 SENATE LOOP	99712	-147.73179722429597	64.90169765322227	
1148 SUNDANCE LOOP	99709	-147.7543998729935	64.90297299807033	
1170 SUNDANCE LOOP	99709	-147.75634251779624	64.90299560571637	
1186 SUNDANCE LOOP	99709	-147.75752740351768	64.90282454210795	
1218 SUNDANCE LOOP	99709	-147.7600808204289	64.90146606681502	
1222 VAIL CIRCLE	99709	-147.7609796106712	64.90089292088922	
1224 VAIL CIRCLE	99709	-147.75996777018617	64.90063419175769	
1280 SUNDANCE LOOP	99709	-147.75523779576739	64.90046864887181	
1284 SUNDANCE LOOP	99709	-147.75476185455986	64.90001103792098	
1292 SUNDANCE LOOP	99709	-147.7548698676468	64.89966530122317	
1004 FARMERS LOOP ROAD	99709	-147.75081796224825	64.90054793979581	
1097 SUNDANCE LOOP	99709	-147.749035249713	64.90196019193841	
1079 SUNDANCE LOOP	99709	-147.74694755149704	64.90219647983965	
1245 SUNDANCE LOOP	99709	-147.7563073767861	64.9013859691048	
1231 SUNDANCE LOOP	99709	-147.75733444086967	64.90142121993075	
1223 SUNDANCE LOOP	99709	-147.7582915484995	64.90152764273569	
1215 SUNDANCE LOOP	99709	-147.75889505598354	64.90167522410238	
910 SENATE LOOP	99712	-147.72969701031025	64.90644978143546	
916 SENATE LOOP	99712	-147.73161009464314	64.90643181426874	
924 SENATE LOOP	99712	-147.7334406640555	64.90633183513368	
930 SENATE LOOP	99712	-147.73445669950058	64.90594308257826	
984 SENATE LOOP	99712	-147.73494580087402	64.90259011230037	
1002 SENATE LOOP	99712	-147.73510604910248	64.90180710483047	
1008 SENATE LOOP	99712	-147.733022356693	64.90100011647172	
940 FARMERS LOOP ROAD	99712	-147.7324567388059	64.90019062662842	
925 VIDE WAY	99712	-147.73039610715213	64.90399387135348	
879 SENATE DRIVE	99712	-147.72473182071033	64.9060116387578	
867 SENATE DRIVE	99712	-147.72392323637922	64.90676766026417	
851 SENATE DRIVE	99712	-147.7229096175028	64.90723858480808	
833 SENATE DRIVE	99712	-147.72119185788486	64.90750747346492	
882 SENATE DRIVE	99712	-147.72537888063664	64.9069592791515	
929 VIDE WAY	99712	-147.73076557415266	64.90330175573793	
931 VIDE WAY	99712	-147.73176913085956	64.90253796719192	
934 VIDE WAY	99712	-147.73222039173504	64.90344960768057	
1120 CHICKADEE LOOP	99712	-147.72498340680542	64.90200334638853	
900 CHICKADEE LOOP	99712	-147.72490807862084	64.90119376027926	
870 CROSSMAN ROAD	99712	-147.72739013666896	64.8981341315281	
879 VIRIDIAN LANE	99712	-147.72596999324995	64.89828424985811	
878 VIRIDIAN LANE	99712	-147.72600970587058	64.89880420023201	
890 VIRIDIAN LANE	99712	-147.7271253649776	64.89875970895619	
775 FARMERS LOOP ROAD	99712	-147.7140404593008	64.89910488170192	
889 DELPHINIUM LANE	99712	-147.71186050380945	64.89914749956357	
750 FARMERS LOOP ROAD	99712	-147.712052101889	64.89998397620313	
824 VIDE DRIVE	99712	-147.7201252372827	64.9061399395458	
844 VIDE DRIVE	99712	-147.72267480008026	64.90608621278311	
862 SENATE DRIVE	99712	-147.72591959044877	64.90749099754547	
1275 SUMMIT DRIVE	99712	-147.71824778209736	64.91667968830232	
1242 SALMONBERRY LANE	99712	-147.72597196481547	64.914764950929	
1239 SALMONBERRY LANE	99712	-147.72721981163468	64.91501601817914	
1253 SALMONBERRY LANE	99712	-147.7271964686507	64.9158991993562	
1261 SALMONBERRY LANE	99712	-147.72422975443453	64.9168940499704	
854 SENATE DRIVE	99712	-147.72408068870362	64.90794155560067	
753 SENATE DRIVE	99712	-147.71197183891954	64.91052046318597	
875 LANCASTER DRIVE	99712	-147.7256090843078	64.9085371107016	
863 LANCASTER DRIVE	99712	-147.72402056080693	64.90887864524777	
809 LANCASTER DRIVE	99712	-147.7164462720075	64.91141175993118	
769 LANCASTER DRIVE	99712	-147.71422388880873	64.91269353768195	
751 LANCASTER DRIVE	99712	-147.7121424873904	64.91261560155169	
780 LANCASTER DRIVE	99712	-147.71840437870426	64.91361422884584	
794 LANCASTER DRIVE	99712	-147.71886151055872	64.91260636815664	
806 LANCASTER DRIVE	99712	-147.71865088314675	64.91195564343751	
816 LANCASTER DRIVE	99712	-147.71808398185175	64.91138122810716	
1125 SUMMIT DRIVE	99712	-147.7271138312327	64.91005149763579	
1146 SUMMIT DRIVE	99712	-147.72377494474048	64.91076394552006	
1176 SUMMIT DRIVE	99712	-147.72112911530144	64.91198743658572	
891 LANDON LANE	99712	-147.72730637213556	64.91278898995058	
1209 SUMMIT DRIVE	99712	-147.7227936384808	64.91373959125856	
835 LANDON LANE	99712	-147.7225786622631	64.91420862497556	
809 LANDON LANE	99712	-147.7207095948165	64.91512728093407	
811 ASPEN HEIGHTS DRIVE	99712	-147.71777487620676	64.91515000693202	
799 ASPEN HEIGHTS DRIVE	99712	-147.7168871673085	64.91535514746442	
816 ASPEN HEIGHTS DRIVE	99712	-147.71759551710514	64.91590758321205	
1270 SUMMIT DRIVE	99712	-147.71633114973872	64.91624834065664	
1289 SUMMIT DRIVE	99712	-147.71538415088904	64.91734621208185	
890 CRANBERRY RIDGE DRIVE	99712	-147.72034739849303	64.91734799183112	
1390 SKYLINE DRIVE	99712	-147.71225625973332	64.92041573635511	
1335 CRESTLINE DRIVE	99712	-147.71381966358578	64.91972787056889	
885 CRANBERRY RIDGE DRIVE	99712	-147.72575572449398	64.91718148785712	
901 CRANBERRY RIDGE DRIVE	99712	-147.7275049843489	64.91721628269404	
880 CRANBERRY RIDGE DRIVE	99712	-147.72505075339234	64.91838690252209	
910 CRANBERRY RIDGE DRIVE	99712	-147.72676444549475	64.91840341289632	
884 ROCKY TOP AVENUE	99712	-147.72685889955216	64.92034012469298	
910 ROCKY TOP AVENUE	99712	-147.72535775397188	64.91967994168805	
885 ROCKY TOP AVENUE	99712	-147.72685321899263	64.91945106327655	
951 CRANBERRY RIDGE DRIVE	99712	-147.73416985266434	64.91920854981228	
1023 CRANBERRY RIDGE DRIVE	99712	-147.74408169492256	64.9179849233508	
930 CRANBERRY RIDGE DRIVE	99712	-147.7325612479104	64.9200141904618	
970 CRANBERRY RIDGE DRIVE	99712	-147.7357747988071	64.92025804398135	
986 CRANBERRY RIDGE DRIVE	99712	-147.73737189439655	64.92037649917873	
1009 NOEL DRIVE	99712	-147.73924177073303	64.92020980372473	
1160 SKI BOOT HILL ROAD	99712	-147.73928474519823	64.91209526852244	
1071 SUMMIT DRIVE	99712	-147.7310569847458	64.91180973813685	
1061 SUMMIT DRIVE	99712	-147.7328020612609	64.90928792183576	
759 CRANBERRY RIDGE DRIVE	99712	-147.7130147240343	64.91594770414045	
746 CRANBERRY RIDGE DRIVE	99712	-147.71163976587232	64.91660973954963	
1286 SUMMIT DRIVE	99712	-147.7127637301139	64.91661584422043	
1269 SUMMIT DRIVE	99712	-147.71887082768933	64.91631517788079	
892 LANDON LANE	99712	-147.72734761395841	64.91371313188566	
817 LANCASTER DRIVE	99712	-147.71793823818135	64.91016803502889	
813 LANCASTER DRIVE	99712	-147.7172271732111	64.91081181549772	
744 LANCASTER DRIVE	99712	-147.71191956433756	64.91367630329312	
762 LANCASTER DRIVE	99712	-147.71364322155338	64.91376166400983	
774 LANCASTER DRIVE	99712	-147.717092806677	64.91382214354428	
832 LANCASTER DRIVE	99712	-147.72090583450955	64.91016772905762	
858 LANCASTER DRIVE	99712	-147.72364479954328	64.9098345493281	
1101 SUMMIT DRIVE	99712	-147.72728401574847	64.9093154104399	
1151 SUMMIT DRIVE	99712	-147.72644529914282	64.9114158560774	
1157 SUMMIT DRIVE	99712	-147.7267308493521	64.91196814975987	
1187 SUMMIT DRIVE	99712	-147.72264536775003	64.91308754100342	
869 LANDON LANE	99712	-147.72483382584622	64.91332045448124	
846 LANDON LANE	99712	-147.7230556679561	64.9150867005325	
832 LANDON LANE	99712	-147.72152916030967	64.91572677758202	
763 ASPEN HEIGHTS DRIVE	99712	-147.7133385081888	64.91491667146843	
746 ASPEN HEIGHTS DRIVE	99712	-147.71166635118675	64.91511964435384	
855 CRANBERRY RIDGE DRIVE	99712	-147.72255666259545	64.91604494494402	
825 CRANBERRY RIDGE DRIVE	99712	-147.72059620890718	64.91633493857303	
798 CRANBERRY RIDGE DRIVE	99712	-147.71674041814552	64.91745797316983	
1285 CRESTLINE DRIVE	99712	-147.71826747006773	64.91899713245505	
1310 CRESTLINE DRIVE	99712	-147.71350109115284	64.9189625194314	
929 CRANBERRY RIDGE DRIVE	99712	-147.73208193630083	64.9192465742933	
860 ROCKY TOP AVENUE	99712	-147.7301118568054	64.92024628624483	
979 CRANBERRY RIDGE DRIVE	99712	-147.7360121399676	64.91953240594293	
981 CRANBERRY RIDGE DRIVE	99712	-147.7368121796046	64.91950681541528	
989 CRANBERRY RIDGE DRIVE	99712	-147.73848854609435	64.91937275461733	
1024 CRANBERRY RIDGE DRIVE	99712	-147.74131669246793	64.91998472227397	
1027 NOEL DRIVE	99712	-147.7429815968078	64.91978554726666	
1020 NOEL DRIVE	99712	-147.74086859852505	64.92108916163703	
980 WATER THRUSH DRIVE	99712	-147.71460469775303	64.90285712334112	
985 WATER THRUSH DRIVE	99712	-147.71626656108742	64.90335398022786	
1050 WATER THRUSH DRIVE	99712	-147.71170058177987	64.90564518335887	
990 WATER THRUSH DRIVE	99712	-147.71476143432483	64.90359699988005	
1080 FARMERS LOOP ROAD	99709	-147.75360883762013	64.90018839641358	
1084 FARMERS LOOP ROAD	99709	-147.75335373767317	64.90024461025743	
1315 SUMMIT DRIVE	99712	-147.7064744821112	64.9174834050663	
930 VIDE WAY	99712	-147.73193231550863	64.90444133061742	
900 CRANBERRY RIDGE DRIVE	99712	-147.72045818440543	64.92032273775827	
1535 CRESTLINE DRIVE	99712	-147.7182054024387	64.92772617670386	
1510 CRESTLINE DRIVE	99712	-147.71522735821858	64.92721527427132	
1530 CRESTLINE DRIVE	99712	-147.7144662237777	64.92771685151118	
1540 CRESTLINE DRIVE	99712	-147.71522914696257	64.92816075338285	
872 ROCKY TOP AVENUE	99712	-147.7286511819132	64.92047057908061	
1581 CRESTLINE DRIVE	99712	-147.72199412920773	64.92817411540376	
1258 DEER VALLEY ROAD	99709	-147.7542024538714	64.90081801383758	
839 VIDE DRIVE	99712	-147.72048464852728	64.9053534174676	
899 SENATE DRIVE	99712	-147.7266145694412	64.90563731115138	
748 SENATE DRIVE	99712	-147.71234110418553	64.9113269210556	
1567 CRESTLINE DRIVE	99712	-147.72077884495698	64.9275650799809	
1274 BALLINA ROAD	99709	-147.76900004978177	64.95329597065839	
804 WOODCREST COURT	99712	-147.7179605818837	64.92717960931896	
1460 CRESTLINE DRIVE	99712	-147.71441390501232	64.92491513177504	
1298 WIDEVIEW ROAD	99709	-147.77041819342534	64.90644833106283	
1305 CRESTLINE DRIVE	99712	-147.7165735713522	64.91927904469921	
1301 SUMMIT DRIVE	99712	-147.71162132781555	64.91740197738335	
690 CRANBERRY RIDGE DRIVE	99712	-147.7058753901956	64.91626055696287	
1030 WATER THRUSH DRIVE	99712	-147.71322939129246	64.90540322553343	
1305 SUMMIT DRIVE	99712	-147.70909114111137	64.91745519576183	
784 MANCHESTER LOOP	99712	-147.71620593282006	64.90853680251742	
1522 BIRCH BEND COURT	99712	-147.72289215287793	64.92656965099569	
735 GOLDSTREAM ROAD	99709	-147.7127101686902	64.95178713443495	
1569 CRESTLINE DRIVE	99712	-147.7215010731235	64.9272774477078	
1220 VAIL CIRCLE	99709	-147.75970384823327	64.90116674648826	
1211 TAMMY TERRACE	99712	-147.68186688863454	64.91344182253395	
1017 SENATE LOOP	99712	-147.7289087356169	64.90178816744223	
981 SUMMIT DRIVE	99712	-147.72906171413848	64.90343266700161	
913 VIDE WAY	99712	-147.72896485138781	64.90414960634254	
940 VIDE WAY	99712	-147.73169842954522	64.9043956290074	
924 VIDE WAY	99712	-147.7307278313194	64.90466689114974	
920 VIDE WAY	99712	-147.7291930005073	64.90484591003599	
1285 DONNA DRIVE	99712	-147.69455517934858	64.91465910187384	
640 MANCHESTER LOOP	99712	-147.70534677056835	64.90994416895761	
1010 WATER THRUSH DRIVE	99712	-147.71459467260988	64.904609397489	
1020 WATER THRUSH DRIVE	99712	-147.7142036661317	64.90493774024378	
1025 WATER THRUSH DRIVE	99712	-147.71575053477878	64.90533217214936	
970 WATER THRUSH DRIVE	99712	-147.71445942872748	64.90211656281443	
975 WATER THRUSH DRIVE	99712	-147.71622411291446	64.90248676866422	
1330 CRESTLINE DRIVE	99712	-147.71208183438185	64.9192815211661	
1070 FARMERS LOOP ROAD	99709	-147.74875791095909	64.90093228351833	
950 CHICKADEE LOOP	99712	-147.72482310151187	64.90161967938133	
931 FARMERS LOOP ROAD	99712	-147.7286640888108	64.89879452611852	
1073 MIA STREET	99712	-147.74608103600067	64.92137461955417	
886 MIA STREET	99712	-147.73459484205281	64.92161607720283	
900 MIA STREET	99712	-147.73632075775103	64.92181652179602	
1510 BIRCH BEND COURT	99712	-147.72337718777462	64.92516501559427	
1321 SKYLINE DRIVE	99712	-147.7012829827992	64.91866748010206	
826 SENATE DRIVE	99712	-147.7200220664529	64.9084463684025	
1214 SUMMIT DRIVE	99712	-147.71970709783128	64.91433654410943	
775 SENATE DRIVE	99712	-147.71237568671978	64.90961520895856	
1512 BIRCH BEND COURT	99712	-147.72340399161672	64.92601563047255	
1533 BIRCH BEND COURT	99712	-147.7231396632999	64.92759128476415	
1258 DONNA LOOP	99712	-147.6909275065114	64.91480943296274	
1153 BALLINA ROAD	99709	-147.75522118472756	64.95386283980731	
790 RIDGEMONT DRIVE	99712	-147.7173311044944	64.92342033010063	
800 RIDGEMONT DRIVE	99712	-147.71911855006496	64.92323740781119	
1261 BALLINA ROAD	99709	-147.7667683147549	64.95273674895621	
708 FARMERS LOOP ROAD	99712	-147.7066981532773	64.89980011260597	
811 SENATE DRIVE	99712	-147.71822866231867	64.90792484730476	
1070 SOLITUDE WAY	99709	-147.74633474459608	64.90564360693276	
459 TAURUS ROAD	99712	-147.6808652443509	64.90824412334598	
1490 BIRCH BEND COURT	99712	-147.72467664268444	64.92551354527241	
1355 CRESTLINE DRIVE	99712	-147.71559102066306	64.91952884399488	
1045 WATER THRUSH DRIVE	99712	-147.71316147263659	64.90610787217257	
1564 TALL BIRCH LANE	99709	-147.7242810660098	64.92789631542244	
1263 DONNA DRIVE	99712	-147.69350423270075	64.91433959627763	
1631 CALDER CREEK ROAD	99712	-147.69018988870297	64.92141290870754	
1529 TALL BIRCH LANE	99712	-147.72498101862234	64.92688288467996	
949 FARMERS LOOP ROAD	99709	-147.7339831118017	64.89873768720504	
1006 SENATE LOOP	99712	-147.73429228632256	64.90108006629855	
1060 SKI BOOT HILL ROAD	99712	-147.74321045525627	64.90691968272309	
1060 SKI BOOT HILL ROAD	99712	-147.74321960943132	64.90684538608886	
1276 SKYLINE DRIVE	99712	-147.68328748915422	64.9178143668223	
975 CHAD STREET	99712	-147.73735441255744	64.92526863361081	
868 WOODCREST COURT	99712	-147.72200921970736	64.92478600891351	
866 WOODCREST COURT	99712	-147.72159237508924	64.92529451658984	
763 MANCHESTER LOOP	99712	-147.7134897803142	64.90762266751558	
1206 ERIOPHORUM DRIVE	99709	-147.7629287111951	64.9013527751127	
1240 ERIOPHORUM DRIVE	99709	-147.7637880716308	64.90080590070906	
1624 CALDER CREEK ROAD	99712	-147.68709682771376	64.92026069248028	
1573 WHISTLING SWAN DRIVE	99712	-147.6791459109518	64.92158327417555	
1060 MIA STREET	99712	-147.74267186900164	64.92384370117996	
1045 NOEL DRIVE	99712	-147.74414253957661	64.91930725162779	
1690 CRESTLINE DRIVE	99712	-147.71335629995104	64.92795608969571	
1520 CALDER CREEK ROAD	99712	-147.68930827122864	64.91837418418064	
1250 GOLDEN HEART DRIVE	99712	-147.6869710112052	64.91661790607326	
1280 CRESTLINE DRIVE	99712	-147.7171098863268	64.91825145625725	
1365 CRESTLINE DRIVE	99712	-147.71832001395987	64.9197648749471	
440 ZUCKERMAN DRIVE	99712	-147.68174727809784	64.91016257868485	
1470 CRESTLINE DRIVE	99712	-147.7122044190478	64.92405495196289	
1031 SUMMER ROSE DRIVE	99709	-147.75741727400853	64.90534488906573	
765 SENATE DRIVE	99712	-147.71170224258492	64.9092101004324	
1239 GOLDEN HEART DRIVE	99709	-147.6861717072921	64.91482554038033	
1607 CRESTLINE DRIVE	99712	-147.72002204645833	64.92897910060479	
1305 SKYLINE DRIVE	99712	-147.69748307894056	64.91864544182525	
2076 SILVER CREEK ROAD	99709	-147.6956873208066	64.95195769875967	
1272 CRESTLINE DRIVE	99712	-147.71862150551334	64.91803685665785	
1099 MIA STREET	99712	-147.7490892088835	64.92284554187832	
1706 CRESTLINE DRIVE	99712	-147.71174938400688	64.92676892872905	
2116 SITKA ROSE STREET	99709	-147.71865311229993	64.95340684812686	
2121 SITKA ROSE STREET	99709	-147.7215841915114	64.95343477215854	
2127 SITKA ROSE STREET	99709	-147.71910919075498	64.95402928992823	
820 LANCASTER DRIVE	99712	-147.72132367042798	64.9108238391612	
1155 MIA STREET	99712	-147.75419816670737	64.92183375728993	
581 GOLDSTREAM ROAD	99709	-147.6916154177908	64.95204191908948	
1565 TALL BIRCH LANE	99709	-147.72535058412797	64.92795159901476	
858 ROCKY TOP AVENUE	99712	-147.73067845394814	64.92030569020636	
1485 BIRCH BEND COURT	99712	-147.72647161936715	64.92627976362675	
836 VIDE DRIVE	99712	-147.72165750471106	64.90631928432545	
1265 GOLDEN HEART DRIVE	99712	-147.68835467349322	64.91549593630457	
1029 GALILEE ROAD	99709	-147.7605783899546	64.90470248480254	
1552 CRESTLINE DRIVE	99712	-147.71837816052476	64.92860424727257	
966 CHAD STREET	99712	-147.73508795016028	64.92613596684086	
1535 CRESTLINE DRIVE	99712	-147.7182222135242	64.92783139056488	
2124 SILVER CREEK ROAD	99709	-147.69682255201465	64.95423097651494	
1143 SKI BOOT HILL ROAD	99709	-147.74395585485865	64.91001504669194	
1069 GALILEE ROAD	99709	-147.75918530291293	64.90622411868853	
1223 VAIL CIRCLE	99709	-147.75928616332777	64.90063987090306	
1678 CRESTLINE DRIVE	99712	-147.7145965625083	64.928665601816	
1128 CHAD STREET	99712	-147.75166169736835	64.92434434129612	
1286 DEER VALLEY ROAD	99709	-147.75194115675146	64.90148136459709	
1317 WIDEVIEW ROAD	99709	-147.77247217584528	64.9056895285608	
1036 SKI BOOT HILL ROAD	99712	-147.73834496868938	64.9061687652491	
505 CRAIG AVENUE	99701	-147.67240816004278	64.84734924369866	
498 CARLTON DRIVE	99701	-147.66985803191398	64.85263807140424	
439 REA AVENUE	99701	-147.67400222696878	64.85412726733908	
485 LE ANN DRIVE	99701	-147.66978532473442	64.85007636919387	
413 REA AVENUE	99701	-147.67495941031095	64.85412299883659	
419 REA AVENUE	99701	-147.67443626797225	64.85413314604367	
475 CINDY DRIVE	99701	-147.67080087400774	64.85082474135642	
469 CINDY DRIVE	99701	-147.67136902909152	64.85082860849845	
452 CINDY DRIVE	99701	-147.67272746753218	64.8513523986215	
451 CINDY DRIVE	99701	-147.6727406884774	64.85092215227442	
446 CINDY DRIVE	99701	-147.67310453854006	64.85147570518208	
445 CINDY DRIVE	99701	-147.67315461267137	64.85104348288738	
525 CRAIG AVENUE	99701	-147.67034201425676	64.84739626239313	
524 CRAIG AVENUE	99701	-147.67032741569608	64.84776683015444	
520 CRAIG AVENUE	99701	-147.67080478501734	64.8477489288048	
510 CRAIG AVENUE	99701	-147.67184093841192	64.84777177161749	
508 CRAIG AVENUE	99701	-147.67192220994198	64.84777245053542	
504 CRAIG AVENUE	99701	-147.67228573201112	64.84781250331959	
501 CRAIG AVENUE	99701	-147.6727026368745	64.84743594859899	
427 BARANOF AVENUE	99701	-147.67413880879494	64.84847469985758	
424 BARANOF AVENUE	99701	-147.67422181203742	64.84883510532873	
426 HAINES AVENUE	99701	-147.67376419631728	64.84268633215997	
507 FAREWELL AVENUE	99701	-147.67225688893353	64.84441723428316	
505 FAREWELL AVENUE	99701	-147.67235368551303	64.8444163394222	
430 FAREWELL AVENUE	99701	-147.67380161747477	64.84487868672221	
476 CINDY DRIVE	99701	-147.67083471329082	64.85117814469189	
415 CRAIG AVENUE	99701	-147.67426625285455	64.84746224364423	
509 FAREWELL AVENUE	99701	-147.6720226255041	64.84442786169194	
429 FAREWELL AVENUE	99701	-147.67389223280074	64.84431047139037	
434 EUREKA AVENUE	99701	-147.6736701908042	64.84586003970021	
425 EUREKA AVENUE	99701	-147.6737988133802	64.84548780717566	
430 BARANOF AVENUE	99701	-147.67340685587544	64.8488719815424	
519 IDITAROD AVENUE	99701	-147.6706072210252	64.84140357374348	
524 HAINES AVENUE	99701	-147.67040015384393	64.84274849036257	
520 HAINES AVENUE	99701	-147.67075244841368	64.84276711905574	
518 HAINES AVENUE	99701	-147.67112913598945	64.8427281406069	
512 HAINES AVENUE	99701	-147.6716477120603	64.84279529348089	
522 GLACIER AVENUE	99701	-147.6707607481583	64.8437795378844	
521 GLACIER AVENUE	99701	-147.6707665577842	64.84343237075824	
517 GLACIER AVENUE	99701	-147.67147150804686	64.84343967519433	
516 GLACIER AVENUE	99701	-147.67111882124343	64.84383626908195	
527 CRAIG AVENUE	99701	-147.67005520509562	64.84746002183796	
528 BARANOF AVENUE	99701	-147.66998618175165	64.84875827821413	
534 HAINES AVENUE	99701	-147.6695992554649	64.84272795953967	
457 CINDY DRIVE	99701	-147.67214467838212	64.85087278973003	
440 CINDY DRIVE	99701	-147.6735695242173	64.8515282074358	
439 CINDY DRIVE	99701	-147.6736233257399	64.8511558637396	
434 CINDY DRIVE	99701	-147.67401339622324	64.85159431437745	
433 CINDY DRIVE	99701	-147.67413823774424	64.8512282134765	
517 CRAIG AVENUE	99701	-147.67119649962626	64.8474410982669	
516 CRAIG AVENUE	99701	-147.67119687259543	64.84777286141178	
515 CRAIG AVENUE	99701	-147.67156924615009	64.84744112135948	
512 CRAIG AVENUE	99701	-147.6715934718257	64.84774470047499	
511 CRAIG AVENUE	99701	-147.67200402509152	64.84744569328856	
433 CRAIG AVENUE	99701	-147.67343124781453	64.84745018540615	
430 CRAIG AVENUE	99701	-147.67387111839915	64.84778577220251	
419 CRAIG AVENUE	99701	-147.67382414817885	64.84740479116392	
500 BARANOF AVENUE	99701	-147.6727827731942	64.84894029301317	
482 CINDY DRIVE	99701	-147.67028313561195	64.85117993588376	
481 CINDY DRIVE	99701	-147.67035673682017	64.85078971126566	
464 CINDY DRIVE	99701	-147.67201991233512	64.8511910058705	
463 CINDY DRIVE	99701	-147.67182703017113	64.8508613415306	
326 TRAINOR GATE ROAD	99701	-147.6778202153172	64.84803256968966	
420 DROZ DRIVE	99701	-147.67516978632372	64.85245037224665	
1213 D STREET	99701	-147.67626916539137	64.85316905645591	
1113 D STREET	99701	-147.67647110246867	64.85248693699809	
1129 D STREET	99701	-147.67646217674243	64.85272423001437	
390 JEANNE DRIVE	99701	-147.6767510816205	64.85391915510584	
1241 JOYCE DRIVE	99701	-147.67797544860503	64.85382820457808	
1211 JOYCE DRIVE	99701	-147.67864387161612	64.85349331305477	
1112 D STREET	99701	-147.67735554121003	64.85251579234028	
600 D STREET	99701	-147.67731955518582	64.84786811164597	
604 D STREET	99701	-147.6773200747174	64.84802868015876	
407 CARLTON DRIVE	99701	-147.6762468479611	64.85277963300827	
422 DROZ DRIVE	99701	-147.6750549534056	64.85245595281047	
406 EUREKA AVENUE	99701	-147.67619486665157	64.84588881317912	
401 GLACIER AVENUE	99701	-147.676300230279	64.84335682152218	
333 FAREWELL AVENUE	99701	-147.67819725448288	64.84444281420812	
99 D STREET	99701	-147.67654636238703	64.84227257138417	
416 CINDY DRIVE	99701	-147.6755209456179	64.85167001955347	
431 CARLTON DRIVE	99701	-147.67472555457414	64.85278151507157	
430 CARLTON DRIVE	99701	-147.67444174626087	64.85312861820606	
423 CARLTON DRIVE	99701	-147.67522884746484	64.85277202537551	
341 CARLTON DRIVE	99701	-147.67780634380108	64.85288594720679	
369 SHANNON DRIVE	99701	-147.67866928848585	64.84997685595492	
426 LE ANN DRIVE	99701	-147.6746433974095	64.85088771486105	
425 LE ANN DRIVE	99701	-147.6745428013348	64.8505119875789	
420 LE ANN DRIVE	99701	-147.67500411717816	64.85098709013165	
387 LE ANN DRIVE	99701	-147.67789369968713	64.85062499186202	
386 LE ANN DRIVE	99701	-147.67786748590044	64.85099164365957	
377 LE ANN DRIVE	99701	-147.67833740743512	64.85067194617314	
376 LE ANN DRIVE	99701	-147.67830295801707	64.85102231848151	
331 CARLTON DRIVE	99701	-147.6784560237498	64.85294779280963	
321 CARLTON DRIVE	99701	-147.67874958486715	64.8530531034879	
720 D STREET	99701	-147.6773530784615	64.84977281217192	
416 SHANNON DRIVE	99701	-147.67550203445708	64.85020134433286	
415 SHANNON DRIVE	99701	-147.67539718317445	64.84981367070681	
410 SHANNON DRIVE	99701	-147.6760174972508	64.85014761612678	
409 SHANNON DRIVE	99701	-147.6759223629847	64.84985227847831	
388 SHANNON DRIVE	99701	-147.6778656196739	64.85023895866118	
379 SHANNON DRIVE	99701	-147.678253012687	64.84992566309181	
378 SHANNON DRIVE	99701	-147.6783760613047	64.85030886135849	
422 CARLTON DRIVE	99701	-147.67496145498714	64.85310071386506	
350 CARLTON DRIVE	99701	-147.67827040215235	64.85327205189841	
332 DUNBAR AVENUE	99701	-147.67771988690663	64.84696839576931	
330 DUNBAR AVENUE	99701	-147.67807181509184	64.84689709590523	
326 DUNBAR AVENUE	99701	-147.67845620723827	64.84690975102477	
330 EUREKA AVENUE	99701	-147.6780968062194	64.8458594784505	
329 EUREKA AVENUE	99701	-147.67809839263865	64.84554008195258	
411 CRAIG AVENUE	99701	-147.6757203651031	64.84752354853319	
542 CRAIG AVENUE	99701	-147.66881166411972	64.84774692912208	
435 JEANNE DRIVE	99701	-147.67483209543198	64.85346465808371	
1337 JORDYNE STREET	99701	-147.67258795055048	64.85391766278195	
1359 JORDYNE STREET	99701	-147.67261532275833	64.85433418266699	
521 IDITAROD AVENUE	99701	-147.66994315278248	64.84135114474496	
444 REA AVENUE	99701	-147.6734234296682	64.85443283796303	
416 REA AVENUE	99701	-147.67497077450793	64.85442475824843	
1358 JOYCE DRIVE	99701	-147.67694291897143	64.85501835655501	
1360 JOYCE DRIVE	99701	-147.67686783790342	64.85506215372666	
1364 JOYCE DRIVE	99701	-147.67662155670834	64.85526678877464	
1340 D STREET	99701	-147.67668255749024	64.85416641933462	
1354 D STREET	99701	-147.67603297210172	64.85437149983183	
1356 D STREET	99701	-147.67596922618358	64.85440724590185	
1353 JOYCE DRIVE	99701	-147.6762180691489	64.85491550231323	
1355 JOYCE DRIVE	99701	-147.67610896348035	64.85501052202822	
1367 JOYCE DRIVE	99701	-147.67592701693562	64.85516134282982	
1362 D STREET	99701	-147.67576389915303	64.85459322763556	
1339 JOYCE DRIVE	99701	-147.676726269154	64.8545233777593	
1341 JOYCE DRIVE	99701	-147.67665501896076	64.85458525387365	
1350 JOYCE DRIVE	99701	-147.6771784371644	64.85484331054384	
1352 JOYCE DRIVE	99701	-147.6771173954743	64.85488179829058	
1369 JOYCE DRIVE	99701	-147.67584287996053	64.85522141125918	
506 HAINES AVENUE	99701	-147.67236661602226	64.84281609852748	
527 IDITAROD AVENUE	99701	-147.6694624538786	64.84143298815704	
415 CINDY DRIVE	99701	-147.67554047809566	64.85132388005609	
488 CINDY DRIVE	99701	-147.6698173964375	64.85117542966687	
1394 D STREET	99701	-147.67496021657794	64.85529366763265	
1382 D STREET	99701	-147.67526145245688	64.85503829034468	
1364 D STREET	99701	-147.6757086216928	64.85463807611536	
1374 D STREET	99701	-147.67547616082135	64.85480496318169	
1376 D STREET	99701	-147.67542105055614	64.85484441346371	
1384 D STREET	99701	-147.67520903760797	64.85507751547222	
526 BARANOF AVENUE	99701	-147.67029182809586	64.84879081622982	
520 BARANOF AVENUE	99701	-147.67073633826953	64.8488407852119	
516 BARANOF AVENUE	99701	-147.67113221381433	64.84881259519892	
512 BARANOF AVENUE	99701	-147.67146042716226	64.84887646121113	
515 IDITAROD AVENUE	99701	-147.67100515978726	64.84142759464802	
511 IDITAROD AVENUE	99701	-147.67154056320013	64.84134030295401	
530 CRAIG AVENUE	99701	-147.66992273885168	64.84778383200451	
530 HAINES AVENUE	99701	-147.66990540354286	64.84276422927672	
510 HAINES AVENUE	99701	-147.67188050241953	64.84274825561025	
530 GLACIER AVENUE	99701	-147.6699989772049	64.84376363617052	
524 GLACIER AVENUE	99701	-147.6705014268296	64.84382245022103	
511 GLACIER AVENUE	99701	-147.6720059825195	64.8434127001406	
504 GLACIER AVENUE	99701	-147.6723418057819	64.84379816667067	
429 GLACIER AVENUE	99701	-147.67386641310048	64.84341330729592	
424 GLACIER AVENUE	99701	-147.67381166656517	64.84377854506795	
537 BARANOF AVENUE	99701	-147.6700178709449	64.84842765451411	
486 LE ANN DRIVE	99701	-147.6697605206589	64.85044838104093	
533 BARANOF AVENUE	99701	-147.67087528560157	64.84835640912708	
535 BARANOF AVENUE	99701	-147.67041995673767	64.84841516077788	
421 DROZ DRIVE	99701	-147.67532030544578	64.85209405115539	
413 DROZ DRIVE	99701	-147.67601305724386	64.85209566541567	
412 DROZ DRIVE	99701	-147.67581957915402	64.85243895752679	
393 DROZ DRIVE	99701	-147.67742924067258	64.85207901085761	
352 DROZ DRIVE	99701	-147.6783971031593	64.85253677146095	
425 FAREWELL AVENUE	99701	-147.67422444546264	64.8444473490817	
415 FAREWELL AVENUE	99701	-147.67553974398464	64.84443777229343	
410 FAREWELL AVENUE	99701	-147.67550212446915	64.84489721103543	
337 EUREKA AVENUE	99701	-147.6773593853381	64.84554985142479	
334 EUREKA AVENUE	99701	-147.6777627792	64.84591168979136	
414 LE ANN DRIVE	99701	-147.67550714631042	64.85093110277776	
410 CINDY DRIVE	99701	-147.67608688756243	64.85168643226397	
409 CINDY DRIVE	99701	-147.67598371449944	64.85138469438006	
365 CINDY DRIVE	99701	-147.67869538030058	64.85145690408432	
405 FAREWELL AVENUE	99701	-147.67622686159493	64.84443044317366	
338 FAREWELL AVENUE	99701	-147.67737390480727	64.84489963387523	
426 EUREKA AVENUE	99701	-147.6741784364042	64.84609264563156	
423 EUREKA AVENUE	99701	-147.67421934312227	64.84553898459916	
421 EUREKA AVENUE	99701	-147.67450174565147	64.84553914605995	
420 EUREKA AVENUE	99701	-147.67465241107723	64.84590368941613	
401 D STREET	99701	-147.67656842818488	64.84595878648817	
902 D STREET	99701	-147.67735332698842	64.85102185847386	
408 CRAIG AVENUE	99701	-147.67543828157744	64.84781453562309	
406 CRAIG AVENUE	99701	-147.6757972069546	64.84780752749012	
404 CRAIG AVENUE	99701	-147.6762492867146	64.84781716896076	
400 CRAIG AVENUE	99701	-147.6766287110439	64.84782109521534	
89 D STREET	99701	-147.67656783726608	64.84131826798153	
411 D STREET	99701	-147.6765444893451	64.84669468381702	
409 D STREET	99701	-147.6765283381954	64.84652906673249	
923 D STREET	99701	-147.67657864804872	64.8509843439493	
407 D STREET	99701	-147.67646283270054	64.84637428167252	
190 D STREET	99701	-147.6772564656263	64.84334590841075	
1236 D STREET	99701	-147.67688946277997	64.8535685152681	
1228 D STREET	99701	-147.6771096562097	64.85335309422543	
364 CINDY DRIVE	99701	-147.67876256179036	64.85186705599818	
1250 JOYCE DRIVE	99701	-147.6783735761212	64.85416969390153	
1240 JOYCE DRIVE	99701	-147.67874415426317	64.8540126636964	
1225 JOYCE DRIVE	99701	-147.6782376618336	64.85365379049296	
371 JEANNE DRIVE	99701	-147.67742165164924	64.85368580113054	
425 BARANOF AVENUE	99701	-147.67454240157358	64.84836879249488	
413 IDITAROD AVENUE	99701	-147.67495283666736	64.84138444654153	
412 IDITAROD AVENUE	99701	-147.67546562218865	64.84184044191939	
409 IDITAROD AVENUE	99701	-147.67552741485156	64.8413975239438	
414 IDITAROD AVENUE	99701	-147.67497099197317	64.84180719637446	
415 BARANOF AVENUE	99701	-147.67538063273648	64.84843639987353	
333 CARLTON DRIVE	99701	-147.6782673003327	64.8529115963939	
909 D STREET	99701	-147.67656587673267	64.85127815208315	
1003 D STREET	99701	-147.676534778319	64.85174564116546	
1013 D STREET	99701	-147.67655948080457	64.85197950439265	
811 D STREET	99701	-147.6765910730748	64.85053387304988	
1002 D STREET	99701	-147.677298233776	64.85172799896728	
908 D STREET	99701	-147.67739656476004	64.85131398880955	
601 D STREET	99701	-147.67657215962907	64.8483886869569	
424 IDITAROD AVENUE	99701	-147.6736307350706	64.84176637847682	
325 IDITAROD AVENUE	99701	-147.67756958339365	64.8412978608649	
423 FAREWELL AVENUE	99701	-147.67458051466573	64.84436786248077	
428 SHANNON DRIVE	99701	-147.67450922036477	64.85005778297781	
427 SHANNON DRIVE	99701	-147.67449441257526	64.84965892252639	
422 SHANNON DRIVE	99701	-147.67504089565904	64.85012420979697	
421 SHANNON DRIVE	99701	-147.67490322689767	64.84974910484756	
403 SHANNON DRIVE	99701	-147.6765499110225	64.849829273864	
415 CARLTON DRIVE	99701	-147.67583854047038	64.85276196766681	
414 CARLTON DRIVE	99701	-147.67568806490493	64.85306536852438	
368 SHANNON DRIVE	99701	-147.67853731593374	64.85045717237729	
808 D STREET	99701	-147.6772921041912	64.85053558954694	
419 LE ANN DRIVE	99701	-147.67497781911644	64.85055094193648	
413 LE ANN DRIVE	99701	-147.6755283976848	64.85061512994773	
389 SHANNON DRIVE	99701	-147.6778248810993	64.84989477176383	
366 LE ANN DRIVE	99701	-147.6787469195805	64.85106155759404	
325 EUREKA AVENUE	99701	-147.67844590881347	64.84555273406698	
324 EUREKA AVENUE	99701	-147.67851391518738	64.84593679224834	
338 EUREKA AVENUE	99701	-147.6772955167054	64.84603898341683	
337 DUNBAR AVENUE	99701	-147.67734063877754	64.84640515094354	
420 FAREWELL AVENUE	99701	-147.67427750667974	64.84493960242933	
413 EUREKA AVENUE	99701	-147.67498622816717	64.84551933023758	
412 EUREKA AVENUE	99701	-147.67504531727784	64.84590959417392	
410 EUREKA AVENUE	99701	-147.6754043322278	64.84589582479893	
409 EUREKA AVENUE	99701	-147.6758225012002	64.8454168431759	
408 EUREKA AVENUE	99701	-147.67582927989963	64.84587869055376	
428 CINDY DRIVE	99701	-147.67459449850642	64.85167939369316	
427 CINDY DRIVE	99701	-147.6745439392859	64.85129381981213	
429 DROZ DRIVE	99701	-147.67488522230295	64.85209181293239	
428 DROZ DRIVE	99701	-147.67467044631354	64.85244848831906	
383 DROZ DRIVE	99701	-147.67787548383183	64.85213775075438	
373 DROZ DRIVE	99701	-147.67845515744438	64.85217120485747	
362 DROZ DRIVE	99701	-147.67793519595367	64.85248199628576	
98 D STREET	99701	-147.6773178871172	64.84227930529087	
91 D STREET	99701	-147.67652675980486	64.84184885266058	
606 D STREET	99701	-147.6772414214868	64.84840830846939	
602 D STREET	99701	-147.67724228154785	64.84793714556372	
422 CINDY DRIVE	99701	-147.67496522155733	64.85167438172009	
421 CINDY DRIVE	99701	-147.67508563584795	64.85138307262345	
385 CINDY DRIVE	99701	-147.6777691500179	64.8513545446605	
384 CINDY DRIVE	99701	-147.67786297183557	64.85171703192549	
375 CINDY DRIVE	99701	-147.67823125762223	64.85140334477185	
374 CINDY DRIVE	99701	-147.67837417840988	64.85178650900036	
207 D STREET	99701	-147.67661519711044	64.84446872301953	
202 D STREET	99701	-147.6772549042039	64.84386073100764	
1136 D STREET	99701	-147.67730524365723	64.85277498255216	
108 D STREET	99701	-147.6773202351279	64.8428460907995	
412 CRAIG AVENUE	99701	-147.67465682304444	64.84782941816785	
329 D STREET	99701	-147.6765553155493	64.84543350049432	
1316 JOYCE DRIVE	99701	-147.6780712123043	64.85431645678217	
336 BARANOF AVENUE	99701	-147.6772660058901	64.84878528823288	
335 BARANOF AVENUE	99701	-147.67773019134407	64.8484348419139	
333 BARANOF AVENUE	99701	-147.67765244318815	64.84843700754917	
424 HAINES AVENUE	99701	-147.6742984327528	64.84268750784226	
1327 JOYCE DRIVE	99701	-147.6770399967404	64.85426230616035	
1326 JOYCE DRIVE	99701	-147.67770801354146	64.85449983836143	
417 BARANOF AVENUE	99701	-147.6751346005093	64.84839624421112	
418 IDITAROD AVENUE	99701	-147.67455786866512	64.84179095873546	
417 IDITAROD AVENUE	99701	-147.67457259259797	64.84136044325204	
405 IDITAROD AVENUE	99701	-147.67588486544176	64.84137946896693	
402 IDITAROD AVENUE	99701	-147.67595566260215	64.84179837639203	
317 IDITAROD AVENUE	99701	-147.67867626537662	64.84135310574666	
402 GLACIER AVENUE	99701	-147.67650519971212	64.84383585959392	
328 GLACIER AVENUE	99701	-147.67848650695475	64.84384740168099	
327 GLACIER AVENUE	99701	-147.67851079130787	64.84342545589136	
425 GLACIER AVENUE	99701	-147.674359379914	64.84342192289267	
422 GLACIER AVENUE	99701	-147.674231848624	64.84380302328388	
420 GLACIER AVENUE	99701	-147.67457894369838	64.84381882763134	
410 GLACIER AVENUE	99701	-147.67579806094236	64.84389127369577	
408 GLACIER AVENUE	99701	-147.67614075988482	64.8438165522095	
421 HAINES AVENUE	99701	-147.6740784118336	64.84236626422577	
412 HAINES AVENUE	99701	-147.67580276389975	64.84273609418706	
411 HAINES AVENUE	99701	-147.67598776282543	64.84239724036013	
408 HAINES AVENUE	99701	-147.67623246426294	64.84275358532477	
321 HAINES AVENUE	99701	-147.67826848086057	64.8423669168275	
407 BARANOF AVENUE	99701	-147.67574809194906	64.8484313648996	
405 BARANOF AVENUE	99701	-147.67616179092911	64.84838789083418	
329 BARANOF AVENUE	99701	-147.67800019997094	64.84835354499073	
328 BARANOF AVENUE	99701	-147.6781289605111	64.84878052877976	
326 BARANOF AVENUE	99701	-147.67843500486188	64.8487966120762	
325 BARANOF AVENUE	99701	-147.67841729807665	64.84844397136543	
420 HAINES AVENUE	99701	-147.6746196872877	64.84273129641906	
417 HAINES AVENUE	99701	-147.67466211330694	64.84236154190327	
416 HAINES AVENUE	99701	-147.67527607924686	64.84280083511204	
413 HAINES AVENUE	99701	-147.67546046061693	64.84236057276004	
404 HAINES AVENUE	99701	-147.67652335956458	64.84278745624178	
336 HAINES AVENUE	99701	-147.67767022747427	64.84281556564825	
330 HAINES AVENUE	99701	-147.6779938994187	64.84277767398865	
324 HAINES AVENUE	99701	-147.678434638983	64.84293401311203	
543 CRAIG AVENUE	99701	-147.66883968519903	64.84741167751115	
499 SHANNON DRIVE	99701	-147.66897414524132	64.84948609506318	
1135 SHANNON DRIVE	99701	-147.66892469402055	64.85243126468563	
925 SHANNON DRIVE	99701	-147.66882921668477	64.85073963128866	
827 SHANNON DRIVE	99701	-147.66882249610504	64.85001882816151	
815 SHANNON DRIVE	99701	-147.66891565959295	64.84987016538066	
493 SHANNON DRIVE	99701	-147.66936781158097	64.84936338823857	
412 BARANOF AVENUE	99701	-147.67536396969362	64.84885221900905	
408 BARANOF AVENUE	99701	-147.67577638273235	64.84886965852166	
417 GLACIER AVENUE	99701	-147.67502334230568	64.84342753834221	
416 GLACIER AVENUE	99701	-147.67499023753118	64.84377073989081	
413 GLACIER AVENUE	99701	-147.67536878667704	64.84339016810416	
412 GLACIER AVENUE	99701	-147.67538417140176	64.84382162391364	
333 GLACIER AVENUE	99701	-147.6777210435394	64.843435542065	
332 GLACIER AVENUE	99701	-147.67773636246864	64.84382722790087	
331 GLACIER AVENUE	99701	-147.67809125435696	64.8434476156694	
330 GLACIER AVENUE	99701	-147.67805856707608	64.84379381222394	
532 CRAIG AVENUE	99701	-147.66968962869004	64.84773243923755	
542 BARANOF AVENUE	99701	-147.6688509670495	64.84885269735622	
535 CRAIG AVENUE	99701	-147.6691733261921	64.84735240332324	
524 TRAINOR GATE ROAD	99701	-147.66914123051524	64.84594987281508	
487 CINDY DRIVE	99701	-147.669803527708	64.8508106309562	
535 GLACIER AVENUE	99701	-147.66957951063262	64.84344752898848	
803 SHANNON DRIVE	99701	-147.66887821207953	64.84971480316221	
1213 SHANNON DRIVE	99701	-147.6688655199757	64.85276303339747	
1207 SHANNON DRIVE	99701	-147.6684879448117	64.85263816411432	
1106 SHANNON DRIVE	99701	-147.66973535376795	64.8519535431278	
1105 SHANNON DRIVE	99701	-147.66890299314812	64.85183253305686	
1007 SHANNON DRIVE	99701	-147.66887327206817	64.85116886345085	
937 SHANNON DRIVE	99701	-147.66891051769156	64.85095721975526	
907 SHANNON DRIVE	99701	-147.66888615431714	64.85049475958536	
901 SHANNON DRIVE	99701	-147.6688180664113	64.85027989679499	
210 F STREET	99701	-147.66879979180234	64.84433157753851	
200 F STREET	99701	-147.6688378667255	64.84393675518433	
541 BARANOF AVENUE	99701	-147.66919454653805	64.84845285370213	
439 CARLTON DRIVE	99701	-147.67408143160452	64.852772530711	
438 CARLTON DRIVE	99701	-147.67387620762463	64.85312512862444	
540 BARANOF AVENUE	99701	-147.6691123037265	64.84882780270445	
539 BARANOF AVENUE	99701	-147.66958189200284	64.84839152768402	
532 BARANOF AVENUE	99701	-147.66954888469965	64.8487052632401	
532 GLACIER AVENUE	99701	-147.66962579999503	64.8438105606066	
485 CARLTON DRIVE	99701	-147.67111558460357	64.85233048655603	
487 CARLTON DRIVE	99701	-147.67123990842458	64.85234139473518	
525 BARANOF AVENUE	99701	-147.67191803004093	64.848495385096	
462 CARLTON DRIVE	99701	-147.67237363672393	64.85289854202938	
495 CARLTON DRIVE	99701	-147.67016659637284	64.85230730346682	
471 CARLTON DRIVE	99701	-147.67219694403246	64.85244982634	
89 E STREET	99701	-147.6726334401238	64.84128465112376	
88 E STREET	99701	-147.6735018574136	64.84135913806469	
480 LE ANN DRIVE	99701	-147.67026126464606	64.85044390549636	
479 LE ANN DRIVE	99701	-147.67036556311703	64.85005228893039	
462 LE ANN DRIVE	99701	-147.67173975829894	64.85045374972077	
461 LE ANN DRIVE	99701	-147.6717070505442	64.85007734383572	
456 LE ANN DRIVE	99701	-147.6722144794093	64.85040022899047	
512 DUNBAR AVENUE	99701	-147.67159036682966	64.84683707698262	
510 DUNBAR AVENUE	99701	-147.67192901468314	64.84678614854941	
501 DUNBAR AVENUE	99701	-147.67274735852303	64.84686698461749	
493 DROZ DRIVE	99701	-147.67021346288905	64.85156845545896	
484 DROZ DRIVE	99701	-147.67120804768618	64.8519187707491	
477 DROZ DRIVE	99701	-147.6719225913282	64.85159383833881	
476 DROZ DRIVE	99701	-147.67184382112632	64.85197099309526	
469 DROZ DRIVE	99701	-147.67240892407852	64.85166745213205	
445 DROZ DRIVE	99701	-147.6738293298378	64.85196597363291	
444 DROZ DRIVE	99701	-147.67363527502908	64.85233159599416	
436 DROZ DRIVE	99701	-147.67412191861808	64.85241808746838	
541 DUNBAR AVENUE	99701	-147.66886952868856	64.84629742819283	
537 DUNBAR AVENUE	99701	-147.66924291998174	64.84642420734127	
536 DUNBAR AVENUE	99701	-147.66921704792387	64.84680519137552	
88 F STREET	99701	-147.66896105462493	64.84134161243658	
486 CARLTON DRIVE	99701	-147.67080724375046	64.8526383736223	
479 CARLTON DRIVE	99701	-147.67170997701112	64.85234464925557	
478 CARLTON DRIVE	99701	-147.67132511070915	64.85269300766637	
455 CARLTON DRIVE	99701	-147.67305616106984	64.85264869189326	
454 CARLTON DRIVE	99701	-147.67284865128676	64.85299691287814	
447 CARLTON DRIVE	99701	-147.67350596727854	64.85274949586328	
446 CARLTON DRIVE	99701	-147.67328572382416	64.85310432383218	
514 GLACIER AVENUE	99701	-147.67163382976574	64.84381224282711	
517 FAREWELL AVENUE	99701	-147.67112874159147	64.84443775648742	
523 CRAIG AVENUE	99701	-147.67079433111198	64.84745844312614	
502 FAREWELL AVENUE	99701	-147.67256020105242	64.84493397010621	
438 FAREWELL AVENUE	99701	-147.6734006337291	64.84489664835714	
407 E STREET	99701	-147.67270030805068	64.84531549463023	
494 CARLTON DRIVE	99701	-147.67033419568233	64.85262249185836	
491 CARLTON DRIVE	99701	-147.67068702434028	64.85228703897272	
541 GLACIER AVENUE	99701	-147.6688350005269	64.84340194321474	
537 GLACIER AVENUE	99701	-147.66925631071956	64.84344187735634	
449 LE ANN DRIVE	99701	-147.6727456565687	64.85013745856027	
444 LE ANN DRIVE	99701	-147.67315683148496	64.8506035969842	
443 LE ANN DRIVE	99701	-147.6732242406914	64.85022012668097	
476 SHANNON DRIVE	99701	-147.67081663110406	64.84971438145874	
458 SHANNON DRIVE	99701	-147.6722920762332	64.84972263272343	
457 SHANNON DRIVE	99701	-147.67223011121482	64.8493479035666	
452 SHANNON DRIVE	99701	-147.67284723096515	64.8496844019986	
451 SHANNON DRIVE	99701	-147.67275667191217	64.84935757790781	
434 SHANNON DRIVE	99701	-147.67414682673547	64.84995292697582	
485 DROZ DRIVE	99701	-147.67126432350685	64.85158034869522	
468 DROZ DRIVE	99701	-147.67233004166366	64.85206415104967	
461 DROZ DRIVE	99701	-147.67290125388453	64.85176826680035	
460 DROZ DRIVE	99701	-147.67279710437407	64.8521426470502	
453 DROZ DRIVE	99701	-147.67335164826926	64.85190958980897	
452 DROZ DRIVE	99701	-147.67310405552826	64.8522099593901	
525 FAREWELL AVENUE	99701	-147.67038501122212	64.84442518638856	
523 FAREWELL AVENUE	99701	-147.6706986839474	64.84443312488825	
520 FAREWELL AVENUE	99701	-147.67073144653273	64.84489556363728	
801 D STREET	99701	-147.6765778483629	64.85023574597254	
478 JEANNE DRIVE	99701	-147.67242343398726	64.85373698525895	
1239 D STREET	99701	-147.67611341038742	64.85346200569971	
1315 JEANNE DRIVE	99701	-147.6755868069456	64.85380342976185	
474 LE ANN DRIVE	99701	-147.6707647507829	64.85039896997539	
473 LE ANN DRIVE	99701	-147.67077945253328	64.85005893076995	
468 LE ANN DRIVE	99701	-147.67135247897014	64.85045308516672	
602 E STREET	99701	-147.67342489104283	64.8483040013755	
205 E STREET	99701	-147.6726951005009	64.84434468940029	
203 E STREET	99701	-147.67271730599882	64.84398519475646	
200 E STREET	99701	-147.67336536585734	64.84390512218579	
105 E STREET	99701	-147.67272804506325	64.84337702868197	
104 E STREET	99701	-147.67339656765972	64.84316965286612	
526 DUNBAR AVENUE	99701	-147.67043742091622	64.84682247891044	
525 DUNBAR AVENUE	99701	-147.67037287155122	64.84643481885875	
521 DUNBAR AVENUE	99701	-147.67076926137386	64.84646948303003	
516 DUNBAR AVENUE	99701	-147.67115423470844	64.84680435555218	
492 DROZ DRIVE	99701	-147.6703009753265	64.85188702961452	
489 DROZ DRIVE	99701	-147.6708114321057	64.85156234436258	
488 DROZ DRIVE	99701	-147.67070791821462	64.85189767009534	
467 LE ANN DRIVE	99701	-147.67129872684413	64.85008295528846	
450 LE ANN DRIVE	99701	-147.67282631762114	64.85047219038685	
433 SHANNON DRIVE	99701	-147.67401736255079	64.84953662936407	
531 FAREWELL AVENUE	99701	-147.6699970712365	64.844406617827	
516 FAREWELL AVENUE	99701	-147.67119650700167	64.84491027835499	
515 FAREWELL AVENUE	99701	-147.6715860289548	64.84444933517605	
401 E STREET	99701	-147.67261666495253	64.84563869112581	
514 FAREWELL AVENUE	99701	-147.6713766691378	64.84506077981645	
1112 SHANNON DRIVE	99701	-147.6696766380604	64.85217129893665	
1111 SHANNON DRIVE	99701	-147.66891919598595	64.85202186387683	
1014 SHANNON DRIVE	99701	-147.66985122438362	64.85150382537518	
1013 SHANNON DRIVE	99701	-147.6688711154897	64.85140086725761	
455 LE ANN DRIVE	99701	-147.67230864245278	64.85006962624234	
438 LE ANN DRIVE	99701	-147.67361232048384	64.85065802190243	
437 LE ANN DRIVE	99701	-147.67362249207378	64.85025192114293	
431 LE ANN DRIVE	99701	-147.67408634382568	64.85039032492013	
600 E STREET	99701	-147.6733789167317	64.84786492409822	
98 E STREET	99701	-147.6734463904086	64.84220574785684	
210 E STREET	99701	-147.67338433732277	64.84442114591704	
102 E STREET	99701	-147.67338758936398	64.84293240803487	
101 E STREET	99701	-147.6727599180592	64.842824634383	
530 DUNBAR AVENUE	99701	-147.67000692555368	64.84675193449647	
529 DUNBAR AVENUE	99701	-147.6700667504777	64.84630188988956	
432 LE ANN DRIVE	99701	-147.67407566125064	64.85082017963666	
437 DROZ DRIVE	99701	-147.67442739878618	64.85206559413035	
413 CRAIG AVENUE	99701	-147.67476571208502	64.84736494307337	
421 JEANNE DRIVE	99701	-147.67533124606382	64.85346190755818	
1345 JORDYNE STREET	99701	-147.67234194227322	64.85414194673743	
460 JEANNE DRIVE	99701	-147.67337969419722	64.85378561164423	
410 CRAIG AVENUE	99701	-147.67509165898954	64.84799803347231	
333 DUNBAR AVENUE	99701	-147.67798869391677	64.84649424247677	
329 DUNBAR AVENUE	99701	-147.6786868463534	64.846532298459	
418 BARANOF AVENUE	99701	-147.67475644311807	64.8487358702207	
400 BARANOF AVENUE	99701	-147.67629971939104	64.8487591766395	
322 IDITAROD AVENUE	99701	-147.67834232398783	64.84183341776091	
92 D STREET	99701	-147.6773077224954	64.84186509259281	
252 D STREET	99701	-147.67728899297876	64.84435062442391	
370 CARLTON DRIVE	99701	-147.67740604370363	64.85316242705659	
360 CARLTON DRIVE	99701	-147.67777845286759	64.85319429768285	
418 FAREWELL AVENUE	99701	-147.67459532305563	64.84485066221448	
416 FAREWELL AVENUE	99701	-147.6750296542724	64.84484554031906	
335 FAREWELL AVENUE	99701	-147.677661763369	64.84430273149313	
332 FAREWELL AVENUE	99701	-147.6781228183668	64.84486614956185	
512 TRAINOR GATE ROAD	99701	-147.67121880685679	64.84650483992064	
474 TRAINOR GATE ROAD	99701	-147.67341299992964	64.84694861595229	
470 SHANNON DRIVE	99701	-147.67133660933033	64.84966166227	
469 SHANNON DRIVE	99701	-147.67128852376635	64.84933584507036	
464 SHANNON DRIVE	99701	-147.6718247936732	64.84970608474585	
463 SHANNON DRIVE	99701	-147.6717529262492	64.84933722546448	
446 SHANNON DRIVE	99701	-147.67325662870178	64.84978242978525	
445 SHANNON DRIVE	99701	-147.67314758024776	64.84939405644289	
440 SHANNON DRIVE	99701	-147.67363707366087	64.84989499242138	
439 SHANNON DRIVE	99701	-147.6736890102662	64.84943673416883	
510 TRAINOR GATE ROAD	99701	-147.67153330859196	64.84650335337112	
522 FAREWELL AVENUE	99701	-147.67023507501514	64.84489840707631	
504 BARANOF AVENUE	99701	-147.6723907861938	64.84893118085724	
534 DUNBAR AVENUE	99701	-147.669623318709	64.84678389702394	
533 DUNBAR AVENUE	99701	-147.66962603222586	64.84639141684345	
537 FAREWELL AVENUE	99701	-147.66911084931013	64.84440310878772	
533 FAREWELL AVENUE	99701	-147.66958302612656	64.8444292507183	
470 CARLTON DRIVE	99701	-147.67182226924925	64.85275774718822	
463 CARLTON DRIVE	99701	-147.67260477115067	64.85254369260649	
464 TRAINOR GATE ROAD	99701	-147.67407256709376	64.84692850182485	
482 SHANNON DRIVE	99701	-147.67030498210545	64.84970305400466	
481 SHANNON DRIVE	99701	-147.67032546531487	64.84931298264927	
533 CRAIG AVENUE	99701	-147.66935204184477	64.84740928688008	
529 CRAIG AVENUE	99701	-147.66962133650398	64.8474056147638	
543 BARANOF AVENUE	99701	-147.6686881872967	64.84848071894504	
540 HAINES AVENUE	99701	-147.6688506038995	64.84272446400215	
536 HAINES AVENUE	99701	-147.66921191559388	64.8427003002153	
1123 SHANNON DRIVE	99701	-147.66892403422636	64.85223953242784	
536 GLACIER AVENUE	99701	-147.66921917515575	64.84381677888685	
436 REA AVENUE	99701	-147.67405541559134	64.85443909623919	
440 REA AVENUE	99701	-147.6738094152853	64.85443999138877	
424 REA AVENUE	99701	-147.67426531325765	64.85442064010779	
420 REA AVENUE	99701	-147.67450645052477	64.85442372182875	
1347 JOYCE DRIVE	99701	-147.6764453920932	64.85473925508899	
1349 JOYCE DRIVE	99701	-147.67638178114345	64.85478685996503	
1366 JOYCE DRIVE	99701	-147.67656854176974	64.85532077053227	
88 F STREET	99701	-147.6689653003562	64.84127061027165	
1390 D STREET	99701	-147.67498991758146	64.8552647918142	
445 JEANNE DRIVE	99701	-147.67431467926627	64.85342628239017	
483 JEANNE DRIVE	99701	-147.67261627890952	64.8533765520533	
425 SPENCE AVENUE	99701	-147.6738742433573	64.85527655772906	
425 SPENCE AVENUE	99701	-147.67364108097053	64.85527936819123	
426 LE ANN DRIVE	99701	-147.67444332272825	64.85085554471448	
419 BARANOF AVENUE	99701	-147.67483671464908	64.84839446442554	
415 CRAIG AVENUE	99701	-147.67415848005496	64.84746132512034	
529 DUNBAR AVENUE	99701	-147.66990204157239	64.84630493396735	
332 DUNBAR AVENUE	99701	-147.67736503699533	64.84697051111299	
403 D STREET	99701	-147.6756466004349	64.84642102833351	
403 D STREET	99701	-147.6754290420281	64.84642110561809	
403 E STREET	99701	-147.67261874377235	64.84576785799759	
510 IDITAROD AVENUE	99701	-147.67223582870807	64.84168260059039	
908 SHANNON DRIVE	99701	-147.66972519646094	64.85046554407039	
1212 D STREET	99701	-147.6771374427222	64.85320032606076	
380 JEANNE DRIVE	99701	-147.67741103295867	64.85410324456075	
382 JEANNE DRIVE	99701	-147.67716283932896	64.85406854916738	
402 E STREET	99701	-147.6733055740827	64.84594531239797	
1340 JOYCE DRIVE	99701	-147.67749597828535	64.85472105521733	
1385 JORDYNE STREET	99701	-147.67255212804258	64.85505822370924	
1388 JORDYNE STREET	99701	-147.67325761205527	64.85515263876444	
1392 JORDYNE STREET	99701	-147.67326062183605	64.85527899913514	
1375 D STREET	99701	-147.67440310791488	64.85477025173691	
451 SPENCE AVENUE	99701	-147.67239914742123	64.85527175211944	
1391 D STREET	99701	-147.67417956002555	64.85514550681883	
1372 JORDYNE STREET	99701	-147.67347346416884	64.85473996399897	
483 SPENCE AVENUE	99701	-147.67065914441577	64.85531877215737	
485 SPENCE AVENUE	99701	-147.67049068971187	64.85531995177416	
461 SPENCE AVENUE	99701	-147.67182451054788	64.85526457105671	
465 SPENCE AVENUE	99701	-147.67153523912032	64.85526782314916	
315 D STREET	99701	-147.67657254954213	64.84498043396341	
450 JEANNE DRIVE	99701	-147.6739715443172	64.85379548549602	
493 SPENCE AVENUE	99701	-147.66995570999427	64.85531497041589	
495 SPENCE AVENUE	99701	-147.6698058826842	64.8553166525474	
1120 ELDON COURT	99701	-147.65485153765928	64.84120003676959	
1122 ELDON COURT	99701	-147.65470536389614	64.84122127977741	
1124 ELDON COURT	99701	-147.6545521453324	64.84127791213062	
1243 CHEVAK COURT	99701	-147.65470025376948	64.84160869810778	
1245 CHEVAK COURT	99701	-147.65454212639378	64.84155123550413	
1248 CHEVAK COURT	99701	-147.65379723413156	64.84170853238268	
1246 CHEVAK COURT	99701	-147.65395273368821	64.84177165177194	
1265 BROOKS COURT	99701	-147.6539926128339	64.84216931426194	
1267 BROOKS COURT	99701	-147.65364600799955	64.842189620173	
1269 BROOKS COURT	99701	-147.65359476242298	64.84223625136896	
1271 BROOKS COURT	99701	-147.6535522489517	64.84229923683641	
1231 CHEVAK COURT	99701	-147.65617735710234	64.84228112399074	
827 DORSET COURT	99701	-147.66163863824661	64.84197862098112	
825 DORSET COURT	99701	-147.66172590041455	64.84193594777129	
823 DORSET COURT	99701	-147.66180519490035	64.84187562722349	
853 BANKS AVENUE	99701	-147.66212697300335	64.84246693844798	
851 BANKS AVENUE	99701	-147.6622630568415	64.84254008343095	
849 BANKS AVENUE	99701	-147.66244028014262	64.8425692130156	
847 BANKS AVENUE	99701	-147.6625021712294	64.84262452052407	
808 ORCA COURT	99701	-147.66282205108305	64.84235961248788	
1229 CHEVAK COURT	99701	-147.65623781938646	64.84234571241028	
1210 YUNANA COURT	99701	-147.6570515062106	64.841968584608	
1223 UMIAK AVENUE	99701	-147.65678426794753	64.84204522226322	
1225 UMIAK AVENUE	99701	-147.6566728544455	64.84210960094936	
1227 UMIAK AVENUE	99701	-147.65657769461262	64.84217029102776	
1224 UMIAK AVENUE	99701	-147.6572124235692	64.84230703093854	
1215 YUNANA COURT	99701	-147.6573259776105	64.84160774651829	
1213 YUNANA COURT	99701	-147.6575023681375	64.84166190254895	
1211 YUNANA COURT	99701	-147.65762154337804	64.84172371113387	
1209 YUNANA COURT	99701	-147.65770669940775	64.84176836091197	
738 ALATNA LOOP	99701	-147.66646949679253	64.84412421628531	
736 ALATNA LOOP	99701	-147.66667964962764	64.8440972737481	
734 ALATNA LOOP	99701	-147.66714501657066	64.84399371115543	
732 ALATNA LOOP	99701	-147.66731313214026	64.84390987108496	
874 MUNNA COURT	99701	-147.66022825725852	64.84225793267005	
872 MUNNA COURT	99701	-147.66044125379545	64.84215599932925	
870 MUNNA COURT	99701	-147.66061234116276	64.84208564479891	
868 MUNNA COURT	99701	-147.66075497752837	64.84202805210178	
866 MUNNA COURT	99701	-147.66094143743942	64.84196996970114	
856 MUNNA COURT	99701	-147.66190681091388	64.84150496320837	
843 DORSET COURT	99701	-147.66043541851397	64.84253561678935	
841 DORSET COURT	99701	-147.6607426199515	64.84243806480961	
839 DORSET COURT	99701	-147.66080120165935	64.84237969266778	
829 DORSET COURT	99701	-147.6616001688736	64.84203054524455	
806 ORCA COURT	99701	-147.66287278764258	64.8424710441435	
804 ORCA COURT	99701	-147.66306462081025	64.84250000868889	
802 ORCA COURT	99701	-147.66319955547792	64.84255449887547	
821 DORSET COURT	99701	-147.66201538112222	64.84175412029172	
750 MINTO COURT	99701	-147.66527109213646	64.8437499402465	
749 MINTO COURT	99701	-147.66485233064145	64.84349726013942	
747 MINTO COURT	99701	-147.6649409989534	64.84344947280528	
745 MINTO COURT	99701	-147.66505641183298	64.84338968729774	
743 MINTO COURT	99701	-147.66523350578146	64.8432902154942	
719 GAKONA COURT	99701	-147.6658391396605	64.84294003570875	
717 GAKONA COURT	99701	-147.66615992144108	64.84283190831819	
715 GAKONA COURT	99701	-147.6663741342218	64.84276562552073	
713 GAKONA COURT	99701	-147.66653272898427	64.84268254439868	
716 GAKONA COURT	99701	-147.66692170623526	64.8430150143247	
714 GAKONA COURT	99701	-147.667027554327	64.84296156062994	
708 BAFFIN COURT	99701	-147.66564142547043	64.8426112285603	
706 BAFFIN COURT	99701	-147.66577346860953	64.84254005998775	
767 KARLUK COURT	99701	-147.66441386559117	64.84269475001403	
769 KARLUK COURT	99701	-147.6642719624274	64.84275840987871	
771 KARLUK COURT	99701	-147.66420897997216	64.84285712285286	
635 WAINWRIGHT ROAD	99701	-147.6666781846437	64.84181567315848	
641 WAINWRIGHT ROAD	99701	-147.66709701844064	64.84192426338909	
643 WAINWRIGHT ROAD	99701	-147.66692068569577	64.8419883648641	
645 WAINWRIGHT ROAD	99701	-147.66677076885466	64.8420631337503	
879 MAGADAN COURT	99701	-147.66051369186576	64.84161553904472	
877 MAGADAN COURT	99701	-147.66065115284076	64.84167105574898	
859 MUNNA COURT	99701	-147.6610447162724	64.84133471786636	
861 MUNNA COURT	99701	-147.66095874438878	64.84138257595241	
865 MUNNA COURT	99701	-147.6607881854065	64.84149659516154	
871 MUNNA COURT	99701	-147.66007783683867	64.84185898940797	
873 MUNNA COURT	99701	-147.6599127864399	64.84194900329736	
887 NEWTOK COURT	99701	-147.65977160542943	64.84212948063885	
889 NEWTOK COURT	99701	-147.65964369565413	64.84203561038869	
899 NEWTOK COURT	99701	-147.65867546721176	64.8417374189351	
890 NEWTOK COURT	99701	-147.6591186409518	64.84235842815116	
892 NEWTOK COURT	99701	-147.65892152102168	64.84230655014413	
894 NEWTOK COURT	99701	-147.65875113103988	64.84225437367176	
760 NUNIVAK LOOP	99701	-147.66308577681784	64.84329594706372	
762 NUNIVAK LOOP	99701	-147.66315696535878	64.84305145660566	
764 NUNIVAK LOOP	99701	-147.66329930020297	64.84297003872273	
701 BAFFIN COURT	99701	-147.66552464905138	64.84216286924668	
765 KARLUK COURT	99701	-147.66452226401054	64.84258572761571	
640 WAINWRIGHT ROAD	99701	-147.6675221535235	64.84171850513948	
638 WAINWRIGHT ROAD	99701	-147.66737245371763	64.84165805874306	
636 WAINWRIGHT ROAD	99701	-147.66724804513004	64.84159002120857	
634 WAINWRIGHT ROAD	99701	-147.66713130893737	64.84150727919116	
622 WAINWRIGHT ROAD	99701	-147.66734238872704	64.84117236257359	
908 NOORVIK COURT	99701	-147.66506896917045	64.84160168734446	
906 NOORVIK COURT	99701	-147.66520571343528	64.84149559144906	
920 NOORVIK COURT	99701	-147.66420756711636	64.84207315812749	
903 NOORVIK COURT	99701	-147.66464286544604	64.84116641727826	
905 NOORVIK COURT	99701	-147.66457798983274	64.84127606517762	
936 GULOVIN COURT	99701	-147.66393110736917	64.84118039559222	
946 GULOVIN COURT	99701	-147.6632397847001	64.84160706495706	
921 NOORVIK COURT	99701	-147.66346025565906	64.84177180659702	
919 NOORVIK COURT	99701	-147.66349801647883	64.8416889823562	
907 NOORVIK COURT	99701	-147.66441109572304	64.84139121141249	
904 NOORVIK COURT	99701	-147.66529238986473	64.84140748392565	
902 NOORVIK COURT	99701	-147.6654296706387	64.84131009519804	
809 ORCA COURT	99701	-147.66343094549714	64.84214511649145	
811 ORCA COURT	99701	-147.66329639346583	64.84205668477816	
813 ORCA COURT	99701	-147.6631574486289	64.8419874327954	
815 ORCA COURT	99701	-147.66297850930016	64.84191188504631	
803 ORCA COURT	99701	-147.6637123997876	64.84225096237193	
805 ORCA COURT	99701	-147.66363782326263	64.84219784935172	
807 ORCA COURT	99701	-147.6635084583032	64.84215546424203	
817 ORCA COURT	99701	-147.66288706176204	64.84184210155448	
819 ORCA COURT	99701	-147.66275749168108	64.84179634616628	
821 ORCA COURT	99701	-147.66261938148688	64.84174057124042	
1040 TETLIN COURT	99701	-147.65928237121986	64.84119632476248	
938 GULOVIN COURT	99701	-147.6637806596644	64.84123444580545	
940 GULOVIN COURT	99701	-147.6635854477126	64.84139373068437	
942 GULOVIN COURT	99701	-147.66344551387996	64.84145202722235	
944 GULOVIN COURT	99701	-147.66333685314493	64.84151870150741	
917 NOORVIK COURT	99701	-147.6639394759823	64.8417101834629	
915 NOORVIK COURT	99701	-147.66400596691147	64.84162665889127	
913 NOORVIK COURT	99701	-147.6641655956063	64.84155951950144	
911 NOORVIK COURT	99701	-147.66428672838455	64.84153202250032	
909 NOORVIK COURT	99701	-147.66434406644112	64.84146602791427	
916 NOORVIK COURT	99701	-147.66435239471693	64.84193211810388	
914 NOORVIK COURT	99701	-147.6646145821501	64.84186818638274	
912 NOORVIK COURT	99701	-147.66474325471194	64.84179703670782	
910 NOORVIK COURT	99701	-147.66491149543748	64.84170365898473	
801 ORCA COURT	99701	-147.6637873928391	64.8423108136856	
863 MUNNA COURT	99701	-147.66086954243886	64.84144537013461	
600 TRAINOR GATE ROAD	99701	-147.66624572218	64.84541769460483	
1252 BROOKS COURT	99701	-147.65582840325473	64.84185565870159	
1254 BROOKS COURT	99701	-147.6556634824676	64.84192962583913	
1256 BROOKS COURT	99701	-147.65549835197518	64.84200016127411	
1237 CHEVAK COURT	99701	-147.65577929097424	64.84210694732789	
1218 YUNANA COURT	99701	-147.6563975559897	64.84165316976718	
1216 YUNANA COURT	99701	-147.65651064957927	64.84175012300307	
1214 YUNANA COURT	99701	-147.65674576290135	64.84182116366392	
1212 YUNANA COURT	99701	-147.65689874088739	64.84189662673813	
1145 YAKO COURT	99701	-147.65607355219637	64.84119316129818	
1143 YAKO COURT	99701	-147.656248202032	64.841278644765	
1148 YAKO COURT	99701	-147.65527471092233	64.84133656680842	
1150 YAKO COURT	99701	-147.65511354286443	64.84126381691256	
1251 BROOKS COURT	99701	-147.6552395584907	64.84157966388051	
1253 BROOKS COURT	99701	-147.65515923547161	64.84165623102089	
1255 BROOKS COURT	99701	-147.6550846145977	64.8416998336032	
1257 BROOKS COURT	99701	-147.65494860201227	64.84175069918231	
1244 CHEVAK COURT	99701	-147.6541506954216	64.84184841261583	
1259 BROOKS COURT	99701	-147.6544204005962	64.84196056620792	
1261 BROOKS COURT	99701	-147.65417886617684	64.84205537707689	
1263 BROOKS COURT	99701	-147.65404996735904	64.8420962927074	
1264 BROOKS COURT	99701	-147.65451698628587	64.84240036858108	
1262 BROOKS COURT	99701	-147.65471176997676	64.84229949692929	
1242 CHEVAK COURT	99701	-147.65487323205969	64.8421595151983	
1240 CHEVAK COURT	99701	-147.6550396927619	64.84222675467056	
1222 UMIAK AVENUE	99701	-147.65747078112966	64.84221996746231	
845 BANKS AVENUE	99701	-147.66253676192818	64.84271124433424	
814 ORCA COURT	99701	-147.66232499791352	64.84212250566304	
812 ORCA COURT	99701	-147.6623738131717	64.84220284789679	
810 ORCA COURT	99701	-147.662582940169	64.84227517587934	
733 ALATNA LOOP	99701	-147.66683817961012	64.84366373232453	
737 ALATNA LOOP	99701	-147.66633647767648	64.84381257913589	
739 ALATNA LOOP	99701	-147.66614526656213	64.84382550712392	
972 NOWITNA COURT	99701	-147.66196118588155	64.84118937672308	
1220 UMIAK AVENUE	99701	-147.65763182022596	64.8421585423235	
1204 YUNANA COURT	99701	-147.6579377879595	64.84230946643683	
1202 YUNANA COURT	99701	-147.65815212221898	64.84231058456119	
1207 YUNANA COURT	99701	-147.65803132605038	64.84182086348063	
1205 YUNANA COURT	99701	-147.65817499390653	64.84187889107393	
742 ALATNA LOOP	99701	-147.66602893519178	64.84416193517595	
740 ALATNA LOOP	99701	-147.66626922065137	64.84415514477973	
730 ALATNA LOOP	99701	-147.66749162885472	64.84383820791115	
880 MUNNA COURT	99701	-147.65979860807138	64.84244636938047	
878 MUNNA COURT	99701	-147.65990183671272	64.84241713151694	
876 MUNNA COURT	99701	-147.66005831747964	64.84234694072364	
864 MUNNA COURT	99701	-147.66118249525334	64.84184905496001	
862 MUNNA COURT	99701	-147.66133858590786	64.84177264544434	
860 MUNNA COURT	99701	-147.66149352708274	64.8416775808964	
858 MUNNA COURT	99701	-147.66163577375426	64.84161376999944	
837 DORSET COURT	99701	-147.6608904792566	64.84233964530387	
835 DORSET COURT	99701	-147.66098646713493	64.8422828543362	
833 DORSET COURT	99701	-147.6611998826822	64.84217705873814	
831 DORSET COURT	99701	-147.66135529067725	64.84213562346598	
854 BANKS AVENUE	99701	-147.6613015582531	64.84259438519285	
852 BANKS AVENUE	99701	-147.66140842295403	64.84266785742105	
850 BANKS AVENUE	99701	-147.66160409185798	64.84275900307746	
857 BANKS AVENUE	99701	-147.6617832980856	64.84234633674818	
855 BANKS AVENUE	99701	-147.6619766639179	64.84240017492795	
748 MINTO COURT	99701	-147.66548794406745	64.84370071688859	
746 MINTO COURT	99701	-147.66562094571552	64.84362903530283	
744 MINTO COURT	99701	-147.66577274051323	64.84356494212776	
751 MINTO COURT	99701	-147.66478293732288	64.8435604297605	
741 MINTO COURT	99701	-147.66532916005258	64.8432072538123	
774 KARLUK COURT	99701	-147.66456031344458	64.84321976279546	
772 KARLUK COURT	99701	-147.66467331771292	64.84312100915352	
770 KARLUK COURT	99701	-147.6647877663369	64.84304563648251	
711 GAKONA COURT	99701	-147.66666369284195	64.84259396569149	
724 GAKONA COURT	99701	-147.66635370320867	64.84331755888009	
722 GAKONA COURT	99701	-147.66645739918022	64.8432292850946	
720 GAKONA COURT	99701	-147.6665632511962	64.84317583260048	
718 GAKONA COURT	99701	-147.6668025801389	64.84307442393407	
704 BAFFIN COURT	99701	-147.66593278182563	64.84246858663629	
702 BAFFIN COURT	99701	-147.66613407391117	64.84241406411293	
633 WAINWRIGHT ROAD	99701	-147.66651900437722	64.84174071563656	
647 WAINWRIGHT ROAD	99701	-147.66664568612885	64.84212300574836	
649 WAINWRIGHT ROAD	99701	-147.66656762086282	64.84214558760779	
646 WAINWRIGHT ROAD	99701	-147.6671683977066	64.84238391595677	
644 WAINWRIGHT ROAD	99701	-147.66738559760464	64.84228646640831	
642 WAINWRIGHT ROAD	99701	-147.66754432040244	64.8422152527238	
885 MAGADAN COURT	99701	-147.6600218589537	64.841346141945	
883 MAGADAN COURT	99701	-147.660235574826	64.84145267426585	
881 MAGADAN COURT	99701	-147.66033905990415	64.84155006398974	
888 MAGADAN COURT	99701	-147.6590861097875	64.84158479668562	
886 MAGADAN COURT	99701	-147.65929758677117	64.84165504910298	
884 MAGADAN COURT	99701	-147.6594827964953	64.8416944744149	
882 MAGADAN COURT	99701	-147.65970645580092	64.84176459029169	
891 NEWTOK COURT	99701	-147.65936268834102	64.84198965458269	
893 NEWTOK COURT	99701	-147.6592781282591	64.84193861769295	
895 NEWTOK COURT	99701	-147.65915948883756	64.84188507275492	
897 NEWTOK COURT	99701	-147.65903460406727	64.84184026144868	
896 NEWTOK COURT	99701	-147.6586396583372	64.8421816158896	
752 NUNIVAK LOOP	99701	-147.66387043772733	64.84356293635682	
754 NUNIVAK LOOP	99701	-147.66369302301445	64.8435023764713	
756 NUNIVAK LOOP	99701	-147.66346045280142	64.84341400344309	
758 NUNIVAK LOOP	99701	-147.6632765412807	64.843356358314	
703 BAFFIN COURT	99701	-147.66536094947335	64.84224637615311	
705 BAFFIN COURT	99701	-147.66529718281674	64.84228779150739	
707 BAFFIN COURT	99701	-147.66484220106872	64.84229792323504	
709 BAFFIN COURT	99701	-147.66485653048062	64.842405571693	
773 KARLUK COURT	99701	-147.66405032264947	64.84289810217903	
629 WAINWRIGHT ROAD	99701	-147.6661448815592	64.84166085767569	
631 WAINWRIGHT ROAD	99701	-147.6663444719891	64.84169516491751	
632 WAINWRIGHT ROAD	99701	-147.66696490722578	64.84145432885671	
630 WAINWRIGHT ROAD	99701	-147.66675379799312	64.84137264464074	
626 WAINWRIGHT ROAD	99701	-147.66702359948215	64.8412928778851	
624 WAINWRIGHT ROAD	99701	-147.66721776558222	64.84123953912942	
725 ALATNA LOOP	99701	-147.6671285377605	64.8433687470799	
727 ALATNA LOOP	99701	-147.6671326933915	64.84345492290188	
729 ALATNA LOOP	99701	-147.66712590476698	64.84354401823084	
768 KARLUK COURT	99701	-147.66500485440292	64.84300031067903	
601 F STREET	99701	-147.66686516052553	64.8481300191941	
1266 BROOKS COURT	99701	-147.65429599656798	64.84245218001233	
1238 CHEVAK COURT	99701	-147.6551821728986	64.84228110069436	
1236 CHEVAK COURT	99701	-147.6554112423826	64.84236080389202	
1234 CHEVAK COURT	99701	-147.65553908201477	64.84242847282664	
1250 BROOKS COURT	99701	-147.65592137683612	64.84179279604442	
1235 CHEVAK COURT	99701	-147.65591934135404	64.84215347489416	
1233 CHEVAK COURT	99701	-147.6560935465418	64.8422305354912	
945 GULOVIN COURT	99701	-147.66264108254146	64.84119664813345	
947 GULOVIN COURT	99701	-147.6623889929182	64.84131339437104	
512 LILY DRIVE	99703	-147.66309819317812	64.8448776096745	
514 LILY DRIVE	99703	-147.6626466593146	64.8443371765166	
510 LILY DRIVE	99703	-147.66164002703294	64.8455111052775	
505 LILY DRIVE	99703	-147.65641161746515	64.84536058478665	
503 LILY DRIVE	99703	-147.65291649272402	64.84625594605556	
506 LILY DRIVE	99703	-147.6591806525711	64.8454789401251	
520 LILY DRIVE	99703	-147.65713100303233	64.8444040424752	
504 LILY DRIVE	99703	-147.65669847780157	64.84573590160377	
528 LILY DRIVE	99703	-147.65336612035682	64.8453022522193	
536 LILY DRIVE	99703	-147.65172741132332	64.84669577442406	
510 LILY DRIVE	99703	-147.66229118365763	64.84555987252654	
509 LILY DRIVE	99703	-147.6589020031178	64.84509125707613	
508 LILY DRIVE	99703	-147.66076504055917	64.84545756385164	
517 LILY DRIVE	99703	-147.65975799834155	64.84480180594885	
511 LILY DRIVE	99703	-147.6600644185883	64.84506647586306	
507 LILY DRIVE	99703	-147.65748825282537	64.8451209701318	
513 LILY DRIVE	99703	-147.66208634760716	64.8451408339555	
524 LILY DRIVE	99703	-147.65586296794132	64.84467442539828	
519 LILY DRIVE	99703	-147.65901396967965	64.8448157423232	
530 LILY DRIVE	99703	-147.6530284803564	64.84540806671377	
502 LILY DRIVE	99703	-147.6542733934071	64.84637845709209	
526 LILY DRIVE	99703	-147.65440488517976	64.84504088817494	
500 LILY DRIVE	99703	-147.6521726979657	64.84703999990514	
501 LILY DRIVE	99703	-147.6524871339014	64.8464519616573	
527 LILY DRIVE	99703	-147.65365559136808	64.84569579502995	
532 LILY DRIVE	99703	-147.65138728885876	64.84586767094927	
534 LILY DRIVE	99703	-147.65130983903333	64.84618427384635	
523 LILY DRIVE	99703	-147.6561447770888	64.84507241597957	
529 LILY DRIVE	99703	-147.65262549073972	64.84596790161247	
521 LILY DRIVE	99703	-147.65750206169093	64.84480494265085	
515 LILY DRIVE	99703	-147.6616948559202	64.84461880464112	
504 LILY DRIVE	99703	-147.65691224918714	64.84567979665646	
506 LILY DRIVE	99703	-147.65812442960313	64.8455030774608	
500 LILY DRIVE	99703	-147.6523686232219	64.84697199671908	
500 LILY DRIVE	99703	-147.65275394156498	64.84682126262526	
507 LILY DRIVE	99703	-147.6577314388543	64.84511657763879	
513 LILY DRIVE	99703	-147.6610337252856	64.84509663014929	
521 LILY DRIVE	99703	-147.65725877261823	64.84480812911525	
504 LILY DRIVE	99703	-147.65714972884203	64.84563415222547	
509 LILY DRIVE	99703	-147.65940365565763	64.84509503326532	
512 LILY DRIVE	99703	-147.6631030588022	64.84503956995943	
513 LILY DRIVE	99703	-147.66139365681707	64.84511174860107	
511 LILY DRIVE	99703	-147.6605658121907	64.84507432910958	
503 LILY DRIVE	99703	-147.6535949522369	64.84609574799987	
515 LILY DRIVE	99703	-147.66145678398615	64.84465567793136	
501 LILY DRIVE	99703	-147.65220400080756	64.84614453414106	
507 LILY DRIVE	99703	-147.65823307891426	64.84512069708673	
501 LILY DRIVE	99703	-147.6523855620324	64.84635343363674	
504 LILY DRIVE	99703	-147.65735628800664	64.84558096057533	
509 LILY DRIVE	99703	-147.6586588317986	64.84509581462618	
519 LILY DRIVE	99703	-147.65847547962503	64.84480894818094	
507 LILY DRIVE	99703	-147.65798989288584	64.84512508950331	
509 LILY DRIVE	99703	-147.65916048656257	64.84509959250869	
503 LILY DRIVE	99703	-147.65337894933435	64.84615165845206	
503 LILY DRIVE	99703	-147.65313249953613	64.84620003624799	
510 LILY DRIVE	99703	-147.66195223112285	64.84553448843997	
524 LILY DRIVE	99703	-147.65608185349723	64.84462013543069	
513 LILY DRIVE	99703	-147.66172641143896	64.84512572260925	
524 LILY DRIVE	99703	-147.65653114443768	64.84452280980892	
510 LILY DRIVE	99703	-147.6613010756507	64.84548571880694	
517 LILY DRIVE	99703	-147.66000122809947	64.84479789913601	
519 LILY DRIVE	99703	-147.65927412528984	64.84481266086854	
532 LILY DRIVE	99703	-147.65202021559227	64.84567668457944	
527 LILY DRIVE	99703	-147.65411979938446	64.84559293371913	
514 LILY DRIVE	99703	-147.66231807404444	64.84427969516815	
536 LILY DRIVE	99703	-147.6514124693344	64.84639400163572	
517 LILY DRIVE	99703	-147.66025724599984	64.84478060812998	
511 LILY DRIVE	99703	-147.65982108982547	64.8450690550075	
530 LILY DRIVE	99703	-147.65281316937063	64.84546329394949	
529 LILY DRIVE	99703	-147.65308001496868	64.84585748320642	
505 LILY DRIVE	99703	-147.65703640973416	64.84518802626677	
517 LILY DRIVE	99703	-147.66050047548288	64.84477670050121	
502 LILY DRIVE	99703	-147.65470353012776	64.8462515692045	
527 LILY DRIVE	99703	-147.6543367438827	64.84553768999304	
512 LILY DRIVE	99703	-147.66308600807275	64.8447198560058	
521 LILY DRIVE	99703	-147.65800354937838	64.84481154546935	
536 LILY DRIVE	99703	-147.6515242243586	64.8464905140894	
502 LILY DRIVE	99703	-147.6549194627066	64.84619560824486	
523 LILY DRIVE	99703	-147.65636264132863	64.8450173823973	
515 LILY DRIVE	99703	-147.660974004357	64.84471747496045	
508 LILY DRIVE	99703	-147.6601063067229	64.84546435721009	
530 LILY DRIVE	99703	-147.65236786573016	64.8455610913571	
528 LILY DRIVE	99703	-147.6540484895792	64.84514510932723	
506 LILY DRIVE	99703	-147.65881948791244	64.84548719133639	
526 LILY DRIVE	99703	-147.654869181255	64.84493810955142	
508 LILY DRIVE	99703	-147.6597628499553	64.84546791320963	
505 LILY DRIVE	99703	-147.6568269026707	64.84524076043448	
500 LILY DRIVE	99703	-147.652558018435	64.84688926721188	
519 LILY DRIVE	99703	-147.65873563308196	64.8448058667952	
521 LILY DRIVE	99703	-147.65776026037165	64.84481473365084	
529 LILY DRIVE	99703	-147.6532917840552	64.84579871309947	
526 LILY DRIVE	99703	-147.65462188191418	64.8449856837813	
530 LILY DRIVE	99703	-147.6525751061893	64.84550838337888	
505 LILY DRIVE	99703	-147.65662112633356	64.84530785209719	
511 LILY DRIVE	99703	-147.6603224814198	64.84507691089127	
502 LILY DRIVE	99703	-147.65448932790179	64.84632249675325	
526 LILY DRIVE	99703	-147.6550861762035	64.8448829044839	
524 LILY DRIVE	99703	-147.6563213435988	64.84457532674718	
523 LILY DRIVE	99703	-147.6566024126307	64.84497277652918	
523 LILY DRIVE	99703	-147.6568122181083	64.84492025916735	
501 LILY DRIVE	99703	-147.6523055712709	64.84624306318852	
529 LILY DRIVE	99703	-147.65283725952972	64.84590913127579	
520 LILY DRIVE	99703	-147.65767667455103	64.8444081117162	
508 LILY DRIVE	99703	-147.6604215764489	64.84546110171635	
532 LILY DRIVE	99703	-147.65159919355642	64.84580898971176	
515 LILY DRIVE	99703	-147.6612023961635	64.84468166081136	
528 LILY DRIVE	99703	-147.65383111774057	64.84520004695621	
527 LILY DRIVE	99703	-147.65387253976016	64.845640551954	
534 LILY DRIVE	99703	-147.65131280790365	64.84607668820742	
520 LILY DRIVE	99703	-147.6574165198236	64.84440504679995	
528 LILY DRIVE	99703	-147.6535834918682	64.84524731528981	
506 LILY DRIVE	99703	-147.65848559432408	64.84549482165997	
532 LILY DRIVE	99703	-147.65180831296703	64.8457353682064	
536 LILY DRIVE	99703	-147.6516156547664	64.84659926302616	
516 LILY DRIVE	99703	-147.6597118378739	64.84438779534483	
516 LILY DRIVE	99703	-147.6594585952308	64.84439056985097	
516 LILY DRIVE	99703	-147.6602115591206	64.84436876102582	
518 LILY DRIVE	99703	-147.6581656120011	64.84442356991124	
525 LILY DRIVE	99703	-147.65494288078796	64.84538117398965	
518 LILY DRIVE	99703	-147.65866529696424	64.84440440123512	
525 LILY DRIVE	99703	-147.6551589186631	64.84531126699878	
516 LILY DRIVE	99703	-147.65996825153667	64.84437161569146	
518 LILY DRIVE	99703	-147.6584089101551	64.84442065639476	
518 LILY DRIVE	99703	-147.65891851106258	64.84440116092327	
525 LILY DRIVE	99703	-147.65472549797252	64.84543610676515	
525 LILY DRIVE	99703	-147.65537629753013	64.84525633451359	
1166 TRAINOR GATE ROAD	99703	-147.65806748637772	64.84283358738989	
483 RIVER ROAD	99703	-147.65095141515837	64.84364266763406	
410 TRAINOR GATE ROAD	99701	-147.67540224441626	64.8473343502709	
1381 D STREET	99701	-147.67454309596	64.85500567858453	
1379 D STREET	99701	-147.67454880613803	64.85491750483035	
520 RIVER ROAD	99703	-147.65389922863116	64.84412340628066	
1365 JORDYNE STREET	99701	-147.67242861099731	64.85449952116804	
1371 JORDYNE STREET	99701	-147.67244462029208	64.85469294550848	
601 E STREET	99701	-147.67272936598548	64.84784421838884	
603 E STREET	99701	-147.67255385184095	64.84793759328008	
605 E STREET	99701	-147.6727877594108	64.8483800947237	
119 GRUENING WAY	99712	-147.66918990364042	64.86418726373685	
141 GRUENING WAY	99712	-147.66924522188697	64.86550159111354	
228 FARMERS LOOP ROAD EXT	99712	-147.67708776133682	64.86929995802656	
150 FARMERS LOOP ROAD EXT	99712	-147.67736637602044	64.86676651716077	
101 CITY LIGHTS BOULEVARD	99712	-147.67498193765775	64.86382972784608	
119 CITY LIGHTS BOULEVARD	99712	-147.67491584088654	64.86447683591831	
166 CITY LIGHTS BOULEVARD	99712	-147.67129030443417	64.86650013581807	
174 CITY LIGHTS BOULEVARD	99712	-147.6714647167742	64.86679517031769	
182 CITY LIGHTS BOULEVARD	99712	-147.6713919871796	64.86724132588229	
200 CITY LIGHTS BOULEVARD	99712	-147.67039633187227	64.86805494095597	
118 GRUENING WAY	99712	-147.6669906648145	64.86374829222875	
117 GRUENING WAY	99712	-147.67049601544377	64.86425023218979	
187 GRUENING WAY	99712	-147.6688841692257	64.86755532635723	
347 FAIRHILL ROAD	99712	-147.66890695696438	64.86767946549887	
344 FAIRHILL ROAD	99712	-147.66869563065282	64.86860229761747	
126 GRUENING WAY	99712	-147.66707517155726	64.8647341880668	
122 GRUENING WAY	99712	-147.66723006036793	64.86416245852541	
109 KNIFFEN ROAD	99712	-147.6646306552596	64.86381269056962	
147 KNIFFEN ROAD	99712	-147.6654271401172	64.86548836179139	
159 KNIFFEN ROAD	99712	-147.66494972575055	64.86615391078688	
233 FAIRHILL ROAD	99712	-147.66545768212015	64.86646868333823	
100 KNIFFEN ROAD	99712	-147.66064960792184	64.86430326326634	
170 KNIFFEN ROAD	99712	-147.66018535626105	64.86535486179997	
215 KNIFFEN ROAD	99712	-147.66542020984548	64.8682153755892	
283 PETER'S ROAD	99712	-147.66243830465916	64.86750703790993	
255 FARMERS LOOP ROAD	99712	-147.67534064071586	64.86938951280162	
245 FARMERS LOOP ROAD	99712	-147.6742053685088	64.86904251301205	
1443 JOYCE DRIVE	99701	-147.67299015669454	64.85599235974868	
1447 JOYCE DRIVE	99701	-147.67279523246688	64.85599412858333	
1451 JOYCE DRIVE	99701	-147.6725417207979	64.85599486910779	
1469 JOYCE DRIVE	99701	-147.671428871239	64.85599901436173	
1473 JOYCE DRIVE	99701	-147.67118571014515	64.85600180586322	
1477 JOYCE DRIVE	99701	-147.6709827662348	64.8560062169588	
1481 JOYCE DRIVE	99701	-147.67073400813757	64.85600259947908	
462 SPENCE AVENUE	99701	-147.67186805872416	64.85562812171138	
458 SPENCE AVENUE	99701	-147.67209102309488	64.85562277905912	
454 SPENCE AVENUE	99701	-147.67232575619823	64.85562344108953	
450 SPENCE AVENUE	99701	-147.67249837542875	64.85562082181045	
1200 BEACON ROAD	99712	-147.64404013404766	64.86359387001364	
407 LAZELLE ROAD	99701	-147.67470130004594	64.85710235727939	
403 LAZELLE ROAD	99701	-147.67476028438386	64.85817323451761	
365 FAIRHILL ROAD	99712	-147.67098267949402	64.86839066748574	
295 FAIR PLACE	99712	-147.66315986431755	64.86908299339557	
286 PETER'S ROAD	99712	-147.66215852142423	64.86818114835391	
1455 JOYCE DRIVE	99701	-147.6723220633766	64.8559974385494	
1457 JOYCE DRIVE	99701	-147.6720935580539	64.85599576613258	
1461 JOYCE DRIVE	99701	-147.67189012327347	64.85599604128329	
1465 JOYCE DRIVE	99701	-147.67163713983604	64.85599669447079	
1485 JOYCE DRIVE	99701	-147.67053643695982	64.85600906089394	
1489 JOYCE DRIVE	99701	-147.67028778145175	64.85600780941445	
1493 JOYCE DRIVE	99701	-147.67008958140875	64.85600641451012	
476 SPENCE AVENUE	99701	-147.6709595682453	64.85563254602354	
472 SPENCE AVENUE	99701	-147.67118698831376	64.85563326688467	
466 SPENCE AVENUE	99701	-147.67145768941523	64.85563801430342	
466 SPENCE AVENUE	99701	-147.67161137904628	64.85563648092611	
448 SPENCE AVENUE	99701	-147.6727665665055	64.85560319647423	
444 SPENCE AVENUE	99701	-147.67298470433423	64.85560001804119	
436 SPENCE AVENUE	99701	-147.67321503396482	64.85561572071457	
168 FARMERS LOOP ROAD EXT	99712	-147.67720473940082	64.86749367598046	
116 FARMERS LOOP ROAD EXT	99712	-147.67794736417252	64.86460262656077	
130 CITY LIGHTS BOULEVARD	99712	-147.6722123416495	64.86489066367518	
152 CITY LIGHTS BOULEVARD	99712	-147.6711782284698	64.86579547722427	
160 CITY LIGHTS BOULEVARD	99712	-147.67170672886596	64.86623338102865	
220 FARMERS LOOP ROAD EXT	99712	-147.6772478958817	64.86911173320227	
200 FARMERS LOOP ROAD EXT	99712	-147.67720518452236	64.86894786856864	
186 FARMERS LOOP ROAD EXT	99712	-147.67718367810753	64.86867097157092	
115 GRUENING WAY	99712	-147.67186499687992	64.86440220801225	
116 GRUENING WAY	99712	-147.6687711020195	64.86374494571128	
153 GRUENING WAY	99712	-147.6692310666774	64.86598460575941	
165 GRUENING WAY	99712	-147.6697935588168	64.86635006692826	
169 GRUENING WAY	99712	-147.66944128806517	64.86684425319095	
179 GRUENING WAY	99712	-147.66941716873183	64.86693185955929	
270 FAIRHILL ROAD	99712	-147.6657173800835	64.8679727798966	
255 FAIRHILL ROAD	99712	-147.66711973395746	64.86695669265642	
176 GRUENING WAY	99712	-147.66734011109705	64.86650528630794	
146 GRUENING WAY	99712	-147.66748488747405	64.86558875522078	
115 KNIFFEN ROAD	99712	-147.66557684823383	64.8639763654229	
119 KNIFFEN ROAD	99712	-147.66474087733428	64.864277473438	
137 KNIFFEN ROAD	99712	-147.6648847610814	64.86513097018087	
257 FAIR PLACE	99712	-147.6604072226934	64.86945138496444	
253 KNIFFEN ROAD	99712	-147.6668126158785	64.86902021236982	
310 BIRCH HILL ROAD	99712	-147.66889085388271	64.86937641379619	
300 PETER'S ROAD	99712	-147.66315295884718	64.86833613925096	
274 PETER'S ROAD	99712	-147.66143773130614	64.86823488560627	
268 PETER'S ROAD	99712	-147.6607020682877	64.86833743695009	
1381 JOYCE DRIVE	99701	-147.6754506989103	64.85559701601171	
1393 JOYCE DRIVE	99701	-147.67515634039606	64.85585977429984	
1400 JOYCE DRIVE	99701	-147.67582512920123	64.85607478397566	
1402 JOYCE DRIVE	99701	-147.67574465878332	64.85612020968637	
1422 JOYCE DRIVE	99701	-147.6749379551265	64.85634349564799	
1430 JOYCE DRIVE	99701	-147.67457527380685	64.85636217612034	
1432 JOYCE DRIVE	99701	-147.674411112711	64.85636687395332	
1372 JOYCE DRIVE	99701	-147.67641079788544	64.85547128231974	
1374 JOYCE DRIVE	99701	-147.67636156610948	64.85551375151483	
1375 JOYCE DRIVE	99701	-147.67566646852532	64.85538445390841	
1385 JOYCE DRIVE	99701	-147.67540377652526	64.85564967700061	
1390 JOYCE DRIVE	99701	-147.6760164848854	64.85587785507184	
1392 JOYCE DRIVE	99701	-147.67595960441903	64.85592626142243	
1391 JOYCE DRIVE	99701	-147.67524678991077	64.85579913810712	
1423 JOYCE DRIVE	99701	-147.67487698898722	64.85596815322981	
1412 JOYCE DRIVE	99701	-147.6755033663301	64.85623561643668	
1414 JOYCE DRIVE	99701	-147.67540352011991	64.85627105194285	
1420 JOYCE DRIVE	99701	-147.6750737173728	64.8563300160197	
170 GRUENING WAY	99712	-147.66669681864283	64.86616050428124	
1194 BEACON ROAD	99712	-147.64347365091962	64.86356841339888	
1398 D STREET	99701	-147.67475596374643	64.8554881158592	
1400 D STREET	99701	-147.67462749385382	64.85554738349181	
1406 D STREET	99701	-147.67452657335426	64.85571250612102	
1410 D STREET	99701	-147.67438997460746	64.85577325492419	
195 CITY LIGHTS BOULEVARD	99712	-147.67219984266913	64.86804130396217	
114 GRUENING WAY	99712	-147.6701906595203	64.8638179990539	
271 PETER'S ROAD	99712	-147.6603287171853	64.86754662953615	
1377 JOYCE DRIVE	99701	-147.6756145266955	64.85543375291202	
1380 JOYCE DRIVE	99701	-147.67618798806623	64.85566869188382	
1382 JOYCE DRIVE	99701	-147.67614324255666	64.85571896427095	
1190 BEACON ROAD	99712	-147.64306707964914	64.86353628240641	
1192 BEACON ROAD	99712	-147.64321813401475	64.86352633412969	
114 GRUENING WAY	99712	-147.67096825255376	64.86384487828495	
1441 JOYCE DRIVE	99701	-147.67339667177097	64.85597521510117	
1492 JOYCE DRIVE	99701	-147.67004730254848	64.8563892397371	
1496 JOYCE DRIVE	99701	-147.6696713482185	64.85639346044101	
92 CITY LIGHTS BOULEVARD	99712	-147.67462446786632	64.86210103443435	
1438 JOYCE DRIVE	99701	-147.67392371538418	64.85637073944248	
428 SPENCE AVENUE	99701	-147.67365173391462	64.85570475900192	
1416 D STREET	99701	-147.6742903014107	64.85591272287395	
1420 D STREET	99701	-147.67420493011065	64.85597647405628	
112 GRUENING WAY	99712	-147.67156528046297	64.86375836193889	
1458 JOYCE DRIVE	99701	-147.6722681142766	64.85635194789897	
1466 JOYCE DRIVE	99701	-147.67183197646472	64.85635393007487	
488 SPENCE AVENUE	99701	-147.67024427917764	64.85565401311217	
492 SPENCE AVENUE	99701	-147.6701193014781	64.85565276057049	
1194 BEACON ROAD	99703	-147.6370682432485	64.86760448728775	
1192 BEACON ROAD	99703	-147.64251344763724	64.86345331824845	
1193 BEACON ROAD	99703	-147.64264592660322	64.86379971427667	
480 SPENCE AVENUE	99701	-147.6707451343014	64.85563223345792	
484 SPENCE AVENUE	99701	-147.67052406341256	64.85563471654883	
1472 JOYCE DRIVE	99701	-147.67137707741787	64.85639735769132	
280 FAIRHILL ROAD	99712	-147.6667191523961	64.86857244554177	
1478 JOYCE DRIVE	99701	-147.67093571363125	64.85638067349332	
1484 JOYCE DRIVE	99701	-147.67057067549234	64.8563883745902	
1486 JOYCE DRIVE	99701	-147.67038637696797	64.8563861707089	
498 SPENCE AVENUE	99701	-147.66972465658228	64.855762168484	
496 SPENCE AVENUE	99701	-147.6697296299153	64.85566240341525	
155 CITY LIGHTS BOULEVARD	99712	-147.67364779158413	64.86620586119346	
155 CITY LIGHTS BOULEVARD	99712	-147.67362375623074	64.86625028895847	
155 CITY LIGHTS BOULEVARD	99712	-147.6735764680382	64.86629782711304	
155 CITY LIGHTS BOULEVARD	99712	-147.6735288255292	64.86633967156587	
155 CITY LIGHTS BOULEVARD	99712	-147.67372936336758	64.8662248854249	
155 CITY LIGHTS BOULEVARD	99712	-147.67370532813248	64.86626931320266	
155 CITY LIGHTS BOULEVARD	99712	-147.67365804005144	64.86631685138275	
155 CITY LIGHTS BOULEVARD	99712	-147.67361039763637	64.86635869586138	
1499 JOYCE DRIVE	99701	-147.66966853692816	64.85604094797654	
1501 JOYCE DRIVE	99701	-147.66966320069457	64.85594723319542	
1048 FREEMAN ROAD	99703	-147.60787911135773	64.84242940530746	
1301 BASTOGNE COURT	99703	-147.6051851140685	64.84760362619602	
1307 ALASKA AVENUE	99703	-147.60545920245232	64.84837907419808	
1305 ALASKA AVENUE	99703	-147.60527662403587	64.84814956189608	
1425 CHESTNUT STREET	99703	-147.59969115127785	64.8450776729969	
1410 DOGWOOD STREET	99703	-147.6071044241049	64.84639163612167	
1423 CHESTNUT STREET	99703	-147.5973374329317	64.84510292134004	
1303 BASTOGNE COURT	99703	-147.6052343121251	64.84777384694216	
1424 CHESTNUT STREET	99703	-147.6001021706208	64.84548894130539	
1450 APPLE STREET	99703	-147.60167662156155	64.84332280361797	
1426 BEECHNUT STREET	99703	-147.59698986016633	64.84442283870068	
1402 CHESTNUT STREET	99703	-147.6050980886487	64.84512595287312	
1408 100TH STREET	99703	-147.60852572595056	64.8457621667463	
1330 NORMANDY COURT	99703	-147.6040247533991	64.84742847305918	
1420 DOGWOOD STREET	99703	-147.5976337824364	64.8466010959641	
1302 BASTOGNE COURT	99703	-147.60635743042704	64.84774378204906	
1366 NORMANDY COURT	99703	-147.6036075676036	64.84826959807133	
1306 ALASKA AVENUE	99703	-147.60651300458989	64.84820082061752	
1405 CHESTNUT STREET	99703	-147.60591933242668	64.84554978095667	
1312 BASTOGNE COURT	99703	-147.60665454075507	64.84892042691177	
1315 BASTOGNE COURT	99703	-147.60542523887216	64.84937253792808	
1364 NORMANDY COURT	99703	-147.60316837039724	64.8481283845835	
1308 ALASKA AVENUE	99703	-147.60657979861912	64.84844902412603	
1304 BASTOGNE COURT	99703	-147.6063595270737	64.84797128500264	
1418 DOGWOOD STREET	99703	-147.59911321422365	64.84656999434296	
1407 DOGWOOD STREET	99703	-147.6067886098312	64.84600354385901	
1422 CHESTNUT STREET	99703	-147.59735719899268	64.84551367531633	
1428 BEECHNUT STREET	99703	-147.600364985305	64.84439990731255	
1406 100TH STREET	99703	-147.6084237521592	64.8455376524523	
1332 NORMANDY COURT	99703	-147.60384642888343	64.84766671228806	
1361 NORMANDY COURT	99703	-147.60186567195362	64.84824490335326	
1331 NORMANDY COURT	99703	-147.6029963856362	64.84738099122178	
1362 NORMANDY COURT	99703	-147.60230032688924	64.8478663149082	
1354 EAGLE LOOP	99703	-147.60077125124747	64.8474017289293	
1356 NORMANDY COURT	99703	-147.60129042235076	64.84735378987625	
1370 NORMANDY COURT	99703	-147.60452177105856	64.84847736208266	
1358 NORMANDY COURT	99703	-147.60167613653215	64.84740691113203	
1367 NORMANDY COURT	99703	-147.6028933460311	64.84867025538563	
1371 NORMANDY COURT	99703	-147.60352107250554	64.84895151876759	
1360 NORMANDY COURT	99703	-147.6020214732718	64.84771295236611	
1456 BEECHNUT STREET	99703	-147.6030189273644	64.8420496737678	
1450 APPLE STREET	99703	-147.60139275483075	64.84332587284835	
1443 103RD STREET	99703	-147.59689195948897	64.84381035225353	
1444 103RD STREET	99703	-147.59687082370803	64.8435595067273	
1444 103RD STREET	99703	-147.5968674654928	64.84344220292498	
1443 103RD STREET	99703	-147.59689929241412	64.84392880401664	
1444 103RD STREET	99703	-147.5968601518824	64.84332375184519	
1432 102ND STREET	99703	-147.6026506243522	64.84456662250375	
1450 APPLE STREET	99703	-147.60113197293867	64.84332856374637	
1449 102ND STREET	99703	-147.6012653416809	64.84259221551496	
1453 BEECHNUT STREET	99703	-147.60337070722574	64.84299660146146	
1451 APPLE STREET	99703	-147.60264262397018	64.84298083622	
1432 102ND STREET	99703	-147.60228481211192	64.84439474097209	
1455 BEECHNUT STREET	99703	-147.60347511324096	64.84268390607355	
1435 BEECHNUT STREET	99703	-147.60170995388978	64.84397101933138	
1416 DOGWOOD STREET	99703	-147.60183063104512	64.846565036392	
1446 APPLE STREET	99703	-147.59739159506486	64.84333828626248	
1419 DOGWOOD STREET	99703	-147.59946485606247	64.84614633350178	
1456 BEECHNUT STREET	99703	-147.6024743067763	64.84205543603889	
1409 DOGWOOD STREET	99703	-147.60419760972636	64.84613052610749	
1412 DOGWOOD STREET	99703	-147.60480393529076	64.8465375090078	
1449 102ND STREET	99703	-147.601271285384	64.84271304556425	
1433 BEECHNUT STREET	99703	-147.60246056706129	64.84369780512279	
1449 102ND STREET	99703	-147.60128181702416	64.8429449114906	
1433 BEECHNUT STREET	99703	-147.6021220566695	64.84387953164759	
1433 BEECHNUT STREET	99703	-147.60263733196646	64.84360322180227	
1435 BEECHNUT STREET	99703	-147.6008869711102	64.84401296940005	
1450 APPLE STREET	99703	-147.6008480242645	64.8433313905599	
1433 BEECHNUT STREET	99703	-147.60229841936004	64.84378477453262	
1453 BEECHNUT STREET	99703	-147.60348933644227	64.8428857477756	
1449 102ND STREET	99703	-147.60127644254067	64.84282404839661	
1457 BEECHNUT STREET	99703	-147.6027126189347	64.84243798822862	
1432 102ND STREET	99703	-147.6020938409208	64.84430529597387	
1439 BEECHNUT STREET	99703	-147.599560827018	64.843943259573	
1456 BEECHNUT STREET	99703	-147.602735068284	64.84205261010767	
1451 APPLE STREET	99703	-147.60236492102314	64.84295137917786	
1443 103RD STREET	99703	-147.596902667658	64.8440461067326	
1456 BEECHNUT STREET	99703	-147.60219039249543	64.84205861508843	
1432 102ND STREET	99703	-147.60246002772286	64.84447699446959	
1404 CHESTNUT STREET	99703	-147.60590336298472	64.84515022771502	
1458 BEECHNUT STREET	99703	-147.6012162414105	64.84204783093469	
1356 NORMANDY COURT	99703	-147.60110330280833	64.84735070292754	
1455 BEECHNUT STREET	99703	-147.6033402712696	64.842576462341	
1306 ALASKA AVENUE	99703	-147.60643547827542	64.84813066292118	
1435 BEECHNUT STREET	99703	-147.60142796768056	64.84398526602902	
1332 NORMANDY COURT	99703	-147.60376225773197	64.84774328363055	
1358 NORMANDY COURT	99703	-147.60184379395034	64.84743879078314	
1362 NORMANDY COURT	99703	-147.6024347779606	64.84792418442429	
1411 DOGWOOD STREET	99703	-147.60198485765184	64.84615508821061	
1435 BEECHNUT STREET	99703	-147.6011689581573	64.8439984796715	
1437 BEECHNUT STREET	99703	-147.6000258899677	64.84397903328723	
1458 BEECHNUT STREET	99703	-147.60150236802417	64.84204530823898	
1307 ALASKA AVENUE	99703	-147.6054055392019	64.84830383382649	
1457 BEECHNUT STREET	99703	-147.60299718015477	64.84244830490395	
1305 ALASKA AVENUE	99703	-147.6052283449463	64.84807244909904	
1414 DOGWOOD STREET	99703	-147.60298134508596	64.8465597721704	
1418 DOGWOOD STREET	99703	-147.5998572926407	64.84655075629819	
1405 CHESTNUT STREET	99703	-147.6069216776769	64.84554258439289	
1303 BASTOGNE COURT	99703	-147.60523079337466	64.84785464042552	
1408 100TH STREET	99703	-147.6086845284148	64.84627540746725	
1420 DOGWOOD STREET	99703	-147.59855366843163	64.8465934629887	
1302 BASTOGNE COURT	99703	-147.60627441362735	64.84767147454987	
1426 BEECHNUT STREET	99703	-147.5973227339414	64.84443015223971	
1308 ALASKA AVENUE	99703	-147.6065456301941	64.8483705040205	
1304 BASTOGNE COURT	99703	-147.6062753560077	64.84789893882517	
1446 APPLE STREET	99703	-147.59773185649854	64.84333343252824	
1364 NORMANDY COURT	99703	-147.60301174263356	64.84808321581404	
1301 BASTOGNE COURT	99703	-147.6052984773641	64.84754053953432	
1330 NORMANDY COURT	99703	-147.60396135604105	64.8475045467854	
1354 EAGLE LOOP	99703	-147.60062152194416	64.84744899732478	
1331 NORMANDY COURT	99703	-147.60292171483212	64.84745556197781	
1412 DOGWOOD STREET	99703	-147.60445534319445	64.84654083278805	
1366 NORMANDY COURT	99703	-147.60344139307708	64.84823392154382	
1425 CHESTNUT STREET	99703	-147.5993574266382	64.8450895176106	
1425 CHESTNUT STREET	99703	-147.60036914152866	64.84508233788328	
1416 DOGWOOD STREET	99703	-147.60160846215769	64.84655626852887	
1416 DOGWOOD STREET	99703	-147.6020918188814	64.8465511702599	
1410 DOGWOOD STREET	99703	-147.6074122641832	64.84633541205157	
1428 BEECHNUT STREET	99703	-147.59971529491787	64.8444145295911	
1422 CHESTNUT STREET	99703	-147.59803044749782	64.84549702666557	
1409 DOGWOOD STREET	99703	-147.6045431477299	64.8461277670161	
1410 DOGWOOD STREET	99703	-147.60677633028115	64.84644186491086	
1426 BEECHNUT STREET	99703	-147.59764741067605	64.84442761335525	
1406 100TH STREET	99703	-147.6082607037037	64.84503752861293	
1411 DOGWOOD STREET	99703	-147.6022050430381	64.84614137824374	
1424 CHESTNUT STREET	99703	-147.59941977357067	64.84548401386239	
1409 DOGWOOD STREET	99703	-147.60386387410938	64.84614237996205	
1422 CHESTNUT STREET	99703	-147.59702230334773	64.84550449025794	
1406 100TH STREET	99703	-147.60826984900174	64.8451321394058	
1420 DOGWOOD STREET	99703	-147.59789563660158	64.84658705240898	
1407 DOGWOOD STREET	99703	-147.6064617886855	64.84605135718773	
1419 DOGWOOD STREET	99703	-147.59979871136602	64.8461344101885	
1414 DOGWOOD STREET	99703	-147.60275916951548	64.84655100519858	
1402 CHESTNUT STREET	99703	-147.60391379279537	64.84514982483056	
1424 CHESTNUT STREET	99703	-147.59975358710255	64.84549225318317	
1411 DOGWOOD STREET	99703	-147.60294977220977	64.84614470324546	
1420 DOGWOOD STREET	99703	-147.598705036333	64.84658489814838	
1411 DOGWOOD STREET	99703	-147.60316996465968	64.84613108508309	
1418 DOGWOOD STREET	99703	-147.60018446780086	64.8465537831629	
1437 BEECHNUT STREET	99703	-147.60036575368372	64.84397781981731	
1402 CHESTNUT STREET	99703	-147.60487740954218	64.84514752709484	
1407 DOGWOOD STREET	99703	-147.60711048677803	64.84596708864036	
1406 100TH STREET	99703	-147.60833792717378	64.84524037014812	
1406 100TH STREET	99703	-147.60841482243072	64.8454430267746	
1412 DOGWOOD STREET	99703	-147.60513779171367	64.84652576572881	
1423 CHESTNUT STREET	99703	-147.5976758991693	64.84510009076911	
1418 DOGWOOD STREET	99703	-147.60003310067097	64.8465623513008	
1404 CHESTNUT STREET	99703	-147.60690077815903	64.84514347740853	
1412 DOGWOOD STREET	99703	-147.60412151525654	64.84653260226322	
1402 CHESTNUT STREET	99703	-147.60413331838933	64.84513612712149	
1414 DOGWOOD STREET	99703	-147.60324253868015	64.84654590574412	
1420 DOGWOOD STREET	99703	-147.59811669277454	64.84659602708984	
1410 DOGWOOD STREET	99703	-147.60645362351525	64.84647914392094	
1423 CHESTNUT STREET	99703	-147.5970047172624	64.84511494721863	
1408 100TH STREET	99703	-147.60854003547732	64.84586926797104	
1402 CHESTNUT STREET	99703	-147.6043964048741	64.84514461383176	
1425 CHESTNUT STREET	99703	-147.60003667432082	64.84507492532602	
1420 DOGWOOD STREET	99703	-147.59837786291922	64.84658186621353	
1407 DOGWOOD STREET	99703	-147.6061529035188	64.84610626175811	
1416 DOGWOOD STREET	99703	-147.60231270022848	64.84655991179638	
1419 DOGWOOD STREET	99703	-147.60044819366382	64.84613932331781	
1439 BEECHNUT STREET	99703	-147.59855926101986	64.84395405223353	
1408 100TH STREET	99703	-147.60861222795847	64.84607223737757	
1419 DOGWOOD STREET	99703	-147.60011566127216	64.84613188550979	
1446 APPLE STREET	99703	-147.59805294884606	64.84332997020621	
1411 DOGWOOD STREET	99703	-147.60268725846973	64.84613618170506	
1446 APPLE STREET	99703	-147.5983934928753	64.84332746541072	
1404 CHESTNUT STREET	99703	-147.60623705331363	64.84513829159862	
1409 DOGWOOD STREET	99703	-147.60487562488402	64.84613517040579	
1408 100TH STREET	99703	-147.60860558502503	64.84597778975179	
1411 DOGWOOD STREET	99703	-147.60246755674078	64.84614990153229	
1426 BEECHNUT STREET	99703	-147.59797931563736	64.84441642553175	
1423 CHESTNUT STREET	99703	-147.59800855084652	64.84510806381294	
1405 CHESTNUT STREET	99703	-147.6062544901169	64.84555798131993	
1428 BEECHNUT STREET	99703	-147.5993816623474	64.84440602365945	
1414 DOGWOOD STREET	99703	-147.60346342676291	64.84655464729595	
1439 BEECHNUT STREET	99703	-147.5988998128759	64.84395154626017	
1424 CHESTNUT STREET	99703	-147.60043601618705	64.84547720770904	
1418 DOGWOOD STREET	99703	-147.59959612360942	64.8465649197701	
1408 100TH STREET	99703	-147.6086777783014	64.84618075912171	
1405 CHESTNUT STREET	99703	-147.60658926484055	64.84555431529328	
1418 DOGWOOD STREET	99703	-147.59937506722784	64.84655594728876	
1422 CHESTNUT STREET	99703	-147.597698378476	64.8455105419292	
1428 BEECHNUT STREET	99703	-147.60003124133632	64.84441117499279	
1404 CHESTNUT STREET	99703	-147.60656816310706	64.84513607923715	
1439 BEECHNUT STREET	99703	-147.59922054395264	64.84394805395839	
1406 100TH STREET	99703	-147.60834674548065	64.84533479515285	
1402 CHESTNUT STREET	99703	-147.60461552976003	64.84513105970345	
1357 NORMANDY COURT	99703	-147.60117030989906	64.84797471489918	
1368 NORMANDY COURT	99703	-147.60421283089968	64.84829494846778	
1314 BASTOGNE COURT	99703	-147.60673893788376	64.84914271770309	
1359 NORMANDY COURT	99703	-147.601540712044	64.8481164992367	
1369 NORMANDY COURT	99703	-147.60313447382202	64.84884994203448	
1333 NORMANDY COURT	99703	-147.60278160391252	64.84760879404547	
1355 NORMANDY COURT	99703	-147.60065106811868	64.84784100818618	
1311 BASTOGNE COURT	99703	-147.60546297425915	64.8487990736849	
1316 BASTOGNE COURT	99703	-147.6063994958028	64.84929404398697	
1309 BASTOGNE COURT	99703	-147.60558486374285	64.84859632075205	
1313 BASTOGNE COURT	99703	-147.6051440183631	64.84919828887641	
1317 BASTOGNE COURT	99703	-147.60588294911864	64.8494256510399	
1310 BASTOGNE COURT	99703	-147.60663812954527	64.84873170987875	
1373 NORMANDY COURT	99703	-147.60398662218122	64.84895582328915	
1457 BEECHNUT STREET	99703	-147.60245174280686	64.84242739869653	
1372 NORMANDY COURT	99703	-147.6045346720436	64.84867217894544	
1363 NORMANDY COURT	99703	-147.60222299093886	64.84837862967775	
1457 BEECHNUT STREET	99703	-147.60216299698322	64.84241668282962	
1365 NORMANDY COURT	99703	-147.60262410378454	64.84851260191768	
1429 102ND STREET	99703	-147.6010395322313	64.84487908041648	
1448 APPLE STREET	99703	-147.60037333179133	64.84332813370222	
1448 APPLE STREET	99703	-147.6000421064324	64.8433316795739	
1400 CHESTNUT STREET	99703	-147.6028712964864	64.84509554691765	
1434 BEECHNUT STREET	99703	-147.60282493638144	64.84409720833986	
1441 BEECHNUT STREET	99703	-147.597379874174	64.84396490382242	
1430 102ND STREET	99703	-147.60211850393617	64.84498850815345	
1441 BEECHNUT STREET	99703	-147.59807863016505	64.8439568391649	
1429 102ND STREET	99703	-147.6010568635256	64.84511476355975	
1429 102ND STREET	99703	-147.6010462916994	64.84499753828906	
1431 102ND STREET	99703	-147.60116410690372	64.84460459379524	
1434 BEECHNUT STREET	99703	-147.60260784700097	64.84417658825762	
1441 BEECHNUT STREET	99703	-147.59771110985298	64.84396136383894	
1431 102ND STREET	99703	-147.60114677505803	64.84436891065026	
1431 102ND STREET	99703	-147.60115353268003	64.84448736765107	
1430 102ND STREET	99703	-147.6021104468312	64.84487124595334	
1400 CHESTNUT STREET	99703	-147.60341823952925	64.84513321533184	
1430 102ND STREET	99703	-147.60212272263337	64.84510698711028	
1448 APPLE STREET	99703	-147.59967459498858	64.84333620818315	
1400 CHESTNUT STREET	99703	-147.60314644917787	64.84511365531651	
1562 GAFFNEY ROAD	99703	-147.6095832437408	64.8413555173684	
1500 GAFFNEY ROAD	99703	-147.60023810004486	64.84140890506545	
1513 GAFFNEY ROAD	99703	-147.59519214179014	64.84148672584615	
1001 GAFFNEY ROAD	99703	-147.59224958069674	64.8420844101311	
1003 104TH STREET	99703	-147.59176351042626	64.8432348290007	
30 104TH STREET	99703	-147.59282132584931	64.84411458002135	
31 104TH STREET	99703	-147.5907093868593	64.84395556643442	
1002 104TH STREET	99703	-147.59338267880665	64.84437197951416	
1004 GAFFNEY ROAD	99703	-147.5985745561403	64.84189851290944	
1021 GAFFNEY ROAD	99703	-147.60424023454365	64.84180368537132	
1045 FREEMAN ROAD	99703	-147.6057801605135	64.8418695159491	
1046 MARKS ROAD	99703	-147.60531678970574	64.84220013142017	
1047 FREEMAN ROAD	99703	-147.606696378243	64.84215172979292	
1049 MARKS ROAD	99703	-147.60923145536748	64.84220440969852	
1051 MARKS ROAD	99703	-147.60986276445823	64.84181680456919	
1054 APPLE STREET	99703	-147.61139185312678	64.84276293828721	
1053 MARKS ROAD	99703	-147.61199659005362	64.8419048558468	
1060 GAFFNEY ROAD	99703	-147.61446704804015	64.84214008997407	
1061 GAFFNEY ROAD	99703	-147.6135288765551	64.84182649202003	
1070 APPLE ROAD	99703	-147.6154127291802	64.84208664494643	
1056 APPLE STREET	99703	-147.61230997851936	64.84385489436342	
1063 APPLE STREET	99703	-147.6086795676249	64.84445787082548	
1064 APPLE STREET	99703	-147.6061157490614	64.84443605247138	
1026 APPLE STREET	99703	-147.60560049780003	64.8439353496641	
1024 APPLE STREET	99703	-147.6032742747427	64.84387330497407	
1044 MARKS ROAD	99703	-147.60596411679276	64.84347719684196	
1043 MARKS ROAD	99703	-147.60791830821466	64.84338388386956	
1031 102ND STREET	99703	-147.60190859211556	64.84586965480719	
1190 RIVER ROAD	99703	-147.62506611680513	64.85166551019759	
1191 RIVER ROAD	99703	-147.62450621527503	64.85153659238772	
1171 SKI ROAD	99703	-147.61911181115545	64.85807731689425	
1184 SKI ROAD	99703	-147.61763770220293	64.85896340220737	
1185 SKI ROAD	99703	-147.6173153846397	64.85877369907517	
1170 SKI ROAD	99703	-147.61274353225892	64.85403137204042	
1551 BLM ACCESS ROAD	99703	-147.5916937441787	64.84124801846532	
991 BLM ACCESS ROAD	99703	-147.58655530856896	64.84312127790103	
990 BLM ACCESS ROAD	99703	-147.5861393928698	64.84279288450803	
121 CREST DRIVE	99712	-147.64862200580444	64.87932841522195	
333 BIAS DRIVE EAST	99712	-147.59823154213484	64.87269569246118	
223 CONCORD AVENUE	99712	-147.62995884754548	64.88189663403435	
366 SCENIC HILLS COURT	99712	-147.64381434892186	64.87552655615382	
374 PARKLAND DRIVE	99712	-147.6480842808832	64.8749340747378	
362 PARKLAND DRIVE	99712	-147.64996448542055	64.87451325197677	
181 CREST DRIVE	99712	-147.6511069062077	64.87458614914367	
550 BIRCH HILL ROAD	99712	-147.6464572564288	64.88164987249343	
574 BIRCH HILL ROAD	99712	-147.64449013556455	64.88193427400842	
546 OLD STEESE HIGHWAY NORTH	99712	-147.64454628856257	64.88351749459527	
542 OLD STEESE HIGHWAY NORTH	99712	-147.64541544382718	64.88318999670231	
804 LOWELL ROAD	99712	-147.67624054439452	64.8950878654702	
410 KENDRICK COURT	99712	-147.67565252819796	64.89423619338439	
743 MCGRATH ROAD	99712	-147.666959493954	64.89294710298739	
777 MCGRATH ROAD	99712	-147.66644597024688	64.894093273269	
815 MCGRATH ROAD	99712	-147.66930842594817	64.89519626650386	
421 KEEP DRIVE	99712	-147.67749000287725	64.89366079940592	
427 MARSHALL DRIVE	99712	-147.67745745429556	64.89496161925213	
435 MARSHALL DRIVE	99712	-147.67841575907946	64.89500067394613	
434 MARSHALL DRIVE	99712	-147.67843680080347	64.8955664610585	
424 PANORAMA DRIVE	99712	-147.67760898994368	64.89682995582073	
436 PANORAMA DRIVE	99712	-147.67849803446535	64.8967539695241	
298 ALVIN STREET	99712	-147.6219473500863	64.89504455007759	
701 HILLCREST DRIVE	99712	-147.5960028656393	64.89024252239493	
604 DORY DRIVE	99712	-147.631892203545	64.88449750963963	
826 HIGHLANDER DRIVE	99712	-147.59888676903842	64.89617904504763	
855 HIGHLANDER DRIVE	99712	-147.60203835336134	64.89733124555391	
843 HIGHLANDER DRIVE	99712	-147.6014929916557	64.89687936111571	
838 HIGHLANDER DRIVE	99712	-147.59942722398597	64.89683840591832	
850 HIGHLANDER DRIVE	99712	-147.6001452832368	64.8973536064275	
806 QUASAR DRIVE	99712	-147.60634571387115	64.89559697429183	
802 QUASAR DRIVE	99712	-147.60679087182703	64.89519788926557	
778 QUASAR DRIVE	99712	-147.60940463987745	64.89400129114838	
770 QUASAR DRIVE	99712	-147.60999517484822	64.89382202534307	
762 QUASAR DRIVE	99712	-147.61032402003008	64.8934960373846	
758 QUASAR DRIVE	99712	-147.61082078761493	64.89334552782728	
787 QUASAR DRIVE	99712	-147.6098017383371	64.89454964788975	
793 QUASAR DRIVE	99712	-147.60924514190899	64.89500892114704	
799 QUASAR DRIVE	99712	-147.60851900822487	64.89518696120149	
557 MOUNTVISTA DRIVE	99712	-147.5947086082702	64.89706325047717	
766 OLD STEESE HIGHWAY NORTH	99712	-147.6168445746587	64.89356495457436	
774 OLD STEESE HIGHWAY NORTH	99712	-147.61598697800758	64.89389370621315	
806 OLD STEESE HIGHWAY NORTH	99712	-147.61264613827237	64.8951024119918	
808 OLD STEESE HIGHWAY NORTH	99712	-147.61266210615477	64.89521210555904	
551 RUTH ESTATES ROAD	99712	-147.59492192108314	64.89526245529083	
525 RUTH ESTATES ROAD	99712	-147.59730261384792	64.89557338276785	
800 CHELSEA LANE	99712	-147.60078017424078	64.8947127080989	
815 CHELSEA LANE	99712	-147.6031071123354	64.89513821569624	
837 SILVERTREE COURT	99712	-147.60509670744807	64.89665372981524	
460 RUTH ESTATES ROAD	99712	-147.6041908642885	64.89626320324503	
494 RUTH ESTATES ROAD	99712	-147.60084160835746	64.89636706164016	
484 RUTH ESTATES ROAD	99712	-147.60250986725652	64.89631886715526	
796 OLD STEESE HIGHWAY NORTH	99712	-147.6132006842112	64.89502045770848	
799 OLD STEESE HIGHWAY NORTH	99712	-147.61553638676222	64.89521526573374	
811 PANNICK AVENUE	99712	-147.62494638071846	64.89566070764032	
805 PANNICK AVENUE	99712	-147.6246679010405	64.89527746593515	
743 OLD STEESE HIGHWAY NORTH	99712	-147.6237463403349	64.89261275649484	
330 GOLF CLUB DRIVE	99712	-147.61906931322952	64.89642557475005	
840 CRAZY HORSE WAY	99712	-147.6121040864912	64.89666260256244	
489 BIAS DRIVE	99712	-147.60237928750297	64.88085495673924	
564 EAGLE VIEW COURT	99712	-147.58038723285182	64.88455473886594	
548 RAVEN VIEW COURT	99712	-147.5804177456547	64.88373746493069	
531 FALCON VIEW STREET	99712	-147.5812350149929	64.88318350029107	
543 RAVEN VIEW COURT	99712	-147.58257380801743	64.88346371262851	
625 CHENA HOT SPRINGS ROAD	99712	-147.5870399455715	64.88437715632975	
332 BIAS DRIVE EAST	99712	-147.59728253894372	64.87372158185129	
340 BIAS DRIVE EAST	99712	-147.59932170406074	64.87398711153526	
307 BIAS DRIVE EAST	99712	-147.59019363609588	64.87264035904698	
380 BIAS DRIVE	99712	-147.59948441134264	64.87601281131838	
400 BIAS DRIVE	99712	-147.59786705637262	64.87661145138527	
455 BIAS DRIVE	99712	-147.60240457352904	64.87949111817657	
469 BIAS DRIVE	99712	-147.60174167325505	64.88043209189904	
599 CHENA HOT SPRINGS ROAD	99712	-147.58999683690018	64.88356507965418	
583 CHENA HOT SPRINGS ROAD	99712	-147.59093992980192	64.88457530876403	
561 CHENA HOT SPRINGS ROAD	99712	-147.5932981142958	64.88464170054087	
521 WIGWAM WAY	99712	-147.59833623768037	64.88426386745549	
535 WIGWAM WAY	99712	-147.59722193970134	64.88385335938142	
549 WIGWAM WAY	99712	-147.59656915039383	64.88365570178071	
555 WIGWAM WAY	99712	-147.59597584788338	64.88316476747146	
438 FLESHMAN STREET	99712	-147.67866017674916	64.86961405971189	
244 FARMERS LOOP ROAD EXT	99712	-147.67723651021697	64.86989506214734	
240 FARMERS LOOP ROAD EXT	99712	-147.67734898571854	64.86963219116068	
282 HILLSIDE DRIVE	99712	-147.6584808181987	64.87191127818143	
308 HILLSIDE DRIVE	99712	-147.65719556226347	64.87211711013505	
302 TOPSIDE ROAD	99712	-147.65207301472742	64.87253813683844	
246 CREST DRIVE	99712	-147.65719289954046	64.87394667921572	
248 CREST DRIVE	99712	-147.65750405460886	64.87398021627467	
370 TERRACE DRIVE	99712	-147.6577649825459	64.87546611900692	
240 KNIFFEN ROAD	99712	-147.66587790825182	64.87023496127964	
230 KNIFFEN ROAD	99712	-147.66473062861985	64.8701291382604	
298 FAIR PLACE	99712	-147.66357111125703	64.87031034998274	
286 FAIR PLACE	99712	-147.6627478300816	64.87004250528545	
270 TERRACE DRIVE	99712	-147.66182704803714	64.87086784922701	
280 TERRACE DRIVE	99712	-147.66218270456454	64.87152785628597	
292 TERRACE DRIVE	99712	-147.66231852748894	64.87212626167937	
300 TERRACE DRIVE	99712	-147.66176211197774	64.87261541843934	
272 HILLSIDE DRIVE	99712	-147.65819193258997	64.87114988974776	
407 HILLSIDE DRIVE	99712	-147.65328671933443	64.87741732818937	
399 HILLSIDE DRIVE	99712	-147.65423273669867	64.87696864563605	
389 HILLSIDE DRIVE	99712	-147.65445933812936	64.8765542260219	
347 HILLSIDE DRIVE	99712	-147.6579775272924	64.87465099841724	
421 HILLSIDE DRIVE	99712	-147.65316891999237	64.87826817944013	
449 HILLSIDE DRIVE	99712	-147.65288921989202	64.87904447044062	
194 CREST DRIVE	99712	-147.65440022689938	64.87383071673659	
182 CREST DRIVE	99712	-147.65187190961169	64.87517224229012	
167 CREST DRIVE	99712	-147.6483220218729	64.8772710896349	
171 CREST DRIVE	99712	-147.64797937780816	64.8767587069743	
365 PARKLAND DRIVE	99712	-147.64970088257672	64.87560943275929	
403 PARKLAND DRIVE	99712	-147.64582768027532	64.8771234162429	
413 PARKLAND DRIVE	99712	-147.64600733590066	64.8776925006246	
416 PARKLAND DRIVE	99712	-147.64419905675064	64.87772007522898	
400 PARKLAND DRIVE	99712	-147.64454611822302	64.87703996328905	
502 BIRCH HILL ROAD	99712	-147.6486849144265	64.88192810422356	
432 ALEXANDER AVENUE	99712	-147.67861538967762	64.89024449615975	
534 OLD STEESE HIGHWAY NORTH	99712	-147.6513422503109	64.88271850285106	
451 OLD STEESE HIGHWAY NORTH	99712	-147.6615110502705	64.87932635183093	
371 OLD STEESE HIGHWAY NORTH	99712	-147.66647290815663	64.87452976393207	
351 OLD STEESE HIGHWAY NORTH	99712	-147.66793311719692	64.87305337288747	
259 FARMERS LOOP ROAD	99712	-147.6759791949644	64.86977156972706	
304 FARMERS LOOP ROAD	99712	-147.67037494085497	64.87868145778337	
610 MCGRATH ROAD	99712	-147.67543584308643	64.88669122472358	
640 MCGRATH ROAD	99712	-147.67361479972323	64.88726671710265	
609 MCGRATH ROAD	99712	-147.6782488697426	64.88689211298204	
675 MCGRATH ROAD	99712	-147.67055472550626	64.88968688583144	
691 MCGRATH ROAD	99712	-147.67022189468406	64.89012919795168	
707 MCGRATH ROAD	99712	-147.6695555621916	64.89070403850457	
710 MCGRATH ROAD	99712	-147.66627244028246	64.89088907963456	
690 MCGRATH ROAD	99712	-147.66760597891647	64.88960410121348	
650 LOWELL ROAD	99712	-147.6758530950057	64.88830769281937	
630 LOWELL ROAD	99712	-147.67600390352032	64.88758149602252	
625 LOWELL ROAD	99712	-147.67745621478548	64.88719116343995	
642 HEMPEL STREET	99712	-147.67837183169223	64.88766822917569	
303 FARMERS LOOP ROAD	99712	-147.6741809147094	64.87838393348932	
350 FARMERS LOOP ROAD	99712	-147.6703849227862	64.88217564637807	
394 FARMERS LOOP ROAD	99712	-147.6704549897075	64.88339916098951	
399 FARMERS LOOP ROAD	99712	-147.67647530519355	64.88384363646283	
538 OLD STEESE HIGHWAY NORTH	99712	-147.6488678468235	64.88307485858243	
301 OLD STEESE HIGHWAY NORTH	99712	-147.67359933271752	64.87155064001581	
271 OLD STEESE HIGHWAY NORTH	99712	-147.67368797917743	64.87058647164038	
250 OLD STEESE HIGHWAY NORTH	99712	-147.67387536163417	64.87037599972378	
659 MCGRATH ROAD	99712	-147.67267989036426	64.8888285005269	
643 MCGRATH ROAD	99712	-147.67385616766097	64.88824632511377	
639 MCGRATH ROAD	99712	-147.67480765618106	64.88777504461684	
715 MCGRATH ROAD	99712	-147.66872544220632	64.89113648757906	
731 MCGRATH ROAD	99712	-147.66798003912862	64.8919091566585	
738 MCGRATH ROAD	99712	-147.66560431517468	64.89213589919257	
724 MCGRATH ROAD	99712	-147.6641608387356	64.89175195332217	
389 LANNI AVENUE	99712	-147.67413339364995	64.89210922362831	
692 LOWELL ROAD	99712	-147.67531929527811	64.89033253671057	
680 LOWELL ROAD	99712	-147.67612491900854	64.88962916805322	
666 LOWELL ROAD	99712	-147.67559927603713	64.88896308323854	
668 HEMPEL STREET	99712	-147.67767829530584	64.88896739945136	
661 LOWELL ROAD	99712	-147.6772267223288	64.8886282148999	
678 HEMPEL STREET	99712	-147.67752279020542	64.88944951300881	
695 LOWELL ROAD	99712	-147.677370467761	64.89026897991286	
707 LOWELL ROAD	99712	-147.67728670381928	64.89068181506286	
714 ARKANSAS DRIVE	99712	-147.67731692698814	64.8918528030617	
724 ARKANSAS DRIVE	99712	-147.67873464125137	64.8921063329975	
724 LOWELL ROAD	99712	-147.675636401926	64.89171961997481	
631 RUTH ESTATES ROAD	99712	-147.58700664689803	64.89459490671732	
855 OLD STEESE HIGHWAY NORTH	99712	-147.61077606031765	64.89746439024583	
420 FARMERS LOOP ROAD	99712	-147.6693316030088	64.884756794406	
701 ARKANSAS DRIVE	99712	-147.67718990353634	64.89113866087477	
453 OLD STEESE HIGHWAY NORTH	99712	-147.66073001252354	64.88051685624067	
707 HILLCREST DRIVE	99712	-147.59577241464984	64.8902475603988	
314 BIRCH HILL ROAD	99712	-147.66876806039852	64.87034047103282	
306 TERRACE DRIVE	99712	-147.66079397959254	64.87316466067756	
277 HILLSIDE DRIVE	99712	-147.6597566194473	64.87137046796246	
461 HILLSIDE DRIVE	99712	-147.6527825031119	64.8794149036426	
155 CREST DRIVE	99712	-147.64798229885915	64.87781338041451	
520 GOLDEN LEAF DRIVE	99712	-147.61416026222912	64.88270831451452	
765 SUNCREST DRIVE	99712	-147.59680607361375	64.89629180565083	
269 FAIR PLACE	99712	-147.66160120130448	64.86954365255595	
711 SUNCREST DRIVE	99712	-147.585410305667	64.89636129089915	
670 FABIAN DRIVE	99712	-147.58337474061963	64.89649899364376	
640 FABIAN DRIVE	99712	-147.58327722515241	64.8958403898774	
735 HOBBIT HILL DRIVE	99712	-147.5834313047102	64.89257362376846	
862 HIGHLANDER DRIVE	99712	-147.600954422517	64.89786005800988	
867 HIGHLANDER DRIVE	99712	-147.60248564073595	64.89769043193009	
832 SILVERTREE COURT	99712	-147.6026767182688	64.89666280605242	
840 SILVERTREE COURT	99712	-147.60326964039567	64.89706862910064	
846 SILVERTREE COURT	99712	-147.60430086105808	64.89755243985708	
843 SILVERTREE COURT	99712	-147.6052400496274	64.89718102985546	
800 QUASAR DRIVE	99712	-147.60716031832106	64.89495136891442	
796 QUASAR DRIVE	99712	-147.6078236336091	64.89472778841728	
794 QUASAR DRIVE	99712	-147.60821635196973	64.89456566856904	
790 QUASAR DRIVE	99712	-147.60862137754262	64.89438273399496	
750 QUASAR DRIVE	99712	-147.61171521680458	64.89300790978105	
392 GILBERT DRIVE	99712	-147.61235318943673	64.8927273344717	
805 QUASAR DRIVE	99712	-147.60803337613754	64.89557818373898	
543 MOUNTVISTA DRIVE	99712	-147.59599803911215	64.89724831780714	
785 SUNCREST DRIVE	99712	-147.59897300657735	64.89765016539064	
750 EASTVIEW DRIVE	99712	-147.58578250312493	64.89268690791857	
491 RUTH ESTATES ROAD	99712	-147.60128195969304	64.89543064401371	
775 CHELSEA LANE	99712	-147.60111344873806	64.89334592946369	
790 CHELSEA LANE	99712	-147.60078433490958	64.89441973198736	
575 MOUNTVISTA DRIVE	99712	-147.59282573993278	64.89759609376075	
565 MOUNTVISTA DRIVE	99712	-147.5936122342251	64.89722403985743	
799 PANNICK AVENUE	99712	-147.62357012299915	64.89481376190969	
787 PANNICK AVENUE	99712	-147.62333614222138	64.89440210571983	
777 PANNICK AVENUE	99712	-147.623311534396	64.89356571663531	
748 DAVENNY DRIVE	99712	-147.61677534450578	64.89280106129469	
756 DAVENNY DRIVE	99712	-147.6160702599428	64.8930267690885	
762 DAVENNY DRIVE	99712	-147.61543507022103	64.89329012649569	
754 OLD STEESE HIGHWAY NORTH	99712	-147.61964728635863	64.89256118757157	
780 OLD STEESE HIGHWAY NORTH	99712	-147.61537292485903	64.89404600710401	
786 OLD STEESE HIGHWAY NORTH	99712	-147.6148130539785	64.89459554722029	
790 OLD STEESE HIGHWAY NORTH	99712	-147.61373546937915	64.89481403354287	
793 OLD STEESE HIGHWAY NORTH	99712	-147.61316937933245	64.89505828216659	
765 OLD STEESE HIGHWAY NORTH	99712	-147.6201735430148	64.89443112654601	
779 OLD STEESE HIGHWAY NORTH	99712	-147.6174818096425	64.8949445291356	
307 ALVIN STREET	99712	-147.62067972708508	64.89468301933938	
310 ALVIN STREET	99712	-147.62123862645012	64.89540188414354	
751 OLD STEESE HIGHWAY NORTH	99712	-147.62192586999643	64.89320568468048	
852 CRAZY HORSE WAY	99712	-147.61214703219386	64.89727611944791	
858 CRAZY HORSE WAY	99712	-147.61126036514503	64.89773554163453	
737 OLD STEESE HIGHWAY NORTH	99712	-147.62894260940308	64.89280003796267	
551 RAVEN VIEW COURT	99712	-147.58267951329896	64.88380238017825	
559 EAGLE VIEW COURT	99712	-147.58271882518486	64.88421878188001	
569 EAGLE VIEW COURT	99712	-147.58281283107857	64.88471038049862	
651 CHENA HOT SPRINGS ROAD	99712	-147.58485184257603	64.88446220751231	
524 WIGWAM WAY	99712	-147.5973403428219	64.88456538515051	
538 WIGWAM WAY	99712	-147.59577104369217	64.88429076464709	
327 BIAS DRIVE EAST	99712	-147.5958256743113	64.87271058197778	
325 BIAS DRIVE EAST	99712	-147.59445903401286	64.8728239443145	
323 BIAS DRIVE EAST	99712	-147.59356207264796	64.87277124618848	
315 BIAS DRIVE EAST	99712	-147.59117243316052	64.87274964951624	
438 BIAS DRIVE	99712	-147.5995186673625	64.87840336822595	
440 BIAS DRIVE	99712	-147.59889257682966	64.87889028543135	
460 BIAS DRIVE	99712	-147.59797985849022	64.8800121775135	
552 WIGWAM WAY	99712	-147.59468566939663	64.88415447269269	
742 EASTVIEW DRIVE	99712	-147.58709212189308	64.89221934997853	
715 HOBBIT HILL DRIVE	99712	-147.58641950663812	64.89122602778292	
560 WIGWAM WAY	99712	-147.59425834789718	64.8833735885853	
570 WIGWAM WAY	99712	-147.59315885894392	64.88307992995604	
561 WIGWAM WAY	99712	-147.59497916887725	64.88290187753296	
567 WIGWAM WAY	99712	-147.59392628422052	64.88271175203106	
590 WIGWAM WAY	99712	-147.5891102622321	64.88262570366872	
655 HILLCREST DRIVE	99712	-147.60203972673574	64.88843523651495	
661 HILLCREST DRIVE	99712	-147.60174271748951	64.88901909956424	
704 BERENTSEN LANE	99712	-147.59873377919592	64.89080029612961	
500 RAYBURN DRIVE	99712	-147.59971411404297	64.88735437916529	
514 RAYBURN DRIVE	99712	-147.59832694692554	64.88685114737103	
515 RAYBURN DRIVE	99712	-147.59814351286423	64.88625913543027	
659 WELLER COURT	99712	-147.5987345972145	64.88835325094533	
644 WELLER COURT	99712	-147.5973720815166	64.88825278136484	
620 WELLER COURT	99712	-147.59539165913904	64.8872754916523	
601 RAYBURN DRIVE	99712	-147.5896547473303	64.88569383443107	
607 RAYBURN DRIVE	99712	-147.587527092823	64.8861350839264	
615 RAYBURN DRIVE	99712	-147.58707141408345	64.88685391714358	
635 ELEMENTARY DRIVE	99712	-147.59144605755048	64.88781834130192	
694 HILLCREST DRIVE	99712	-147.5946094359007	64.88974568677482	
706 HILLCREST DRIVE	99712	-147.59360696503197	64.89003556194484	
711 HILLCREST DRIVE	99712	-147.59539041180685	64.89089313824714	
619 L'AMOUR COURT	99712	-147.58422948550034	64.88695374187894	
631 EASTVIEW DRIVE	99712	-147.58489527560815	64.88749323829735	
735 HOBBIT HILL DRIVE	99712	-147.58316026095181	64.89220419872653	
710 HOBBIT HILL DRIVE	99712	-147.584534867769	64.89082522346389	
670 HOBBIT HILL DRIVE	99712	-147.5847918786015	64.88903476016641	
605 EASTVIEW DRIVE	99712	-147.58128681216684	64.88618952215897	
591 EASTVIEW DRIVE	99712	-147.5806117123774	64.88578367720375	
740 EASTVIEW DRIVE	99712	-147.58719817748297	64.89217992247825	
677 EASTVIEW DRIVE	99712	-147.59020510401393	64.88896482477901	
641 EASTVIEW DRIVE	99712	-147.58652224652909	64.88794312855656	
595 GOLDEN BIRCH ROAD	99712	-147.6001958529269	64.88601334923816	
619 HILLCREST DRIVE	99712	-147.60255883560987	64.88695184521733	
723 EASTVIEW DRIVE	99712	-147.59072513576646	64.89172763074542	
690 EASTVIEW DRIVE	99712	-147.58836149504103	64.89042662853852	
678 EASTVIEW DRIVE	99712	-147.5886772015638	64.88986475727303	
685 HOBBIT HILL DRIVE	99712	-147.58652418552006	64.8896377821388	
699 HOBBIT HILL DRIVE	99712	-147.58685219238598	64.89050128319292	
637 HILLCREST DRIVE	99712	-147.60319307110484	64.88760118796608	
713 BERENTSEN LANE	99712	-147.60146025384557	64.89099310134205	
730 BERENTSEN LANE	99712	-147.59994127799283	64.89206267453663	
540 RAYBURN DRIVE	99712	-147.59616812327172	64.886473137219	
555 RAYBURN DRIVE	99712	-147.59579051319562	64.88580070273018	
631 WELLER COURT	99712	-147.59787426764925	64.88717600257202	
645 WELLER COURT	99712	-147.59912541890154	64.88793895162567	
562 RAYBURN DRIVE	99712	-147.5939614110942	64.88624143389481	
580 RAYBURN DRIVE	99712	-147.59295528624503	64.88604257665796	
590 RAYBURN DRIVE	99712	-147.59155588482258	64.88630562673907	
604 RAYBURN DRIVE	99712	-147.59008152894953	64.88636484552336	
590 GOLDEN BIRCH ROAD	99712	-147.5975766158035	64.88584188892855	
664 HILLCREST DRIVE	99712	-147.59896854374827	64.88889144212347	
672 HILLCREST DRIVE	99712	-147.5974978911588	64.88918156135294	
676 HILLCREST DRIVE	99712	-147.59584915335762	64.88933832021551	
682 HILLCREST DRIVE	99712	-147.59374839799713	64.88914730661627	
729 HILLCREST DRIVE	99712	-147.59485202243357	64.8922552588148	
730 HILLCREST DRIVE	99712	-147.59337115247152	64.8920966310151	
710 HILLCREST DRIVE	99712	-147.593603344058	64.8908102034147	
585 L'AMOUR COURT	99712	-147.58393179514385	64.8858028276499	
685 EASTVIEW DRIVE	99712	-147.5915122146194	64.88947019073275	
695 EASTVIEW DRIVE	99712	-147.5912244785878	64.89012354791583	
597 HILLCREST DRIVE	99712	-147.6013181424887	64.8861107998756	
628 EASTVIEW DRIVE	99712	-147.58334437538701	64.8878390607056	
622 EASTVIEW DRIVE	99712	-147.58199224544626	64.88737724357493	
610 EASTVIEW DRIVE	99712	-147.58050446772836	64.88705881898396	
615 EASTVIEW DRIVE	99712	-147.582569878797	64.88642013041738	
651 ROHLOFF STREET	99712	-147.63172408549042	64.88839890052448	
522 BEACON ROAD	99712	-147.5982364829007	64.87191442378233	
665 RAINBOW DRIVE	99712	-147.6193805535844	64.88890649050728	
649 ROHLOFF STREET	99712	-147.6317810734708	64.88816650114398	
779 SUNCREST DRIVE	99712	-147.5982061022075	64.89719890720174	
768 SUNCREST DRIVE	99712	-147.59598109699002	64.89682209520444	
475 KELSEY PARK ROAD	99712	-147.6287743210934	64.88026468237311	
205 JASPER COURT	99712	-147.63166045860567	64.8796517527853	
355 PEREGRINE DRIVE	99712	-147.61667152600776	64.88366767120459	
253 FARMERS LOOP ROAD EXT	99712	-147.67713502299134	64.87040275891586	
457 OLD STEESE HIGHWAY NORTH	99712	-147.6592826834764	64.88057963566041	
255 WILDERNESS DRIVE	99712	-147.6353264713738	64.87382979466015	
841 OLD STEESE HIGHWAY NORTH	99712	-147.61131245411838	64.89711985514998	
524 RUTH ESTATES ROAD	99712	-147.59777225530232	64.89676812827246	
780 CHELSEA LANE	99712	-147.6011793623875	64.89401315749807	
777 OLD STEESE HIGHWAY NORTH	99712	-147.6173172130158	64.89447766626422	
636 EASTVIEW DRIVE	99712	-147.5842384277775	64.8883037786648	
198 CREST DRIVE	99712	-147.65461504469584	64.87294305486937	
490 KELSEY PARK ROAD	99712	-147.62499123143326	64.88084119477891	
602 OLD STEESE HIGHWAY NORTH	99712	-147.63015170576415	64.88506988942194	
680 BERENTSEN LANE	99712	-147.599553012919	64.890269182085	
511 BEACON ROAD	99712	-147.59930642939904	64.87096178885297	
654 HEMPEL STREET	99712	-147.6777715576737	64.88842834649532	
739 SUNCREST DRIVE	99712	-147.5889088319661	64.89621354417676	
660 HEMPEL STREET	99712	-147.6778855387761	64.8886875770431	
454 HILLSIDE DRIVE	99712	-147.6512085968336	64.87936638596153	
375 GOLF CLUB DRIVE	99712	-147.6148548015112	64.89621925481845	
380 GOLF CLUB DRIVE	99712	-147.61284403110966	64.89634947880855	
573 FABIAN DRIVE	99712	-147.58122155634368	64.89216193473966	
838 OLD STEESE HIGHWAY NORTH	99712	-147.61099660106944	64.89601885590369	
579 GOLDEN MORN STREET	99712	-147.58933161154042	64.89773662462702	
562 GOLDEN MORN STREET	99712	-147.5925861402793	64.89666561452032	
663 EASTVIEW DRIVE	99712	-147.58900007407811	64.88874784787733	
684 HOBBIT HILL DRIVE	99712	-147.58481643856229	64.8897903865424	
330 FARMERS LOOP ROAD	99712	-147.6690529829151	64.87988611942859	
200 EAST BIRCH HILL ROAD	99712	-147.6322475687545	64.87596432929307	
230 EAST BIRCH HILL ROAD	99712	-147.62947219646443	64.87693225177291	
271 EAST BIRCH HILL ROAD	99712	-147.62444486683316	64.87687420681256	
330 EAST BIRCH HILL ROAD	99712	-147.61801658395922	64.87837299365896	
312 EAST BIRCH HILL ROAD	99712	-147.62060645708203	64.87861526801652	
296 EAST BIRCH HILL ROAD	99712	-147.62335067142996	64.87932938025197	
288 EAST BIRCH HILL ROAD	99712	-147.62332531534494	64.87840697712959	
280 EAST BIRCH HILL ROAD	99712	-147.6243749907894	64.87900308712096	
251 EAST BIRCH HILL ROAD	99712	-147.62733144481314	64.87615944434802	
215 EAST BIRCH HILL ROAD	99712	-147.6300299476903	64.87537502959067	
185 EAST BIRCH HILL ROAD	99712	-147.63227147534036	64.87486850523551	
177 EAST BIRCH HILL ROAD	99712	-147.6358487921429	64.87458611600638	
145 EAST BIRCH HILL ROAD	99712	-147.6385508806081	64.87447628353186	
180 EAST BIRCH HILL ROAD	99712	-147.6354589602842	64.87545484851044	
188 EAST BIRCH HILL ROAD	99712	-147.63344968292145	64.87575860221982	
747 OLD STEESE HIGHWAY NORTH	99712	-147.62570902038863	64.89255522525852	
691 BERENTSEN LANE	99712	-147.60197174592645	64.89024704574165	
281 AGGRAVATION ALLEY	99712	-147.6234746094672	64.88611208391212	
631 BEACON ROAD	99712	-147.58671212336526	64.87138628745664	
390 OLD CHENA HOT SPRINGS ROAD	99712	-147.61290257484555	64.88569346015977	
260 AGGRAVATION ALLEY	99712	-147.62531910706352	64.8855984551738	
255 AGGRAVATION ALLEY	99712	-147.62407574369155	64.88551155821006	
589 MAD RUSSIAN STREET	99712	-147.62234076408672	64.8855898182828	
569 BEACON ROAD	99712	-147.593409698155	64.8708894818653	
555 BEACON ROAD	99712	-147.59454019689676	64.8708394770691	
545 BEACON ROAD	99712	-147.5960956969661	64.87107088834205	
507 BEACON ROAD	99712	-147.60008711333938	64.87114997477157	
504 BEACON ROAD	99712	-147.59997687378504	64.87198013769081	
580 BEACON ROAD	99712	-147.59149831624535	64.87179323295902	
600 BEACON ROAD	99712	-147.59027768704235	64.87185476138627	
630 BEACON ROAD	99712	-147.58759315639026	64.87219218743161	
278 BIAS DRIVE EAST	99712	-147.580625760987	64.87246236671959	
310 BIAS DRIVE EAST	99712	-147.58858262474803	64.8735404515224	
318 BIAS DRIVE EAST	99712	-147.5905026428754	64.87349715006584	
322 BIAS DRIVE EAST	99712	-147.59288999964016	64.8738292012496	
530 FABIAN DRIVE	99712	-147.58303324767206	64.89021317758484	
538 FABIAN DRIVE	99712	-147.58328886311676	64.89038944516257	
670 KASALEK ROAD	99712	-147.60767232477392	64.88940324794322	
455 DIVISION STREET	99712	-147.60560318511622	64.89032893687036	
349 CHENA HOT SPRINGS ROAD	99712	-147.61767206790802	64.88765802560069	
385 CHENA HOT SPRINGS ROAD	99712	-147.61338999052452	64.88643646742302	
627 MAD RUSSIAN STREET	99712	-147.62246954794765	64.88717080648357	
624 MAD RUSSIAN STREET	99712	-147.62114744268848	64.88707866555849	
338 OLD CHENA HOT SPRINGS ROAD	99712	-147.61757724529065	64.88700760482996	
354 OLD CHENA HOT SPRINGS ROAD	99712	-147.61650603404345	64.88680882086017	
362 OLD CHENA HOT SPRINGS ROAD	99712	-147.61509526580443	64.88633355104474	
601 DITCH STREET	99712	-147.61967291317438	64.88610510105136	
271 PEREGRINE DRIVE	99712	-147.6244816131635	64.88352019511792	
509 AUTUMN DRIVE	99712	-147.6233641759837	64.88206101598995	
520 AUTUMN DRIVE	99712	-147.62073789739426	64.88252638069729	
333 RAINBOW RIDGE ROAD	99712	-147.61782691977078	64.88145664784872	
325 RAINBOW RIDGE ROAD	99712	-147.6194736862781	64.88124549809952	
309 RAINBOW RIDGE ROAD	99712	-147.62156522391638	64.88133044587474	
675 RAINBOW DRIVE	99712	-147.61932464910873	64.88925545156198	
530 HAGAMAN ROAD	99712	-147.60842886409995	64.8829011671024	
550 HAGAMAN ROAD	99712	-147.60849686304618	64.88355993918924	
457 HAGAMAN ROAD	99712	-147.61508555903512	64.87892984715758	
455 HAGAMAN ROAD	99712	-147.61091428042002	64.87945789751024	
399 PEREGRINE DRIVE	99712	-147.61165204616012	64.88188369588629	
342 PEREGRINE DRIVE	99712	-147.61736522758824	64.88466463631818	
326 PEREGRINE DRIVE	99712	-147.6197876649364	64.88496400887732	
312 PEREGRINE DRIVE	99712	-147.62040959878954	64.88466899237204	
296 PEREGRINE DRIVE	99712	-147.6217634069635	64.8844770943367	
202 PEREGRINE DRIVE	99712	-147.63168088537995	64.88284403353812	
230 CONCORD AVENUE	99712	-147.63021295509054	64.88270835395738	
249 PEREGRINE DRIVE	99712	-147.62704969203324	64.88320959511333	
105 FORAN CIRCLE	99712	-147.64186353793585	64.87944763407127	
131 FORAN CIRCLE	99712	-147.6388832160922	64.87991495440068	
151 FORAN CIRCLE	99712	-147.63774824727724	64.88018676642442	
165 FORAN CIRCLE	99712	-147.63633080653082	64.88037532660464	
105 CONCORD AVENUE	99712	-147.64193251253857	64.88080977378955	
425 KELSEY PARK ROAD	99712	-147.63081893102748	64.8786523292094	
233 WILDERNESS DRIVE	99712	-147.6278190112828	64.87173954303888	
267 WILDERNESS DRIVE	99712	-147.63772028132365	64.8730351665757	
150 WILDERNESS DRIVE	99712	-147.6379936587723	64.87214872910478	
120 WILDERNESS DRIVE	99712	-147.64002673182281	64.87241260227896	
108 WILDERNESS DRIVE	99712	-147.6421966647667	64.8734002378817	
130 SHENANDOAH DRIVE	99712	-147.64155171789955	64.87681393017803	
360 ACADIA DRIVE	99712	-147.6372575075996	64.87533163439188	
138 SHENANDOAH DRIVE	99712	-147.6408472428604	64.87757012223453	
117 NILGRUB AVENUE	99712	-147.64063201424096	64.87818655190101	
112 NILGRUB AVENUE	99712	-147.641887586782	64.87867608291623	
124 NILGRUB AVENUE	99712	-147.63951942203286	64.87914288250877	
148 NILGRUB AVENUE	99712	-147.6380346939956	64.87928423500388	
127 CONCORD AVENUE	99712	-147.63969132881877	64.88130289625542	
220 SWAN LANE	99712	-147.63023643431274	64.88738363671119	
222 SWAN LANE	99712	-147.63000561711678	64.8873722772001	
608 OLD STEESE HIGHWAY NORTH	99712	-147.6302140735932	64.88613477452549	
616 OLD STEESE HIGHWAY NORTH	99712	-147.6285575798532	64.88673874266009	
622 OLD STEESE HIGHWAY NORTH	99712	-147.62783988226116	64.88710441828734	
245 CHENA HOT SPRINGS ROAD	99712	-147.62691587738203	64.88687536248896	
610 HAPPYJACK STREET	99712	-147.63415511822294	64.88631455689419	
633 ROHLOFF STREET	99712	-147.63194591995017	64.8875639998961	
643 ROHLOFF STREET	99712	-147.632656810335	64.88789605330942	
214 SWAN LANE	99712	-147.63092292049953	64.88738536148601	
216 SWAN LANE	99712	-147.63072497678584	64.88738479495773	
218 SWAN LANE	99712	-147.63046581291144	64.8873896567967	
677 HAPPYJACK STREET	99712	-147.63590596928466	64.88926799336745	
679 HAPPYJACK STREET	99712	-147.63593679867824	64.88949569350189	
682 OLD STEESE HIGHWAY NORTH	99712	-147.62643218788372	64.88992469228951	
676 OLD STEESE HIGHWAY NORTH	99712	-147.62709317545014	64.88939906063356	
265 DIVISION STREET	99712	-147.62494954017697	64.88987911502494	
710 WHITNEY DRIVE	99712	-147.62041740982738	64.89088706152363	
720 WHITNEY DRIVE	99712	-147.6189234657643	64.89147914696443	
732 OLD STEESE HIGHWAY NORTH	99712	-147.62168210984063	64.89133020410827	
724 OLD STEESE HIGHWAY NORTH	99712	-147.62348533852358	64.89170315118733	
713 BREWSTER STREET	99712	-147.6412776547113	64.89135266127357	
710 BREWSTER STREET	99712	-147.63749015339224	64.8912610935529	
695 HAPPYJACK STREET	99712	-147.6354599073053	64.88988951155558	
694 HAPPYJACK STREET	99712	-147.63313638034697	64.89021680400741	
704 HAPPYJACK STREET	99712	-147.63337777115711	64.89071762646871	
714 HAPPYJACK STREET	99712	-147.6333275257576	64.89124504042606	
728 HAPPYJACK STREET	99712	-147.6334561860726	64.89189029702005	
690 ROHLOFF STREET	99712	-147.63013026674253	64.88989246794041	
700 ROHLOFF STREET	99712	-147.63031475505954	64.89060794835875	
718 ROHLOFF STREET	99712	-147.63029209260313	64.891408102628	
730 ROHLOFF STREET	99712	-147.6307998255209	64.89185370864698	
550 BEACON ROAD	99712	-147.5953022776975	64.87177186452942	
568 BEACON ROAD	99712	-147.59308536051842	64.87179487831925	
288 BIAS DRIVE EAST	99712	-147.58257950787882	64.8723645316947	
294 BIAS DRIVE EAST	99712	-147.5850621815506	64.87247376320809	
306 BIAS DRIVE EAST	99712	-147.58344005515144	64.8730438477364	
283 BIAS DRIVE EAST	99712	-147.58179144523012	64.87111025983063	
291 BIAS DRIVE EAST	99712	-147.58351427505295	64.87098870959282	
580 HAGAMAN ROAD	99712	-147.60995248259636	64.88435093159836	
595 HAGAMAN ROAD	99712	-147.61261295588443	64.88458582298934	
400 PEREGRINE DRIVE	99712	-147.6117881649178	64.88289824799813	
420 PEREGRINE DRIVE	99712	-147.61053557364775	64.88396400791098	
639 BEACON ROAD	99712	-147.5850394815306	64.87151130946917	
527 BEACON ROAD	99712	-147.5980224569732	64.8712493217381	
530 BEACON ROAD	99712	-147.5974613979167	64.87192361561128	
540 BEACON ROAD	99712	-147.59628959141418	64.87182628346295	
486 FABIAN DRIVE	99712	-147.58165013621638	64.8883476436183	
500 FABIAN DRIVE	99712	-147.58330526116114	64.8890338611088	
554 FABIAN DRIVE	99712	-147.58281210089845	64.89151311427655	
379 DIVISION STREET	99712	-147.6141455662098	64.88947605269087	
710 RAINBOW DRIVE	99712	-147.61672085181166	64.89057958929152	
610 MAD RUSSIAN STREET	99712	-147.6211410237438	64.88641363729197	
615 DITCH STREET	99712	-147.61993277825025	64.88665492236795	
317 OLD CHENA HOT SPRINGS ROAD	99712	-147.62017430782413	64.88701456901637	
414 OLD CHENA HOT SPRINGS ROAD	99712	-147.61017890548138	64.88550968923558	
424 OLD CHENA HOT SPRINGS ROAD	99712	-147.60859476618168	64.88541724447752	
586 MAD RUSSIAN STREET	99712	-147.6202365507701	64.8853660068915	
291 AGGRAVATION ALLEY	99712	-147.62282979789506	64.88597596010054	
454 HAGAMAN ROAD	99712	-147.60870905435004	64.87933822197829	
470 HAGAMAN ROAD	99712	-147.6083339696012	64.88004969124613	
488 HAGAMAN ROAD	99712	-147.60843448610603	64.88105383089295	
510 HAGAMAN ROAD	99712	-147.60841637489202	64.88194077212728	
350 PEREGRINE DRIVE	99712	-147.6161495680264	64.8844331438996	
248 WILDERNESS DRIVE	99712	-147.63328022468468	64.87317660464787	
240 WILDERNESS DRIVE	99712	-147.63170119863187	64.8728189685428	
135 WILDERNESS DRIVE	99712	-147.63999542906777	64.87095566503383	
268 PEREGRINE DRIVE	99712	-147.62528388977202	64.88435313310217	
252 PEREGRINE DRIVE	99712	-147.6263630075339	64.88428754177798	
240 PEREGRINE DRIVE	99712	-147.62818069094678	64.88364228303305	
228 PEREGRINE DRIVE	99712	-147.63046172857864	64.88337107696698	
545 AUTUMN DRIVE	99712	-147.61985491784478	64.88382362435486	
550 AUTUMN DRIVE	99712	-147.61807334572399	64.88374870319649	
535 AUTUMN DRIVE	99712	-147.62284241974277	64.8831199240639	
531 GOLDEN LEAF DRIVE	99712	-147.61614238089442	64.88299690106882	
501 GOLDEN LEAF DRIVE	99712	-147.61570246511081	64.88195660798398	
289 RAINBOW RIDGE ROAD	99712	-147.62262281288992	64.88031157938843	
374 PEREGRINE DRIVE	99712	-147.6138988898889	64.88390664423306	
362 PEREGRINE DRIVE	99712	-147.6149104534073	64.88449063816275	
151 WILDERNESS DRIVE	99712	-147.63814330553552	64.8710242245396	
270 RAINBOW RIDGE ROAD	99712	-147.62538689500434	64.88189563878231	
125 KENNETH STREET	99712	-147.63981659457855	64.88397354293478	
139 KENNETH STREET	99712	-147.6386985085118	64.8837932424639	
161 KENNETH STREET	99712	-147.63678694682986	64.88407844390476	
619 BREWSTER STREET	99712	-147.63969447945433	64.88661775458067	
173 WILDERNESS DRIVE	99712	-147.63545273535723	64.87126434088356	
221 WILDERNESS DRIVE	99712	-147.6341349084365	64.87098902631226	
239 WILDERNESS DRIVE	99712	-147.6277697670474	64.8741441471832	
245 WILDERNESS DRIVE	99712	-147.6317859143718	64.87387289929316	
261 WILDERNESS DRIVE	99712	-147.63745544756446	64.87363630274598	
845 BIRCH HILL ROAD	99712	-147.64203725147763	64.87494149478124	
829 BIRCH HILL ROAD	99712	-147.64128473376914	64.8755120722191	
127 SHENANDOAH DRIVE	99712	-147.64100366764552	64.87606067098308	
149 SHENANDOAH DRIVE	99712	-147.63781868206064	64.87683135004606	
168 SHENANDOAH DRIVE	99712	-147.63672813562263	64.87763440739586	
400 ACADIA DRIVE	99712	-147.63503033098246	64.8767613396482	
141 NILGRUB AVENUE	99712	-147.63852043612462	64.8782439141553	
155 NILGRUB AVENUE	99712	-147.6367846130314	64.87848927428414	
166 NILGRUB AVENUE	99712	-147.63556913347574	64.8791656769007	
172 FORAN CIRCLE	99712	-147.63545105838764	64.8808110316354	
158 FORAN CIRCLE	99712	-147.63774448224564	64.88084067276716	
132 FORAN CIRCLE	99712	-147.63994584106598	64.88036233591993	
106 FORAN CIRCLE	99712	-147.64214140072082	64.88015131376439	
183 CONCORD AVENUE	99712	-147.63379399370655	64.8818808888427	
209 CONCORD AVENUE	99712	-147.63152443889217	64.88198695495325	
122 CONCORD AVENUE	99712	-147.64069027478283	64.88185896948863	
649 BREWSTER STREET	99712	-147.6391606895544	64.88809685607784	
718 OLD STEESE HIGHWAY NORTH	99712	-147.62479831670936	64.89111795954365	
732 DAVENNY DRIVE	99712	-147.61751366215745	64.89206450924411	
691 BREWSTER STREET	99712	-147.63930912937153	64.89002381236725	
585 OLD STEESE HIGHWAY NORTH	99712	-147.63709852880564	64.88613074222934	
588 OLD STEESE HIGHWAY NORTH	99712	-147.63651591954908	64.88532368298371	
600 OLD STEESE HIGHWAY NORTH	99712	-147.63193722741366	64.88550437795723	
596 OLD STEESE HIGHWAY NORTH	99712	-147.63347592214822	64.88423235078136	
269 CHENA HOT SPRINGS ROAD	99712	-147.62520487744507	64.8876799505217	
221 SWAN LANE	99712	-147.6303187457006	64.88689257152448	
205 SWAN LANE	99712	-147.63184089221303	64.8869678295178	
605 OLD STEESE HIGHWAY NORTH	99712	-147.6326522433008	64.88629843271212	
210 SWAN LANE	99712	-147.63135926984614	64.88738536488269	
212 SWAN LANE	99712	-147.63113839771057	64.88738983700897	
224 SWAN LANE	99712	-147.6296465622139	64.88732536493575	
633 OLD STEESE HIGHWAY NORTH	99712	-147.6292639036155	64.88756427524072	
646 ROHLOFF STREET	99712	-147.63100383398574	64.88798122853572	
645 OLD STEESE HIGHWAY NORTH	99712	-147.62888972343157	64.888025197493	
675 BREWSTER STREET	99712	-147.63948019076298	64.88916683612973	
678 BREWSTER STREET	99712	-147.6376412437614	64.88917917715972	
682 BREWSTER STREET	99712	-147.6367860375388	64.88940258729984	
675 HAPPYJACK STREET	99712	-147.6356359825635	64.88922293126674	
660 OLD STEESE HIGHWAY NORTH	99712	-147.62780588752094	64.8884197140808	
254 CHENA HOT SPRINGS ROAD	99712	-147.62705021221817	64.8883512330521	
695 WHITNEY DRIVE	99712	-147.62358507119737	64.88939442381316	
706 OLD STEESE HIGHWAY NORTH	99712	-147.6255373070642	64.89070101558613	
705 WHITNEY DRIVE	99712	-147.62178254757575	64.89035476399071	
711 BREWSTER STREET	99712	-147.64149473296735	64.89118096086803	
692 BREWSTER STREET	99712	-147.63730046427904	64.8900052099054	
725 HAPPYJACK STREET	99712	-147.63520932677292	64.89197517708604	
713 HAPPYJACK STREET	99712	-147.6346926731988	64.89119844038655	
699 HAPPYJACK STREET	99712	-147.6349804037002	64.89046310683109	
731 ROHLOFF STREET	99712	-147.63192505789308	64.89169977344953	
715 ROHLOFF STREET	99712	-147.63241917291944	64.89121030793555	
703 ROHLOFF STREET	99712	-147.63182926469247	64.89076710634644	
695 ROHLOFF STREET	99712	-147.6318459011366	64.89007503182629	
721 OLD STEESE HIGHWAY NORTH	99712	-147.62738158072727	64.89152055520563	
300 HOWLAND ROAD	99712	-147.67025393545603	64.89752401895302	
822 LOWELL ROAD	99712	-147.67614492849754	64.89564863629951	
386 KENDRICK COURT	99712	-147.67401671303222	64.89421404859642	
389 KENDRICK COURT	99712	-147.67392444887307	64.89311625375859	
407 KENDRICK COURT	99712	-147.67553991528158	64.89298875360674	
759 LOWELL ROAD	99712	-147.67741947350402	64.89301874644205	
743 LOWELL ROAD	99712	-147.67718679840397	64.89259856620869	
426 KEEP DRIVE	99712	-147.67762038765792	64.89421706572585	
440 KEEP DRIVE	99712	-147.6787467495875	64.89415651013843	
428 MARSHALL DRIVE	99712	-147.6774695797768	64.89549250430984	
425 PANORAMA DRIVE	99712	-147.67747715549257	64.89629030087713	
435 PANORAMA DRIVE	99712	-147.67851225073773	64.89630529949775	
425 MCKINLEY VIEW DRIVE	99712	-147.67761231996676	64.89756600253486	
435 MCKINLEY VIEW DRIVE	99712	-147.67848461396022	64.89750330626136	
251 CREST DRIVE	99712	-147.65941468772235	64.87351423688597	
305 HILLSIDE DRIVE	99712	-147.65902141173217	64.87263022615068	
293 HILLSIDE DRIVE	99712	-147.66019171443543	64.87224164606653	
275 TOPSIDE ROAD	99712	-147.6554520420152	64.87162023724684	
250 KNIFFEN ROAD	99712	-147.6667089802007	64.87012885210882	
272 FAIR PLACE	99712	-147.66135334703918	64.87009224733342	
260 FAIR PLACE	99712	-147.6604419574115	64.87038532656119	
273 TERRACE DRIVE	99712	-147.66505769716014	64.87114335210515	
269 TOPSIDE ROAD	99712	-147.65582327501795	64.87104028066683	
168 CREST DRIVE	99712	-147.65091366807408	64.87741674936909	
156 CREST DRIVE	99712	-147.65075382132596	64.87750944831431	
375 PARKLAND DRIVE	99712	-147.64787404876543	64.87618910851182	
377 PARKLAND DRIVE	99712	-147.6467063014134	64.87577895844395	
392 PARKLAND DRIVE	99712	-147.64450558487925	64.87647273635096	
380 SCENIC HILLS COURT	99712	-147.64430433760134	64.87599653120645	
270 TOPSIDE ROAD	99712	-147.65379510096068	64.87092790552859	
284 TOPSIDE ROAD	99712	-147.65314417265347	64.87161929988035	
252 CREST DRIVE	99712	-147.65889313250938	64.87416939583183	
278 CREST DRIVE	99712	-147.66119428217112	64.87468087810203	
431 BIRCH HILL ROAD	99712	-147.65929809498775	64.87877963494438	
348 TERRACE DRIVE	99712	-147.66007225907782	64.8744491741863	
360 TERRACE DRIVE	99712	-147.6591056565966	64.87487561809135	
400 TERRACE DRIVE	99712	-147.65633711924445	64.87686334926038	
408 TERRACE DRIVE	99712	-147.65509118854058	64.87743782530598	
424 TERRACE DRIVE	99712	-147.65443744101225	64.87823411917421	
478 TERRACE DRIVE	99712	-147.65326550644147	64.88049260018768	
365 TERRACE DRIVE	99712	-147.66021945603538	64.87530099997471	
387 TERRACE DRIVE	99712	-147.65860724155385	64.876451840633	
451 TERRACE DRIVE	99712	-147.65612727241384	64.87936967077742	
485 TERRACE DRIVE	99712	-147.6542604991195	64.88084600928855	
380 HILLSIDE DRIVE	99712	-147.65306263933928	64.87580490650981	
386 HILLSIDE DRIVE	99712	-147.6531710080842	64.87652571668099	
404 HILLSIDE DRIVE	99712	-147.65203932320543	64.87698621307327	
379 HILLSIDE DRIVE	99712	-147.65509147464252	64.87558499084696	
471 HILLSIDE DRIVE	99712	-147.6514971526494	64.88027039457829	
485 HILLSIDE DRIVE	99712	-147.64953112780424	64.88100723365717	
499 PARKLAND DRIVE	99712	-147.65053785896836	64.88101174708586	
178 CREST DRIVE	99712	-147.65110150751303	64.8758715119498	
174 CREST DRIVE	99712	-147.65058731430142	64.87668505480907	
594 OLD STEESE HIGHWAY NORTH	99712	-147.63405749781316	64.88538987959909	
251 NAPOLILLI LANE	99712	-147.65956179778811	64.89557160605627	
832 MCGRATH ROAD	99712	-147.66034860237883	64.89639830901734	
856 MCGRATH ROAD	99712	-147.66054801821423	64.89783125606296	
295 TOPSIDE ROAD	99712	-147.65451097392946	64.87227533793562	
595 JIM CLARK DRIVE	99712	-147.58954254889977	64.89293050628218	
750 MCGRATH ROAD	99712	-147.66446629245814	64.89308923740907	
800 MCGRATH ROAD	99712	-147.661676151882	64.89503456425624	
814 MCGRATH ROAD	99712	-147.66166510624754	64.89563642341011	
232 NAPOLILLI LANE	99712	-147.65562402518785	64.89586150515913	
732 DAVENNY DRIVE	99712	-147.6152747251987	64.89175218284608	
587 BEACON ROAD	99712	-147.5905837138079	64.87101432546203	
769 DONOHUE DRIVE	99712	-147.599354245141	64.89379399896364	
770 DONOHUE DRIVE	99712	-147.59727054025737	64.89366299579697	
789 DONOHUE DRIVE	99712	-147.59916663915988	64.89448149764578	
790 DONOHUE DRIVE	99712	-147.59764043557726	64.89465076445899	
720 BERENTSEN LANE	99712	-147.60040883466218	64.89158774984291	
785 DAVENNY DRIVE	99712	-147.61484357731575	64.89450754403435	
749 DONOHUE DRIVE	99712	-147.5996344735921	64.89296304006847	
752 DONOHUE DRIVE	99712	-147.59754723989772	64.89270770202835	
398 FARMERS LOOP ROAD	99712	-147.67294447681118	64.8841736552871	
722 WHITNEY DRIVE	99712	-147.62082588897607	64.8915034902576	
725 SUNCREST DRIVE	99712	-147.58649437483535	64.89684910529112	
576 GOLDEN MORN STREET	99712	-147.59124825738883	64.89765714591373	
726 SUNCREST DRIVE	99712	-147.58799016021663	64.89765526704187	
559 GOLDEN MORN STREET	99712	-147.59041755951918	64.89692217404024	
568 GOLDEN MORN STREET	99712	-147.5917286475074	64.89714534471426	
293 EAST BIRCH HILL ROAD	99712	-147.62288196962103	64.87641197385175	
337 BIAS DRIVE EAST	99712	-147.6053170139082	64.87100812583346	
318 EAST BIRCH HILL ROAD	99712	-147.61884039456066	64.88043225942573	
333 EAST BIRCH HILL ROAD	99712	-147.6189300440642	64.87757216366023	
301 EAST BIRCH HILL ROAD	99712	-147.62089832791966	64.87743559715673	
291 EAST BIRCH HILL ROAD	99712	-147.62269726007423	64.87759867321957	
109 EAST BIRCH HILL ROAD	99712	-147.64152529296973	64.87383976942077	
192 WEST DIVISION STREET	99712	-147.63354492379688	64.88927551708603	
220 WEST DIVISION STREET	99712	-147.63037476758467	64.88930542508223	
108 CONCORD AVENUE	99712	-147.64211594692858	64.8815234138956	
223 WEST DIVISION STREET	99712	-147.6292308419471	64.8886179694782	
153 WEST DIVISION STREET	99712	-147.63739776249258	64.88826058024816	
490 BIAS DRIVE	99712	-147.59904087389012	64.881214419438	
455 EAST BIRCH HILL ROAD	99712	-147.60622875181932	64.8769462057225	
283 FAIR PLACE	99712	-147.6623213095596	64.86956587970569	
470 KELSEY PARK ROAD	99712	-147.62522011394216	64.880127591363	
185 JASPER COURT	99712	-147.63340269098532	64.87930883866957	
215 JASPER COURT	99712	-147.63019280891376	64.8800530805173	
650 MCGRATH ROAD	99712	-147.67145506709645	64.8879805553203	
770 MCGRATH ROAD	99712	-147.66374104708893	64.89377547680462	
707 SUNCREST DRIVE	99712	-147.5847508739073	64.89673982468277	
734 SUNCREST DRIVE	99712	-147.58809952029645	64.89717807754168	
571 GOLDEN MORN STREET	99712	-147.58972674623155	64.89733403465414	
264 WILDERNESS DRIVE	99712	-147.63490662180254	64.87315555593304	
115 WILDERNESS DRIVE	99712	-147.64214758233996	64.8719453008476	
225 WILDERNESS DRIVE	99712	-147.63203508775683	64.87096806317184	
731 SUNCREST DRIVE	99712	-147.58760321900715	64.89644410114761	
406 BIRCH HILL ROAD	99712	-147.65901833028877	64.87735244079398	
410 BIRCH HILL ROAD	99712	-147.65936150303045	64.87776067710111	
485 KELSEY PARK ROAD	99712	-147.62712210464372	64.88136568778452	
240 JASPER COURT	99712	-147.62753511383315	64.88107728880503	
210 JASPER COURT	99712	-147.63200133493586	64.88065685053617	
855 CRAZY HORSE WAY	99712	-147.61322589365057	64.8976420323364	
760 OLD STEESE HIGHWAY NORTH	99712	-147.61735824341963	64.8933087225866	
845 CRAZY HORSE WAY	99712	-147.61423062953193	64.89708574235182	
370 GOLF CLUB DRIVE	99712	-147.61430937242676	64.89669383742309	
848 OLD STEESE HIGHWAY NORTH	99712	-147.61000821832104	64.89677027379864	
858 OLD STEESE HIGHWAY NORTH	99712	-147.60862894713293	64.89763816579972	
719 SUNCREST DRIVE	99712	-147.58646833841954	64.89627062521986	
757 SUNCREST DRIVE	99712	-147.59380232652472	64.89598170375513	
384 TERRACE DRIVE	99712	-147.6562858652259	64.876146956663	
344 SCENIC HILLS COURT	99712	-147.64379389346567	64.87452942049845	
341 SCENIC HILLS COURT	99712	-147.64522756943387	64.87442146506385	
365 SCENIC HILLS COURT	99712	-147.64542300423275	64.8750827289996	
185 CREST DRIVE	99712	-147.6519609810279	64.87434211734158	
193 CREST DRIVE	99712	-147.65197244973191	64.87348643912729	
101 WILDERNESS DRIVE	99712	-147.6460354441387	64.87019752643147	
438 TERRACE DRIVE	99712	-147.6543094304112	64.87874091702075	
446 TERRACE DRIVE	99712	-147.65453425525882	64.87918760536304	
458 TERRACE DRIVE	99712	-147.65446549119375	64.87972110941725	
470 TERRACE DRIVE	99712	-147.6540463814034	64.88006377388415	
445 TERRACE DRIVE	99712	-147.65626012770034	64.87905486322788	
342 HILLSIDE DRIVE	99712	-147.65558599453865	64.87415501984103	
354 HILLSIDE DRIVE	99712	-147.65533155762495	64.87455202667063	
368 HILLSIDE DRIVE	99712	-147.65408542894167	64.87509989800616	
412 HILLSIDE DRIVE	99712	-147.65180145516348	64.87760977385734	
762 SUNCREST DRIVE	99712	-147.5947499295198	64.89643519587355	
313 TERRACE DRIVE	99712	-147.66241365564156	64.87380470951926	
610 WELLER COURT	99712	-147.59467001526244	64.88680239879699	
123 WILDERNESS DRIVE	99712	-147.64142390584686	64.87163240205781	
129 WILDERNESS DRIVE	99712	-147.64137459090674	64.87095882302637	
319 FARMERS LOOP ROAD	99712	-147.67306380062877	64.87924615633001	
470 HILLSIDE DRIVE	99712	-147.65025921402318	64.87981747471576	
785 PANNICK AVENUE	99712	-147.62526112287784	64.89341128943606	
278 EAST BIRCH HILL ROAD	99712	-147.6248561140327	64.87829090773313	
604 MCLAREN COURT	99712	-147.59144336273903	64.89490500333113	
110 WILDERNESS DRIVE	99712	-147.64185289556005	64.87309984967341	
129 CREST DRIVE	99712	-147.6479079503684	64.87877076582198	
480 HILLSIDE DRIVE	99712	-147.64910065890126	64.88003596160826	
649 OLD STEESE HIGHWAY NORTH	99712	-147.62948905384386	64.88812239948447	
149 CONCORD AVENUE	99712	-147.6370295176063	64.88147338680665	
253 CONCORD AVENUE	99712	-147.62705004080354	64.88180418470697	
182 CONCORD AVENUE	99712	-147.63370165069395	64.88254612064867	
170 CONCORD AVENUE	99712	-147.63543295183936	64.88260962039993	
473 CORALEE LANE	99712	-147.60423973090653	64.88197949080337	
440 CORALEE LANE	99712	-147.6070679069965	64.88272653649344	
558 OLD STEESE HIGHWAY NORTH	99712	-147.64246379827614	64.8834905522942	
158 KENNETH STREET	99712	-147.635959860189	64.88458420478331	
150 KENNETH STREET	99712	-147.63826841257014	64.88470203098693	
136 KENNETH STREET	99712	-147.63937415851535	64.88465492329738	
591 BREWSTER STREET	99712	-147.64030119615842	64.88596610767424	
613 HAPPYJACK STREET	99712	-147.63523472931558	64.88646654143253	
593 OLD STEESE HIGHWAY NORTH	99712	-147.63586222497105	64.88595391724417	
434 PARKLAND DRIVE	99712	-147.64434127477298	64.87873973436301	
409 FARMERS LOOP ROAD	99712	-147.67850679319332	64.88475790131201	
403 FARMERS LOOP ROAD	99712	-147.6773717961328	64.8844744151821	
335 BIAS DRIVE EAST	99712	-147.6026154275554	64.87095054622989	
490 PARKLAND DRIVE	99712	-147.64669000612298	64.88135825853603	
442 PARKLAND DRIVE	99712	-147.6444945664264	64.87960949209597	
285 RAINBOW RIDGE ROAD	99712	-147.62322553350694	64.88123475661868	
101 WILDERNESS DRIVE	99712	-147.64514161747113	64.87287810106851	
286 FARMERS LOOP ROAD	99712	-147.67288031452208	64.87570334208849	
612 DITCH STREET	99712	-147.61869176234532	64.88663228856547	
310 OLD CHENA HOT SPRINGS ROAD	99712	-147.6199733198247	64.88783961895405	
322 OLD CHENA HOT SPRINGS ROAD	99712	-147.61930416410937	64.88776831988214	
305 SARAH STREET	99712	-147.6200467018386	64.89386347716717	
305 SARAH STREET	99712	-147.62021768085293	64.89382600671443	
277 BIAS DRIVE EAST	99712	-147.5800672341689	64.87079221440544	
318 HILLSIDE DRIVE	99712	-147.65564441542458	64.87323358859979	
379 LANNI AVENUE	99712	-147.6724067249931	64.89203529932887	
768 PANNICK AVENUE	99712	-147.62015159589947	64.89350393917594	
462 BIAS DRIVE	99712	-147.59901966136388	64.87993364991873	
421 PARKLAND DRIVE	99712	-147.64639341905	64.87838308504199	
430 GILBERT DRIVE	99712	-147.60997605867257	64.89287339321368	
795 DONOHUE DRIVE	99712	-147.59929569975907	64.89550434175621	
590 FABIAN DRIVE	99712	-147.58307333033923	64.89421159868851	
755 DAVENNY DRIVE	99712	-147.61729836876006	64.89332133059456	
777 DAVENNY DRIVE	99712	-147.6153759957967	64.894032267382	
799 DAVENNY DRIVE	99712	-147.6136626603309	64.89474073837314	
807 DAVENNY DRIVE	99712	-147.61246089059105	64.89500768728318	
815 DAVENNY DRIVE	99712	-147.61180589624783	64.89540204668612	
589 MCLAREN COURT	99712	-147.5934660089231	64.89439394318396	
383 CHENA HOT SPRINGS ROAD	99712	-147.61361454560694	64.88673767971841	
436 HILLSIDE DRIVE	99712	-147.65119386089378	64.87872814501463	
486 WYLIE LANE	99712	-147.64661319875077	64.88089943758499	
689 WHITNEY DRIVE	99712	-147.6241252676975	64.88892208731986	
726 DAVENNY DRIVE	99712	-147.61885920015283	64.89138456109035	
375 OLD CHENA HOT SPRINGS ROAD	99712	-147.61559810399746	64.88533474094777	
530 BIAS DRIVE	99712	-147.59964595312886	64.88329893485664	
378 KENDRICK COURT	99712	-147.6720547423942	64.89371334994793	
130 CREST DRIVE	99712	-147.65002836424028	64.87907791259083	
711 MCGRATH ROAD	99712	-147.67218633934868	64.89090393502548	
566 MCLAREN COURT	99712	-147.59495854877127	64.89447580605966	
285 TERRACE DRIVE	99712	-147.6646339558727	64.87189846631598	
710 LOWELL ROAD	99712	-147.6760497500153	64.89081764041497	
444 RUTH ESTATES ROAD	99712	-147.60723715466582	64.89625274257389	
431 HILLSIDE DRIVE	99712	-147.65313453139984	64.87866289530723	
552 GOLDEN MORN STREET	99712	-147.59378918857826	64.89645772057314	
248 EAST BIRCH HILL ROAD	99712	-147.62777056352593	64.87775839587661	
477 OLD STEESE HIGHWAY NORTH	99712	-147.65616662723707	64.88217203965215	
261 OLD STEESE HIGHWAY NORTH	99712	-147.67274665794855	64.87052537348639	
341 DIVISION STREET	99712	-147.62343527100543	64.89022758550595	
735 BERENTSEN LANE	99712	-147.60177587210015	64.89194897969772	
335 GOLF CLUB DRIVE	99712	-147.6189572091951	64.8957248321148	
359 OLD CHENA HOT SPRINGS ROAD	99712	-147.61701756640602	64.88544231946447	
305 TERRACE DRIVE	99712	-147.66307025625113	64.87336327455598	
434 FARMERS LOOP ROAD	99712	-147.6773083871679	64.88601256397426	
645 OLD STEESE HIGHWAY NORTH	99712	-147.62889099916964	64.88797248053523	
645 OLD STEESE HIGHWAY NORTH	99712	-147.6288923324477	64.88792071314118	
645 OLD STEESE HIGHWAY NORTH	99712	-147.62898034324067	64.88800853722216	
645 OLD STEESE HIGHWAY NORTH	99712	-147.62898582534544	64.88795150150614	
649 OLD STEESE HIGHWAY NORTH	99712	-147.62936501416425	64.88812233220013	
346 GOLF CLUB DRIVE	99712	-147.6158833854121	64.89739671426607	
245 CREST DRIVE	99712	-147.65816384793098	64.87315213458085	
540 OLD STEESE HIGHWAY NORTH	99712	-147.64725812318503	64.88324224320785	
399 FARMERS LOOP ROAD	99712	-147.6766778722223	64.88386699447337	
399 FARMERS LOOP ROAD	99712	-147.67683351762477	64.88396210156904	
399 FARMERS LOOP ROAD	99712	-147.67689756433825	64.8839499847722	
593 BREWSTER STREET	99712	-147.63946146043912	64.88575457556826	
591 BREWSTER STREET	99712	-147.64031147440414	64.88613454903167	
591 BREWSTER STREET	99712	-147.6408082819226	64.88621928644841	
591 BREWSTER STREET	99712	-147.63951282879185	64.88549761811939	
328 RAINBOW RIDGE ROAD	99712	-147.61920443083747	64.88215264625198	
300 BIAS DRIVE EAST	99712	-147.58748469226524	64.87291416390389	
699 WHITNEY DRIVE	99712	-147.6223535039415	64.88972596288401	
406 BIRCH HILL ROAD	99712	-147.65902091536955	64.8772811915321	
381 KENDRICK COURT	99712	-147.67159495569132	64.89303548276521	
595 RUTH ESTATES ROAD	99712	-147.5935675293704	64.89549470130811	
611 RUTH ESTATES ROAD	99712	-147.59200832170328	64.89570723091367	
790 EASTVIEW DRIVE	99712	-147.58960179749067	64.89440392531057	
326 BIAS DRIVE EAST	99712	-147.5938256799145	64.87343987915388	
535 BEACON ROAD	99712	-147.59708356328758	64.8714607142937	
800 MOOSEWOOD CIRCLE	99712	-147.55384708939795	64.89008904611367	
795 MOOSEWOOD CIRCLE	99712	-147.5529719196577	64.89105660689187	
687 NICHOLS LANE	99712	-147.49367065000237	64.88935199710436	
838 ESRO ROAD	99712	-147.48070146744703	64.8973468497572	
1361 GRASSY KNOLL LANE	99705	-147.4983272083201	64.845859359683	
699 WAYNE WILLIAMS LANE	99712	-147.52848038106305	64.89077499482927	
1273 SILVERBERRY DRIVE	99712	-147.51892251810034	64.89310575694172	
771 JUNIPER DRIVE	99712	-147.50959246920988	64.8938794780409	
813 JUNIPER DRIVE	99712	-147.5083935104693	64.89542365994802	
1341 SILVERBERRY DRIVE	99712	-147.51069567646016	64.89425538151438	
1332 SILVERBERRY DRIVE	99712	-147.51251483347014	64.89429944009105	
1314 STEELE CREEK ROAD	99712	-147.5140134957571	64.89504717332944	
1298 STEELE CREEK ROAD	99712	-147.51546235694957	64.89577761501383	
844 BALSAM DRIVE	99712	-147.51677540529357	64.8968933566108	
1259 SILVERBERRY DRIVE	99712	-147.52047059859592	64.89304606908067	
1241 SILVERBERRY DRIVE	99712	-147.52187175711995	64.89300787037483	
1276 SILVERBERRY DRIVE	99712	-147.51853249514662	64.8938622084166	
1303 STEELE CREEK ROAD	99712	-147.51604813596722	64.89473460293121	
1230 RASPBERRY DRIVE	99712	-147.52360680623494	64.8952370718527	
1233 RASPBERRY DRIVE	99712	-147.5239188075032	64.89468821617565	
1245 RASPBERRY DRIVE	99712	-147.5221300498534	64.89449306892497	
1259 RASPBERRY DRIVE	99712	-147.52011838931264	64.89458010208304	
1291 SILVERBERRY DRIVE	99712	-147.51652518627	64.89307802063283	
1290 SILVERBERRY DRIVE	99712	-147.51701086141097	64.89362447974074	
1304 SILVERBERRY DRIVE	99712	-147.5156455931788	64.89366120837182	
829 SPUDBERRY LANE	99712	-147.525569587955	64.8965420232005	
1170 NINA LANE	99712	-147.52686076740372	64.8944762842862	
821 BENNETT ROAD	99712	-147.56659428924456	64.89580355433473	
840 BENNETT ROAD	99712	-147.56557596258875	64.8971037519177	
820 BENNETT ROAD	99712	-147.56480138448342	64.89660597332595	
804 BENNETT ROAD	99712	-147.56447790269937	64.89545490470213	
790 BENNETT ROAD	99712	-147.56383905011882	64.89461964812975	
741 BENNETT ROAD	99712	-147.5655160510316	64.892876067482	
745 BENNETT ROAD	99712	-147.56844686051136	64.89292439936662	
769 BENNETT ROAD	99712	-147.5663816113246	64.89381187797058	
1274 RASPBERRY DRIVE	99712	-147.5186517559092	64.8954875615338	
643 LOVE ROAD	99712	-147.51050259523785	64.88788900197551	
580 URSA MAJOR DRIVE	99705	-147.49963401385878	64.84148305014182	
590 URSA MAJOR DRIVE	99705	-147.49837844685348	64.84144456935813	
743 CHENA HOT SPRINGS ROAD	99712	-147.57478126354226	64.88414698117083	
739 FABIAN DRIVE	99712	-147.57576337221806	64.89707779955779	
1366 STEELE CREEK ROAD	99712	-147.50883890627173	64.89297114142171	
1354 STEELE CREEK ROAD	99712	-147.51023634563649	64.89356444478364	
1361 SILVERBERRY DRIVE	99712	-147.5107838627959	64.89553281253991	
1364 SILVERBERRY DRIVE	99712	-147.51269952278898	64.895669944554	
1348 SILVERBERRY DRIVE	99712	-147.51146858278148	64.89469493047638	
1355 SILVERBERRY DRIVE	99712	-147.50987737973506	64.89482163274239	
850 BALSAM DRIVE	99712	-147.51667490379924	64.89737364477979	
847 BALSAM DRIVE	99712	-147.5184646321785	64.8976383791838	
841 BALSAM DRIVE	99712	-147.51887589231376	64.89674605626864	
825 BALSAM DRIVE	99712	-147.5189218816461	64.89616577390224	
1282 RASPBERRY DRIVE	99712	-147.5178183014457	64.89522311413822	
1275 STEELE CREEK ROAD	99712	-147.51940055844193	64.89551157928744	
1253 STEELE CREEK ROAD	99712	-147.52364144560573	64.89614415808016	
1250 STEELE CREEK ROAD	99712	-147.5204720640386	64.89731799954063	
1275 RASPBERRY DRIVE	99712	-147.51893074199964	64.8945243422883	
1285 RASPBERRY DRIVE	99712	-147.51735791142644	64.8944085029887	
1315 SILVERBERRY DRIVE	99712	-147.51384438189197	64.89292948873867	
1309 SILVERBERRY DRIVE	99712	-147.5155671658618	64.8930733784212	
1231 SILVERBERRY DRIVE	99712	-147.52389090629728	64.8931620627917	
1230 SILVERBERRY DRIVE	99712	-147.52319784044093	64.89354863019207	
1242 SILVERBERRY DRIVE	99712	-147.52154478676258	64.89382922652497	
1260 SILVERBERRY DRIVE	99712	-147.5203623391594	64.8938315860738	
1000 CHENA HOT SPRINGS ROAD	99712	-147.54212388339016	64.89300403360386	
860 BENNETT ROAD	99712	-147.5666544162609	64.89768626311553	
782 BENNETT ROAD	99712	-147.56376406731758	64.89428069419688	
770 BENNETT ROAD	99712	-147.56406636240567	64.89370281226259	
742 BENNETT ROAD	99712	-147.56330406830833	64.89277712749866	
785 FABIAN DRIVE	99712	-147.5696628632158	64.89712043365017	
779 FABIAN DRIVE	99712	-147.5714641440333	64.89695698067743	
759 FABIAN DRIVE	99712	-147.5741963459132	64.89691679871997	
865 BENNETT ROAD	99712	-147.57021336828447	64.89777247176423	
568 FALCON VIEW STREET	99712	-147.57848082470613	64.88468343909072	
558 FALCON VIEW STREET	99712	-147.5784572675035	64.88428236335554	
550 FALCON VIEW STREET	99712	-147.5784344735951	64.88389427516091	
542 FALCON VIEW STREET	99712	-147.57857284196763	64.8834813614938	
592 EASTVIEW DRIVE	99712	-147.5788781931395	64.88572610726986	
449 FABIAN DRIVE	99712	-147.57707605000692	64.88766655521259	
464 FABIAN DRIVE	99712	-147.57897238581955	64.8867380924728	
1410 CHENA HOT SPRINGS ROAD	99712	-147.504920289525	64.89389256976021	
1470 CHENA HOT SPRINGS ROAD	99712	-147.49906904054114	64.89313922160049	
841 ESRO ROAD	99712	-147.48290867704353	64.89748631432643	
833 ESRO ROAD	99712	-147.4833749623534	64.89643136480335	
817 ESRO ROAD	99712	-147.48268925020724	64.89559548785306	
1470 WESTMORELAND AVENUE	99712	-147.49817159201038	64.88952696986216	
648 NICHOLS LANE	99712	-147.49045023737273	64.88822537690797	
611 NICHOLS LANE	99712	-147.4939268304069	64.8865378842666	
627 NICHOLS LANE	99712	-147.4938475467093	64.88744036591027	
1511 WESTMORELAND AVENUE	99712	-147.49367285893166	64.8881125472999	
654 WAGNER LANE	99712	-147.4957167062545	64.88830424268201	
609 WAGNER LANE	99712	-147.49760135102065	64.88627843323395	
635 WAGNER LANE	99712	-147.4980198948267	64.88757584631026	
651 WAGNER LANE	99712	-147.49821381266747	64.88840162345043	
1457 WESTMORELAND AVENUE	99712	-147.49947640648412	64.88846765750463	
1429 WESTMORELAND AVENUE	99712	-147.50229111941823	64.88831013653812	
692 LOVE ROAD	99712	-147.50621043742393	64.89017694106069	
684 LOVE ROAD	99712	-147.50674645327555	64.88986859326278	
678 LOVE ROAD	99712	-147.5066119130859	64.88941229975329	
672 LOVE ROAD	99712	-147.5064696992304	64.88911793722629	
618 LOVE ROAD	99712	-147.5047530892395	64.886671817917	
624 LOVE ROAD	99712	-147.50485094934922	64.88752378877238	
1411 WESTMORELAND AVENUE	99712	-147.50476658814054	64.88807162720961	
1410 WESTMORELAND AVENUE	99712	-147.50354008213088	64.88961972713375	
680 NICHOLS LANE	99712	-147.49126300574878	64.88928601520614	
685 NICHOLS LANE	99712	-147.49411565190087	64.88929178802803	
827 ESRO ROAD	99712	-147.48873094209094	64.89653186636109	
1390 CHENA HOT SPRINGS ROAD	99712	-147.5061806905377	64.89301048013655	
760 JUNIPER DRIVE	99712	-147.50631736266007	64.89298010214598	
762 JUNIPER DRIVE	99712	-147.5060446355672	64.89299934091379	
1526 CHENA HOT SPRINGS ROAD	99712	-147.49201302123674	64.89305693621642	
831 ESRO ROAD	99712	-147.48557909063587	64.89630222955778	
829 ESRO ROAD	99712	-147.48632860747452	64.89655825686	
560 URSA MAJOR DRIVE	99705	-147.50228229504538	64.84129774914418	
885 CENTAURUS DRIVE	99705	-147.49645236834488	64.84135735524916	
865 CENTAURUS DRIVE	99705	-147.49703853396562	64.8422032699051	
850 CENTAURUS DRIVE	99705	-147.49387631976188	64.84238474938807	
870 CENTAURUS DRIVE	99705	-147.49266331614245	64.84185476168926	
652 WAYNE WILLIAMS LANE	99712	-147.51243501050104	64.88715661718234	
680 WAYNE WILLIAMS LANE	99712	-147.52148923932097	64.88950898258244	
690 WAYNE WILLIAMS LANE	99712	-147.52187641384	64.89010742938831	
1335 SILVERBERRY DRIVE	99712	-147.51148435991342	64.89401063896871	
501 WAYNE WILLIAMS LANE	99712	-147.532124442948	64.88523231042748	
621 WAYNE WILLIAMS LANE	99712	-147.5328174665106	64.88620205647838	
1259 YODER DRIVE	99712	-147.51984833871225	64.89096190679105	
1290 STEELE CREEK ROAD	99712	-147.51646220669107	64.89583458050295	
797 JUNIPER DRIVE	99712	-147.50827266751625	64.89467614521982	
655 FOREST HOLLOW DRIVE	99712	-147.5554241978399	64.89021433313688	
675 FOREST HOLLOW DRIVE	99712	-147.55616475625288	64.89057519530172	
715 FOREST HOLLOW DRIVE	99712	-147.55759730379245	64.89204864442881	
720 FOREST HOLLOW DRIVE	99712	-147.5561905484095	64.89218708023245	
740 MOOSEWOOD CIRCLE	99712	-147.55426438626228	64.89215845879303	
735 MOOSEWOOD CIRCLE	99712	-147.55512970782252	64.8916013454014	
740 BIRCH KNOLL ROAD	99712	-147.56056647618811	64.89732227091618	
710 BIRCH KNOLL ROAD	99712	-147.5593308268831	64.89587231512505	
1484 WESTMORELAND AVENUE	99712	-147.49636402742442	64.88964020803976	
700 GOLD MEADOW DRIVE	99712	-147.52994990317808	64.89189781793418	
780 MOOSEWOOD CIRCLE	99712	-147.55098863048926	64.89109193361578	
790 MOOSEWOOD CIRCLE	99712	-147.55221288549023	64.89048482858105	
725 BIRCH KNOLL ROAD	99712	-147.56287055483574	64.89637337042053	
735 BIRCH KNOLL ROAD	99712	-147.56326508386957	64.89699205228142	
705 BIRCH KNOLL ROAD	99712	-147.56230216551583	64.89525713247839	
715 BIRCH KNOLL ROAD	99712	-147.56273074008752	64.89587909581759	
1437 WESTMORELAND AVENUE	99712	-147.5004655462362	64.8867695029493	
630 LOVE ROAD	99712	-147.50640719174044	64.88773741845202	
610 LOVE ROAD	99712	-147.50663666278336	64.88664259839825	
600 LOVE ROAD	99712	-147.50606322141044	64.88593075371196	
725 NICHOLS LANE	99712	-147.49377543648095	64.89152243339252	
714 NICHOLS LANE	99712	-147.4912831467594	64.8913985254156	
716 NICHOLS LANE	99712	-147.49154411227633	64.89103413629881	
732 LOVE ROAD	99712	-147.50648042043346	64.891955437008	
724 LOVE ROAD	99712	-147.50677423379673	64.89126658390546	
704 LOVE ROAD	99712	-147.50656074095747	64.89089718222553	
690 NICHOLS LANE	99712	-147.49146722488382	64.88989782014607	
626 NICHOLS LANE	99712	-147.49135136525643	64.88750027641541	
594 NICHOLS LANE	99712	-147.4918007591486	64.88522085009876	
596 NICHOLS LANE	99712	-147.4915494239709	64.88572791738362	
626 WAGNER LANE	99712	-147.49542453461157	64.8875687024772	
610 WAGNER LANE	99712	-147.4953785277474	64.88658905215085	
590 WAGNER LANE	99712	-147.4955353213128	64.88559147934575	
589 WAGNER LANE	99712	-147.49791263403017	64.88564362106489	
1451 WESTMORELAND AVENUE	99712	-147.50020837663862	64.88756757653034	
1433 WESTMORELAND AVENUE	99712	-147.5023062006676	64.88666548054887	
1431 WESTMORELAND AVENUE	99712	-147.5020696779826	64.88769190213124	
1039 CHENA HOT SPRINGS ROAD	99712	-147.54484916146086	64.8905322876043	
951 CHENA HOT SPRINGS ROAD	99712	-147.55297788033116	64.88823118890672	
921 CHENA HOT SPRINGS ROAD	99712	-147.55614213178976	64.88869445630388	
910 CHENA HOT SPRINGS ROAD	99712	-147.55687528118534	64.88971649943721	
720 BENNETT ROAD	99712	-147.56249193735496	64.8920821463935	
1308 POLAR DRIVE	99712	-147.51183848753246	64.89163526760325	
1312 POLAR DRIVE	99712	-147.51283955012184	64.89159008959132	
1314 POLAR DRIVE	99712	-147.5145287835167	64.89149270640796	
1316 POLAR DRIVE	99712	-147.5144905857755	64.89055978117969	
1326 POLAR DRIVE	99712	-147.51057904783923	64.88910569162121	
1328 POLAR DRIVE	99712	-147.50972224039396	64.8892473297485	
1331 POLAR DRIVE	99712	-147.5085168119289	64.88994883158753	
1327 POLAR DRIVE	99712	-147.50947000174043	64.89018306332561	
1325 POLAR DRIVE	99712	-147.51099121620757	64.88993798324218	
1305 POLAR DRIVE	99712	-147.51073074806453	64.89091982213982	
1303 POLAR DRIVE	99712	-147.50977771836472	64.89099354669902	
1301 POLAR DRIVE	99712	-147.50862632179343	64.89079398036787	
626 TEKOA TRAIL	99712	-147.51939035712576	64.88825156459892	
590 WAYNE WILLIAMS LANE	99712	-147.52344260017514	64.88665073315055	
648 WAYNE WILLIAMS LANE	99712	-147.52325466083786	64.88847757188006	
650 WAYNE WILLIAMS LANE	99712	-147.52344340465777	64.88838863039818	
1247 LUKAS LANE	99712	-147.52070513363222	64.89022723690361	
1229 YODER DRIVE	99712	-147.52329346972763	64.89092604815363	
1290 YODER DRIVE	99712	-147.51633171910763	64.8915237223416	
1306 POLAR DRIVE	99712	-147.51070213288324	64.8915880221607	
1318 POLAR DRIVE	99712	-147.5148206085652	64.8901492736325	
1320 POLAR DRIVE	99712	-147.51425059863365	64.88933795643379	
1324 POLAR DRIVE	99712	-147.51168470842487	64.88915378087876	
1302 POLAR DRIVE	99712	-147.5096465731391	64.89156967034326	
1323 POLAR DRIVE	99712	-147.51202951597315	64.88994940506655	
1321 POLAR DRIVE	99712	-147.51354939201937	64.89009958134885	
1313 POLAR DRIVE	99712	-147.51326790975915	64.89078244456871	
1309 POLAR DRIVE	99712	-147.51173073109936	64.89085326894782	
653 LOVE ROAD	99712	-147.5088614691013	64.88844563452145	
631 LOVE ROAD	99712	-147.50857944481882	64.88766724834701	
668 TEKOA TRAIL	99712	-147.5173051893288	64.88849113031897	
658 TEKOA TRAIL	99712	-147.5196492883132	64.8882349575497	
660 TEKOA TRAIL	99712	-147.51887389871112	64.88846917241962	
684 TEKOA TRAIL	99712	-147.51928766854127	64.8894791823444	
1287 LUKAS LANE	99712	-147.51910151591568	64.89035881647268	
1270 YODER DRIVE	99712	-147.51845561252864	64.89173181645356	
1254 YODER DRIVE	99712	-147.52122511755832	64.89166257170326	
730 WAYNE WILLIAMS LANE	99712	-147.52309892709118	64.89172611190908	
891 CHENA HOT SPRINGS ROAD	99712	-147.55918103705534	64.88819147045857	
889 CHENA HOT SPRINGS ROAD	99712	-147.5589280454837	64.88731882277334	
887 CHENA HOT SPRINGS ROAD	99712	-147.55891213475877	64.88597250693086	
844 BAGGINS ROAD	99712	-147.56431577143357	64.89071905479864	
269 BIAS DRIVE EAST	99712	-147.57538487387353	64.87127512472019	
466 FABIAN DRIVE	99712	-147.5790765340669	64.88678861424435	
1301 GRASSY KNOLL LANE	99705	-147.50459942748606	64.84563619688365	
524 OLD CANORO ROAD	99705	-147.49754234245316	64.84270590916732	
571 OLD CANORO ROAD	99705	-147.50465379580982	64.84299149780261	
575 OLD CANORO ROAD	99705	-147.50519293912134	64.84256200267458	
579 OLD CANORO ROAD	99705	-147.50568571298288	64.84221068652654	
578 OLD CANORO ROAD	99705	-147.5029118098387	64.8419554200059	
579 PLEASURE DRIVE	99705	-147.47975090668578	64.84232206052387	
581 PLEASURE DRIVE	99705	-147.48041653414532	64.84214340974744	
587 PLEASURE DRIVE	99705	-147.4810847543861	64.8417577376994	
607 SONJA STREET	99705	-147.5452514080353	64.84140536004982	
530 OLD CANORO ROAD	99705	-147.49951435559407	64.84302912657476	
550 OLD CANORO ROAD	99705	-147.50108979804406	64.84328663288645	
561 OLD CANORO ROAD	99705	-147.50298876850692	64.84367626941979	
568 OLD CANORO ROAD	99705	-147.50241468155386	64.84285780842535	
595 PLEASURE DRIVE	99705	-147.48199756269187	64.84139387127937	
619 PLEASURE DRIVE	99705	-147.4880798150518	64.84116516803256	
585 ORION DRIVE	99705	-147.50625505305445	64.84124182104411	
580 ORION DRIVE	99705	-147.50429086956385	64.84156284628867	
755 MOOSEWOOD CIRCLE	99712	-147.55316300228654	64.89141824127951	
525 OLD CANORO ROAD	99705	-147.4991392901278	64.84376255268933	
551 OLD CANORO ROAD	99705	-147.50219070896182	64.84423899458535	
570 OLD CANORO ROAD	99705	-147.49820743338546	64.84229627257828	
700 WAYNE WILLIAMS LANE	99712	-147.52090354497807	64.8902261910046	
1321 STEELE CREEK ROAD	99712	-147.51476429330486	64.89440378264132	
1512 CHENA HOT SPRINGS ROAD	99712	-147.4931017850877	64.89358183094677	
1494 CHENA HOT SPRINGS ROAD	99712	-147.49564178704873	64.89276059518	
699 FRODO ROAD	99712	-147.56578174951517	64.89051656091044	
775 BIRCH KNOLL ROAD	99712	-147.56471151951817	64.8977492182599	
685 FOREST HOLLOW DRIVE	99712	-147.55741542518734	64.89061229841091	
695 FOREST HOLLOW DRIVE	99712	-147.55790619279057	64.89099751552497	
814 BENNETT ROAD	99712	-147.5646246911804	64.89608471661825	
581 ORION DRIVE	99705	-147.50630858268602	64.84164643428112	
1473 TRUE NORTH ROAD	99705	-147.49649586713824	64.84731830496361	
670 WAYNE WILLIAMS LANE	99712	-147.5235013134456	64.88942370813754	
601 WAYNE WILLIAMS LANE	99712	-147.52695202289547	64.88828044411666	
849 BALSAM DRIVE	99712	-147.51881131123773	64.89763957329521	
672 TEKOA TRAIL	99712	-147.5160840249203	64.88898506568188	
1505 TRUE NORTH ROAD	99705	-147.48740392080066	64.84289249116176	
1435 GRASSY KNOLL LANE	99705	-147.50249753947213	64.84627484205531	
700 FOREST HOLLOW DRIVE	99712	-147.55614038014448	64.89153852147824	
1306 STEELE CREEK ROAD	99712	-147.51500577883883	64.89543767570427	
1665 TRUE NORTH ROAD	99705	-147.48189269434974	64.84272888829027	
1228 RASPBERRY DRIVE	99712	-147.52537986867299	64.89545429349677	
679 FRODO ROAD	99712	-147.56535404333948	64.88965617486082	
788 FABIAN DRIVE	99712	-147.5690348202812	64.89743862410624	
810 BENNETT ROAD	99712	-147.56507035492842	64.89598931121898	
799 MOOSEWOOD CIRCLE	99712	-147.5540267050372	64.8907328923563	
809 ESRO ROAD	99712	-147.48245320956204	64.89475129750844	
801 ESRO ROAD	99712	-147.4829187085029	64.89388006684919	
730 BIRCH KNOLL ROAD	99712	-147.55998524443186	64.8967231483164	
596 LOVE ROAD	99712	-147.5015707464396	64.88484291815828	
1801 RIVER ROAD	99703	-147.57815993008546	64.84439030963146	
1810 RIVER ROAD	99703	-147.5781020713183	64.84413475989153	
1809 RIVER ROAD	99703	-147.57779437938035	64.84412440945938	
1815 RIVER ROAD	99703	-147.5770795357398	64.84407349439833	
1816 RIVER ROAD	99703	-147.5770365423617	64.84423614465705	
1943 BIRCH HILL LOOP	99703	-147.5606229613793	64.86073396449694	
1909 AMMO ROAD	99703	-147.55449959207004	64.85943147723287	
1929 AMMO ROAD	99703	-147.55716043274663	64.86079739388181	
1930 AMMO ROAD	99703	-147.5578564778331	64.86139374017354	
1928 AMMO ROAD	99703	-147.5546603447163	64.86129067174275	
1927 AMMO ROAD	99703	-147.55531499317414	64.86186114255199	
1931 AMMO ROAD	99703	-147.5584854633336	64.86195344284816	
1932 AMMO ROAD	99703	-147.55922297037557	64.86257783793313	
1926 AMMO ROAD	99703	-147.55684230541232	64.86317703889237	
1925 AMMO ROAD	99703	-147.55749704634093	64.86374749885096	
1933 AMMO ROAD	99703	-147.55984108651717	64.86310285423151	
1934 AMMO ROAD	99703	-147.56049083241564	64.86367549022087	
1935 AMMO ROAD	99703	-147.5611300855192	64.86423297251284	
1936 AMMO ROAD	99703	-147.56177961594548	64.86479258296686	
1923 AMMO ROAD	99703	-147.55912883129272	64.86516931736267	
1924 AMMO ROAD	99703	-147.55814621886537	64.86429410661194	
1907 AMMO ROAD	99703	-147.55798954753527	64.86412108368536	
1937 AMMO ROAD	99703	-147.56244980890784	64.86536296496809	
1922 AMMO ROAD	99703	-147.55978357839757	64.86573542789866	
1921 AMMO ROAD	99703	-147.56046373424425	64.86629492936909	
1920 AMMO ROAD	99703	-147.56111137500633	64.8668552374312	
1919 AMMO ROAD	99703	-147.55909259457536	64.86777938635926	
1918 AMMO ROAD	99703	-147.55843765512705	64.8672207333969	
1917 AMMO ROAD	99703	-147.5577967862351	64.86666002737827	
1916 AMMO ROAD	99703	-147.55715112552173	64.86609334576765	
1915 AMMO ROAD	99703	-147.55640066861724	64.86545316952444	
1914 AMMO ROAD	99703	-147.55564996074227	64.8647990142918	
1913 AMMO ROAD	99703	-147.55480419645139	64.86408730057215	
1912 AMMO ROAD	99703	-147.55415878334637	64.86352659597466	
1911 AMMO ROAD	99703	-147.55346093556886	64.8629261467224	
689 NICHOLS LANE	99712	-147.49327867101255	64.88996335560462	
1568 CHENA HOT SPRINGS ROAD	99712	-147.48756168948574	64.89340058100407	
757 FOREST HOLLOW DRIVE	99712	-147.55745199898976	64.89406710764214	
765 FOREST HOLLOW DRIVE	99712	-147.55715767600094	64.89453310417159	
771 FOREST HOLLOW DRIVE	99712	-147.55592766554977	64.89464388629018	
775 FOREST HOLLOW DRIVE	99712	-147.55536521685536	64.89458151121869	
781 FOREST HOLLOW DRIVE	99712	-147.55484277100774	64.89448607498178	
598 WAYNE WILLIAMS LANE	99712	-147.52368419196057	64.8873993391548	
744 BENNETT ROAD	99712	-147.56212551366662	64.89288208022458	
717 FABIAN DRIVE	99712	-147.5781858449378	64.89740527238352	
1407 WESTMORELAND AVENUE	99712	-147.50636873395226	64.88864652835136	
265 BRIGHTON DRIVE	99712	-147.63046722721748	64.9046387930816	
275 BRIGHTON DRIVE	99712	-147.63064888679327	64.90398571728733	
1416 CHARLENE COURT	99712	-147.6377741183189	64.9228681401402	
1470 SPRINGWATER DRIVE	99712	-147.63154579009836	64.92571109213553	
190 RHUBARB DRIVE	99712	-147.63355280387825	64.92352038265406	
215 RHUBARB DRIVE	99712	-147.63086676981953	64.92323882482943	
200 CORKYS COURT	99712	-147.63245134248876	64.92291619784933	
214 CORKYS COURT	99712	-147.63097751769538	64.9221145436664	
257 KISMET COURT	99712	-147.65954359283432	64.90170018147597	
1030 MCGRATH ROAD	99712	-147.65840672199062	64.90317445483355	
125 MARTEN DRIVE	99712	-147.64403766451875	64.90291365479776	
218 MARTEN DRIVE	99712	-147.65411861789084	64.90503917385436	
131 FROG POND CIRCLE	99712	-147.64584128723595	64.90783702525633	
136 FROG POND CIRCLE	99712	-147.64585430920354	64.90858178156203	
142 FROG POND CIRCLE	99712	-147.6475418811459	64.90889956590227	
158 FROG POND CIRCLE	99712	-147.64892787303145	64.9088292747409	
172 FROG POND CIRCLE	99712	-147.6509254304094	64.90837966644743	
115 SNOWY OWL LANE	99712	-147.64431781907732	64.90968094613584	
135 SNOWY OWL LANE	99712	-147.64656874723698	64.91029727828452	
145 SNOWY OWL LANE	99712	-147.64878631317774	64.91025382782139	
173 SNOWY OWL LANE	99712	-147.65026649723316	64.91020550147532	
150 SNOWY OWL LANE	99712	-147.6479146260162	64.91107278819938	
126 SNOWY OWL LANE	99712	-147.64528738906364	64.91114036668885	
1213 GULL ROAD	99712	-147.67055127200422	64.91353483041516	
436 EAGLE RIDGE ROAD	99712	-147.67329983864502	64.91418370368172	
448 EAGLE RIDGE ROAD	99712	-147.67301106760152	64.91495017395118	
488 EAGLE RIDGE ROAD	99712	-147.67295688355745	64.91627932714071	
1259 ARCTIC TERN DRIVE	99712	-147.66655285775704	64.9156766891168	
1287 ARCTIC TERN DRIVE	99712	-147.6669273661372	64.91703408442399	
1363 GULL ROAD	99712	-147.6717109072314	64.9200907731895	
1341 GULL ROAD	99712	-147.67134005854726	64.9193770057868	
1331 GULL ROAD	99712	-147.6712903229747	64.91899663181485	
325 EAGLE RIDGE ROAD	99712	-147.6677058823293	64.91088580164192	
425 EAGLE RIDGE ROAD	99712	-147.67578365145374	64.91361739554694	
234 EAGLE RIDGE ROAD	99712	-147.65650318495275	64.91360553796376	
250 EAGLE RIDGE ROAD	99712	-147.65825276294737	64.91370553052397	
260 EAGLE RIDGE ROAD	99712	-147.66054895659875	64.9133110362825	
1150 GULL ROAD	99712	-147.66846882063945	64.91298153960574	
1210 GULL ROAD	99712	-147.66854903634916	64.91339415984721	
1240 GULL ROAD	99712	-147.6688153141083	64.91506674214624	
1273 GULL ROAD	99712	-147.67048086243042	64.91644203849518	
1251 GULL ROAD	99712	-147.6705386830309	64.9156237265585	
1231 GULL ROAD	99712	-147.67126136955375	64.91430603989969	
209 FALCON DRIVE	99712	-147.65374008582856	64.91063962321098	
174 EAGLE RIDGE ROAD	99712	-147.6510954108911	64.91360621634544	
194 EAGLE RIDGE ROAD	99712	-147.6528159348667	64.91384115567331	
210 EAGLE RIDGE ROAD	99712	-147.65472903597075	64.91391288300814	
170 FALCON DRIVE	99712	-147.64981968848252	64.91224097349436	
1097 WILLOW GROUSE ROAD	99712	-147.65520193887093	64.90867364538481	
1103 WILLOW GROUSE ROAD	99712	-147.65325534368287	64.90894953606266	
1100 WILLOW GROUSE ROAD	99712	-147.65432212071534	64.90798112275634	
299 EAGLE RIDGE ROAD	99712	-147.66389940858505	64.91132922528061	
311 EAGLE RIDGE ROAD	99712	-147.66586402903104	64.91110128980935	
353 SKYRIDGE DRIVE	99712	-147.67032265131462	64.92092468112314	
415 SKYRIDGE DRIVE	99712	-147.6761392377938	64.91782381716136	
1370 WHISTLING SWAN DRIVE	99712	-147.66134761019376	64.92089474337584	
1360 WHISTLING SWAN DRIVE	99712	-147.66112936442656	64.92026397814021	
1372 ARCTIC TERN DRIVE	99712	-147.6650866493413	64.92086158275937	
1360 ARCTIC TERN DRIVE	99712	-147.6651099357675	64.92022086651943	
1340 ARCTIC TERN DRIVE	99712	-147.66549677830224	64.9188827033428	
1332 ARCTIC TERN DRIVE	99712	-147.66470999930968	64.91854784797219	
1345 ARCTIC TERN DRIVE	99712	-147.66745845673807	64.91979079978553	
1357 ARCTIC TERN DRIVE	99712	-147.66696026664658	64.92041589960765	
1321 GULL ROAD	99712	-147.67111176937306	64.91857552931188	
1340 GULL ROAD	99712	-147.6697350680165	64.91950415981691	
1352 GULL ROAD	99712	-147.66978332554407	64.92001866110037	
1360 GULL ROAD	99712	-147.66995640423127	64.92041576265615	
1369 ARCTIC TERN DRIVE	99712	-147.6680197328952	64.92090493442734	
1250 SKYLINE DRIVE	99712	-147.677347895967	64.91741720297088	
1165 LINDA LOU LANE	99712	-147.67839247393604	64.91130490155659	
1163 LINDA LOU LANE	99712	-147.67849626106283	64.91139912882339	
150 CURRANT COURT	99712	-147.64839602291556	64.91501650312576	
448 SNOWY OWL LANE	99712	-147.6739341829626	64.9034566064568	
384 SNOWY OWL LANE	99712	-147.67040656213803	64.90591740287904	
362 SNOWY OWL LANE	99712	-147.66963656222123	64.90654316050578	
1280 BLACKBERRY DRIVE	99712	-147.64459263086394	64.91719439643492	
1270 BLACKBERRY DRIVE	99712	-147.64530178893733	64.9166983010322	
1285 BLACKBERRY DRIVE	99712	-147.64533151000361	64.91785729894495	
1295 BLACKBERRY DRIVE	99712	-147.64456228607946	64.91861461774114	
176 FALCON DRIVE	99712	-147.6521665917553	64.91189188779305	
270 HAWK ROAD	99712	-147.66181900673556	64.91113236368741	
280 HAWK ROAD	99712	-147.66316548167578	64.91064670745253	
288 HAWK ROAD	99712	-147.6637321029893	64.91007833679863	
300 HAWK ROAD	99712	-147.66469214879655	64.9098649829585	
311 HAWK ROAD	99712	-147.66539379353696	64.90914109294285	
299 HAWK ROAD	99712	-147.66411141792125	64.90918116699724	
275 HAWK ROAD	99712	-147.66184044052406	64.90991289638276	
234 SNOWY OWL LANE	99712	-147.65681813511233	64.90966844729842	
276 SNOWY OWL LANE	99712	-147.66165908122798	64.90895544413145	
340 SNOWY OWL LANE	99712	-147.66801744098782	64.9076732730675	
325 SNOWY OWL LANE	99712	-147.66549129920847	64.90751114497893	
301 SNOWY OWL LANE	99712	-147.66323504917517	64.9077676461327	
369 SNOWY OWL LANE	99712	-147.66841314291204	64.90592404812803	
381 SNOWY OWL LANE	99712	-147.6692937935446	64.9055931607035	
393 SNOWY OWL LANE	99712	-147.66983292983087	64.90515527195166	
469 SNOWY OWL LANE	99712	-147.67407163126822	64.90203413166259	
500 SNOWY OWL LANE	99712	-147.67755944085386	64.90215044530385	
280 CRYSTAL ROAD	99712	-147.66244648133977	64.9027126424825	
460 SNOWY OWL LANE	99712	-147.6748188441367	64.9028606849536	
472 SNOWY OWL LANE	99712	-147.67562031296185	64.90257505725498	
484 SNOWY OWL LANE	99712	-147.6764121200036	64.90226339642395	
310 RAMBLING ROAD	99712	-147.66508354789622	64.900163188781	
391 RAMBLING ROAD	99712	-147.6745308057814	64.89932303121813	
992 WILLOW GROUSE ROAD	99712	-147.66211502216134	64.90339987440093	
1062 WILLOW GROUSE ROAD	99712	-147.65638842805083	64.9068622811876	
1076 WILLOW GROUSE ROAD	99712	-147.65574760427367	64.90747200975287	
1077 WILLOW GROUSE ROAD	99712	-147.657531745884	64.90781241052075	
1069 WILLOW GROUSE ROAD	99712	-147.65880316938618	64.9074097569223	
989 WILLOW GROUSE ROAD	99712	-147.6638171013335	64.90372155377483	
975 WILLOW GROUSE ROAD	99712	-147.6642238689608	64.90305755887695	
927 MCGRATH ROAD	99712	-147.66355144354327	64.9007075318802	
935 MCGRATH ROAD	99712	-147.6634388070378	64.90126515293069	
285 CRYSTAL ROAD	99712	-147.66308033112074	64.90201874400825	
327 CRYSTAL ROAD	99712	-147.6669755879643	64.90108635001093	
339 CRYSTAL ROAD	99712	-147.66815491396548	64.9011033797995	
349 CRYSTAL ROAD	99712	-147.66937254842733	64.90096709382706	
361 CRYSTAL ROAD	99712	-147.6708726874221	64.90083093508626	
980 VAIL VIEW DRIVE	99712	-147.6671061011989	64.90318820137048	
1000 VAIL VIEW DRIVE	99712	-147.6671114691719	64.90383628956096	
1018 VAIL VIEW DRIVE	99712	-147.6659370292454	64.90435532033165	
1026 VAIL VIEW DRIVE	99712	-147.66543634381628	64.90487112188322	
1047 VAIL VIEW DRIVE	99712	-147.66417731652172	64.90672658730766	
1033 VAIL VIEW DRIVE	99712	-147.66695667329242	64.90538947443416	
1025 VAIL VIEW DRIVE	99712	-147.66776249169726	64.90490193029797	
969 VAIL VIEW DRIVE	99712	-147.66982987285826	64.90272990027486	
957 VAIL VIEW DRIVE	99712	-147.6698657159905	64.9022568510911	
302 RAMBLING ROAD	99712	-147.66403999529112	64.90019578458025	
375 RAMBLING ROAD	99712	-147.67244535188678	64.89937970468709	
372 RAMBLING ROAD	99712	-147.67214802798367	64.90025952223317	
460 RAMBLING ROAD	99712	-147.67328317507761	64.9000214277961	
407 RAMBLING ROAD	99712	-147.67537106839097	64.89927103429237	
286 HOWLAND ROAD	99712	-147.6637310039212	64.89812185785145	
374 HOWLAND ROAD	99712	-147.67199422173186	64.89845306623965	
434 MCKINLEY VIEW DRIVE	99712	-147.67855379661387	64.89805779145804	
424 MCKINLEY VIEW DRIVE	99712	-147.67757996226635	64.89810857479759	
1475 SPRINGWATER DRIVE	99712	-147.63386977663845	64.924660507191	
1441 JUSTIN DRIVE	99712	-147.65942306369965	64.923949233194	
1382 ARCTIC TERN DRIVE	99712	-147.6650498491663	64.92143181923174	
1385 ARCTIC TERN DRIVE	99712	-147.66599497821343	64.92173182571739	
212 RHUBARB DRIVE	99712	-147.63126132533466	64.92443091992693	
211 CORKYS COURT	99712	-147.633446114566	64.92144756056112	
201 CORKYS COURT	99712	-147.63362564968648	64.92215545085678	
1501 BLACKBERRY DRIVE	99712	-147.63433669318297	64.92608370418938	
1377 MCGRATH ROAD	99712	-147.63564929032253	64.90741950257929	
1356 MCGRATH ROAD	99712	-147.63521708881368	64.90658566831885	
167 SUNNY HILLS DRIVE	99712	-147.63552043226107	64.91138828162217	
195 SUNNY HILLS DRIVE	99712	-147.63323844378831	64.9114102149798	
203 SUNNY HILLS DRIVE	99712	-147.6314865976203	64.91140150415993	
176 SUNNY HILLS DRIVE	99712	-147.63430097067592	64.91242421281846	
200 SUNNY HILLS DRIVE	99712	-147.63161183758064	64.91219106177113	
212 SUNNY HILLS DRIVE	99712	-147.63030096637	64.9120488063535	
230 SUNNY HILLS DRIVE	99712	-147.62907955850866	64.91224186158085	
190 MOUNTAIN VIEW DRIVE	99712	-147.63365735222123	64.91341392645097	
111 KRISTIN DRIVE	99712	-147.64240904509782	64.90615328348757	
129 KRISTIN DRIVE	99712	-147.64025412427287	64.90494190275471	
141 KRISTIN DRIVE	99712	-147.63955036048154	64.90425487352367	
120 SUNRISE DRIVE	99712	-147.6406884100188	64.90875747181126	
144 SUNRISE DRIVE	99712	-147.6386202810302	64.90834204740003	
182 SUNRISE DRIVE	99712	-147.6342132385109	64.90819304667481	
159 VIEW AVENUE	99712	-147.63673110465058	64.90867676665874	
165 VIEW AVENUE	99712	-147.63644276501688	64.90900889872933	
171 VIEW AVENUE	99712	-147.63626737198027	64.9089918358056	
134 VIEW AVENUE	99712	-147.6411303595043	64.91000905651778	
201 SACIA AVENUE	99712	-147.63160081383123	64.90996712091324	
168 MOUNTAIN VIEW DRIVE	99712	-147.635846148976	64.91337074151046	
106 MOUNTAIN VIEW DRIVE	99712	-147.6420230895412	64.9136630208903	
100 MOUNTAIN VIEW DRIVE	99712	-147.64424295309652	64.9136019885946	
1290 LITTLE FOX TRAIL	99712	-147.63200025429006	64.91727854261842	
1261 CEDAR CREEK WAY	99712	-147.62947773624822	64.91596211774126	
221 BEAR DEN RUN	99712	-147.62962866835147	64.91670727109175	
218 BEAR DEN RUN	99712	-147.6304423579658	64.9173061131528	
175 BLUE FOX RUN	99712	-147.63536011002742	64.91423899297101	
161 BLUE FOX RUN	99712	-147.63613680870088	64.91454249067942	
149 BLUE FOX RUN	99712	-147.63847867157202	64.9141038443053	
1259 VIXON WAY	99712	-147.63708723761394	64.91596193957427	
1237 LITTLE FOX TRAIL	99712	-147.63231001173804	64.91496080285285	
1287 LITTLE FOX TRAIL	99712	-147.6338410060129	64.91695759565637	
1295 LITTLE FOX TRAIL	99712	-147.63389275451954	64.91740880268092	
1310 LITTLE FOX TRAIL	99712	-147.6318659168526	64.91778594623472	
1351 LITTLE FOX TRAIL	99712	-147.63359953343044	64.92007981432421	
1323 LITTLE FOX TRAIL	99712	-147.63347958225722	64.91822519906682	
109 WATERLOO LANE	99712	-147.64248203408374	64.91717451561799	
109 RHUBARB DRIVE	99712	-147.64021939852967	64.91786399700737	
161 WATERLOO LANE	99712	-147.63674997765995	64.91843394722413	
1325 BLACKBERRY DRIVE	99712	-147.64232966481723	64.91886144125112	
175 RHUBARB DRIVE	99712	-147.63527756402468	64.92108681645493	
431 SUNDEW LANE	99712	-147.677507375239	64.9001132764111	
430 SUNDEW LANE	99712	-147.6778408318301	64.90070343368069	
998 LOWER COURT	99712	-147.67442272218074	64.90394502115616	
1006 LOWER COURT	99712	-147.67353788073706	64.9044776818696	
1018 LOWER COURT	99712	-147.67340556466468	64.90494331461176	
1033 LOWER COURT	99712	-147.67408563610226	64.90578657679663	
995 LOWER COURT	99712	-147.6754049144303	64.90446982704488	
981 LOWER COURT	99712	-147.67642930985315	64.90412787319104	
1016 UPPER COURT	99712	-147.67613507048185	64.90492345111667	
369 TAURUS ROAD	99712	-147.67154597891968	64.90790426575961	
356 TAURUS ROAD	99712	-147.6692171025745	64.90926063018348	
411 TAURUS ROAD	99712	-147.6755837039063	64.90759750415924	
1445 KIRK CIRCLE	99712	-147.653111791772	64.92468517119137	
1449 JUSTIN DRIVE	99712	-147.65901981880947	64.92444591557495	
260 SKYRIDGE DRIVE	99712	-147.66281690251148	64.92488022736494	
301 SKYRIDGE DRIVE	99712	-147.66408310838506	64.92325981342422	
267 SKYRIDGE DRIVE	99712	-147.66087406481262	64.9246860862024	
1384 WHISTLING SWAN DRIVE	99712	-147.66093500062576	64.92154638555667	
1411 WHISTLING SWAN DRIVE	99712	-147.66311899989483	64.92248504545077	
1404 ARCTIC TERN DRIVE	99712	-147.66475827312087	64.92225763108063	
1394 ARCTIC TERN DRIVE	99712	-147.66483009407685	64.921910035139	
1508 WHISTLING SWAN DRIVE	99712	-147.67035076715493	64.92446162090282	
1524 WHISTLING SWAN DRIVE	99712	-147.67216085776616	64.92427863375093	
1530 WHISTLING SWAN DRIVE	99712	-147.67291869985925	64.92432235687335	
1539 WHISTLING SWAN DRIVE	99712	-147.6733874928622	64.92353774438998	
1527 WHISTLING SWAN DRIVE	99712	-147.6724195803783	64.92365711100105	
358 HAWK-EYE DOWNS DRIVE	99712	-147.67048536454615	64.92295107907326	
380 HAWK-EYE DOWNS DRIVE	99712	-147.6723897018359	64.92302590954765	
390 HAWK-EYE DOWNS DRIVE	99712	-147.67335316429498	64.92280251019875	
377 HAWK-EYE DOWNS DRIVE	99712	-147.67199308866196	64.922573700733	
365 HAWK-EYE DOWNS DRIVE	99712	-147.67130895203445	64.92232315827903	
353 HAWK-EYE DOWNS DRIVE	99712	-147.66994552875366	64.92227330303062	
368 BLACKHAWK DRIVE	99712	-147.67091951824335	64.92162208729997	
1430 JUSTIN DRIVE	99712	-147.65818682503698	64.92343106487999	
1261 MCGRATH ROAD	99712	-147.64317913430344	64.90779865784353	
156 SACIA AVENUE	99712	-147.63704761697073	64.91130738145073	
176 SUNRISE DRIVE	99712	-147.63416471991275	64.90826944182771	
315 TIPPERARY COURT	99712	-147.6297998181554	64.9018856849192	
1140 LINDA LOU LANE	99712	-147.67569788991366	64.91079791253779	
265 EAST RAMBLING ROAD	99712	-147.66032090119313	64.89929470467924	
249 EAST RAMBLING ROAD	99712	-147.65846596252587	64.89933625944848	
231 EAST RAMBLING ROAD	99712	-147.65708694787122	64.89934552550952	
270 EAST RAMBLING ROAD	99712	-147.66021196673174	64.90032060635356	
180 EAST RAMBLING ROAD	99712	-147.65219778723852	64.90027541732834	
317 CRYSTAL ROAD	99712	-147.6656561149762	64.90110547686733	
1448 QUAKENBUSH ROAD	99712	-147.6556939530921	64.9246715889196	
1442 KIRK CIRCLE	99712	-147.65373841405554	64.92429146776782	
1428 KIRK CIRCLE	99712	-147.65406036990058	64.92353590050648	
889 BABE COURT	99712	-147.67553328087783	64.90046740818639	
1288 MCGRATH ROAD	99712	-147.64324870855341	64.90701407848262	
191 EAGLE RIDGE ROAD	99712	-147.65280609495855	64.9128122470875	
1131 GULL ROAD	99712	-147.66968364913816	64.91163572437367	
1484 WHISTLING SWAN DRIVE	99712	-147.66822825082653	64.92434190218272	
1542 WHISTLING SWAN DRIVE	99712	-147.67393073771078	64.92439546990363	
399 HAWK-EYE DOWNS DRIVE	99712	-147.6747175273392	64.92185564020723	
1564 WHISTLING SWAN DRIVE	99712	-147.67676817065623	64.92373413467101	
1495 WHISTLING SWAN DRIVE	99712	-147.66924230246693	64.92367816850336	
880 BABE COURT	99712	-147.6747997226934	64.89982496165734	
898 BABE COURT	99712	-147.67374792192498	64.9004180160725	
125 CURRANT COURT	99712	-147.64527699512058	64.91489233504514	
285 HAWK ROAD	99712	-147.66266601289024	64.90960328545994	
461 SNOWY OWL LANE	99712	-147.6735616467225	64.90233175472636	
992 SKYLINE DRIVE	99712	-147.67735081477724	64.90339129578658	
1481 BLACKBERRY DRIVE	99712	-147.63715488718765	64.92515117666493	
159 SUNNY HILLS DRIVE	99712	-147.6371905501755	64.91134500918133	
217 SUNNY HILLS DRIVE	99712	-147.62988027864662	64.91111605415814	
122 SUNNY HILLS DRIVE	99712	-147.64096737344823	64.91255260989101	
143 MOUNTAIN VIEW DRIVE	99712	-147.63823942316742	64.91266740391373	
1329 MCGRATH ROAD	99712	-147.6389285945675	64.90740303812807	
1305 MCGRATH ROAD	99712	-147.64210700216387	64.90726690481158	
1298 MCGRATH ROAD	99712	-147.64299869978475	64.90662204198995	
161 KRISTIN DRIVE	99712	-147.63540872821005	64.905065408195	
144 KRISTIN DRIVE	99712	-147.63767488920706	64.90538806401938	
1302 MCGRATH ROAD	99712	-147.63950113878022	64.90603870050326	
203 VIEW AVENUE	99712	-147.6304917692357	64.9087443586341	
157 VIEW AVENUE	99712	-147.63683990746637	64.90864254232298	
183 VIEW AVENUE	99712	-147.63434770231098	64.90880337282097	
191 VIEW AVENUE	99712	-147.63300755349022	64.90876134243143	
154 VIEW AVENUE	99712	-147.63693802955663	64.90965014178376	
178 VIEW AVENUE	99712	-147.63436517961458	64.90969700836126	
179 SACIA AVENUE	99712	-147.6341654727105	64.91005325048626	
216 SACIA AVENUE	99712	-147.63057592601186	64.91074599731117	
204 SACIA AVENUE	99712	-147.6320608459477	64.9107739101054	
194 SACIA AVENUE	99712	-147.6331952142777	64.91066870985637	
105 EAGLE RIDGE ROAD	99712	-147.64225274230512	64.91141098463527	
100 EAGLE RIDGE ROAD	99712	-147.64019218426546	64.91129557334924	
227 BLUE FOX RUN	99712	-147.6294365302636	64.91446740078162	
207 BLUE FOX RUN	99712	-147.63140103084592	64.91426853459889	
195 BLUE FOX RUN	99712	-147.63300901309404	64.91445923480762	
140 BLUE FOX RUN	99712	-147.63874603173252	64.91559923252991	
230 MOUNTAIN VIEW DRIVE	99712	-147.62903469021748	64.91347986039567	
156 MOUNTAIN VIEW DRIVE	99712	-147.63709199728066	64.91334354203444	
144 MOUNTAIN VIEW DRIVE	99712	-147.63832125907862	64.91332298192614	
132 MOUNTAIN VIEW DRIVE	99712	-147.64001564010763	64.91335412831322	
118 MOUNTAIN VIEW DRIVE	99712	-147.641754325542	64.91362065150126	
1249 CEDAR CREEK WAY	99712	-147.63001005305057	64.91559592813266	
1244 LITTLE FOX TRAIL	99712	-147.6315448956952	64.91555634915261	
1258 LITTLE FOX TRAIL	99712	-147.63214000431057	64.9157484906093	
211 BEAR DEN RUN	99712	-147.63095427578074	64.91640083080053	
202 BEAR DEN RUN	99712	-147.63171510760554	64.91683062073733	
1245 VIXON WAY	99712	-147.63690479522822	64.91530176095009	
1250 VIXON WAY	99712	-147.6355266260606	64.91540800067271	
1251 LITTLE FOX TRAIL	99712	-147.6331973221298	64.91530202768845	
1259 LITTLE FOX TRAIL	99712	-147.63396534682647	64.91574242176272	
1279 LITTLE FOX TRAIL	99712	-147.63447143217368	64.91665958290956	
1320 LITTLE FOX TRAIL	99712	-147.63205710830985	64.91869854712566	
215 KITFOX COURT	99712	-147.6304267333922	64.91830778055143	
220 KITFOX COURT	99712	-147.63048765988987	64.91888174231379	
1361 LITTLE FOX TRAIL	99712	-147.62929827387254	64.92096782762849	
1359 LITTLE FOX TRAIL	99712	-147.63206433209623	64.92092024489227	
1356 LITTLE FOX TRAIL	99712	-147.63081437713166	64.92004427518152	
171 WATERLOO LANE	99712	-147.63567871827576	64.91706866086707	
159 WATERLOO LANE	99712	-147.63700576630313	64.91676511592622	
141 WATERLOO LANE	99712	-147.63953100161424	64.91682874866443	
121 WATERLOO LANE	99712	-147.64112976309352	64.91695676599365	
169 WATERLOO LANE	99712	-147.63557475407595	64.91818927474776	
155 RHUBARB DRIVE	99712	-147.63670941995136	64.91894683892866	
165 RHUBARB DRIVE	99712	-147.6357264399721	64.92005568197145	
160 RHUBARB DRIVE	99712	-147.6379168804727	64.91999712362296	
148 RHUBARB DRIVE	99712	-147.63789391589546	64.91891552916033	
1374 BLACKBERRY DRIVE	99712	-147.6379876911536	64.92087847845536	
1403 BLACKBERRY DRIVE	99712	-147.64163035512385	64.92083177805222	
198 VIEW AVENUE	99712	-147.63133268970083	64.90935768233412	
387 HAWK-EYE DOWNS DRIVE	99712	-147.67346673375008	64.92224260606127	
386 BLACKHAWK DRIVE	99712	-147.6732744132941	64.9213565901889	
1415 QUAKENBUSH ROAD	99712	-147.65594958544227	64.92283142088186	
1427 QUAKENBUSH ROAD	99712	-147.65615070729623	64.92324969383515	
1387 JUSTIN DRIVE	99712	-147.65964300729934	64.92137320112026	
1384 JUSTIN DRIVE	99712	-147.65708039474563	64.92177909245045	
300 SKYRIDGE DRIVE	99712	-147.66501113326652	64.92398103351461	
324 SKYRIDGE DRIVE	99712	-147.66696218441908	64.92324166653376	
328 SKYRIDGE DRIVE	99712	-147.66818118582418	64.92288270146857	
1420 WHISTLING SWAN DRIVE	99712	-147.66175502277508	64.92352990306557	
1418 WHISTLING SWAN DRIVE	99712	-147.6611098799126	64.92312976563821	
1396 WHISTLING SWAN DRIVE	99712	-147.660910986456	64.92205264024794	
1441 WHISTLING SWAN DRIVE	99712	-147.6634190564224	64.92363511118094	
271 SKYRIDGE DRIVE	99712	-147.6615612398854	64.92427163465229	
1450 WHISTLING SWAN DRIVE	99712	-147.6637498518066	64.92447714069768	
1464 WHISTLING SWAN DRIVE	99712	-147.6654470133703	64.92449994895658	
1487 WHISTLING SWAN DRIVE	99712	-147.66788332488963	64.92370621528102	
346 HAWK-EYE DOWNS DRIVE	99712	-147.66918428750097	64.92282902379661	
404 HAWK-EYE DOWNS DRIVE	99712	-147.67495851041116	64.92262027749166	
414 HAWK-EYE DOWNS DRIVE	99712	-147.67593186566353	64.92219089753506	
1335 WHISTLING SWAN DRIVE	99712	-147.6635401567451	64.91850761428401	
1180 LINDA LOU LANE	99712	-147.6763162504992	64.91185694554845	
1400 BLACKBERRY DRIVE	99712	-147.6380664174619	64.92239038056744	
1244 SKYLINE DRIVE	99712	-147.67512862186922	64.91518637606255	
1470 BLACKBERRY DRIVE	99712	-147.63649499214108	64.92441710751763	
214 VIEW AVENUE	99712	-147.63025142917525	64.90958655010985	
288 RAMBLING ROAD	99712	-147.66610675691598	64.89905282196361	
1020 WILLOW GROUSE ROAD	99712	-147.66022133542822	64.90484789988338	
126 EAGLE RIDGE ROAD	99712	-147.64367319631089	64.91269260743643	
268 KISMET COURT	99712	-147.66080617916907	64.90154870888847	
319 CRYSTAL ROAD	99712	-147.66577031821447	64.90111583622547	
200 BRIGHTON DRIVE	99712	-147.63138175584575	64.90781994611	
168 SUNNY HILLS DRIVE	99712	-147.6359163027071	64.91220874670327	
155 KARLA DRIVE	99712	-147.63691830056123	64.90351766703213	
261 SKYRIDGE DRIVE	99712	-147.66012856917584	64.92519111553176	
1403 WHISTLING SWAN DRIVE	99712	-147.66326906714218	64.92198694806291	
1195 BLACKBERRY DRIVE	99712	-147.6524458983224	64.91445203816465	
445 SNOWY OWL LANE	99712	-147.67255642974865	64.90298943191343	
453 SNOWY OWL LANE	99712	-147.67302630190656	64.90265415438996	
215 BRIGHTON DRIVE	99712	-147.63147080278978	64.90715892201818	
90 TERESA TURNAROUND	99712	-147.63356756186715	64.90634157469708	
80 TERESA TURNAROUND	99712	-147.63205508846772	64.90658644744543	
100 TERESA TURNAROUND	99712	-147.63418432567076	64.90574265179048	
125 TERESA TURNAROUND	99712	-147.6320272285287	64.90391931711758	
135 TERESA TURNAROUND	99712	-147.63246448137232	64.90340130110161	
145 TERESA TURNAROUND	99712	-147.6328003311268	64.90271620662115	
249 BRIGHTON DRIVE	99712	-147.62932875253048	64.90560641514273	
60 TERESA TURNAROUND	99712	-147.62903027199354	64.90642371397223	
110 RHUBARB DRIVE	99712	-147.64023749859052	64.91872509034529	
1345 WHISTLING SWAN DRIVE	99712	-147.6632018558695	64.91906019112663	
252 KISMET COURT	99712	-147.6579728714974	64.90114156070695	
249 KISMET COURT	99712	-147.6580946167898	64.90165368268399	
253 KISMET COURT	99712	-147.65764109505494	64.90216616421272	
346 BRIGHTON DRIVE	99712	-147.63609194017332	64.900980934825	
344 BRIGHTON DRIVE	99712	-147.63517014679542	64.9007553812281	
340 BRIGHTON DRIVE	99712	-147.6339991226635	64.90057897796261	
334 BRIGHTON DRIVE	99712	-147.63286740537464	64.90080412749411	
328 BRIGHTON DRIVE	99712	-147.6310550011337	64.90126109717035	
330 BRIGHTON DRIVE	99712	-147.63061594442988	64.90034958522232	
332 BRIGHTON DRIVE	99712	-147.6316442424258	64.90040918751785	
260 KISMET COURT	99712	-147.6595347367816	64.90080541918138	
305 BRIGHTON DRIVE	99712	-147.63043523298967	64.90315795325024	
218 CORKYS COURT	99712	-147.6303197132099	64.92146430034985	
1263 MCGRATH ROAD	99712	-147.6424684222626	64.90826890266098	
189 SNOWY OWL LANE	99712	-147.6521018370779	64.90992125271568	
207 SNOWY OWL LANE	99712	-147.65433984739653	64.90936262109997	
190 SNOWY OWL LANE	99712	-147.65221327449663	64.91084966234868	
172 SNOWY OWL LANE	99712	-147.6504421140293	64.9108693187789	
171 FALCON DRIVE	99712	-147.65006780573825	64.91153623714841	
225 MARTEN DRIVE	99712	-147.6569037532741	64.90457327298978	
205 MARTEN DRIVE	99712	-147.65460944643132	64.90306881187165	
175 MARTEN DRIVE	99712	-147.65220114712906	64.90399229067334	
145 MARTEN DRIVE	99712	-147.6468766487286	64.90276525709021	
1100 MCGRATH ROAD	99712	-147.65412850408993	64.9061215492225	
185 FROG POND CIRCLE	99712	-147.6523091611593	64.90771694361933	
169 FROG POND CIRCLE	99712	-147.65104059022232	64.90736214298994	
147 FROG POND CIRCLE	99712	-147.6488588712955	64.90744687503347	
1274 MCGRATH ROAD	99712	-147.64393286157755	64.90765057332004	
107 EAGLE RIDGE ROAD	99712	-147.64392568354836	64.91181056076921	
483 EAGLE RIDGE ROAD	99712	-147.67471481759898	64.91632073116435	
1227 ARCTIC TERN DRIVE	99712	-147.66586043433557	64.91408485953427	
525 EAGLE RIDGE ROAD	99712	-147.67479531813214	64.91831238050308	
512 EAGLE RIDGE ROAD	99712	-147.6730218034719	64.91791425420234	
169 EAGLE RIDGE ROAD	99712	-147.65104840367505	64.91284127740946	
140 FALCON DRIVE	99712	-147.6475757285691	64.91253171001254	
229 EAGLE RIDGE ROAD	99712	-147.6568939797	64.91286977596641	
253 EAGLE RIDGE ROAD	99712	-147.65878100151076	64.91278761910166	
271 EAGLE RIDGE ROAD	99712	-147.66110051903007	64.9124895556128	
289 EAGLE RIDGE ROAD	99712	-147.66225979648203	64.91192919781992	
359 EAGLE RIDGE ROAD	99712	-147.6716489510987	64.91073481493142	
381 EAGLE RIDGE ROAD	99712	-147.67359832385324	64.91066085113604	
389 EAGLE RIDGE ROAD	99712	-147.67595476588258	64.91081918096546	
395 EAGLE RIDGE ROAD	99712	-147.67526755959628	64.91189981213086	
407 EAGLE RIDGE ROAD	99712	-147.67541188769866	64.91274907666661	
276 EAGLE RIDGE ROAD	99712	-147.66338002391257	64.91351211320362	
282 EAGLE RIDGE ROAD	99712	-147.66345437913753	64.91236452199058	
304 EAGLE RIDGE ROAD	99712	-147.66555767699916	64.91194421192951	
1130 GULL ROAD	99712	-147.66765348248163	64.91170209557964	
1278 GULL ROAD	99712	-147.66870656401943	64.91669758806293	
1290 GULL ROAD	99712	-147.66906594160412	64.91705389244534	
1287 GULL ROAD	99712	-147.67033610398087	64.91729723161244	
1151 GULL ROAD	99712	-147.67074516837513	64.913071369642	
380 EAGLE RIDGE ROAD	99712	-147.67326396988176	64.91199409644457	
398 EAGLE RIDGE ROAD	99712	-147.67382706880474	64.91265355756951	
422 EAGLE RIDGE ROAD	99712	-147.6735113983663	64.91355553590935	
504 EAGLE RIDGE ROAD	99712	-147.6728669912575	64.9170547444028	
495 EAGLE RIDGE ROAD	99712	-147.67427900853647	64.91714527733858	
528 EAGLE RIDGE ROAD	99712	-147.6729569332336	64.91844379462353	
1303 GULL ROAD	99712	-147.67108295921878	64.91783329879881	
1308 GULL ROAD	99712	-147.66921597882995	64.91785754651536	
1320 GULL ROAD	99712	-147.66940475491015	64.91858535140767	
1334 GULL ROAD	99712	-147.66941634623618	64.91870057738147	
384 SKYRIDGE DRIVE	99712	-147.67322606420933	64.92042179018264	
390 SKYRIDGE DRIVE	99712	-147.67424615981295	64.91984532577514	
1350 WHISTLING SWAN DRIVE	99712	-147.6610795190462	64.9195283030376	
1365 WHISTLING SWAN DRIVE	99712	-147.66292792648596	64.9202907707699	
1375 WHISTLING SWAN DRIVE	99712	-147.66281491860727	64.92092355961518	
1315 ARCTIC TERN DRIVE	99712	-147.66683947146242	64.91791007792845	
1327 ARCTIC TERN DRIVE	99712	-147.6673607353938	64.91856269734221	
1337 ARCTIC TERN DRIVE	99712	-147.6671990446526	64.91907670831245	
1254 SKYLINE DRIVE	99712	-147.6761685787159	64.91706354408086	
1248 SKYLINE DRIVE	99712	-147.67613916004262	64.91659253935677	
1244 SKYLINE DRIVE	99712	-147.67627340132753	64.91550442638592	
1200 SKYLINE DRIVE	99712	-147.67827912823634	64.9126161419659	
1151 LINDA LOU LANE	99712	-147.67780871996155	64.91059385433763	
140 CURRANT COURT	99712	-147.64714492559378	64.91513655835895	
1235 BLACKBERRY DRIVE	99712	-147.65100286997355	64.91531903526389	
1255 BLACKBERRY DRIVE	99712	-147.64814173094678	64.91643723694857	
1275 BLACKBERRY DRIVE	99712	-147.6464869889697	64.91733234724842	
212 HAWK ROAD	99712	-147.6549788722807	64.91196769020073	
234 HAWK ROAD	99712	-147.6573644255622	64.91182483488981	
155 CURRANT COURT	99712	-147.64905185066883	64.9144691260829	
145 CURRANT COURT	99712	-147.64735264291252	64.9145670244449	
100 CURRANT COURT	99712	-147.64353567922757	64.91604095899262	
110 CURRANT COURT	99712	-147.64420088547453	64.91617113541378	
120 CURRANT COURT	99712	-147.64535210059503	64.91570891154505	
130 CURRANT COURT	99712	-147.64629541223744	64.9154139733046	
250 HAWK ROAD	99712	-147.65911349732903	64.91165778348955	
998 WILLOW GROUSE ROAD	99712	-147.66143160156943	64.90395493304791	
1004 WILLOW GROUSE ROAD	99712	-147.66091034901984	64.90439502981346	
1034 WILLOW GROUSE ROAD	99712	-147.65887509672459	64.90552207550276	
1048 WILLOW GROUSE ROAD	99712	-147.65801521780966	64.90619916019614	
1053 WILLOW GROUSE ROAD	99712	-147.6594959950301	64.90655328211791	
316 HAWK ROAD	99712	-147.6657109681241	64.90973782795014	
321 HAWK ROAD	99712	-147.66657318786787	64.90903412847443	
264 HAWK ROAD	99712	-147.660715232461	64.9102904145621	
253 HAWK ROAD	99712	-147.65932938572143	64.91071742202418	
237 HAWK ROAD	99712	-147.65787451978244	64.91096329233912	
211 HAWK ROAD	99712	-147.6549958238291	64.91118542184398	
292 SNOWY OWL LANE	99712	-147.66301187320406	64.90852521528475	
308 SNOWY OWL LANE	99712	-147.6642031145361	64.90836640633292	
316 SNOWY OWL LANE	99712	-147.6659641784597	64.90813549787408	
328 SNOWY OWL LANE	99712	-147.66694415394457	64.90793510188745	
297 SNOWY OWL LANE	99712	-147.66208755380435	64.9079185929143	
271 SNOWY OWL LANE	99712	-147.6609994280561	64.90815009346521	
251 SNOWY OWL LANE	99712	-147.65912255609965	64.90842445606646	
239 SNOWY OWL LANE	99712	-147.657944119817	64.90881666661478	
413 SNOWY OWL LANE	99712	-147.67075210883073	64.90437847799443	
425 SNOWY OWL LANE	99712	-147.67144574087493	64.90385550458726	
477 SNOWY OWL LANE	99712	-147.67505520032967	64.90170099893822	
489 SNOWY OWL LANE	99712	-147.6766042169189	64.9016503248176	
497 SNOWY OWL LANE	99712	-147.67762627184877	64.90141526957328	
432 SNOWY OWL LANE	99712	-147.67309950906252	64.90394794609408	
406 SNOWY OWL LANE	99712	-147.6718084609293	64.90479823623299	
396 SNOWY OWL LANE	99712	-147.6711688245561	64.90532648869764	
1035 WILLOW GROUSE ROAD	99712	-147.66091275862155	64.90562462103377	
877 MCGRATH ROAD	99712	-147.66340769083436	64.89841099877174	
284 HOWLAND ROAD	99712	-147.66316156246978	64.89808667332966	
386 HOWLAND ROAD	99712	-147.67334467416052	64.89846182658283	
396 HOWLAND ROAD	99712	-147.67434294723	64.89843698580724	
1009 WILLOW GROUSE ROAD	99712	-147.6622290385041	64.90499558731264	
995 WILLOW GROUSE ROAD	99712	-147.66349441742804	64.90422292764356	
305 CRYSTAL ROAD	99712	-147.66469624467152	64.90141929661219	
300 CRYSTAL ROAD	99712	-147.66523056389187	64.90235959925286	
324 CRYSTAL ROAD	99712	-147.66733325563317	64.90187473467807	
375 CRYSTAL ROAD	99712	-147.672299673935	64.9010203275634	
364 CRYSTAL ROAD	99712	-147.6716010620515	64.90170555258564	
346 CRYSTAL ROAD	99712	-147.67003477501746	64.90175936956787	
960 VAIL VIEW DRIVE	99712	-147.66738652290084	64.90252229127522	
1038 VAIL VIEW DRIVE	99712	-147.66440526520816	64.905394099889	
1048 VAIL VIEW DRIVE	99712	-147.6628511332607	64.90595832531925	
1058 VAIL VIEW DRIVE	99712	-147.6609215610915	64.90639863548199	
1059 VAIL VIEW DRIVE	99712	-147.662822794543	64.90690391935263	
1015 VAIL VIEW DRIVE	99712	-147.6679530617769	64.90443478164656	
999 VAIL VIEW DRIVE	99712	-147.66859527619903	64.90406296608074	
991 VAIL VIEW DRIVE	99712	-147.66907017542192	64.9037272559499	
983 VAIL VIEW DRIVE	99712	-147.66971724529378	64.90325966320898	
322 RAMBLING ROAD	99712	-147.66648107866146	64.90020491065813	
346 RAMBLING ROAD	99712	-147.66935213666437	64.90017037823866	
909 BABE COURT	99712	-147.6764079009624	64.90083921695243	
901 BABE COURT	99712	-147.6748301871252	64.9009067954582	
875 BABE COURT	99712	-147.67641605214484	64.90016700869252	
353 RAMBLING ROAD	99712	-147.66990054859062	64.89897087690218	
289 RAMBLING ROAD	99712	-147.66299191164447	64.89934963060428	
424 VALLEY VIEW DRIVE	99712	-147.67758619740118	64.89936251803898	
423 VALLEY VIEW DRIVE	99712	-147.67736847693683	64.89883219664831	
435 VALLEY VIEW DRIVE	99712	-147.67850852091823	64.89873396761625	
1020 BANEBERRY LANE	99712	-147.67860529729214	64.90481818022839	
986 LOWER COURT	99712	-147.6751271671874	64.90350878798887	
1053 LOWER COURT	99712	-147.67297143978672	64.90651289812097	
1041 LOWER COURT	99712	-147.6737524385191	64.90626509364348	
1020 UPPER COURT	99712	-147.67554335157047	64.90521146728007	
1028 UPPER COURT	99712	-147.67485797614643	64.90541977019454	
1041 UPPER COURT	99712	-147.6749659422723	64.90651960496848	
431 TAURUS ROAD	99712	-147.67816027333623	64.90728182624753	
423 TAURUS ROAD	99712	-147.6773095550311	64.90750270980571	
372 TAURUS ROAD	99712	-147.6724737523555	64.90952935975048	
150 RHUBARB DRIVE	99712	-147.63652031910246	64.92228853792028	
902 SANCTUARY LANE	99712	-147.65380977167283	64.90044774253671	
878 MCGRATH ROAD	99712	-147.6609517480898	64.89868087875814	
907 SANCTUARY LANE	99712	-147.6548778608433	64.90026061965669	
900 SANCTUARY LANE	99712	-147.65361037555778	64.90023561879426	
905 SANCTUARY LANE	99712	-147.6554653094367	64.90020881154815	
915 SANCTUARY LANE	99712	-147.6552176435398	64.90125297115345	
910 SANCTUARY LANE	99712	-147.65309464342113	64.9010125553607	
210 BRIGHTON DRIVE	99712	-147.6302149243905	64.90791979753905	
205 BRIGHTON DRIVE	99712	-147.6323812449592	64.90713010375308	
1260 LITTLE FOX TRAIL	99712	-147.63241622389742	64.91595679836584	
1415 ARCTIC TERN DRIVE	99712	-147.6665904498986	64.92250822573894	
1440 CHARLENE COURT	99712	-147.6355823407436	64.92386738518509	
391 ZUCKERMAN DRIVE	99712	-147.67629031363577	64.90892589628804	
70 TERESA TURNAROUND	99712	-147.63037980970003	64.90658820534476	
209 MARTEN DRIVE	99712	-147.6572570004949	64.90398008605156	
175 SUNNY HILLS DRIVE	99712	-147.63475287433377	64.91140058565466	
1348 LITTLE FOX TRAIL	99712	-147.63221538164967	64.92009144627934	
1350 BLACKBERRY DRIVE	99712	-147.6406398597749	64.91970694024629	
1401 QUAKENBUSH ROAD	99712	-147.6556116330115	64.922066436971	
1425 JUSTIN DRIVE	99712	-147.6591967228938	64.92332634569466	
1398 JUSTIN DRIVE	99712	-147.65739089571736	64.92225976692892	
246 SNOWY OWL LANE	99712	-147.65920503415518	64.90941598188925	
262 SNOWY OWL LANE	99712	-147.66067743018118	64.90900505543517	
339 SNOWY OWL LANE	99712	-147.6670466363394	64.90699231998668	
357 SNOWY OWL LANE	99712	-147.66782124781335	64.90645656620798	
974 LOWER COURT	99712	-147.67651532626135	64.90327971750119	
1044 LOWER COURT	99712	-147.67181556571953	64.9060132871325	
1035 UPPER COURT	99712	-147.67650401951036	64.90649468063262	
1029 UPPER COURT	99712	-147.67634810877203	64.90582175579439	
1262 GULL ROAD	99712	-147.66873571511363	64.91583638617549	
476 EAGLE RIDGE ROAD	99712	-147.6725689601514	64.91595789240837	
1483 SPRINGWATER DRIVE	99712	-147.6342328176844	64.92526885356162	
1326 LITTLE FOX TRAIL	99712	-147.63206654208065	64.91874341143527	
223 SACIA AVENUE	99712	-147.62933655034925	64.91021705095017	
308 BRIGHTON DRIVE	99712	-147.62907566349193	64.90311993826506	
180 SACIA AVENUE	99712	-147.63430968866305	64.91087914719999	
164 SACIA AVENUE	99712	-147.63565034746222	64.91089793305092	
417 HAWK-EYE DOWNS DRIVE	99712	-147.67633339515987	64.92158580750049	
164 RHUBARB DRIVE	99712	-147.63556389941715	64.92263956773853	
1479 WHISTLING SWAN DRIVE	99712	-147.66697179182034	64.92370612756997	
1230 BLACKBERRY DRIVE	99712	-147.65045800676066	64.91437501196897	
1406 JUSTIN DRIVE	99712	-147.65761387661962	64.92260726587051	
162 EAST RAMBLING ROAD	99712	-147.64681445091395	64.9006700298287	
1344 WHISTLING SWAN DRIVE	99712	-147.66094169271517	64.9190527062529	
435 EAGLE RIDGE ROAD	99712	-147.67557406730546	64.914497631716	
1561 WHISTLING SWAN DRIVE	99712	-147.67639690811572	64.92293424393166	
1237 BLACKBERRY DRIVE	99712	-147.65033461343322	64.9155640793077	
246 SNOWY OWL LANE	99712	-147.65828485312298	64.90956866807821	
1476 CONSTANCE COURT	99712	-147.6545770263361	64.92520155874281	
394 TAURUS ROAD	99712	-147.67614622711403	64.90821785117431	
330 HAWK ROAD	99712	-147.6675091497134	64.90983722033191	
390 TAURUS ROAD	99712	-147.67485757612576	64.90844805368313	
1482 CONSTANCE COURT	99712	-147.65340276769078	64.925750536139	
388 ZUCKERMAN DRIVE	99712	-147.67585522444193	64.90963718819461	
1206 LINDA LOU LANE	99712	-147.67555120427173	64.91274850049788	
1455 JUSTIN DRIVE	99712	-147.657714970288	64.92462904350967	
1030 LOWER COURT	99712	-147.67280830146026	64.90557900445602	
475 EAGLE RIDGE ROAD	99712	-147.67434344396364	64.91586960442305	
360 ZUCKERMAN DRIVE	99712	-147.67434604270883	64.9100346313098	
192 VIEW AVENUE	99712	-147.63316496637194	64.90931063870772	
367 ZUCKERMAN DRIVE	99712	-147.6743347257897	64.90928443030222	
420 SKYRIDGE DRIVE	99712	-147.6763648878051	64.91890681439976	
1474 BIRCH HOLLOW DRIVE	99712	-147.64809278603923	64.92517353253515	
1478 BIRCH HOLLOW DRIVE	99712	-147.6478544991249	64.92563721110643	
381 ZUCKERMAN DRIVE	99712	-147.67505316276544	64.90895872676711	
1475 QUAKENBUSH ROAD	99712	-147.65825361994885	64.92541489389784	
1475 QUAKENBUSH ROAD	99712	-147.65739614558902	64.92582619237584	
135 MARTEN DRIVE	99712	-147.6468005272137	64.90395479558698	
340 RAMBLING ROAD	99712	-147.66762162637576	64.90007526798479	
1311 WHISTLING SWAN DRIVE	99712	-147.66375639354672	64.91773494167316	
305 SNOWY OWL LANE	99712	-147.66446327265155	64.90773068569443	
344 TAURUS ROAD	99712	-147.66916531017702	64.90835709946843	
132 SUNRISE DRIVE	99712	-147.63951002200025	64.9082929749522	
401 SNOWY OWL LANE	99712	-147.6697435376843	64.90477691379026	
1486 CONSTANCE COURT	99709	-147.6521909252803	64.9257902249433	
1140 GULL ROAD	99712	-147.6686007565593	64.91241458900458	
81 TERESA TURNAROUND	99712	-147.63140734274515	64.90574008541465	
60 EDINBURGH COURT	99712	-147.63643258414183	64.90282968819578	
107 EAGLE RIDGE ROAD	99712	-147.64401394123007	64.91176617218557	
1551 WHISTLING SWAN DRIVE	99712	-147.67550396796364	64.92328193469857	
1571 WHISTLING SWAN DRIVE	99712	-147.67795633507887	64.92191575444487	
1294 ARCTIC TERN DRIVE	99712	-147.66516910803898	64.91740724480327	
1488 BIRCH HOLLOW COURT	99712	-147.64850329772412	64.92608756030896	
398 ZUCKERMAN DRIVE	99712	-147.67778106826736	64.90968961445414	
1260 WHISTLING SWAN DRIVE	99712	-147.66364271366277	64.91542416842115	
320 EAGLE RIDGE ROAD	99712	-147.66745642221125	64.91166988762461	
311 SKYRIDGE DRIVE	99712	-147.66476506437746	64.92305341412498	
415 ZUCKERMAN DRIVE	99709	-147.67787673751474	64.90892126295776	
1305 WHISTLING SWAN DRIVE	99712	-147.66377629483625	64.91726607214726	
1289 WHISTLING SWAN DRIVE	99712	-147.66384945924995	64.91684819862772	
1414 CHARLENE COURT	99712	-147.6378418846953	64.92285101513271	
1418 CHARLENE COURT	99712	-147.63769121319805	64.92288471995285	
26 EDINBURGH COURT	99712	-147.6399431794556	64.90298018208684	
1405 JUSTIN DRIVE	99712	-147.65949333852078	64.922033159308	
1375 BLACKBERRY DRIVE	99712	-147.6419037141644	64.9200880800851	
1284 ARCTIC TERN DRIVE	99712	-147.6652951062111	64.91662526106882	
1433 KIRK CIRCLE	99712	-147.6522609552238	64.92372797543202	
1431 KIRK CIRCLE	99712	-147.6522206050146	64.92307260496948	
1396 QUAKENBUSH ROAD	99712	-147.65317125858562	64.9221032689687	
1395 QUAKENBUSH ROAD	99712	-147.6548468033691	64.92157045682129	
160 TERESA TURNAROUND	99712	-147.64092654525186	64.90122030690297	
1336 WHISTLING SWAN DRIVE	99712	-147.66155102668029	64.91859485173177	
1442 WHISTLING SWAN DRIVE	99712	-147.6625141500985	64.92412760754132	
299 SNOWY OWL LANE	99712	-147.66290819519804	64.90784370345645	
264 HAWK ROAD	99712	-147.66076289799227	64.91027102364161	
532 EAGLE RIDGE ROAD	99712	-147.6730790776294	64.91905729378702	
101 TERESA TURNAROUND	99712	-147.6319952985062	64.90518477807491	
1316 ARCTIC TERN DRIVE	99712	-147.6655215239611	64.91778647140973	
1271 WHISTLING SWAN DRIVE	99712	-147.66394930381753	64.91620313271618	
246 BRIGHTON DRIVE	99712	-147.62726673841425	64.90650265871828	
550 WINCH ROAD	99712	-147.59546048092946	64.9225387542052	
520 WINCH ROAD	99712	-147.59609231532596	64.9224713468203	
1448 SPRINGWATER DRIVE	99712	-147.62806981395508	64.92426713212711	
680 WINCH ROAD	99712	-147.58172838274055	64.92189416596858	
670 WINCH ROAD	99712	-147.5820520820419	64.9214283874204	
264 FOSTORIA AVENUE	99712	-147.62548356527276	64.90637709222221	
1251 HEATH AVENUE	99712	-147.60334546180374	64.91545020912564	
1269 HEATH AVENUE	99712	-147.60362078299613	64.91608769996022	
1274 HEATH AVENUE	99712	-147.6027695386583	64.91647995382799	
600 WINCH ROAD	99712	-147.5892845838819	64.9228617828817	
1382 SPRINGWATER DRIVE	99712	-147.62413961735757	64.92147455681935	
1388 SPRINGWATER DRIVE	99712	-147.62583844803308	64.92230786021665	
1412 SPRINGWATER DRIVE	99712	-147.626709196237	64.9226726034517	
1440 SPRINGWATER DRIVE	99712	-147.6267368904307	64.92355361166867	
1399 SPRINGWATER DRIVE	99712	-147.6282752410923	64.92246415264819	
527 STEELE CREEK ROAD	99712	-147.59545864069815	64.90111713088285	
565 STEELE CREEK ROAD	99712	-147.59392185148002	64.90180115480426	
465 STEELE CREEK ROAD	99712	-147.60152708623542	64.89908329107583	
475 STEELE CREEK ROAD	99712	-147.59994183291343	64.89942576998484	
514 STEELE CREEK ROAD	99712	-147.59835874124963	64.90020574133453	
585 STEELE CREEK ROAD	99712	-147.59136097199664	64.90347095684149	
580 STEELE CREEK ROAD	99712	-147.59306054250794	64.90360235237519	
588 STEELE CREEK ROAD	99712	-147.59184594922087	64.90410546516243	
975 BENNETT ROAD	99712	-147.58230607276303	64.90271362875144	
556 MOUNTVISTA DRIVE	99712	-147.59459542244414	64.89797688245203	
548 MOUNTVISTA DRIVE	99712	-147.59567775635804	64.89805211057259	
687 STEELE CREEK ROAD	99712	-147.58164684865852	64.90565939824602	
686 JENNICK AVENUE	99712	-147.58064254418292	64.90753470359437	
1071 ROOSTERFISH ROAD	99712	-147.5794313668701	64.90792822907896	
540 MOUNTVISTA DRIVE	99712	-147.596852618366	64.89814718806487	
800 SUNCREST DRIVE	99712	-147.59822179815933	64.89885873595269	
1120 GILMORE TRAIL	99712	-147.58472540403608	64.9093735961735	
645 SANDI COURT	99712	-147.5852090570313	64.91567191369568	
1245 SUSIE Q STREET	99712	-147.58884465748864	64.91534158465501	
562 ALBERTA STREET	99712	-147.59396500861774	64.91507672098777	
520 ALBERTA STREET	99712	-147.59564467526096	64.91585029694403	
533 ALBERTA STREET	99712	-147.59727088933303	64.91592207892903	
686 STEELE CREEK ROAD	99712	-147.58086949366736	64.90667341056258	
668 STEELE CREEK ROAD	99712	-147.58320783160875	64.90634405133703	
678 JENNICK AVENUE	99712	-147.58172914470615	64.90780347415239	
662 MORAN DRIVE	99712	-147.58338058481345	64.89939500162875	
591 MOUNTVISTA DRIVE	99712	-147.5921539225873	64.89859539197985	
1065 GILMORE TRAIL	99712	-147.58959025071488	64.90726575125048	
1087 GILMORE TRAIL	99712	-147.58759612892302	64.90822833029677	
1103 GILMORE TRAIL	99712	-147.5886182590241	64.90901322547698	
1173 GILMORE TRAIL	99712	-147.5870822892347	64.91193439587607	
1183 GILMORE TRAIL	99712	-147.58720943200493	64.91265679562107	
1195 GILMORE TRAIL	99712	-147.59008400110045	64.91295321877939	
970 OLD STEESE HIGHWAY NORTH	99712	-147.60379003589753	64.90294784280357	
509 DEEP FREEZE COURT	99712	-147.5999588677063	64.90343934488332	
519 DEEP FREEZE COURT	99712	-147.59918421260792	64.90454831674839	
1000 OLD STEESE HIGHWAY NORTH	99712	-147.60683932586497	64.90465422520774	
906 KOKOMO STREET	99712	-147.6058722791859	64.89980439540388	
918 KOKOMO STREET	99712	-147.6050781913983	64.90019494975844	
875 CRAZY HORSE WAY	99712	-147.61187742642718	64.89829737046738	
865 CRAZY HORSE WAY	99712	-147.6126255087067	64.89790529999809	
417 ELLEN COURT	99712	-147.61009827104482	64.89982068836112	
959 OLD STEESE HIGHWAY NORTH	99712	-147.60556098684015	64.9018715044681	
932 CAROL LANE	99712	-147.60627984972254	64.90108908061104	
921 OLD STEESE HIGHWAY NORTH	99712	-147.6066948665463	64.90037805279486	
373 WINTER STREET	99712	-147.61415128812547	64.90561607287765	
330 WOODLAND AVENUE	99712	-147.6189519741944	64.9039070713785	
387 PAY STREAK DRIVE	99712	-147.61313029110784	64.90187486507921	
393 PAY STREAK DRIVE	99712	-147.61181024364134	64.90257204271172	
1067 OLD STEESE HIGHWAY NORTH	99712	-147.61710089203393	64.90384511611477	
370 GOLD CLAIM AVENUE	99712	-147.61471980940152	64.90332820947636	
390 GOLD CLAIM AVENUE	99712	-147.61267124131084	64.9033098767352	
384 PAY STREAK DRIVE	99712	-147.61301283802823	64.90257245030708	
329 PAY STREAK DRIVE	99712	-147.618244658544	64.90164209009001	
319 PAY STREAK DRIVE	99712	-147.6194150737322	64.90112337821412	
910 TOMMY STREET	99712	-147.6195562023735	64.90037711768774	
309 PAY STREAK DRIVE	99712	-147.62094347220847	64.90103436518419	
955 BUSHEY STREET	99712	-147.6253193539172	64.90223299752105	
959 PICK AX LANE	99712	-147.61833020799168	64.90216028489829	
306 PAY STREAK DRIVE	99712	-147.62139086106055	64.90157621973395	
321 GOLD CLAIM AVENUE	99712	-147.61972784613246	64.90236580983438	
330 GOLD CLAIM AVENUE	99712	-147.61845371166118	64.90290291115922	
324 GOLD CLAIM AVENUE	99712	-147.61926201365495	64.90282483384227	
262 GOLD CLAIM AVENUE	99712	-147.62528029391964	64.90295964593732	
263 WOODLAND AVENUE	99712	-147.62523668134813	64.90349026278837	
279 WOODLAND AVENUE	99712	-147.62365027655437	64.90350757693615	
295 WOODLAND AVENUE	99712	-147.6225878539927	64.90352348187771	
315 WOODLAND AVENUE	99712	-147.62013371577962	64.90349304852039	
1031 VERNAL STREET	99712	-147.61027377497223	64.90543578127932	
401 WINTER STREET	99712	-147.61133363012715	64.90550847931554	
385 WINTER STREET	99712	-147.6130608140119	64.90569749423544	
264 WOODLAND AVENUE	99712	-147.62526705390775	64.90399211659934	
1012 EMERALD STREET	99712	-147.62507316899226	64.9046031436278	
1011 PASQUE STREET	99712	-147.6234642112806	64.90473303994962	
1043 PASQUE STREET	99712	-147.62413740902034	64.9062787479437	
1500 MCGRATH ROAD	99712	-147.6230898017738	64.90651993212389	
332 WINTER STREET	99712	-147.61943123796192	64.90603067560949	
1070 OLD STEESE HIGHWAY NORTH	99712	-147.61867631567776	64.904759125036	
372 WINTER STREET	99712	-147.6145955976522	64.90621140082426	
362 WINTER STREET	99712	-147.61561729463173	64.90645595035136	
346 WINTER STREET	99712	-147.61763431982828	64.90627042770873	
441 WINTER AVENUE	99712	-147.60723445214145	64.90534494150101	
455 WINTER AVENUE	99712	-147.60530879870177	64.90536173020669	
452 WINTER AVENUE	99712	-147.60535635273402	64.90637823635807	
440 WINTER AVENUE	99712	-147.6077968986786	64.90602753076129	
496 HAGELBARGER AVENUE	99712	-147.601407732946	64.90967198140525	
484 HAGELBARGER AVENUE	99712	-147.60261521624093	64.9094845281402	
481 SUMMER AVENUE	99712	-147.60036421056995	64.90745066765781	
430 SUMMER AVENUE	99712	-147.60882133768902	64.9070351611525	
473 HAGELBARGER AVENUE	99712	-147.60358239834818	64.90895128433048	
501 HAGELBARGER AVENUE	99712	-147.601555589794	64.9089076345747	
1281 RAYMOND AVENUE	99712	-147.60722355335645	64.91691402585877	
1273 RAYMOND AVENUE	99712	-147.6069694541484	64.91625383337376	
1261 RAYMOND AVENUE	99712	-147.60851926012063	64.9157444113107	
1235 HEATH AVENUE	99712	-147.60317936221585	64.91424220819492	
1242 RAYMOND AVENUE	99712	-147.60564602540563	64.91487098793145	
1250 RAYMOND AVENUE	99712	-147.60581308610878	64.91523281085676	
1260 RAYMOND AVENUE	99712	-147.60582573965164	64.91595845317941	
388 HAGELBARGER AVENUE	99712	-147.61296823554332	64.90994798046646	
337 HAGELBARGER AVENUE	99712	-147.61784617162618	64.90822791544734	
351 HAGELBARGER AVENUE	99712	-147.6164611952111	64.90867202953137	
365 HAGELBARGER AVENUE	99712	-147.6154881946972	64.90819693003763	
375 HAGELBARGER AVENUE	99712	-147.6140669449398	64.90835834896025	
1090 OLD STEESE HIGHWAY NORTH	99712	-147.62165622313668	64.90831832940366	
465 SUMMER AVENUE	99712	-147.6041450228077	64.90733632879949	
483 SUMMER AVENUE	99712	-147.60144313049054	64.90741352454856	
452 SUMMER AVENUE	99712	-147.60577488201469	64.90810336249474	
446 SUMMER AVENUE	99712	-147.60708149163887	64.90826242496382	
444 SUMMER AVENUE	99712	-147.60842967634187	64.90780847182009	
511 HAGELBARGER AVENUE	99712	-147.5991055264765	64.90816235424376	
1135 BROADVIEW DRIVE	99712	-147.62808422575745	64.90997976711374	
1149 BROADVIEW DRIVE	99712	-147.6279246753853	64.91092273517609	
1150 OLD STEESE HIGHWAY NORTH	99712	-147.62051534058722	64.91074074502049	
1200 BROADVIEW DRIVE	99712	-147.6259918765823	64.91317874419734	
261 JADE STREET	99712	-147.62608766193324	64.91387900530114	
1207 SOURDOUGH STREET	99712	-147.62453595312238	64.9135749514499	
1187 OLD STEESE HIGHWAY NORTH	99712	-147.62269768752898	64.9125232236707	
289 JADE STREET	99712	-147.62280775117443	64.91395507925992	
244 JADE STREET	99712	-147.6277115454933	64.91411321931582	
1280 OLD STEESE HIGHWAY NORTH	99712	-147.62195099170881	64.91667511375192	
1289 OLD STEESE HIGHWAY NORTH	99712	-147.62543569421427	64.91733417719236	
1388 LITTLE FOX TRAIL	99712	-147.62337409739106	64.91868373389043	
1212 LITTLE FOX TRAIL	99712	-147.62752877883094	64.91519972286996	
1220 LITTLE FOX TRAIL	99712	-147.62855705238533	64.91506976287859	
1258 CEDAR CREEK WAY	99712	-147.62805535833928	64.91587880412305	
230 BEAR DEN RUN	99712	-147.6286391897272	64.91741281131793	
1380 LITTLE FOX TRAIL	99712	-147.6238819622129	64.91915695710787	
1323 GRAY FOX COURT	99712	-147.6287243090806	64.91864293250825	
1364 LITTLE FOX TRAIL	99712	-147.6257937185923	64.91912776451763	
1363 LITTLE FOX TRAIL	99712	-147.62541904805002	64.91971697436675	
555 DEEP FREEZE COURT	99712	-147.5985881685068	64.90538002868483	
350 PAY STREAK DRIVE	99712	-147.61619947530536	64.90211665406525	
1055 PASQUE STREET	99712	-147.62482963921673	64.90658743540088	
325 TIPPERARY COURT	99712	-147.62875881300798	64.90136752765656	
1295 OLD STEESE HIGHWAY	99712	-147.62449626057514	64.91778950962954	
1059 GILMORE TRAIL	99712	-147.5888061954994	64.90691125394824	
870 HIGHLANDER DRIVE	99712	-147.601584137051	64.8984377411297	
443 STEELE CREEK ROAD	99712	-147.60342247908468	64.89795957509517	
511 STEELE CREEK ROAD	99712	-147.59463857647225	64.89932929948286	
515 STEELE CREEK ROAD	99712	-147.5957572536373	64.90011419913708	
982 BENNETT ROAD	99712	-147.58178656226565	64.90363657269117	
985 HAVEN LANE	99712	-147.57995821148972	64.90314773968657	
1000 BENNETT ROAD	99712	-147.58475930167825	64.90441604678284	
1012 BENNETT ROAD	99712	-147.58641769866026	64.9046723365233	
641 STEELE CREEK ROAD	99712	-147.58484301378286	64.90525796092953	
683 STEELE CREEK ROAD	99712	-147.5826768870036	64.90552465824642	
630 JENNICK AVENUE	99712	-147.58629076042354	64.90725426475215	
648 JENNICK AVENUE	99712	-147.5851494336846	64.90707133227323	
656 JENNICK AVENUE	99712	-147.58304516625054	64.90718911899515	
1107 ROOSTERFISH ROAD	99712	-147.58013763093018	64.90895587746925	
1031 GILMORE TRAIL	99712	-147.59074045572797	64.90631712851983	
1051 GILMORE TRAIL	99712	-147.58988145024458	64.90661164482948	
1109 GILMORE TRAIL	99712	-147.5875828344001	64.90901335387221	
1133 GILMORE TRAIL	99712	-147.58752615807563	64.91013417828523	
1139 GILMORE TRAIL	99712	-147.58934666497274	64.90975393636128	
1145 GILMORE TRAIL	99712	-147.5897850541962	64.91050845391558	
1157 GILMORE TRAIL	99712	-147.588393060755	64.91134171428274	
1170 GILMORE TRAIL	99712	-147.5831881383667	64.91168701683958	
1146 GILMORE TRAIL	99712	-147.5849988289686	64.91094980152444	
595 SANDI COURT	99712	-147.59125229383466	64.91529832013505	
610 SANDI COURT	99712	-147.58933283705613	64.91652437780188	
1225 SUSIE Q STREET	99712	-147.58977097071732	64.9145983688977	
797 SUNCREST DRIVE	99712	-147.5997158000591	64.8980959211865	
811 SUNCREST DRIVE	99712	-147.6004435684326	64.89868134956222	
536 STEELE CREEK ROAD	99712	-147.5975804300695	64.90105283258717	
560 STEELE CREEK ROAD	99712	-147.59573417311577	64.90229143592165	
571 STEELE CREEK ROAD	99712	-147.5926951888451	64.90261009556308	
579 STEELE CREEK ROAD	99712	-147.59175194448005	64.9030293936601	
583 MOUNTVISTA DRIVE	99712	-147.5920815746357	64.8981222312278	
572 MOUNTVISTA DRIVE	99712	-147.5937310513176	64.89816644446941	
1222 GILMORE TRAIL	99712	-147.57989699045197	64.91500075498563	
1219 GILMORE TRAIL	99712	-147.58284385209822	64.91566870425528	
1221 GILMORE TRAIL	99712	-147.58158677748048	64.91604042358414	
1223 GILMORE TRAIL	99712	-147.58038075610654	64.91572756614421	
1225 GILMORE TRAIL	99712	-147.57939693170306	64.91588529020508	
640 ALBERTA STREET	99712	-147.5861431845116	64.9146160567465	
611 ALBERTA STREET	99712	-147.58842469285364	64.91353573539699	
1218 GILMORE TRAIL	99712	-147.5822282947157	64.91471395312969	
1220 GILMORE TRAIL	99712	-147.5811471556788	64.91492262965824	
293 PAY STREAK DRIVE	99712	-147.62257659414715	64.90100094852296	
279 PAY STREAK DRIVE	99712	-147.62380882456566	64.90098982044437	
265 PAY STREAK DRIVE	99712	-147.6250947832215	64.90122268621259	
294 PAY STREAK DRIVE	99712	-147.6224911087567	64.90160976734835	
870 CRAZY HORSE WAY	99712	-147.61050741731242	64.89793892584436	
415 DEADHORSE WAY	99712	-147.60961644973756	64.89837298047982	
622 STEELE CREEK ROAD	99712	-147.5873985006698	64.90529875606403	
616 STEELE CREEK ROAD	99712	-147.58857358654052	64.90514415318418	
895 OLD STEESE HIGHWAY NORTH	99712	-147.60825397273652	64.89922292100259	
890 OLD STEESE HIGHWAY NORTH	99712	-147.60646976885857	64.8991704855794	
945 HIGHLAND STREET	99712	-147.60291901536638	64.9013536301749	
935 HIGHLAND STREET	99712	-147.6030053091213	64.90128152105194	
905 HIGHLAND STREET	99712	-147.6040016828518	64.89990757577618	
524 DEEP FREEZE COURT	99712	-147.60197016849247	64.90460862073601	
575 DEEP FREEZE COURT	99712	-147.59949284391783	64.90645999724546	
988 OLD STEESE HIGHWAY NORTH	99712	-147.60347721325047	64.90570579645107	
928 KOKOMO STREET	99712	-147.6048683889583	64.9007235790797	
932 KOKOMO STREET	99712	-147.6047922148861	64.90104879247832	
909 CAROL LANE	99712	-147.60783678810768	64.89990702203298	
919 CAROL LANE	99712	-147.60820978365942	64.90067263292676	
401 PAY STREAK DRIVE	99712	-147.61093686193527	64.90346492363346	
1017 OLD STEESE HIGHWAY NORTH	99712	-147.61053943018624	64.9038185580902	
1027 OLD STEESE HIGHWAY NORTH	99712	-147.6128417048978	64.90379262638805	
351 GOLD CLAIM AVENUE	99712	-147.61699365560574	64.90281783562112	
345 PAY STREAK DRIVE	99712	-147.61634289810632	64.90157943106112	
946 BUSHEY STREET	99712	-147.6239987363215	64.90173259155964	
548 DEEP FREEZE COURT	99712	-147.6016902189319	64.9059045636569	
439 SUMMER AVENUE	99712	-147.60733716835261	64.90677099680507	
451 SUMMER AVENUE	99712	-147.60637694219562	64.90720514700207	
495 SUMMER AVENUE	99712	-147.60169710472445	64.9078741065681	
281 GOLD CLAIM AVENUE	99712	-147.62418770308915	64.90229522057422	
291 GOLD CLAIM AVENUE	99712	-147.62294746987203	64.90221834983616	
312 GOLD CLAIM AVENUE	99712	-147.6208457788836	64.90293954107837	
292 GOLD CLAIM AVENUE	99712	-147.62308507895312	64.9029366889374	
282 GOLD CLAIM AVENUE	99712	-147.62412772328912	64.90289014029626	
1019 VERNAL STREET	99712	-147.60998052568596	64.90471633243288	
1026 OLD STEESE HIGHWAY NORTH	99712	-147.6112396775024	64.90475322084562	
1030 OLD STEESE HIGHWAY NORTH	99712	-147.61322406105108	64.90470180657108	
361 WINTER STREET	99712	-147.61544265531035	64.90548192642477	
341 WINTER STREET	99712	-147.61739530989738	64.90570849019423	
400 WINTER STREET	99712	-147.6112030357478	64.90642508013129	
320 WOODLAND AVENUE	99712	-147.62063508550779	64.9040569325473	
1075 OLD STEESE HIGHWAY NORTH	99712	-147.6215334003756	64.9044682692298	
290 WOODLAND AVENUE	99712	-147.62251515153847	64.90401383610077	
278 WOODLAND AVENUE	99712	-147.62399329900256	64.90407748848716	
1031 PASQUE STREET	99712	-147.62425893020674	64.90544593473471	
1021 PASQUE STREET	99712	-147.62393759969711	64.90494424486438	
1038 PASQUE STREET	99712	-147.6228116057387	64.90580239720553	
1036 PASQUE STREET	99712	-147.62294379041467	64.90529857223686	
1024 VERNAL STREET	99712	-147.6085910682172	64.90549412595115	
1040 VERNAL STREET	99712	-147.60893409685357	64.90613919156615	
1012 VERNAL STREET	99712	-147.6084757528224	64.90443645893696	
1014 VERNAL STREET	99712	-147.60841491513122	64.90469005457189	
501 SUMMER AVENUE	99712	-147.60164952488157	64.90845458337238	
322 HAGELBARGER AVENUE	99712	-147.61991113390494	64.90947075456248	
306 HAGELBARGER AVENUE	99712	-147.62152400811166	64.90942029564998	
309 HAGELBARGER AVENUE	99712	-147.6219986193107	64.90877666642349	
321 HAGELBARGER AVENUE	99712	-147.61981766533492	64.90815306359045	
389 HAGELBARGER AVENUE	99712	-147.61248745421756	64.90841707221863	
423 HAGELBARGER AVENUE	99712	-147.60876475358995	64.90871499731715	
439 HAGELBARGER AVENUE	99712	-147.6075957373618	64.90902765933276	
449 HAGELBARGER AVENUE	99712	-147.6063333050573	64.90892490068923	
461 HAGELBARGER AVENUE	99712	-147.60457810077787	64.9089810915616	
470 HAGELBARGER AVENUE	99712	-147.60358035793865	64.90969013010722	
450 HAGELBARGER AVENUE	99712	-147.60539177321618	64.90967891771811	
442 HAGELBARGER AVENUE	99712	-147.6065878634264	64.9096690086959	
424 HAGELBARGER AVENUE	99712	-147.60846896583428	64.9095396760759	
530 CURRY STREET	99712	-147.5982653329638	64.9094448759931	
550 CURRY STREET	99712	-147.5961696204619	64.90949357591714	
560 CURRY STREET	99712	-147.59367176310957	64.90947838703455	
557 CURRY STREET	99712	-147.59394163183768	64.90837350638411	
1202 HEATH AVENUE	99712	-147.6020682968951	64.9144502564512	
1240 HEATH AVENUE	99712	-147.60190877126448	64.91483553043109	
1248 HEATH AVENUE	99712	-147.60159285194754	64.91544582213949	
1266 HEATH AVENUE	99712	-147.60206622548753	64.91583360169713	
1280 HEATH AVENUE	99712	-147.60525221190196	64.91709415688906	
1239 RAYMOND AVENUE	99712	-147.6071863382432	64.91495788741676	
1233 RAYMOND AVENUE	99712	-147.60720272357491	64.91449894047435	
458 JADE STREET	99712	-147.6053097245143	64.91434786096501	
1270 RAYMOND AVENUE	99712	-147.60525062478723	64.9163160977633	
414 JADE STREET	99712	-147.61034755349897	64.91630089764189	
414 HAGELBARGER AVENUE	99712	-147.6101329325338	64.90942929165143	
392 HAGELBARGER AVENUE	99712	-147.61087350958118	64.90951066938823	
415 HAGELBARGER AVENUE	99712	-147.61016919134846	64.90854581306498	
236 SUNNY HILLS DRIVE	99712	-147.6278054689104	64.91225268587384	
1480 MCGRATH ROAD	99712	-147.62425791945918	64.90701406275083	
1470 MCGRATH ROAD	99712	-147.6251513603042	64.90725291630713	
1450 MCGRATH ROAD	99712	-147.627127323526	64.90761963398305	
235 VIEW AVENUE	99712	-147.6275296198426	64.90879836414125	
1211 BROADVIEW DRIVE	99712	-147.62750901096987	64.91319291104378	
1145 OLD STEESE HIGHWAY NORTH	99712	-147.62455153202325	64.91057690130928	
1176 BROADVIEW DRIVE	99712	-147.62618774523656	64.91219635946001	
1188 BROADVIEW DRIVE	99712	-147.62611137110258	64.91252858505804	
1203 SOURDOUGH STREET	99712	-147.6238852538518	64.91336317038173	
1199 SOURDOUGH STREET	99712	-147.62453756210832	64.91286804234731	
1195 SOURDOUGH STREET	99712	-147.6245371022706	64.91277552277683	
1175 OLD STEESE HIGHWAY NORTH	99712	-147.6226914743995	64.9121834852933	
1184 OLD STEESE HIGHWAY NORTH	99712	-147.62080124408882	64.91223433421578	
266 JADE STREET	99712	-147.62505745108993	64.91430034855217	
280 JADE STREET	99712	-147.6229329866835	64.9143638109039	
1330 OLD STEESE HIGHWAY NORTH	99712	-147.62169541494274	64.91925893896358	
1360 OLD STEESE HIGHWAY NORTH	99712	-147.62142879165185	64.91985572556554	
1369 LITTLE FOX TRAIL	99712	-147.62372809788602	64.92005445683152	
1375 OLD STEESE HIGHWAY NORTH	99712	-147.6240127296817	64.92075630613962	
1315 GRAY FOX COURT	99712	-147.6289775236493	64.91791297847469	
1326 GRAY FOX COURT	99712	-147.62754982519596	64.91820842313591	
1360 LITTLE FOX TRAIL	99712	-147.628989466948	64.91961363521433	
635 WINCH ROAD	99712	-147.5846309399071	64.91831859975682	
1315 RAYMOND AVENUE	99712	-147.60600664262176	64.91769836191497	
997 EMERALD STREET	99712	-147.62702283405042	64.90401729831405	
691 STEELE CREEK ROAD	99712	-147.57923690575143	64.9063697264914	
1002 PASQUE STREET	99712	-147.62219692338473	64.9048690203627	
991 BENNETT ROAD	99712	-147.58608244510265	64.90304844918164	
990 BENNETT ROAD	99712	-147.58294113966048	64.90415981814657	
638 STEELE CREEK ROAD	99712	-147.5867287310655	64.90595217537994	
1060 GILMORE TRAIL	99712	-147.58745580031496	64.90659675867524	
1100 GILMORE TRAIL	99712	-147.58487240173642	64.90866940038453	
384 WINTER STREET	99712	-147.6132093454539	64.90635392464732	
1430 MCGRATH ROAD	99712	-147.62813277339586	64.90817375437913	
1210 SOURDOUGH STREET	99712	-147.62286426489442	64.91355693036733	
270 BRIGHTON DRIVE	99712	-147.62850207006917	64.90403550837314	
310 TIPPERARY COURT	99712	-147.62835851607483	64.90230200258704	
335 TIPPERARY COURT	99712	-147.62882232994232	64.90062957994542	
1375 TATICA COURT	99712	-147.60429006855662	64.92034509855144	
1365 TATICA COURT	99712	-147.6034059051534	64.91997829106442	
1360 TATICA COURT	99712	-147.60193653667625	64.91999176358428	
1370 TATICA COURT	99712	-147.6027713355448	64.92052137276005	
55 TERESA TURNAROUND	99712	-147.6272289881916	64.90490763655338	
50 TERESA TURNAROUND	99712	-147.62673671248834	64.90578705020057	
320 TIPPERARY COURT	99712	-147.62697670571063	64.90165642951182	
330 TIPPERARY COURT	99712	-147.62688276125675	64.90100960096397	
340 TIPPERARY COURT	99712	-147.62742238794186	64.9006325815657	
1359 TATICA COURT	99712	-147.6032641161147	64.91945339678816	
280 BRIGHTON DRIVE	99712	-147.62756851179984	64.9034619717263	
307 GOLD CLAIM AVENUE	99712	-147.6220387106857	64.90197381021575	
1295 RAYMOND AVENUE	99712	-147.60732747063324	64.91742691398521	
600 SANDI COURT	99712	-147.5910823487554	64.91624455289616	
235 SUNNY HILLS DRIVE	99712	-147.62778207477336	64.91132873626908	
1002 BENNETT ROAD	99712	-147.5847522146858	64.90455355892202	
230 BRIGHTON DRIVE	99712	-147.6283380475893	64.90730596369553	
515 DEEP FREEZE COURT	99712	-147.59993821804818	64.90440583206687	
690 EL RANCHO DRIVE	99712	-147.58033807045703	64.89933000170474	
1239 HEATH AVENUE	99712	-147.6037192745953	64.91501856168925	
999 EMERALD STREET	99712	-147.62698370620413	64.90427087854462	
415 WINCH ROAD	99712	-147.6061352551426	64.92038548448534	
1221 BROADVIEW DRIVE	99712	-147.6277689477972	64.91358449725197	
702 SUNCREST DRIVE	99712	-147.58660300961535	64.89864677044692	
708 SUNCREST DRIVE	99712	-147.58675810517417	64.89803656416241	
720 SUNCREST DRIVE	99712	-147.58807389811082	64.89820178655883	
581 GOLDEN MORN STREET	99712	-147.5891237746801	64.89835971515406	
596 GOLDEN MORN STREET	99712	-147.59063261564444	64.89875979745915	
588 GOLDEN MORN STREET	99712	-147.59091476990525	64.89828939412286	
1005 HAVEN LANE	99712	-147.58044168555708	64.90436411064533	
714 SUNCREST DRIVE	99712	-147.58799049316093	64.89875248126673	
1358 OLD STEESE HIGHWAY NORTH	99712	-147.62142081182344	64.9196603554659	
1084 OLD STEESE HIGHWAY	99712	-147.62125155296667	64.90633872037075	
1365 LITTLE FOX TRAIL	99712	-147.62582512089168	64.92070914113015	
1080 OLD STEESE HIGHWAY NORTH	99712	-147.61884253541493	64.90535387559463	
946 KOKOMO STREET	99712	-147.60425032473233	64.90148878578542	
909 TOMMY STREET	99712	-147.62037125905724	64.90025867718356	
457 SUMMER AVENUE	99712	-147.60540345493558	64.90733865049806	
1177 HEATH AVENUE	99712	-147.60337574767146	64.91132076368272	
220 BRIGHTON DRIVE	99712	-147.6289569269491	64.90750729377733	
1188 GILMORE TRAIL	99712	-147.58226290487175	64.9127342695993	
1181 GILMORE TRAIL	99712	-147.58701606583315	64.91236516602777	
576 STEELE CREEK ROAD	99712	-147.5929422819377	64.90328513870045	
1050 OLD STEESE HIGHWAY NORTH	99712	-147.61559010294874	64.9049752850385	
1140 GILMORE TRAIL	99712	-147.58324401828733	64.91084030310658	
1132 GILMORE TRAIL	99712	-147.58450669311327	64.91007232848702	
555 WINCH ROAD	99712	-147.5896088550626	64.91994684988386	
515 WINCH ROAD	99712	-147.59813096732947	64.92100329143328	
966 KOKOMO STREET	99712	-147.60348577360617	64.90215954062593	
868 OLD STEESE HIGHWAY NORTH	99712	-147.60724460169072	64.89814028362302	
964 HIGHLAND STREET	99712	-147.60125994908793	64.902445438689	
481 DEEP FREEZE COURT	99712	-147.6026534822259	64.90247685711213	
521 HAGELBARGER AVENUE	99712	-147.6005057695529	64.90887936393172	
510 HAGELBARGER AVENUE	99712	-147.60014267348677	64.90947459566405	
555 CURRY STREET	99712	-147.59586461433167	64.9088627415336	
532 CURRY STREET	99712	-147.59790166396556	64.90879930224033	
535 HAGELBARGER AVENUE	99712	-147.5981867535213	64.90754790930511	
1200 HEATH AVENUE	99712	-147.60153322540143	64.91339376675951	
475 JADE STREET	99712	-147.60371036053542	64.91362020265834	
433 JADE STREET	99712	-147.60728716653446	64.91376716392357	
1201 SAIMA STREET	99712	-147.59965807791917	64.91353022549971	
376 HAGELBARGER AVENUE	99712	-147.61366511294702	64.9095947596218	
348 HAGELBARGER AVENUE	99712	-147.6165419895162	64.909686436652	
338 HAGELBARGER AVENUE	99712	-147.61808444007292	64.90947831416487	
1125 OLD STEESE HIGHWAY NORTH	99712	-147.6239667615121	64.90964594310374	
1149 OLD STEESE HIGHWAY NORTH	99712	-147.62213362650382	64.91058973813122	
1110 GILMORE TRAIL	99712	-147.58487053941894	64.90871708701798	
689 STEELE CREEK ROAD	99712	-147.58100855012054	64.90545962157341	
552 WINCH ROAD	99712	-147.59257491035703	64.92139487195517	
479 SUMMER AVENUE	99712	-147.60215742742378	64.90708760596667	
1251 RAYMOND AVENUE	99712	-147.60750821456497	64.91532349835991	
1202 SAIMA STREET	99712	-147.5989536050329	64.91428975168166	
320 TIPPERARY COURT	99712	-147.62721765131798	64.9017437370872	
459 JADE STREET	99712	-147.60535407258067	64.91327996360079	
591 ALBERTA STREET	99712	-147.59073497637053	64.91344913456224	
591 ALBERTA STREET	99712	-147.59069530815947	64.9134025533658	
989 BENNETT ROAD	99712	-147.5844152843515	64.90304063667612	
574 MOUNTVISTA DRIVE	99712	-147.5936044394503	64.89831391383001	
1068 OLD STEESE HIGHWAY NORTH	99712	-147.6171831818816	64.9048443761128	
513 STEELE CREEK ROAD	99712	-147.59713352469976	64.89992655827763	
644 WINCH ROAD	99712	-147.58359288561005	64.92171091349536	
1240 SUSIE Q STREET	99712	-147.5871101321555	64.91520083796792	
656 MORAN DRIVE	99712	-147.5812650834858	64.89846944035068	
946 KOKOMO STREET	99712	-147.6043044573037	64.90143460205823	
685 WINCH ROAD	99712	-147.5799463249067	64.92090066162235	
595 MOUNTVISTA DRIVE	99712	-147.5924203600955	64.89931963942952	
1159 BROADVIEW DRIVE	99712	-147.62857499132787	64.9109775793649	
260 BRIGHTON DRIVE	99712	-147.62843744768762	64.9046791572493	
566 ENGINEER CREEK COURT	99712	-147.60025413808705	64.92605672839187	
675 WINCH ROAD	99712	-147.58304013643922	64.9197266488028	
573 ENGINEER CREEK COURT	99712	-147.59764091991892	64.92597854427224	
1014 VERNAL STREET	99712	-147.60831321316962	64.90472818663434	
1014 VERNAL STREET	99712	-147.60821171961987	64.90469509732402	
1014 VERNAL STREET	99712	-147.60832235998828	64.90465686881868	
1014 VERNAL STREET	99712	-147.6082442760341	64.90462257747681	
600 WINCH ROAD	99712	-147.58879722906835	64.92226494433352	
600 WINCH ROAD	99712	-147.58672017826441	64.92172682025397	
600 WINCH ROAD	99712	-147.58799940881295	64.92171509412604	
1459 MCGRATH ROAD	99712	-147.623752528733	64.90853601896389	
505 DEEP FREEZE COURT	99712	-147.59948122100252	64.90269370817857	
934 HIGHLAND STREET	99712	-147.60162758622582	64.90109692988042	
1207 GILMORE TRAIL	99712	-147.58643600709846	64.91341346652672	
1051 OLD STEESE HIGHWAY NORTH	99712	-147.61439792833156	64.90389152951457	
1180 HEATH AVENUE	99712	-147.60172075847564	64.91288134844821	
753 GOLDSTREAK ROAD	99712	-147.60012113907294	64.93738808523638	
2064 MAUD LEE COURT	99712	-147.63346165658285	64.95152810383154	
2011 MAUD LEE COURT	99712	-147.6334504981988	64.94986577447776	
2031 MAUD LEE COURT	99712	-147.63257987522954	64.95018875744002	
702 GRUBSTAKE ROAD	99712	-147.58039915553928	64.9354114722682	
680 GRUBSTAKE ROAD	99712	-147.58156145016196	64.93484107356706	
661 GOLD MINE TRAIL	99712	-147.58439140838487	64.93447483302961	
613 GOLD MINE TRAIL	99712	-147.5879003878773	64.93286976694789	
605 GOLD MINE TRAIL	99712	-147.5892018470427	64.9324521337839	
620 GOLD MINE TRAIL	99712	-147.58864170571675	64.93374281515351	
682 GOLD VEIN ROAD	99712	-147.58341163870978	64.93325429770607	
660 GOLD VEIN ROAD	99712	-147.5849779182992	64.9328899620682	
616 HARDROCK ROAD	99712	-147.58766780283378	64.93191102211297	
651 GOLD VEIN ROAD	99712	-147.58539678776114	64.93160103682405	
565 GOLD MINE TRAIL	99712	-147.59442443138607	64.93145269590504	
535 GOLD MINE TRAIL	99712	-147.59653329341438	64.93130307743456	
1633 PAYDIRT ROAD	99712	-147.6035232014349	64.93089760397675	
1617 PAYDIRT ROAD	99712	-147.60165199582195	64.93054966271582	
1595 PAYDIRT ROAD	99712	-147.60016542170808	64.93042263611656	
465 GOLDSTREAK ROAD	99712	-147.6041644984718	64.9338287867992	
462 GOLDSTREAK ROAD	99712	-147.6057575164577	64.93448803753392	
1685 PENNYWEIGHT DRIVE	99712	-147.61012542954535	64.93469811530942	
636 HARDROCK ROAD	99712	-147.5851764266433	64.93099850692379	
693 TONSINA DRIVE	99712	-147.5803750394651	64.928610664786	
687 TONSINA DRIVE	99712	-147.5814251938186	64.9279588686978	
663 TONSINA DRIVE	99712	-147.58304076070405	64.92768610787513	
583 BULLION DRIVE	99712	-147.59182944253797	64.92910038902478	
569 BULLION DRIVE	99712	-147.5938225857946	64.92867377908074	
557 BULLION DRIVE	99712	-147.59447893245053	64.92884620605051	
541 BULLION DRIVE	99712	-147.59647803174343	64.92863054740236	
465 BULLION DRIVE	99712	-147.60454308323543	64.92928532807984	
451 BULLION DRIVE	99712	-147.60565316504068	64.92883100348999	
425 BULLION DRIVE	99712	-147.60859075876417	64.92936399869542	
454 BULLION DRIVE	99712	-147.6058742022699	64.92994396537749	
468 BULLION DRIVE	99712	-147.60492221877027	64.93045225322763	
482 BULLION DRIVE	99712	-147.60278013364916	64.93013757195956	
502 BULLION DRIVE	99712	-147.60143315632192	64.92995072462172	
1575 PAYDIRT ROAD	99712	-147.598202048804	64.92978382067032	
629 GOLD VEIN ROAD	99712	-147.5869720622726	64.93056309074916	
595 HARDROCK ROAD	99712	-147.59076935691604	64.93157256021766	
585 GOLD MINE TRAIL	99712	-147.59172980827458	64.93136934296558	
586 BULLION DRIVE	99712	-147.59169357074572	64.93021681734133	
548 GOLD MINE TRAIL	99712	-147.5957424236967	64.9325661778299	
1661 PENNYWEIGHT DRIVE	99712	-147.60851478020322	64.93372392085939	
492 GOLD MINE TRAIL	99712	-147.60211495110565	64.93211555060817	
468 GOLD MINE TRAIL	99712	-147.60414103535703	64.93220474936784	
434 GOLD MINE TRAIL	99712	-147.60798329377027	64.9324515518929	
1616 DREDGEVIEW DRIVE	99712	-147.60964525892356	64.93255099350178	
1638 DREDGEVIEW DRIVE	99712	-147.61071870680087	64.93315032891783	
1650 DREDGEVIEW DRIVE	99712	-147.6120891566622	64.93367918805569	
1664 DREDGEVIEW DRIVE	99712	-147.61299557375744	64.93418010321366	
1635 DREDGEVIEW DRIVE	99712	-147.6121743184621	64.93255621366899	
357 GOLD MINE TRAIL	99712	-147.61477305256025	64.9322624515732	
368 GOLD MINE TRAIL	99712	-147.61537640296018	64.93320768815465	
1648 GOLD POKE DRIVE	99712	-147.61737118712864	64.93346866379711	
1657 GOLD POKE DRIVE	99712	-147.61991084462633	64.93388231069241	
331 GOLD MINE TRAIL	99712	-147.61882261134198	64.9326837174865	
1669 PENNYWEIGHT DRIVE	99712	-147.60982094171638	64.93422835171464	
649 GRUBSTAKE ROAD	99712	-147.58390505573297	64.93380012888267	
625 GOLD MINE TRAIL	99712	-147.58643536806588	64.93345448022589	
590 GOLD MINE TRAIL	99712	-147.5915665254688	64.9325328428018	
694 GOLD VEIN ROAD	99712	-147.58049652966676	64.93350641379718	
693 GOLD VEIN ROAD	99712	-147.58003547138108	64.93263849778432	
675 GOLD VEIN ROAD	99712	-147.58227277863185	64.93236678423546	
676 BULLION DRIVE	99712	-147.5813141958522	64.92986866370629	
668 BULLION DRIVE	99712	-147.58309995258531	64.92964184156854	
671 BULLION DRIVE	99712	-147.5830389372948	64.92907573835491	
436 BULLION DRIVE	99712	-147.6075940959576	64.9299039423281	
630 BULLION DRIVE	99712	-147.5866021671261	64.9296278621336	
611 GOLD VEIN ROAD	99712	-147.58871685364954	64.9298404469072	
616 GOLD VEIN ROAD	99712	-147.5898979966952	64.93050056732459	
560 BULLION DRIVE	99712	-147.59451007704985	64.93017866916067	
1600 PAYDIRT ROAD	99712	-147.59862433063606	64.93080931324235	
1626 PAYDIRT ROAD	99712	-147.6012882974383	64.931279362481	
1670 PENNYWEIGHT DRIVE	99712	-147.6071151641462	64.93452160375092	
1680 PENNYWEIGHT DRIVE	99712	-147.60812853401808	64.9349758857968	
1697 PENNYWEIGHT DRIVE	99712	-147.61063863080608	64.9352013896564	
1641 PENNYWEIGHT DRIVE	99712	-147.6062160043039	64.93326830273222	
1627 PENNYWEIGHT DRIVE	99712	-147.60457866423135	64.93296126289103	
1585 PENNYWEIGHT DRIVE	99712	-147.59965797833743	64.93217401050528	
433 GOLD MINE TRAIL	99712	-147.60840212554527	64.93156451967424	
435 GOLD MINE TRAIL	99712	-147.607226809759	64.93129170729291	
459 GOLD MINE TRAIL	99712	-147.6049550942059	64.93136216769707	
1696 DREDGEVIEW DRIVE	99712	-147.61376649562453	64.93541178746938	
1695 DREDGEVIEW DRIVE	99712	-147.61576989030038	64.93518535393616	
1681 DREDGEVIEW DRIVE	99712	-147.6152640879289	64.93467233229538	
1667 DREDGEVIEW DRIVE	99712	-147.61510864059304	64.9341319646904	
705 TONSINA DRIVE	99712	-147.57953825650975	64.92898407729186	
645 BULLION DRIVE	99712	-147.58472924772866	64.92881400315056	
635 BULLION DRIVE	99712	-147.58644272193342	64.92895546616016	
621 BULLION DRIVE	99712	-147.58856041297474	64.92897743627384	
607 BULLION DRIVE	99712	-147.5903587567456	64.92899625106384	
523 BULLION DRIVE	99712	-147.5990255765104	64.92882896767283	
493 BULLION DRIVE	99712	-147.60187746455517	64.92898821784271	
479 BULLION DRIVE	99712	-147.60361579814713	64.92915877054806	
415 BULLION DRIVE	99712	-147.61117032359547	64.92950382343406	
422 BULLION DRIVE	99712	-147.60867595127664	64.93056682255988	
1616 PENNYWEIGHT DRIVE	99712	-147.60197694850885	64.93346955839718	
1598 PENNYWEIGHT DRIVE	99712	-147.60025499255875	64.93296978441789	
1580 PENNYWEIGHT DRIVE	99712	-147.59811344051553	64.93272000032064	
1566 PENNYWEIGHT DRIVE	99712	-147.5969810040276	64.9325764169213	
1673 GOLD POKE DRIVE	99712	-147.62009379550764	64.93447492973479	
1695 GOLD POKE DRIVE	99712	-147.62098298792702	64.93523856281146	
290 BULLION DRIVE	99712	-147.61898340546142	64.93270871468128	
355 GOLD MINE TRAIL	99712	-147.61704319792747	64.93248334594584	
1670 GOLDBEARING COURT	99712	-147.62270366713716	64.93399327841183	
1682 GOLDBEARING COURT	99712	-147.62261360484138	64.93515139088593	
1688 GOLDBEARING COURT	99712	-147.62459649955574	64.93550155078215	
1896 STEESE HIGHWAY	99712	-147.63756949086445	64.94434621463034	
2002 OLD STEESE HIGHWAY NORTH	99712	-147.63986284936334	64.94750735515937	
1990 OLD STEESE HIGHWAY NORTH	99712	-147.64171751741304	64.9491858918681	
2018 OLD STEESE HIGHWAY NORTH	99712	-147.63885029906675	64.94910150203962	
1740 OLD STEESE HIGHWAY NORTH	99712	-147.6514077018722	64.93780131538598	
1731 OLD STEESE HIGHWAY NORTH	99712	-147.6530167116512	64.93678063336604	
1745 BEISTLINE LANE	99712	-147.66377600193127	64.93602186238562	
1759 OLD STEESE HIGHWAY NORTH	99712	-147.65755981526567	64.93770433678864	
2043 OLD STEESE HIGHWAY NORTH	99712	-147.6403483544552	64.95165323136467	
1680 OLD STEESE HIGHWAY	99712	-147.64559871210588	64.93500909998443	
1808 MEYERES ROAD	99712	-147.58491875702157	64.93881406311962	
1992 STEESE HIGHWAY	99712	-147.62817426291014	64.94859774744539	
349 YUBA COURT	99712	-147.66754660877643	64.94472164740314	
342 YUBA COURT	99712	-147.66631638374977	64.9454048931536	
2062 BETH COURT	99712	-147.63079488931095	64.95187166010659	
1661 STEESE HIGHWAY	99712	-147.6307901166934	64.9287286604905	
1890 STEESE HIGHWAY	99712	-147.63977794179914	64.94419680069845	
1980 STEESE HIGHWAY	99712	-147.62832961598644	64.94772168700153	
2000 STEESE HIGHWAY	99712	-147.6270626694395	64.94928232826958	
2110 STEESE HIGHWAY	99712	-147.61615045470214	64.953945998716	
1818 OLD STEESE HIGHWAY NORTH	99712	-147.65565544889634	64.94112357592702	
1854 OLD STEESE HIGHWAY NORTH	99712	-147.65439500789896	64.94226598240532	
1864 OLD STEESE HIGHWAY NORTH	99712	-147.65388182631173	64.94258780472381	
1866 OLD STEESE HIGHWAY NORTH	99712	-147.65323049617007	64.94282703725094	
175 GOLDSTREAM ROAD	99712	-147.6520402634258	64.94284231447544	
1944 OLD STEESE HIGHWAY NORTH	99712	-147.64476964487847	64.94562562817094	
1970 OLD STEESE HIGHWAY NORTH	99712	-147.64436820253417	64.94666886394677	
1971 DREDGE BUCKET ROAD	99712	-147.64922807816487	64.94794373489783	
1951 OLD STEESE HIGHWAY NORTH	99712	-147.64928172286537	64.9473244037262	
1937 OLD STEESE HIGHWAY NORTH	99712	-147.6505725673281	64.94641650061227	
1731 STEESE HIGHWAY	99712	-147.64547679222812	64.93798954298995	
1730 OLD STEESE HIGHWAY NORTH	99712	-147.65074341479504	64.93738847665388	
1780 OLD STEESE HIGHWAY NORTH	99712	-147.65359929892327	64.93882982133891	
130 GOLDSTREAM ROAD	99712	-147.64628736921577	64.9434229616666	
1741 BEISTLINE LANE	99712	-147.6631616885385	64.9362568729148	
1996 DREDGE BUCKET ROAD	99712	-147.6492768756882	64.94943432400109	
1991 DREDGE BUCKET ROAD	99712	-147.65024927557738	64.94934971037438	
1979 DREDGE BUCKET ROAD	99712	-147.6495693394922	64.94833246935912	
390 GOLDSTREAM ROAD	99712	-147.67142192437578	64.94736874829353	
350 GOLDSTREAM ROAD	99712	-147.669401269735	64.94723159122908	
284 GOLDSTREAM ROAD	99712	-147.66050154609042	64.94608805926873	
501 PROSPECTORS TRAIL	99712	-147.60315607079815	64.93462459482595	
567 GOLD MINE TRAIL	99712	-147.5930666525286	64.93111408969592	
1755 OLD STEESE HIGHWAY NORTH	99712	-147.65763645950747	64.93803528721331	
1676 GOLD POKE DRIVE	99712	-147.61813560760444	64.93466422958784	
2006 OLD STEESE HIGHWAY NORTH	99712	-147.6394483545965	64.9484089434101	
339 YUBA COURT	99712	-147.6658383095497	64.94457242769222	
400 COOPER STREET	99712	-147.6723998437363	64.94645245448994	
372 YUBA COURT	99712	-147.66895842815302	64.94621799624308	
675 GRUBSTAKE ROAD	99712	-147.58254077316545	64.93407370096986	
2059 BETH COURT	99712	-147.63102777616245	64.95032190170186	
2061 BETH COURT	99712	-147.63013445338547	64.95039580503143	
607 HARDROCK ROAD	99712	-147.58896706345	64.9311216185887	
1747 BEISTLINE LANE	99712	-147.6642332153821	64.93646692112036	
591 GOLDSTREAK ROAD	99712	-147.59066130972036	64.9359194434795	
593 GOLDSTREAK ROAD	99712	-147.59075697572507	64.93582886122618	
434 POLKADOT DRIVE	99712	-147.60795752850407	64.92811613136251	
319 BULLION DRIVE	99712	-147.619052184193	64.93101817803512	
309 BULLION DRIVE	99712	-147.62019411161384	64.93124741785718	
348 YUBA COURT	99712	-147.66800317340102	64.94564864693298	
440 POLKADOT DRIVE	99712	-147.60573632206848	64.92807484853134	
417 GOLD MINE TRAIL	99712	-147.61154161534432	64.93187477483063	
1803 OLD STEESE HIGHWAY NORTH	99712	-147.65977251727864	64.94126023530298	
363 YUBA COURT	99712	-147.66869431712158	64.94507548721614	
595 GOLDSTREAK ROAD	99712	-147.5908278790028	64.93583580120638	
160 GOLDSTREAM ROAD	99712	-147.64816457195997	64.94389730834165	
318 BULLION DRIVE	99712	-147.61711162520865	64.93163873179441	
565 PROSPECTORS TRAIL	99712	-147.594251848614	64.93351302667854	
410 BULLION DRIVE	99712	-147.61042321644697	64.93068305729287	
1613 PENNYWEIGHT DRIVE	99712	-147.60189722945495	64.93262383311645	
654 GOLD VEIN ROAD	99712	-147.58636655351526	64.93242182242126	
269 GOLD MINE TRAIL	99712	-147.62468166700745	64.93292665057719	
1671 STEESE HIGHWAY	99712	-147.63336501439215	64.92932577735351	
664 TONSINA DRIVE	99712	-147.5827005058661	64.92844652719049	
1970 STEESE HIGHWAY	99712	-147.63016017099082	64.94856929542397	
2111 OLD STEESE HIGHWAY NORTH	99712	-147.63043413085035	64.9544489062728	
2109 OLD STEESE HIGHWAY NORTH	99712	-147.63008693419494	64.95435150728201	
2113 OLD STEESE HIGHWAY NORTH	99712	-147.62992946124393	64.95394618406552	
2100 STEESE HIGHWAY	99712	-147.62090100260338	64.95141666873367	
2101 OLD STEESE HIGHWAY NORTH	99712	-147.63143811936095	64.95342755685444	
2047 OLD STEESE HIGHWAY NORTH	99712	-147.63899592614223	64.9513636468116	
2049 OLD STEESE HIGHWAY NORTH	99712	-147.63848550192202	64.95147912765486	
2051 OLD STEESE HIGHWAY NORTH	99712	-147.6380630278666	64.9520622499824	
2052 OLD STEESE HIGHWAY NORTH	99712	-147.63659411114872	64.95082567157192	
2095 KAYLEE LANE	99712	-147.62842119177273	64.95327913079245	
2101 KAYLEE LANE	99712	-147.62850840808144	64.95142323169146	
2077 KAYLEE LANE	99712	-147.62698386299436	64.9522317711768	
2055 KAYLEE LANE	99712	-147.62674544939108	64.95143389363425	
2022 STEESE HIGHWAY	99712	-147.62341923878267	64.95061355038985	
2065 OLD STEESE HIGHWAY NORTH	99712	-147.634652900569	64.95238279827741	
2057 OLD STEESE HIGHWAY NORTH	99712	-147.6354373390757	64.95232985738541	
2027 OLD STEESE HIGHWAY NORTH	99712	-147.64158040850006	64.95065169440538	
2037 OLD STEESE HIGHWAY NORTH	99712	-147.64076620596134	64.95086934342271	
2056 OLD STEESE HIGHWAY NORTH	99712	-147.6348299356414	64.95140304286878	
2098 OLD STEESE HIGHWAY NORTH	99712	-147.62950470916178	64.95227244147996	
2060 KAYLEE LANE	99712	-147.62497065852628	64.95199141477865	
2076 KAYLEE LANE	99712	-147.62554531005256	64.95296900753726	
2088 KAYLEE LANE	99712	-147.62638133224942	64.95326729681429	
2010 STEESE HIGHWAY	99712	-147.62566219916803	64.94870734062376	
425 GOLD MINE TRAIL	99712	-147.61046765510036	64.93165746679651	
2004 OLD STEESE HIGHWAY NORTH	99712	-147.6434495972393	64.94568227771445	
675 EAST SIDE DRIVE	99712	-147.583153112605	64.93789963240695	
690 EAST SIDE DRIVE	99712	-147.58144937013313	64.93899591528962	
710 EAST SIDE DRIVE	99712	-147.57945510985778	64.9389512038236	
690 HARDROCK ROAD	99712	-147.58123812597717	64.93168700989764	
657 TONSINA DRIVE	99712	-147.58810129356087	64.92781211181615	
325 BULLION DRIVE	99712	-147.61802753167024	64.93073009558645	
2063 BETH COURT	99712	-147.62979541635826	64.95131298929813	
2060 BETH COURT	99712	-147.63226208699524	64.95151127316554	
685 EAST SIDE DRIVE	99712	-147.58173892312396	64.93788153549383	
651 EAST SIDE DRIVE	99712	-147.58543395167595	64.93799139609416	
626 PROSPECTORS TRAIL	99712	-147.58801228876527	64.93518484039012	
604 PROSPECTORS TRAIL	99712	-147.5894680402209	64.93518732674006	
590 PROSPECTORS TRAIL	99712	-147.59119391019158	64.9347899405261	
631 PROSPECTORS TRAIL	99712	-147.58739144185722	64.93459051662404	
607 PROSPECTORS TRAIL	99712	-147.58829781354387	64.93429689781561	
1768 MEYERES ROAD	99712	-147.58539130508484	64.93678234335115	
655 GOLDSTREAK ROAD	99712	-147.5900514263095	64.9387615918087	
681 GOLDSTREAK ROAD	99712	-147.59337622623394	64.93879018211005	
652 GOLDSTREAK ROAD	99712	-147.59203958919326	64.93788368853129	
610 GOLDSTREAK ROAD	99712	-147.59215905637635	64.93657429023587	
802 GOLDSTREAK ROAD	99712	-147.59521035927023	64.93624648829179	
765 GOLDSTREAK ROAD	99712	-147.59980175180524	64.9367192011763	
791 GOLDSTREAK ROAD	99712	-147.59782841369923	64.93607370669127	
575 GOLDSTREAK ROAD	99712	-147.59320011439056	64.93509936038068	
557 GOLDSTREAK ROAD	99712	-147.59428683964998	64.93471205780794	
537 GOLDSTREAK ROAD	99712	-147.59632227206887	64.9345585021978	
536 GOLDSTREAK ROAD	99712	-147.5973109337307	64.93525471382739	
489 GOLDSTREAK ROAD	99712	-147.60195981999007	64.93403112399425	
519 PROSPECTORS TRAIL	99712	-147.59991703689957	64.93413824049217	
523 PROSPECTORS TRAIL	99712	-147.5986924425351	64.93409279663443	
539 PROSPECTORS TRAIL	99712	-147.59713029916497	64.93378970504496	
522 GOLDSTREAK ROAD	99712	-147.59887185930333	64.9351764311631	
500 PROSPECTORS TRAIL	99712	-147.60028915288444	64.93520274728797	
488 PROSPECTORS TRAIL	99712	-147.60222154699466	64.93537349731118	
469 PROSPECTORS TRAIL	99712	-147.60489153226743	64.93525350637846	
670 EAST SIDE DRIVE	99712	-147.5830667436049	64.93876069476501	
650 EAST SIDE DRIVE	99712	-147.5850276693217	64.93874102946761	
708 GOLD MINE TRAIL	99712	-147.5814580512136	64.93720477553033	
700 GOLD MINE TRAIL	99712	-147.58244157994002	64.93681911907541	
690 GOLD MINE TRAIL	99712	-147.58314371303294	64.93616760582374	
642 PROSPECTORS TRAIL	99712	-147.58570844119458	64.93534365630798	
589 PROSPECTORS TRAIL	99712	-147.59136378284845	64.93395342066039	
1791 MEYERES ROAD	99712	-147.58754209169678	64.93849507811957	
1771 MEYERES ROAD	99712	-147.5875101303512	64.93757581370834	
1735 MEYERES ROAD	99712	-147.58959966697142	64.93688293639012	
647 GOLDSTREAK ROAD	99712	-147.58957058145083	64.93799960291061	
1748 OVERSITE COURT	99712	-147.59398662870973	64.93761336956153	
1751 OVERSITE COURT	99712	-147.59612796565546	64.93777140159308	
715 GOLDSTREAK ROAD	99712	-147.59655359978154	64.93866938084619	
727 GOLDSTREAK ROAD	99712	-147.5979365775906	64.93866101513474	
741 GOLDSTREAK ROAD	99712	-147.5994228951376	64.93826155547356	
770 GOLDSTREAK ROAD	99712	-147.597779446325	64.93694506256752	
746 GOLDSTREAK ROAD	99712	-147.59751271665456	64.93772514340714	
809 GOLDSTREAK ROAD	99712	-147.5953056716681	64.9354197566169	
551 PROSPECTORS TRAIL	99712	-147.59578084651068	64.93356299631738	
1517 BIRCH HOLLOW COURT	99712	-147.65052678274637	64.92673290040653	
818 GOLDSTREAK ROAD	99712	-147.59362771503527	64.9360093284817	
527 GOLD MINE TRAIL	99712	-147.59837695217033	64.93125556339287	
300 GOLD MINE TRAIL	99712	-147.6213394599967	64.93382455321382	
324 YUBA COURT	99712	-147.66496767681556	64.94502266136405	
215 MCKERSEY COURT	99712	-147.63040479229412	64.94617372907634	
220 MCKERSEY COURT	99712	-147.62982249822602	64.94676997254093	
520 POLKADOT DRIVE	99712	-147.59818355933368	64.92760208963074	
1518 BIRCH HOLLOW COURT	99712	-147.64785384371893	64.92764243103349	
364 BULLION DRIVE	99712	-147.61408474965216	64.93102109380554	
323 YUBA COURT	99712	-147.6644948485634	64.94447714880921	
1943 OLD STEESE HIGHWAY NORTH	99712	-147.65328094997028	64.94857780655626	
1900 OLD STEESE HIGHWAY NORTH	99712	-147.65114483586214	64.94390569831131	
285 BULLION DRIVE	99712	-147.62265752178678	64.93266436666407	
2061 MAUD LEE COURT	99712	-147.63404740764437	64.95117971094132	
2022 MAUD LEE COURT	99712	-147.63242978351562	64.94986706017113	
367 BULLION DRIVE	99712	-147.6145514801672	64.92989869884529	
480 POLKADOT DRIVE	99712	-147.60340415482972	64.9275737798014	
711 EAST SIDE DRIVE	99712	-147.57983348872983	64.93799761155576	
564 POLKADOT DRIVE	99712	-147.59383649568625	64.92797794450763	
1488 CONSTANCE COURT	99712	-147.65214568834753	64.92624593860786	
1921 BETHLEHEM STREET	99712	-147.67483233254262	64.94193762447367	
179 SKYRIDGE DRIVE	99712	-147.65226400716588	64.92707072348614	
1925 OLD STEESE HIGHWAY NORTH	99712	-147.65498008970025	64.94833606503093	
536 POLKADOT DRIVE	99712	-147.59657808053205	64.92779587070373	
550 POLKADOT DRIVE	99712	-147.59556889543867	64.92792813396932	
1665 DREDGEVIEW DRIVE	99712	-147.61352599582864	64.93324143282209	
2057 KAYLEE LANE	99712	-147.62551601415194	64.95309175440596	
172 SKYRIDGE DRIVE	99712	-147.6511499617058	64.92813763554315	
1921 OLD STEESE HIGHWAY NORTH	99712	-147.65379790414292	64.94616399301958	
695 GRUBSTAKE ROAD	99712	-147.58067774033262	64.93427930867546	
1525 BIRCH HOLLOW COURT	99712	-147.65124150352622	64.92723930373867	
1930 STEESE HIGHWAY	99712	-147.63908825628798	64.94449563999021	
297 BULLION DRIVE	99712	-147.62089844529956	64.93184429733604	
297 BULLION DRIVE	99712	-147.62093923286108	64.93188892352	
390 BULLION DRIVE	99712	-147.61272099822727	64.93104518723901	
586 POLKADOT DRIVE	99712	-147.59064469804386	64.9280446501299	
1750 MEYERES ROAD	99712	-147.58851990496277	64.93617337502316	
2016 MAUD LEE COURT	99712	-147.63270705330544	64.94935125949455	
665 GOLDSTREAK ROAD	99712	-147.59199908590136	64.93892560170451	
286 GOLDSTREAM ROAD	99712	-147.66131702306606	64.94656472680033	
1566 PAYDIRT ROAD	99712	-147.59567827309934	64.93035355846175	
1653 PENNYWEIGHT DRIVE	99712	-147.60732934650233	64.9334531934546	
2001 CONVEYOR STREET	99712	-147.63718433418393	64.94840299470573	
500 POLKADOT DRIVE	99712	-147.60108270577163	64.92762355818334	
786 GOLDSTREAK ROAD	99712	-147.59592178635498	64.93660886268589	
461 POLKADOT DRIVE	99712	-147.60542374632936	64.92699765762451	
580 POLKADOT DRIVE	99712	-147.59193782628037	64.92813476693983	
569 ENGINEER CREEK COURT	99712	-147.59896986822008	64.92627390753266	
1920 POAGE LANE	99712	-147.672392884734	64.94518667028052	
1525 GOLD DIGGER LANE	99712	-147.59264845669668	64.9263216019322	
1900 BETHLEHEM STREET	99712	-147.6689334990109	64.94386537114535	
583 POLKADOT DRIVE	99712	-147.59164562010494	64.92717736080752	
350 GOLDSTREAM ROAD	99712	-147.6708020557382	64.9476413264469	
350 GOLDSTREAM ROAD	99712	-147.6692474997299	64.94763974188885	
350 GOLDSTREAM ROAD	99712	-147.66740349080706	64.94759389816885	
350 GOLDSTREAM ROAD	99712	-147.66991954892347	64.94699408552326	
1501 CONSTANCE COURT	99709	-147.6536712659041	64.92677763245976	
1481 CONSTANCE COURT	99709	-147.65538508593747	64.92632454268738	
475 POLKADOT DRIVE	99712	-147.60350465767954	64.92679685888571	
2004 MAUD LEE COURT	99712	-147.63379518924432	64.94904924298542	
158 SKYRIDGE DRIVE	99712	-147.6496137440562	64.92918021266574	
1716 BLUE YONDER DRIVE	99712	-147.6333660680207	64.93668055905049	
1711 BLUE YONDER DRIVE	99712	-147.63531512830926	64.93618629583679	
1750 BLUE YONDER DRIVE	99712	-147.63357513048834	64.93823879870794	
1506 BIRCH HOLLOW COURT	99712	-147.6482252053852	64.92691093233049	
541 POLKADOT DRIVE	99712	-147.59495909596836	64.92710457728063	
564 ENGINEER CREEK COURT	99712	-147.59644978550145	64.92687446999982	
218 GOLD MINE TRAIL	99712	-147.63243019714386	64.9359186839627	
391 COOPER STREET	99712	-147.67148227216387	64.94493744005577	
1240 VIOLET DRIVE	99712	-147.552003038437	64.91503139677178	
805 BIRCH KNOLL ROAD	99712	-147.56582277686715	64.89815363296573	
732 BULLION DRIVE	99712	-147.57544525013844	64.93012668662107	
714 BULLION DRIVE	99712	-147.57881080284764	64.93000269729899	
700 WINCH ROAD	99712	-147.5791777427727	64.92158038076893	
1290 MAYA LANE	99712	-147.55949062791979	64.91713942172404	
1260 FERBERITE COURT	99712	-147.50142215231602	64.90950124988734	
1470 HELENKA DRIVE	99712	-147.4975414545119	64.9002978732741	
731 GRUBSTAKE ROAD	99712	-147.5758816335942	64.93437090077336	
740 GOLD VEIN ROAD	99712	-147.57686796652646	64.93397353141796	
735 GOLD VEIN ROAD	99712	-147.57656624480333	64.93265032346214	
730 WINCH ROAD	99712	-147.57639970344883	64.92156922108825	
740 WINCH ROAD	99712	-147.57711426213072	64.92262127116257	
748 WINCH ROAD	99712	-147.57565715528867	64.92374714597113	
1224 GILMORE TRAIL	99712	-147.57906662773914	64.91498733450773	
1230 GILMORE TRAIL	99712	-147.57818734542974	64.91517383789373	
1240 GILMORE TRAIL	99712	-147.57691983270945	64.91565494217357	
1235 GILMORE TRAIL	99712	-147.57870136757208	64.91637894124617	
1216 BEMIS COURT	99712	-147.52468122458157	64.90305483258864	
940 FITZ COURT	99712	-147.5293100531003	64.90171199486095	
974 FITZ COURT	99712	-147.53100158192737	64.90280898381013	
905 FITZ COURT	99712	-147.527402864614	64.8999424539333	
902 STIMPLE COURT	99712	-147.52921789441857	64.89995703537416	
916 STIMPLE COURT	99712	-147.5302885819359	64.90041508329594	
924 STIMPLE COURT	99712	-147.53105122301073	64.90079493732999	
936 NORTHERN LIGHTS DRIVE	99712	-147.53383945052215	64.90101525057582	
950 NORTHERN LIGHTS DRIVE	99712	-147.53372964812073	64.90160733590992	
961 NORTHERN LIGHTS DRIVE	99712	-147.5347260755281	64.90241463237741	
938 STRAWBERRY ROAD	99712	-147.536772643862	64.90123594714197	
1230 STEELE CREEK ROAD	99712	-147.5208327328901	64.89933315487876	
1240 STEELE CREEK ROAD	99712	-147.52224030898162	64.89893236875756	
1280 LINZ DRIVE	99712	-147.5165885779211	64.904509620945	
1268 LINZ DRIVE	99712	-147.51803729002603	64.9060387813522	
1260 LINZ DRIVE	99712	-147.51940761637866	64.9065114931816	
1212 SAINT ANTON DRIVE	99712	-147.52448212348372	64.90442869706705	
1192 SAINT ANTON DRIVE	99712	-147.52553739033533	64.9055417440644	
1229 SAINT ANTON DRIVE	99712	-147.5218583454775	64.90357249122641	
1215 SAINT ANTON DRIVE	99712	-147.52466171824716	64.903734993421	
1153 ATHASIA COURT	99712	-147.53154540832895	64.90470606495938	
1156 ATHASIA COURT	99712	-147.5295083016208	64.9043185966665	
1045 TRIANON DRIVE	99712	-147.530190013561	64.90552901924303	
1213 BEMIS COURT	99712	-147.52474273379423	64.90220837437434	
949 TRIANON DRIVE	99712	-147.52798946120362	64.90177697562476	
937 TRIANON DRIVE	99712	-147.52707087648292	64.90140267075223	
1208 GRAZ AVENUE	99712	-147.5254880665954	64.90716055151177	
1195 POWELLITE DRIVE	99712	-147.51478710503878	64.91334575120294	
895 BENNETT ROAD	99712	-147.57174571955446	64.89893272149484	
816 BIRCH KNOLL ROAD	99712	-147.56928897699964	64.89890622907356	
900 BENNETT ROAD	99712	-147.57029794441067	64.89924363447635	
912 BENNETT ROAD	99712	-147.56902509354197	64.90002176434233	
1040 STOLZITE COURT	99712	-147.50829214625992	64.91548032391933	
1240 POWELLITE DRIVE	99712	-147.50447817813745	64.91516940973175	
1230 POWELLITE DRIVE	99712	-147.50966520461742	64.91354710226977	
1200 POWELLITE DRIVE	99712	-147.51107572738294	64.913054427476	
1100 TUNGSTEN TRAIL	99712	-147.50792330915704	64.90774157808771	
1085 TUNGSTEN TRAIL	99712	-147.51124830089665	64.907465996467	
1488 TUNGSTEN TRAIL	99712	-147.51169002435137	64.91980400943655	
954 STRAWBERRY ROAD	99712	-147.5370933739709	64.90173729993533	
945 STRAWBERRY ROAD	99712	-147.53836023814088	64.90147847133672	
1087 STEELE CREEK ROAD	99712	-147.53951510161053	64.90001279029481	
1083 STEELE CREEK ROAD	99712	-147.54029701889044	64.90022798406461	
928 EASTWOOD LANE	99712	-147.54085192450438	64.90052071939627	
936 EASTWOOD LANE	99712	-147.54073188852922	64.90103493703322	
1062 STEELE CREEK ROAD	99712	-147.53922507444986	64.90274075664102	
1125 POWELLITE DRIVE	99712	-147.51165887198798	64.9100042403758	
1165 POWELLITE DRIVE	99712	-147.5141749772661	64.9120145294407	
799 DUCKWOOD COURT	99712	-147.56929188701972	64.90352600227526	
1045 WOODVIEW DRIVE	99712	-147.561059915199	64.90662581496238	
1118 WOODVIEW DRIVE	99712	-147.55158396415686	64.90939710440873	
1100 WOODVIEW DRIVE	99712	-147.55378112395698	64.90864138137624	
1080 WOODVIEW DRIVE	99712	-147.5546780611236	64.9079173069699	
1031 NORTHWOOD LANE	99712	-147.55369025523814	64.90577850647588	
877 SPUDWOOD ROAD	99712	-147.56070590893148	64.90380027879159	
893 SPUDWOOD ROAD	99712	-147.55912629343587	64.90419639650638	
808 SPUDWOOD ROAD	99712	-147.56717261717873	64.90661920106275	
790 SPUDWOOD ROAD	99712	-147.57029179603634	64.90662152114868	
774 SPUDWOOD ROAD	99712	-147.57264508987262	64.90641450140623	
766 SPUDWOOD ROAD	99712	-147.5741566788907	64.90633427788846	
737 SPUDWOOD ROAD	99712	-147.57262202341948	64.90430594514865	
751 SPUDWOOD ROAD	99712	-147.57200646145662	64.90461289372129	
765 SPUDWOOD ROAD	99712	-147.57174102496293	64.90541045717876	
789 STEELE CREEK ROAD	99712	-147.57083246964027	64.90710461040798	
780 STEELE CREEK ROAD	99712	-147.57479127017803	64.90959775163515	
830 STEELE CREEK ROAD	99712	-147.56359390953318	64.90717119460217	
840 STEELE CREEK ROAD	99712	-147.56440382605547	64.90654314120279	
1013 STEELE CREEK ROAD	99712	-147.54502375695355	64.90377392577484	
1021 STEELE CREEK ROAD	99712	-147.54502354703232	64.90341323498193	
1031 STEELE CREEK ROAD	99712	-147.5437291718633	64.90256805459923	
1041 STEELE CREEK ROAD	99712	-147.5424599058247	64.90335803576754	
774 REDPOLL LANE	99712	-147.57186241792655	64.91406349920575	
841 REDPOLL LANE	99712	-147.56362119638771	64.90982738977054	
865 REDPOLL LANE	99712	-147.5615857745353	64.90955766267028	
862 REDPOLL LANE	99712	-147.55994535446374	64.91113683410902	
1121 TUFFY ROAD	99712	-147.5703936661696	64.91001923378401	
1110 VIOLET DRIVE	99712	-147.5573234042559	64.90932022051784	
1137 VIOLET DRIVE	99712	-147.55786835277095	64.91006366789041	
1049 NORTHWOOD LANE	99712	-147.55401774470837	64.90641240371241	
1080 TYROL STREET	99712	-147.52299533063248	64.9078765914522	
1133 TYROL STREET	99712	-147.5252396153341	64.91020530360169	
1119 TYROL STREET	99712	-147.52533352136734	64.90957634778766	
1105 TYROL STREET	99712	-147.52519971492083	64.90892045762924	
1083 TYROL STREET	99712	-147.52532928676325	64.90777193318989	
1195 TRIANON DRIVE	99712	-147.5345798834539	64.911756189361	
1067 NORTHWOOD LANE	99712	-147.55277143668033	64.90726467852171	
1091 NORTHWOOD LANE	99712	-147.55213630641188	64.90819474306399	
1070 NORTHWOOD LANE	99712	-147.55081609024703	64.90718490556546	
1072 NORTHWOOD LANE	99712	-147.55011674076218	64.90732745110951	
1100 NORTHWOOD LANE	99712	-147.5497195041164	64.90805451933193	
1117 SOUTHWOOD LANE	99712	-147.54708606900948	64.90901098427783	
1089 SOUTHWOOD LANE	99712	-147.54801092154986	64.90797949830946	
1100 SOUTHWOOD LANE	99712	-147.54610994921885	64.90845774346919	
1051 EASTWOOD LANE	99712	-147.54179057632257	64.90646131634976	
1067 EASTWOOD LANE	99712	-147.54221400340361	64.9073395028525	
1094 EASTWOOD LANE	99712	-147.5405172596116	64.90901863796454	
1062 EASTWOOD LANE	99712	-147.54040188426706	64.90690766011095	
1050 EASTWOOD LANE	99712	-147.5406677620165	64.90639634136893	
1060 EASTWOOD LANE	99712	-147.53826661387671	64.90630398335652	
1126 ERIMAR STREET	99712	-147.53496478253177	64.90981338940293	
1093 GARRISON WAY	99712	-147.53364484483384	64.90822026333979	
1111 GARRISON WAY	99712	-147.53377678693585	64.90924104206348	
1083 TRIANON DRIVE	99712	-147.52931484978023	64.90796552971278	
1093 TRIANON DRIVE	99712	-147.52925033910032	64.90840777419825	
1105 TRIANON DRIVE	99712	-147.52964202095117	64.90895833095752	
1121 TRIANON DRIVE	99712	-147.53003957280043	64.9094145280517	
1118 TRIANON DRIVE	99712	-147.5274598408929	64.90936769065792	
1128 TRIANON DRIVE	99712	-147.527887050741	64.91007993536813	
1070 TYROL STREET	99712	-147.5237475369357	64.90718585055772	
1190 TRIANON DRIVE	99712	-147.5338179539291	64.9124609785133	
1180 DEREMER COURT	99712	-147.5291935284723	64.91275234292874	
1140 DEREMER COURT	99712	-147.52846040668257	64.91069028107805	
1314 GREAT VIEW LANE	99712	-147.53081671927504	64.91734303559818	
1250 GREAT VIEW LANE	99712	-147.53163807214904	64.91506061143392	
1285 GREAT VIEW LANE	99712	-147.53310959966953	64.91627780701924	
1311 GREAT VIEW LANE	99712	-147.5349408981262	64.91738036926307	
1335 GREAT VIEW LANE	99712	-147.53621758718742	64.9183450678434	
1370 GREAT VIEW LANE	99712	-147.53647872120064	64.92098199336583	
1359 GREAT VIEW LANE	99712	-147.53924058359888	64.92030992623286	
1379 GREAT VIEW LANE	99712	-147.54039792635083	64.92079851303208	
1185 SATTLEY DRIVE	99712	-147.52694507811523	64.9208017987369	
1054 DAISY DRIVE	99712	-147.5422574637096	64.9197007559874	
1064 DAISY DRIVE	99712	-147.54068709582398	64.9195223444534	
1009 DAISY DRIVE	99712	-147.54757002536365	64.9185883967865	
1397 GREAT VIEW LANE	99712	-147.54373372265363	64.92090024594799	
952 DEREK DRIVE	99712	-147.55199455770213	64.91928829857382	
966 DAISY DRIVE	99712	-147.54965361953748	64.91898369095193	
1150 ERIMAR STREET	99712	-147.53603098718648	64.91105219131636	
1585 PLACER DRIVE	99712	-147.55887585454204	64.93055327472813	
795 RAMPAGE COURT	99712	-147.57074512056687	64.93082948832254	
1385 GILMORE TRAIL	99712	-147.55479053266916	64.92149230172411	
736 FABIAN DRIVE	99712	-147.57604621559327	64.8983103324759	
962 BENNETT ROAD	99712	-147.57728729114615	64.90271741624602	
1214 GILMORE TRAIL	99712	-147.5786650342541	64.9137060328456	
1268 SAINT ANTON DRIVE	99712	-147.52162854207225	64.90638408003848	
1228 SAINT ANTON DRIVE	99712	-147.52343435034848	64.90449474769527	
1255 SAINT ANTON DRIVE	99712	-147.52052187495087	64.90563159605641	
1273 LINZ DRIVE	99712	-147.51915583578855	64.9047451914007	
1187 STEELE CREEK ROAD	99712	-147.52746237356558	64.89915825014154	
1193 STEELE CREEK ROAD	99712	-147.5287091265132	64.89884335836166	
1211 STEELE CREEK ROAD	99712	-147.5255093788877	64.89921249377223	
877 SPUDBERRY LANE	99712	-147.5258975637013	64.89846937968474	
981 JUNIPER DRIVE	99712	-147.51048731260005	64.90235154960138	
1310 LINZ DRIVE	99712	-147.51510728416682	64.90333443263481	
1285 LINZ DRIVE	99712	-147.51865858498496	64.90348274259308	
919 STRAWBERRY ROAD	99712	-147.53773698431718	64.90039338171438	
1095 STEELE CREEK ROAD	99712	-147.53821259740718	64.89982310120575	
1093 STEELE CREEK ROAD	99712	-147.53846702243303	64.89982331659404	
1089 STEELE CREEK ROAD	99712	-147.5392711738814	64.89999535264371	
1059 STEELE CREEK ROAD	99712	-147.5426125818963	64.90001527101447	
1091 POWELLITE DRIVE	99712	-147.51637839892064	64.90801380533175	
1243 SAINT ANTON DRIVE	99712	-147.52049708830978	64.90466280965822	
998 TRIANON DRIVE	99712	-147.5269823564349	64.90403472172723	
985 TRIANON DRIVE	99712	-147.52954630047319	64.90356153510922	
1157 ATHASIA COURT	99712	-147.53044068595057	64.90385707242031	
1055 TRIANON DRIVE	99712	-147.5305585662456	64.90631577096953	
1199 GRAZ AVENUE	99712	-147.5261826657037	64.9064986994473	
1215 GRAZ AVENUE	99712	-147.52529528699765	64.90623244691734	
1197 BEMIS COURT	99712	-147.5260684150594	64.90221285523134	
1192 BEMIS COURT	99712	-147.5269874102148	64.90298279387324	
959 TRIANON DRIVE	99712	-147.5290957358687	64.90227491603041	
902 FITZ COURT	99712	-147.5254209169493	64.89993942775797	
914 FITZ COURT	99712	-147.5263908113314	64.90038325301288	
922 FITZ COURT	99712	-147.52750449520852	64.90085892773196	
930 FITZ COURT	99712	-147.5281217410027	64.90116221275147	
957 FITZ COURT	99712	-147.5320064746134	64.90213275810346	
945 FITZ COURT	99712	-147.53156635027418	64.90163510280388	
925 FITZ COURT	99712	-147.5290115831151	64.90063339514208	
928 STIMPLE COURT	99712	-147.53221238927486	64.90130514867569	
919 STIMPLE COURT	99712	-147.53227502080316	64.90038261481376	
918 NORTHERN LIGHTS DRIVE	99712	-147.53351430808416	64.90050761933728	
937 NORTHERN LIGHTS DRIVE	99712	-147.5352650771895	64.90123384422738	
911 NORTHERN LIGHTS DRIVE	99712	-147.5344736623641	64.90009831225272	
904 STRAWBERRY ROAD	99712	-147.5360159705016	64.90008266442035	
740 SPUDWOOD ROAD	99712	-147.57426339433283	64.90427246189407	
726 SPUDWOOD ROAD	99712	-147.57385892596324	64.90330565855831	
723 SPUDWOOD ROAD	99712	-147.57219187870473	64.90360112690736	
802 DUCKWOOD COURT	99712	-147.56999814951425	64.90430743673002	
749 STEELE CREEK ROAD	99712	-147.57437499597097	64.90726621278513	
1065 STOLZITE COURT	99712	-147.51149310560558	64.91525006709723	
1072 STOLZITE COURT	99712	-147.51288875044935	64.91623992529746	
1150 POWELLITE DRIVE	99712	-147.51016768268371	64.91139829262849	
1199 TUNGSTEN TRAIL	99712	-147.50717304157064	64.90987345257932	
1125 TUNGSTEN TRAIL	99712	-147.5090738624491	64.91002154581453	
1101 TUNGSTEN TRAIL	99712	-147.50994573932857	64.90887600423002	
1515 TUNGSTEN TRAIL	99712	-147.51146893711925	64.9210769420537	
811 BIRCH KNOLL ROAD	99712	-147.56789803924107	64.89819893938875	
928 BENNETT ROAD	99712	-147.57032386223074	64.90072504457595	
948 BENNETT ROAD	99712	-147.5745470442668	64.90180784903815	
940 BENNETT ROAD	99712	-147.57142577435818	64.90158004858458	
864 SPUDWOOD ROAD	99712	-147.56199007749294	64.90481339654241	
836 SPUDWOOD ROAD	99712	-147.56466520915325	64.90536367318406	
820 SPUDWOOD ROAD	99712	-147.56596313868067	64.90616979011884	
750 SPUDWOOD ROAD	99712	-147.57468647618322	64.90491368035322	
769 STEELE CREEK ROAD	99712	-147.57281584763027	64.90758285453188	
999 EASTWOOD LANE	99712	-147.5419978906322	64.90427875283285	
1015 EASTWOOD LANE	99712	-147.54260568759554	64.90464840338002	
1025 EASTWOOD LANE	99712	-147.54215944781532	64.90534157688171	
1037 EASTWOOD LANE	99712	-147.5421561556825	64.90568352362439	
1099 EASTWOOD LANE	99712	-147.54259679657233	64.90864488516895	
900 STEELE CREEK ROAD	99712	-147.55786016975813	64.90549281220883	
943 STEELE CREEK ROAD	99712	-147.5560872040756	64.9037516205139	
962 STEELE CREEK ROAD	99712	-147.55135555476394	64.90572830919707	
791 REDPOLL LANE	99712	-147.57018648915107	64.9117014849965	
811 REDPOLL LANE	99712	-147.56778679221037	64.91153305672904	
814 REDPOLL LANE	99712	-147.56394303511289	64.91143657864731	
820 REDPOLL LANE	99712	-147.56392368637387	64.91326184153436	
824 REDPOLL LANE	99712	-147.5658418886007	64.91073248715506	
1120 FORGET ME NOT LANE	99712	-147.5680398314972	64.90978109210788	
1073 VIOLET DRIVE	99712	-147.56637753548657	64.90909348907806	
1089 VIOLET DRIVE	99712	-147.56476695176934	64.90890583426784	
1095 VIOLET DRIVE	99712	-147.56367726890812	64.90880864139189	
1129 WOODVIEW DRIVE	99712	-147.55289088029534	64.91006177754659	
1115 WOODVIEW DRIVE	99712	-147.5549701218598	64.90925481496798	
1068 WOODVIEW DRIVE	99712	-147.55561644626715	64.9071531460489	
1056 WOODVIEW DRIVE	99712	-147.55628848792045	64.90658571469085	
1048 WOODVIEW DRIVE	99712	-147.55837396046445	64.90617860865493	
1042 WOODVIEW DRIVE	99712	-147.56048484185902	64.9057355407379	
1103 NORTHWOOD LANE	99712	-147.55059122036985	64.9088801196142	
1119 NORTHWOOD LANE	99712	-147.54848563294942	64.90970792504845	
1135 NORTHWOOD LANE	99712	-147.54781817444538	64.91012263093533	
1049 SOUTHWOOD LANE	99712	-147.54914490816552	64.90652556354057	
1025 SOUTHWOOD LANE	99712	-147.54746827489924	64.90541787688916	
1038 SOUTHWOOD LANE	99712	-147.5452800464933	64.9058256827681	
1113 EASTWOOD LANE	99712	-147.5420115768106	64.90917546672821	
1216 TRIANON DRIVE	99712	-147.53466779287086	64.91315693692341	
1234 TRIANON DRIVE	99712	-147.53432048807258	64.91377428859028	
1200 DEREMER COURT	99712	-147.53052934458643	64.9138309476674	
1175 DEREMER COURT	99712	-147.53160048663676	64.91240299950708	
1195 DEREMER COURT	99712	-147.53259739440634	64.91378208665041	
1220 GREAT VIEW LANE	99712	-147.52747471796857	64.91513330077044	
1135 EASTWOOD LANE	99712	-147.5429258100466	64.91009644119595	
1132 EASTWOOD LANE	99712	-147.54005501452218	64.91006230290506	
1120 EASTWOOD LANE	99712	-147.53940796961	64.90956597888044	
1018 EASTWOOD LANE	99712	-147.53851783158305	64.90463829319248	
996 EASTWOOD LANE	99712	-147.5399273648183	64.90385660422506	
1041 GARRISON WAY	99712	-147.53333756988636	64.90601786110045	
1131 ERIMAR STREET	99712	-147.53668259500074	64.91024802226026	
1140 ERIMAR STREET	99712	-147.53502540926	64.91039525536719	
1145 GARRISON WAY	99712	-147.53372933013674	64.91074578611553	
1065 GARRISON WAY	99712	-147.5336731945601	64.90726848821932	
1075 TRIANON DRIVE	99712	-147.52919786888177	64.90755811956888	
1190 GRAZ AVENUE	99712	-147.52758395748123	64.90723802545017	
1082 TRIANON DRIVE	99712	-147.52772170318337	64.90780363874735	
1094 TRIANON DRIVE	99712	-147.5273719110554	64.9082670974621	
1106 TRIANON DRIVE	99712	-147.5272495879809	64.90872799735176	
1096 TYROL STREET	99712	-147.52368318323684	64.90841792142487	
1108 TYROL STREET	99712	-147.52359314459864	64.90904134903857	
1120 TYROL STREET	99712	-147.52307425370222	64.9095534734065	
1132 TYROL STREET	99712	-147.52362606594926	64.91010718200852	
1190 TYROL STREET	99712	-147.52675664854837	64.91321136651193	
1261 TRIANON DRIVE	99712	-147.54068923900087	64.91571861647103	
1225 TRIANON DRIVE	99712	-147.53678062802817	64.91316565331378	
1343 GREAT VIEW LANE	99712	-147.5362244913014	64.91896119747314	
1351 GREAT VIEW LANE	99712	-147.53832819026337	64.92006243359776	
1360 GREAT VIEW LANE	99712	-147.53589972857066	64.92022501434988	
1211 SATTLEY DRIVE	99712	-147.52632294747505	64.92107851876244	
1000 DAISY DRIVE	99712	-147.54900050234494	64.91978211443188	
1014 DAISY DRIVE	99712	-147.5465304092713	64.9193364565245	
1044 DAISY DRIVE	99712	-147.54401160462606	64.91954867135398	
1049 DAISY DRIVE	99712	-147.5424237214781	64.91891048391302	
1067 DAISY DRIVE	99712	-147.54041536412032	64.9190064393945	
1385 GREAT VIEW LANE	99712	-147.5424175763286	64.92079920176462	
1229 LANCE LANE	99712	-147.55781438429202	64.9145561308635	
1224 LANCE LANE	99712	-147.55560886721753	64.91472730405046	
840 REDPOLL LANE	99712	-147.5597276978725	64.9135854238851	
1450 HELENKA DRIVE	99712	-147.5001929586792	64.89891187843712	
1196 VIOLET DRIVE	99712	-147.55120378416487	64.91279546752338	
1174 VIOLET DRIVE	99712	-147.5518879939014	64.91186753349145	
1156 VIOLET DRIVE	99712	-147.55228253019357	64.91115358573956	
1179 VIOLET DRIVE	99712	-147.55341015241805	64.91195385895777	
1191 EASTWOOD LANE	99712	-147.54496498911962	64.91168724876928	
1154 EASTWOOD LANE	99712	-147.53965915991563	64.91104653118286	
830 REDPOLL LANE	99712	-147.561373939934	64.9137802147222	
1430 HELENKA DRIVE	99712	-147.5015874994961	64.89899851526395	
1410 HELENKA DRIVE	99712	-147.5028088791718	64.89895731357666	
875 LUTHERS LOOP	99712	-147.50471145972264	64.90132130964174	
870 LUTHERS LOOP	99712	-147.50295073935942	64.9000233592153	
880 LUTHERS LOOP	99712	-147.50134795588883	64.90013571983158	
890 LUTHERS LOOP	99712	-147.50040811170612	64.90045936370868	
950 LUTHERS LOOP	99712	-147.50582673009865	64.90286869661628	
955 LUTHERS LOOP	99712	-147.50635369010732	64.90187787043135	
867 ESRO ROAD	99712	-147.48647493031973	64.8982271124605	
889 ESRO ROAD	99712	-147.4832795844322	64.89926994700761	
1081 ESRO ROAD	99712	-147.4833876395763	64.90741507661467	
1083 ESRO ROAD	99712	-147.48320664393242	64.90746083328158	
1409 BIRCHWILLOW DRIVE	99712	-147.50453216248064	64.90694412159725	
1419 BIRCHWILLOW DRIVE	99712	-147.50357777505397	64.90729709640433	
1396 BIRCHWILLOW DRIVE	99712	-147.5059386776138	64.90802008802521	
1290 TUNGSTEN TRAIL	99712	-147.50220917549655	64.91488584683839	
1320 TUNGSTEN TRAIL	99712	-147.5024800687255	64.91629394215944	
1350 TUNGSTEN TRAIL	99712	-147.50256965398106	64.91634768208564	
1428 BIRCHWILLOW DRIVE	99712	-147.50272206154187	64.90824900477713	
1160 TUNGSTEN TRAIL	99712	-147.50458784334413	64.90910390444377	
1200 FERBERITE COURT	99712	-147.5040236547205	64.91013310657203	
1201 FERBERITE COURT	99712	-147.50661021827122	64.91221537117322	
850 REDPOLL LANE	99712	-147.56014824190962	64.91275022832129	
1440 HELENKA DRIVE	99712	-147.50003671107945	64.89970024246836	
845 LUTHERS LOOP	99712	-147.5058733212015	64.89917279005371	
850 LUTHERS LOOP	99712	-147.50425799179624	64.89885495408552	
855 LUTHERS LOOP	99712	-147.50641795839445	64.89998197030506	
900 LUTHERS LOOP	99712	-147.4995104605513	64.90130084072612	
920 LUTHERS LOOP	99712	-147.5010578626706	64.90236031174085	
905 LUTHERS LOOP	99712	-147.50129284493627	64.90122844778149	
1241 VIOLET DRIVE	99712	-147.55386308756695	64.91488737362032	
1219 VIOLET DRIVE	99712	-147.55374265778985	64.91425596180476	
1211 VIOLET DRIVE	99712	-147.5523254686453	64.91326161821131	
1149 VIOLET DRIVE	99712	-147.555480152113	64.91121192229198	
1151 ALBRO GREGORY LANE	99712	-147.55734437799887	64.91104557087516	
1171 ALBRO GREGORY LANE	99712	-147.5579500482844	64.91184181447814	
1215 LANCE LANE	99712	-147.55725292114442	64.9130606416412	
1221 SAINT ANTON DRIVE	99712	-147.52388983070801	64.9037233113088	
1010 EASTWOOD LANE	99712	-147.53382688803356	64.90457092442651	
787 SPUDWOOD ROAD	99712	-147.56980201061728	64.90575668288628	
715 GOLD MINE TRAIL	99712	-147.57881074953013	64.93622742766868	
1260 LANCE LANE	99712	-147.55539339203906	64.91528977359319	
1030 NORRIS LANE	99712	-147.54213562070947	64.93756621949578	
1286 SAINT ANTON DRIVE	99712	-147.5212394528333	64.90727110074549	
1042 ESRO ROAD	99712	-147.47995099969611	64.90603295923378	
796 OLD FARM AVENUE	99712	-147.56960165054386	64.9016860270651	
1051 WOODVIEW DRIVE	99712	-147.55936357641838	64.90714503356001	
1235 TUNGSTEN TRAIL	99712	-147.51169054909653	64.91241260687256	
1417 GUNNING DRIVE	99712	-147.53829229455718	64.92326337782428	
1455 GUNNING DRIVE	99712	-147.5382758984101	64.92433195267634	
1530 GUNNING DRIVE	99712	-147.5340489308425	64.92781645130506	
1665 ESRO ROAD	99712	-147.49899032252537	64.93038651336275	
1420 ESRO ROAD	99712	-147.48382110343684	64.9231519997953	
1394 ESRO ROAD	99712	-147.48254622405355	64.92204641190533	
1349 ESRO ROAD	99712	-147.48242949683393	64.91988535216845	
1345 ESRO ROAD	99712	-147.48257347372183	64.91928416133715	
1333 ESRO ROAD	99712	-147.4827197948947	64.91889541131438	
1582 TUNGSTEN TRAIL	99712	-147.50286617229528	64.92177816067218	
1410 SATTLEY DRIVE	99712	-147.50570208496364	64.92397722656152	
1805 TUNGSTEN TRAIL	99712	-147.51377088054107	64.92627124721284	
1545 TUNGSTEN TRAIL	99712	-147.50982505389405	64.92167786016581	
1422 GUNNING DRIVE	99712	-147.5347508948867	64.92354318987691	
1403 GUNNING DRIVE	99712	-147.53824937278117	64.92284440151862	
1550 ALPINE VISTA COURT	99712	-147.537336800697	64.92870813029654	
820 ANDI RENE'E LANE	99712	-147.51895829541684	64.90205325703393	
985 SLUICE BOX ROAD	99712	-147.55277813120537	64.93265619549598	
982 SLUICE BOX ROAD	99712	-147.55428337842037	64.9325804757391	
960 SLUICE BOX ROAD	99712	-147.55347401187825	64.93158644898523	
930 SLUICE BOX ROAD	99712	-147.55523641060068	64.93129024006699	
916 SLUICE BOX ROAD	99712	-147.55720157766436	64.93134220138543	
913 SLUICE BOX ROAD	99712	-147.55701511191515	64.93055334426157	
949 SLUICE BOX ROAD	99712	-147.5531971411565	64.93100059249608	
975 SLUICE BOX ROAD	99712	-147.55047853197257	64.93185578500754	
989 GERANIUM DRIVE	99712	-147.55150045587357	64.91829039637841	
810 BIRCH KNOLL ROAD	99712	-147.5672376614225	64.89906329289589	
1600 TUNGSTEN TRAIL	99712	-147.50172422054504	64.92346682055862	
989 GOLD MINE TRAIL	99712	-147.54926324092747	64.93278162716423	
905 GOLD PAN ROAD	99712	-147.5572508830937	64.93543642309969	
900 GOLD PAN ROAD	99712	-147.55922134104782	64.93586475435279	
765 GOLD MINE TRAIL	99712	-147.5731226566886	64.93618826965482	
766 GOLD MINE TRAIL	99712	-147.57232288887295	64.93714955819755	
782 GOLD MINE TRAIL	99712	-147.57154643693565	64.93716856682688	
950 BENNETT ROAD	99712	-147.57473954080973	64.90250541349214	
1265 GILMORE TRAIL	99712	-147.5757444898887	64.91663410858305	
1070 NORTON WAY	99712	-147.5375208818991	64.94129589647049	
1416 BIRCHWILLOW DRIVE	99712	-147.50391928199724	64.90829372455194	
1393 BIRCHWILLOW DRIVE	99712	-147.50575649865849	64.90702597086418	
1339 WESTWICK DRIVE	99712	-147.5724565919281	64.9191143628613	
1241 TRIANON DRIVE	99712	-147.53780566775694	64.91377844206751	
1111 ERIMAR STREET	99712	-147.537052285308	64.9092427866955	
1109 POWELLITE DRIVE	99712	-147.51486918364216	64.90935617803366	
986 TRIANON DRIVE	99712	-147.5277638664419	64.90352678463401	
1180 SAINT ANTON DRIVE	99712	-147.52794359432508	64.90541366258971	
1470 BIRCHWILLOW DRIVE	99712	-147.49850306532477	64.9083606871282	
735 EL RANCHO DRIVE	99712	-147.57359245275833	64.89875008709237	
800 RAMPAGE COURT	99712	-147.56819144629125	64.93186538126164	
1102 VIOLET DRIVE	99712	-147.55912060464456	64.90788531572352	
843 DUCKWOOD COURT	99712	-147.5646867991728	64.9034493660238	
1295 GREAT VIEW LANE	99712	-147.5348065609063	64.91636545755145	
1073 RINGERHAVEN COURT	99712	-147.5358091088444	64.90840136923656	
1040 EASTWOOD LANE	99712	-147.53782875076766	64.90561214920382	
711 STEELE CREEK ROAD	99712	-147.57575352476968	64.9066455928837	
793 STEELE CREEK ROAD	99712	-147.57065695046484	64.90781072858286	
800 ANDI RENE'E LANE	99712	-147.51986932322168	64.90049187084784	
1519 FOOLS GOLD ROAD	99712	-147.54787595109326	64.92716188864794	
924 STRAWBERRY ROAD	99712	-147.5365675611901	64.9007038585158	
814 HIGH GRADE WAY	99712	-147.5672938937341	64.93896304056547	
815 DUCKWOOD COURT	99712	-147.56710744709562	64.90343155434348	
1248 STEELE CREEK ROAD	99712	-147.5209045262349	64.89794188502434	
1244 STEELE CREEK ROAD	99712	-147.5219474011382	64.89840624631138	
933 ESRO ROAD	99712	-147.48404835443412	64.90224890747481	
1050 ESRO ROAD	99712	-147.48073963380133	64.90603221821738	
1129 ESRO ROAD	99712	-147.48328493768255	64.91000395584287	
1431 BIRCHWILLOW DRIVE	99712	-147.50240046321852	64.90729110108235	
1441 BIRCHWILLOW DRIVE	99712	-147.500698782514	64.90739522783697	
1453 BIRCHWILLOW DRIVE	99712	-147.4999501800276	64.90739162828119	
1465 BIRCHWILLOW DRIVE	99712	-147.49899793017295	64.90733625108263	
1436 BIRCHWILLOW DRIVE	99712	-147.50179785963024	64.90836633523466	
1444 BIRCHWILLOW DRIVE	99712	-147.50021734329135	64.90818668609433	
1458 BIRCHWILLOW DRIVE	99712	-147.49949013529988	64.90816203340785	
1251 FERBERITE COURT	99712	-147.50230239433046	64.91256826671108	
1221 FERBERITE COURT	99712	-147.50353796289872	64.9126609743111	
1252 TUNGSTEN TRAIL	99712	-147.50550359065406	64.91344295663464	
1385 ESRO ROAD	99712	-147.4910894889173	64.92058991498459	
2022 GILMORE TRAIL	99712	-147.52388995848165	64.95040453992567	
2050 GILMORE TRAIL	99712	-147.5237419094908	64.95162502920091	
740 EL RANCHO DRIVE	99712	-147.5747594503722	64.89933990893078	
1640 BLACK SAND ROAD	99712	-147.54269283796884	64.93251983815311	
1220 STEELE CREEK ROAD	99712	-147.5141925641418	64.89995454152948	
1221 STEELE CREEK ROAD	99712	-147.5115922677701	64.89918236645798	
1220 VIOLET DRIVE	99712	-147.5515702433492	64.91446485694972	
1645 BLACK SAND ROAD	99712	-147.5450192294625	64.93322366637511	
943 BENNETT ROAD	99712	-147.5747967227497	64.90099664991037	
1091 EOS AERIE	99712	-147.53762669084287	64.91566380531782	
1030 DAISY DRIVE	99712	-147.54512896351216	64.91968121023453	
1129 EOS AERIE	99712	-147.53403646750664	64.91500958852222	
732 EL RANCHO DRIVE	99712	-147.57626070328124	64.89925608587758	
1111 EOS AERIE	99712	-147.5360475071691	64.91541091067597	
1536 GILMORE TRAIL	99712	-147.539183901031	64.92811258575975	
1710 GILMORE TRAIL	99712	-147.5392339901757	64.93578427606032	
1391 GUNNING DRIVE	99712	-147.53816579752342	64.92226571046314	
730 EL RANCHO DRIVE	99712	-147.578888389337	64.89934812123772	
1405 GILMORE TRAIL	99712	-147.54267449270006	64.92287821523169	
1000 HAVEN LANE	99712	-147.57874004777847	64.90430504526704	
919 BENNETT ROAD	99712	-147.57458323883986	64.89990966336512	
908 OLD FARM AVENUE	99712	-147.56548086973476	64.90097677275261	
1300 GILMORE TRAIL	99712	-147.56812981436659	64.91538141795235	
990 HAVEN LANE	99712	-147.57874990937995	64.90349558293038	
720 GOLD MINE TRAIL	99712	-147.57844191185865	64.93725179001143	
906 DEREK DRIVE	99712	-147.55776742354436	64.91841846160325	
1451 GILMORE TRAIL	99712	-147.54264675038723	64.9247005976925	
1451 FLAT MOUNTAIN ROAD	99712	-147.54494868539055	64.92403093287435	
1465 FLAT MOUNTAIN ROAD	99712	-147.54474699618348	64.92586795986178	
1581 ALPINE VISTA COURT	99712	-147.53909784530103	64.93027542314888	
1593 ALPINE VISTA COURT	99712	-147.53908043438878	64.93128480529923	
1577 GUNNING DRIVE	99712	-147.53389737096	64.9301522873609	
1392 GILMORE TRAIL	99712	-147.54268056410152	64.92161780029497	
1405 GREAT VIEW LANE	99712	-147.54702433621156	64.92090211615513	
1316 GILMORE TRAIL	99712	-147.56433487428805	64.91790482262871	
1257 MAYA LANE	99712	-147.56188149088862	64.91545327695624	
925 DEREK DRIVE	99712	-147.55656219222993	64.9179305044789	
905 DEREK DRIVE	99712	-147.5574978947331	64.91752140425199	
939 DEREK DRIVE	99712	-147.55378938595774	64.9184517195277	
1304 WESTWICK DRIVE	99712	-147.57184490046998	64.9180683169227	
1310 WESTWICK DRIVE	99712	-147.57173942021993	64.91870077605859	
1290 GILMORE TRAIL	99712	-147.57008308276082	64.91637535144919	
1306 GILMORE TRAIL	99712	-147.56807021362198	64.91685853314398	
1302 GILMORE TRAIL	99712	-147.56775946627837	64.91607976635082	
1310 GILMORE TRAIL	99712	-147.5662356278225	64.91719175241685	
1233 LOIS LANE	99712	-147.56403281619362	64.91541947817691	
1221 LOIS LANE	99712	-147.5630626563773	64.91503873358221	
1239 LOIS LANE	99712	-147.56597681334125	64.9148396042747	
1540 ESRO ROAD	99712	-147.48912470716698	64.9272675426839	
1375 ESRO ROAD	99712	-147.48350100263528	64.9207334294119	
1369 ESRO ROAD	99712	-147.48274226472373	64.92044326287784	
1400 GUNNING DRIVE	99712	-147.53509084986524	64.92251738350286	
1414 GUNNING DRIVE	99712	-147.5346540530372	64.92343865901148	
1465 GUNNING DRIVE	99712	-147.53976489510765	64.92519053346508	
1460 GUNNING DRIVE	99712	-147.538070397625	64.92558650452067	
1495 GUNNING DRIVE	99712	-147.53961460232617	64.92657535194785	
1516 GUNNING DRIVE	99712	-147.53720288013986	64.92688278495051	
1547 ALPINE VISTA COURT	99712	-147.53886936442473	64.92891315959979	
1564 ALPINE VISTA COURT	99712	-147.53600721254827	64.92937458454992	
1293 ESRO ROAD	99712	-147.4820614726824	64.9169335247238	
1279 ESRO ROAD	99712	-147.4820252798036	64.9160157205616	
1620 TUNGSTEN TRAIL	99712	-147.50253658250134	64.92496733911875	
1800 TUNGSTEN TRAIL	99712	-147.51174061301964	64.92678320854405	
1700 TUNGSTEN TRAIL	99712	-147.50999932601732	64.92445397340155	
1699 TUNGSTEN TRAIL	99712	-147.51219226637502	64.92327321973504	
1390 GUNNING DRIVE	99712	-147.53477526087886	64.92151962598228	
1470 FLAT MOUNTAIN ROAD	99712	-147.54303731460973	64.925260688382	
1472 FOOLS GOLD ROAD	99712	-147.54605173514355	64.92570303434168	
1469 FOOLS GOLD ROAD	99712	-147.5480202116051	64.9253342202658	
1501 FOOLS GOLD ROAD	99712	-147.54747005708543	64.92661144272336	
1500 FOOLS GOLD ROAD	99712	-147.54576661584403	64.92694827850119	
1555 FLAT MOUNTAIN ROAD	99712	-147.5461236809901	64.92912515614493	
1050 GOLD MINE TRAIL	99712	-147.54268754234755	64.93168160594661	
1054 GOLD MINE TRAIL	99712	-147.5423547014405	64.93070547576022	
1581 FLAT MOUNTAIN ROAD	99712	-147.54446944581485	64.93050970228725	
1495 RIFFLE-BOARD ROAD	99712	-147.54976619734944	64.92597281728331	
1533 RIFFLE-BOARD ROAD	99712	-147.55366586077412	64.92825812121187	
1530 RIFFLE-BOARD ROAD	99712	-147.55071099763634	64.92818682220715	
1786 GILMORE TRAIL	99712	-147.5312154662881	64.93951557445956	
1789 GILMORE TRAIL	99712	-147.53390348512616	64.93969704812544	
1851 GILMORE TRAIL	99712	-147.53434630375918	64.94200990558055	
1115 NORTON WAY	99712	-147.53552967554845	64.94064080028664	
1075 NORTON WAY	99712	-147.53787499509428	64.94068337666364	
1549 RIFFLE-BOARD ROAD	99712	-147.55309303711576	64.92903899326971	
1012 GOLD MINE TRAIL	99712	-147.54802264825992	64.9335736701045	
981 GOLD MINE TRAIL	99712	-147.55086940253784	64.93272008064457	
1611 PLACER DRIVE	99712	-147.55901140448418	64.93155979960126	
1601 PLACER DRIVE	99712	-147.55982277795437	64.93122028203223	
1589 PLACER DRIVE	99712	-147.55908422479732	64.93073315456486	
1571 PLACER DRIVE	99712	-147.5604352896907	64.93010432982322	
1660 BLACK SAND ROAD	99712	-147.54424519256392	64.9343107326315	
1680 BLACK SAND ROAD	99712	-147.54697001895815	64.9350459919817	
1691 BLACK SAND ROAD	99712	-147.548612811866	64.93482885064974	
1717 GILMORE TRAIL	99712	-147.54093842630957	64.93593945108145	
1731 GILMORE TRAIL	99712	-147.5396222777119	64.93709318487097	
1102 NORRIS LANE	99712	-147.5368440388942	64.93624655851417	
1323 CARTLEB ROAD	99712	-147.53504381359724	64.93628997788956	
1248 CARTLEB ROAD	99712	-147.52388369398994	64.93528425079518	
1120 CARTLEB ROAD	99712	-147.534646714728	64.9378552230034	
1125 CARTLEB ROAD	99712	-147.53479836446536	64.93714797384519	
1770 GILMORE TRAIL	99712	-147.53321094371583	64.93875041155574	
888 GOLD PAN ROAD	99712	-147.56100187690254	64.93542344588403	
841 GOLD PAN ROAD	99712	-147.56412716835356	64.93257032945951	
811 BULLION DRIVE	99712	-147.56740030179714	64.93102692585953	
798 HIGH GRADE WAY	99712	-147.5691292797771	64.93883935271242	
1099 FLAT RABBIT ROAD	99712	-147.53760110266964	64.9424237675446	
1070 FLAT RABBIT ROAD	99712	-147.53995682807155	64.94358809140529	
1090 FLAT RABBIT ROAD	99712	-147.53785084452878	64.94333660406255	
1907 GILMORE TRAIL	99712	-147.53546221076064	64.94494946734066	
1912 GILMORE TRAIL	99712	-147.53243756517924	64.94489596936778	
1924 GILMORE TRAIL	99712	-147.5322392257807	64.94585589452687	
1966 GILMORE TRAIL	99712	-147.5283525105318	64.94702850826172	
1980 GILMORE TRAIL	99712	-147.52583128207309	64.94706873030829	
1941 GILMORE TRAIL	99712	-147.5344322079836	64.94679848477833	
1937 GILMORE TRAIL	99712	-147.53394503611614	64.94617754880807	
1990 GILMORE TRAIL	99712	-147.5253983863685	64.94847379569481	
1985 GILMORE TRAIL	99712	-147.5284485217971	64.9493238253256	
1939 GILMORE TRAIL	99712	-147.53733935719393	64.94619361420449	
878 HIGH GRADE WAY	99712	-147.56086441708206	64.93897906686321	
900 HIGH GRADE WAY	99712	-147.5583798231786	64.9389904575121	
1000 HIGH GRADE WAY	99712	-147.5482119804633	64.93888417163235	
1026 HIGH GRADE WAY	99712	-147.5452844165807	64.93908600532387	
995 HIGH GRADE WAY	99712	-147.54956117587759	64.9381577690727	
971 HIGH GRADE WAY	99712	-147.55110452825707	64.93803692710085	
929 GOLD MINE TRAIL	99712	-147.55640134494018	64.93698128102004	
935 GOLD PAN ROAD	99712	-147.5546136230887	64.93611528541561	
930 GOLD PAN ROAD	99712	-147.55738805573787	64.93678861106075	
916 GOLD PAN ROAD	99712	-147.55812778155132	64.93659609865753	
782 HIGH GRADE WAY	99712	-147.5708520311929	64.93875196268671	
756 BULLION DRIVE	99712	-147.57418643313304	64.93063336723183	
769 BULLION DRIVE	99712	-147.57269321042185	64.92985642931872	
735 EAST SIDE DRIVE	99712	-147.57648980214864	64.9379003415038	
721 EAST SIDE DRIVE	99712	-147.57814543778434	64.93798390288407	
760 HIGH GRADE WAY	99712	-147.5730800836498	64.93909619257651	
750 HIGH GRADE WAY	99712	-147.57440295399874	64.93915719864088	
845 HIGH GRADE WAY	99712	-147.5640337644805	64.9380027950541	
891 GOLD MINE TRAIL	99712	-147.56060816118543	64.93705063456099	
827 GOLD MINE TRAIL	99712	-147.56787814245942	64.9361934448131	
785 GOLD MINE TRAIL	99712	-147.57100553159498	64.93623545907207	
798 GOLD MINE TRAIL	99712	-147.56934129464432	64.93715247158141	
814 GOLD MINE TRAIL	99712	-147.56760144506993	64.93706809068517	
830 GOLD MINE TRAIL	99712	-147.565640045313	64.93702061170126	
850 GOLD MINE TRAIL	99712	-147.56352318236694	64.93730914821063	
784 GRUBSTAKE ROAD	99712	-147.5715311442595	64.93538174897343	
764 GRUBSTAKE ROAD	99712	-147.57295624314034	64.93513641722521	
748 GRUBSTAKE ROAD	99712	-147.57461615628816	64.93509306716133	
747 GRUBSTAKE ROAD	99712	-147.57427974862316	64.93427747740412	
831 GRUBSTAKE ROAD	99712	-147.56652758137517	64.93431246127106	
851 GRUBSTAKE ROAD	99712	-147.5633610798424	64.9344772451432	
808 GOLD VEIN ROAD	99712	-147.567690262351	64.93354719890779	
767 GOLD VEIN ROAD	99712	-147.57273744714865	64.93250497366472	
781 GOLD VEIN ROAD	99712	-147.57102805349976	64.9324951153267	
799 GOLD VEIN ROAD	99712	-147.56964361582564	64.9324075100134	
819 GOLD VEIN ROAD	99712	-147.5674996386583	64.93264674446404	
776 BULLION DRIVE	99712	-147.57239267041794	64.93088224230483	
1580 ALPINE VISTA COURT	99712	-147.5375417017139	64.93006122062641	
1609 GUNNING DRIVE	99712	-147.53492686363853	64.93158182856165	
1547 GUNNING DRIVE	99712	-147.5342510433843	64.9289329063525	
1382 GREAT VIEW LANE	99712	-147.54021316625966	64.92204522231677	
1315 MAYA LANE	99712	-147.561584327286	64.9179360411135	
1301 MAYA LANE	99712	-147.56187115366347	64.91633825430289	
1348 GILMORE TRAIL	99712	-147.5591910000165	64.91900820747219	
1358 GILMORE TRAIL	99712	-147.55794682434885	64.92003028802638	
1563 ALPINE VISTA COURT	99712	-147.539559072512	64.92931830325212	
1571 ALPINE VISTA COURT	99712	-147.5398114840747	64.9298514899821	
1592 ALPINE VISTA COURT	99712	-147.53689192106611	64.93084751235537	
1312 GILMORE TRAIL	99712	-147.56546298757368	64.91711058599587	
1551 FOOLS GOLD ROAD	99712	-147.54904568244734	64.92892207521352	
1591 FOOLS GOLD ROAD	99712	-147.548489652669	64.93060011868664	
1582 FOOLS GOLD ROAD	99712	-147.54731218703606	64.93061601490525	
1610 FOOLS GOLD ROAD	99712	-147.54683553914566	64.93146529356385	
1498 RIFFLE-BOARD ROAD	99712	-147.54877612054253	64.92652069497059	
1277 LOIS LANE	99712	-147.56629196677423	64.91679019584198	
1284 LOIS LANE	99712	-147.5635865600639	64.91720102727635	
1271 LOIS LANE	99712	-147.56371195273798	64.91657933594368	
1255 LOIS LANE	99712	-147.56625691694225	64.91595983150233	
1245 LANCE LANE	99712	-147.55747561685172	64.9151376903008	
1261 LANCE LANE	99712	-147.55746594874378	64.91577440571318	
922 DEREK DRIVE	99712	-147.55612561804807	64.91878769831285	
936 DEREK DRIVE	99712	-147.55496393606734	64.91959980713901	
1390 WESTWICK DRIVE	99712	-147.56762340378933	64.92207282544774	
1504 FLAT MOUNTAIN ROAD	99712	-147.54203993612256	64.92735070347486	
1532 FLAT MOUNTAIN ROAD	99712	-147.54271050213023	64.92789430419711	
1529 FLAT MOUNTAIN ROAD	99712	-147.5445837098466	64.92795673499738	
1505 FLAT MOUNTAIN ROAD	99712	-147.54425942861727	64.92705717078428	
1386 GILMORE TRAIL	99712	-147.54906936099903	64.92093575117275	
1363 GILMORE TRAIL	99712	-147.55657319877665	64.92115400828133	
1351 GILMORE TRAIL	99712	-147.55888842402715	64.92136525346369	
1311 BELLVILLE COURT	99712	-147.56981710239447	64.91815623922788	
1332 BELLVILLE COURT	99712	-147.56819340312637	64.91888833155036	
1352 WESTWICK DRIVE	99712	-147.57006743838744	64.91977812414287	
1285 GILMORE TRAIL	99712	-147.57274599557536	64.91725489234699	
1280 GILMORE TRAIL	99712	-147.5745918440311	64.91577568072239	
1526 FOOLS GOLD ROAD	99712	-147.54689420528226	64.92816545497568	
1531 FOOLS GOLD ROAD	99712	-147.5486733371295	64.92811006892785	
1507 RIFFLE-BOARD ROAD	99712	-147.55109038639787	64.92669662753815	
1192 CARTLEB ROAD	99712	-147.52833623712687	64.93813838798121	
1176 CARTLEB ROAD	99712	-147.53007922577936	64.93763878752047	
1165 CARTLEB ROAD	99712	-147.52986234044184	64.93715197106735	
1150 CARTLEB ROAD	99712	-147.53182807681685	64.93780523132027	
1730 GILMORE TRAIL	99712	-147.53694002149257	64.93685039633509	
1510 RIFFLE-BOARD ROAD	99712	-147.55020635192938	64.92739169263982	
1517 RIFFLE-BOARD ROAD	99712	-147.55244625394218	64.92713388205775	
1560 RIFFLE-BOARD ROAD	99712	-147.55068126626273	64.9291364000908	
1571 RIFFLE-BOARD ROAD	99712	-147.5517715226503	64.9297759503047	
1611 RIFFLE-BOARD ROAD	99712	-147.54824369011666	64.93165813342243	
970 GOLD MINE TRAIL	99712	-147.55098038103452	64.93344788326642	
971 GOLD MINE TRAIL	99712	-147.554986881523	64.93333132737318	
1636 PLACER DRIVE	99712	-147.55710178386485	64.93269434126532	
1633 PLACER DRIVE	99712	-147.5591260020209	64.9325173769677	
1625 PLACER DRIVE	99712	-147.559187712318	64.93194145472536	
1576 PLACER DRIVE	99712	-147.55780018266523	64.93007261273051	
1597 GILMORE TRAIL	99712	-147.5408644047136	64.93162067653074	
1625 GILMORE TRAIL	99712	-147.54096440900204	64.93352074314211	
1650 BLACK SAND ROAD	99712	-147.54304129074666	64.93346883003984	
1710 BLACK SAND ROAD	99712	-147.54724101269727	64.93586914244169	
1049 NORRIS LANE	99712	-147.542378655879	64.9353735586047	
1031 NORRIS LANE	99712	-147.544117706716	64.9350984024174	
1048 NORRIS LANE	99712	-147.54221693472107	64.93599877416649	
1712 GILMORE TRAIL	99712	-147.53893973096405	64.93636216505088	
1278 CARTLEB ROAD	99712	-147.52978088805486	64.93631057485833	
1262 CARTLEB ROAD	99712	-147.5278610893575	64.9362219639921	
1755 GILMORE TRAIL	99712	-147.53736428050405	64.9379970987974	
969 GOLD MINE TRAIL	99712	-147.55429089221218	64.93414923947907	
961 GOLD MINE TRAIL	99712	-147.5542047342194	64.93492890964869	
891 GOLD PAN ROAD	99712	-147.55964798208922	64.93488815466719	
875 GOLD PAN ROAD	99712	-147.5608874761016	64.93404508759055	
865 GOLD PAN ROAD	99712	-147.56173374101485	64.933562212877	
1771 GILMORE TRAIL	99712	-147.53577531830902	64.93887478930738	
1801 GILMORE TRAIL	99712	-147.53351968044464	64.94009487155162	
1818 GILMORE TRAIL	99712	-147.5322928784652	64.94075134860205	
1832 GILMORE TRAIL	99712	-147.53136280587486	64.94151034512424	
1850 GILMORE TRAIL	99712	-147.53267939623964	64.94267046238272	
1035 NORTON WAY	99712	-147.53888711417488	64.94021256246974	
1876 GILMORE TRAIL	99712	-147.53296114760855	64.94360257119274	
1873 GILMORE TRAIL	99712	-147.5351575960056	64.94350415380777	
1900 GILMORE TRAIL	99712	-147.53295764548716	64.94428491011874	
1944 GILMORE TRAIL	99712	-147.53043306547337	64.94642427931575	
1940 GILMORE TRAIL	99712	-147.53187333737955	64.94642207790194	
1951 GILMORE TRAIL	99712	-147.53265451323142	64.94681775006806	
1963 GILMORE TRAIL	99712	-147.53274428286238	64.94738911002953	
1971 GILMORE TRAIL	99712	-147.53070578392828	64.94812340973128	
1970 GILMORE TRAIL	99712	-147.52809233958527	64.94771728452172	
920 HIGH GRADE WAY	99712	-147.55670173568927	64.93887030947128	
936 HIGH GRADE WAY	99712	-147.55530962227357	64.9388420033636	
956 HIGH GRADE WAY	99712	-147.55348886901032	64.93904965739475	
974 HIGH GRADE WAY	99712	-147.55065237620224	64.93893618459363	
939 HIGH GRADE WAY	99712	-147.55457355930747	64.93792465131897	
914 GOLD MINE TRAIL	99712	-147.55732752766136	64.93779846657986	
911 GOLD MINE TRAIL	99712	-147.55893142575178	64.9372637522117	
962 GOLD MINE TRAIL	99712	-147.55168132199643	64.93526695708378	
966 GOLD MINE TRAIL	99712	-147.55140683148173	64.93411902710216	
853 GOLD PAN ROAD	99712	-147.5626132699812	64.93312391510703	
780 GOLD VEIN ROAD	99712	-147.57105671007713	64.93337117444186	
766 GOLD VEIN ROAD	99712	-147.57267353859916	64.93347370681953	
752 GOLD VEIN ROAD	99712	-147.5748469560422	64.93335903973593	
749 GOLD VEIN ROAD	99712	-147.5744158759643	64.93261953456587	
864 HIGH GRADE WAY	99712	-147.56231583444966	64.93886385433684	
842 HIGH GRADE WAY	99712	-147.56400835749983	64.93891454142384	
830 HIGH GRADE WAY	99712	-147.56587619730405	64.93881159069328	
749 HIGH GRADE WAY	99712	-147.57403687650424	64.93799306698737	
763 HIGH GRADE WAY	99712	-147.57254973276792	64.93804211301224	
787 HIGH GRADE WAY	99712	-147.57094186870495	64.93799131493394	
795 HIGH GRADE WAY	99712	-147.5696270602657	64.9378867228614	
815 HIGH GRADE WAY	99712	-147.56803848923343	64.9379273571934	
871 GOLD MINE TRAIL	99712	-147.56091368373976	64.93627957600602	
863 GOLD MINE TRAIL	99712	-147.56242961791065	64.93614139574227	
849 GOLD MINE TRAIL	99712	-147.56398436830906	64.93609863957104	
831 GOLD MINE TRAIL	99712	-147.56550958114482	64.93628612722091	
745 GOLD MINE TRAIL	99712	-147.57442560956883	64.93619725467317	
748 GOLD MINE TRAIL	99712	-147.57465464051367	64.93708644699069	
864 GRUBSTAKE ROAD	99712	-147.56215522097352	64.93545569873861	
848 GRUBSTAKE ROAD	99712	-147.56401259864646	64.93544747151208	
830 GRUBSTAKE ROAD	99712	-147.56612830970272	64.93525860345427	
812 GRUBSTAKE ROAD	99712	-147.56769181049975	64.93535876121602	
794 GRUBSTAKE ROAD	99712	-147.5692744148693	64.93531820199242	
765 GRUBSTAKE ROAD	99712	-147.5725843587185	64.93440430202874	
795 GRUBSTAKE ROAD	99712	-147.5696267391346	64.93428926084162	
817 GRUBSTAKE ROAD	99712	-147.56788567391658	64.93430649307693	
834 GOLD VEIN ROAD	99712	-147.5654554832374	64.93359458918432	
790 RAMPAGE COURT	99712	-147.57035590251513	64.93173543337741	
772 RAMPAGE COURT	99712	-147.57237191047184	64.93182329373607	
763 RAMPAGE COURT	99712	-147.57377437325454	64.931267337747	
730 EAST SIDE DRIVE	99712	-147.57672254510936	64.93878449339476	
720 EAST SIDE DRIVE	99712	-147.5779384027822	64.93887271187036	
724 GRUBSTAKE ROAD	99712	-147.57590921110219	64.93544705139362	
1320 NORTH HUBNERITE ROAD	99712	-147.51444324488853	64.92470470979997	
1255 NORTH HUBNERITE ROAD	99712	-147.52103659519116	64.92373263362246	
1311 NORTH HUBNERITE ROAD	99712	-147.5153255230621	64.92355823749877	
1290 NORTH HUBNERITE ROAD	99712	-147.51779984823332	64.92469758714972	
1385 SOUTH HUBNERITE ROAD	99712	-147.50759594297944	64.92034591068308	
984 EASTWOOD LANE	99712	-147.54103866939099	64.90340804720744	
1275 NORTH HUBNERITE ROAD	99712	-147.51793043581299	64.92397427430556	
1245 NORTH HUBNERITE ROAD	99712	-147.52348467301812	64.92328303422686	
1260 NORTH HUBNERITE ROAD	99712	-147.52011248024567	64.92467235678971	
1445 SOUTH HUBNERITE ROAD	99712	-147.50106863628835	64.919943023785	
1610 TUNGSTEN TRAIL	99712	-147.50050892213835	64.9242819287483	
1535 GUNNING DRIVE	99712	-147.53572576019928	64.92820031958681	
1142 CARTLEB ROAD	99712	-147.53331835916464	64.93772611329906	
955 NORTHERN LIGHTS DRIVE	99712	-147.53488889332303	64.90178600400652	
1380 GILMORE TRAIL	99712	-147.55110422853136	64.92136216989971	
1398 GILMORE TRAIL	99712	-147.54196212790788	64.92246364533896	
1522 GILMORE TRAIL	99712	-147.5390649538176	64.92762316670081	
801 GOLD VEIN ROAD	99712	-147.56843225382045	64.93282410370162	
1409 GILMORE TRAIL	99712	-147.5421577215219	64.92368144730823	
920 HANNAH B LANE	99712	-147.52298114713972	64.90160633931353	
1060 NORRIS LANE	99712	-147.5422425736728	64.93690183800445	
1532 ESRO ROAD	99712	-147.48766895406712	64.9264135429682	
1379 ESRO ROAD	99712	-147.48286003299452	64.92099654668417	
1858 GILMORE TRAIL	99712	-147.53285274016176	64.94319074861363	
938 GOLD MINE TRAIL	99712	-147.5510107972281	64.93715783597706	
831 HIGH GRADE WAY	99712	-147.56581667526123	64.93806079627407	
923 BENNETT ROAD	99712	-147.5738169943891	64.90057777664263	
1050 STEELE CREEK ROAD	99712	-147.5383213743823	64.90341311968126	
727 STEELE CREEK ROAD	99712	-147.57600393845215	64.90688572488679	
963 STEELE CREEK ROAD	99712	-147.55253158996513	64.9045993943978	
1290 SAINT ANTON DRIVE	99712	-147.51884278223915	64.90932606479714	
1335 MAYA LANE	99712	-147.56144895617675	64.91860850052322	
1366 GILMORE TRAIL	99712	-147.55639223777817	64.920510320328	
1372 GILMORE TRAIL	99712	-147.55480465673492	64.92049943526654	
1378 GILMORE TRAIL	99712	-147.55280765059084	64.92075245050164	
1382 GILMORE TRAIL	99712	-147.5509498378106	64.92081844200871	
1333 GILMORE TRAIL	99712	-147.563472302314	64.91888339497248	
1319 GILMORE TRAIL	99712	-147.56460758943834	64.91876941894405	
1313 GILMORE TRAIL	99712	-147.56593091983126	64.91829503277768	
1309 GILMORE TRAIL	99712	-147.56758651597067	64.91788775901584	
1375 WESTWICK DRIVE	99712	-147.5706048821663	64.92100780258926	
1374 WESTWICK DRIVE	99712	-147.56891214069756	64.92070527069016	
1098 GARRISON WAY	99712	-147.5321635287468	64.90796406881398	
1119 TUFFY ROAD	99712	-147.569263261282	64.90849647323273	
1189 GRAZ AVENUE	99712	-147.52814427921828	64.90642216099944	
701 STEELE CREEK ROAD	99712	-147.57840676921333	64.90609841848327	
819 ANDI RENE'E LANE	99712	-147.51934231763926	64.902874240659	
1080 POWELLITE DRIVE	99712	-147.51469182261013	64.90618035941338	
1176 ALBRO GREGORY LANE	99712	-147.55554406562516	64.91252225073025	
1275 LANCE LANE	99712	-147.55698199413152	64.91632764107214	
929 TRIANON DRIVE	99712	-147.52571263558107	64.90087743566815	
1071 DAISY DRIVE	99712	-147.53913040501536	64.91909991160813	
1184 NORTH HUBNERITE ROAD	99712	-147.52844967808335	64.92396262229188	
1594 GUNNING DRIVE	99712	-147.53136113090306	64.92939333923495	
745 EL RANCHO DRIVE	99712	-147.57252576947266	64.89928012378812	
1428 BIRCHWILLOW DRIVE	99712	-147.5024529574245	64.90824701042672	
1436 BIRCHWILLOW DRIVE	99712	-147.5015153547729	64.90837753149286	
703 STEELE CREEK ROAD	99712	-147.57858410534664	64.90614781653822	
916 SLUICE BOX ROAD	99712	-147.5571377070697	64.93128304570351	
1098 VIOLET DRIVE	99712	-147.56179659113647	64.90770552283429	
1396 GILMORE TRAIL	99712	-147.5421435109973	64.92214536032752	
1490 FLAT MOUNTAIN ROAD	99712	-147.54201419892732	64.92619042795485	
1100 ANVIL LANE	99712	-147.5778074160959	64.90959168040864	
1074 ANVIL LANE	99712	-147.57639566558314	64.90888932018142	
1105 VIOLET DRIVE	99712	-147.56083864901618	64.90884087598442	
1211 FERBERITE COURT	99712	-147.50527365477592	64.91266613850416	
1244 STEELE CREEK ROAD	99712	-147.52083285707457	64.89836540624104	
1497 RIFFLE-BOARD DRIVE	99712	-147.55256581582117	64.92589517168233	
790 BIRCH KNOLL ROAD	99712	-147.56373612529177	64.89880915787445	
1586 ALPINE VISTA COURT	99712	-147.53544345365762	64.93071056460397	
1512 GUNNING DRIVE	99712	-147.53793521605624	64.92649272776715	
1229 TYROL STREET	99712	-147.5236795831872	64.9143986674197	
1599 TUNGSTEN TRAIL	99712	-147.50443832747007	64.92284441297205	
1260 TYROL STREET	99712	-147.5208369584541	64.91603154240894	
1255 TYROL STREET	99712	-147.5225140354851	64.9154207331867	
772 FABIAN DRIVE	99712	-147.57308814269814	64.89818452956433	
1175 ESRO ROAD	99712	-147.48228661655764	64.91256251088618	
1657 TUNGSTEN TRAIL	99712	-147.50580781862058	64.92402508632429	
1600 GUNNING DRIVE	99712	-147.52875111145948	64.92963439805689	
795 SPUDWOOD ROAD	99712	-147.56888790458805	64.90504092332975	
810 DUCKWOOD COURT	99712	-147.5678108850263	64.90483504754663	
1109 STEELE CREEK ROAD	99712	-147.53669058318482	64.89944268814823	
760 SPUDWOOD ROAD	99712	-147.57469441827084	64.90548108538337	
1175 CARTLEB ROAD	99712	-147.53236945958912	64.93718389136392	
1069 RINGERHAVEN COURT	99712	-147.53643190588537	64.90740231283536	
916 EASTWOOD LANE	99712	-147.54007915509118	64.89929550855128	
1317 WESTWICK DRIVE	99712	-147.57439394043178	64.91826379247664	
1114 PINE MEADOWS AVENUE	99712	-147.53827740730193	64.93244729562717	
1614 ALPINE VISTA COURT	99712	-147.53630451883208	64.93136890909634	
1099 TYROL STREET	99712	-147.5252740921487	64.90831334720588	
722 FABIAN DRIVE	99712	-147.57740559601268	64.89847423992829	
1392 RUBY CREEK ROAD	99712	-147.50666900075706	64.9305292106775	
1299 WESTWICK DRIVE	99712	-147.57808874305948	64.9179075340918	
1024 GERANIUM DRIVE EXT	99712	-147.54465708840328	64.91799986385992	
1101 NORRIS LANE	99712	-147.53719650599993	64.93540912400768	
1305 MAYA LANE	99712	-147.56150263262032	64.91725268849557	
800 BIRCH KNOLL ROAD	99712	-147.5652424262525	64.89910993237629	
1228 CARTLEB ROAD	99712	-147.5252295344152	64.93803189151424	
1258 MAYA LANE	99712	-147.5594204533335	64.91547148120549	
1080 GOLD MINE TRAIL	99712	-147.5423449913886	64.93006936613982	
1400 MOONVIEW ROAD	99712	-147.53657353838278	64.93359841076513	
1370 MOONVIEW ROAD	99712	-147.53505612985688	64.93519862809754	
1733 SHEELITE ROAD	99712	-147.51869022668308	64.93782979206472	
1415 MOONVIEW ROAD	99712	-147.53905552540533	64.93409506922116	
1415 SUB ZERO COURT	99712	-147.50578156106133	64.90445863785128	
1414 SUB ZERO COURT	99712	-147.50550803479172	64.90556289164081	
918 HIGH GRADE WAY	99712	-147.5573211563698	64.93860603296366	
1258 TYROL STREET	99712	-147.51939480475573	64.91555129578641	
1089 NORRIS LANE	99712	-147.53897553692147	64.93527872159589	
1246 CARTLEB ROAD	99712	-147.5255738698063	64.93695121037081	
760 BIRCH KNOLL ROAD	99712	-147.55980342458102	64.89881090582867	
898 GOLD MINE TRAIL	99712	-147.5586339887062	64.93788570681333	
1019 DAISY DRIVE	99712	-147.54472884820098	64.91866765416638	
2250 DIRT ROAD	99712	-147.60073810261787	64.96115627012668	
2330 GUNNER LANE	99712	-147.59464200919933	64.96494734528876	
2334 GUNNER LANE	99712	-147.59902752593499	64.9643969714665	
2331 ELLIOTT HIGHWAY	99712	-147.62555530537614	64.96401556325434	
2300 STEESE HIGHWAY	99712	-147.60791619238827	64.96099347991772	
1251 MOLLY ROAD	99709	-147.76437887482632	64.95967845667408	
4063 TREASURE STREET	99712	-147.6780875164012	65.04155169258064	
2080 DETERMINATION DRIVE	99709	-147.85325284989676	64.97745580121659	
2124 DETERMINATION DRIVE	99709	-147.85780267825612	64.97755644159375	
2475 STEESE HIGHWAY	99712	-147.57687661782947	64.97012461148482	
2318 STEESE HIGHWAY	99712	-147.60405247423952	64.9622505741118	
2474 STEESE HIGHWAY	99712	-147.57797750255318	64.97046184439637	
955 OLD CHATANIKA TRAIL	99712	-147.55352408552704	64.97825168756988	
2011 OLD ELLIOTT HIGHWAY	99712	-147.62517261117728	64.95797936065722	
4259 TREASURE STREET	99712	-147.69027859366838	65.05246130861332	
2501 STEESE HIGHWAY	99712	-147.57045078189248	64.97111848399739	
819 DOCILE LANE	99712	-147.5584739550913	64.97131124392865	
2119 OLD STEESE HIGHWAY NORTH	99712	-147.6306774621409	64.95466239992554	
2290 SHAY COURT	99712	-147.6007482405639	64.96233624112371	
1282 MOLLY ROAD	99709	-147.76884921281695	64.95922652671588	
1298 MOLLY ROAD	99709	-147.7718279655645	64.95917089484017	
1369 MOLLY ROAD	99709	-147.77675166263498	64.9560753623576	
1331 MOLLY ROAD	99709	-147.77282834257184	64.95705173266349	
1299 MOLLY ROAD	99709	-147.77109648907745	64.95719465550779	
1275 MOLLY ROAD	99709	-147.76676366231843	64.95884940482823	
3759 ELLIOTT HIGHWAY	99712	-147.65413165298193	65.02766081264163	
1098 BALLINA ROAD	99709	-147.74835985667312	64.95508817325091	
1112 BALLINA ROAD	99709	-147.75064459685302	64.95517355495234	
1134 BALLINA ROAD	99709	-147.75347765684714	64.95536210453149	
1156 BALLINA ROAD	99709	-147.7550487561254	64.95533717086685	
3773 ELLIOTT HIGHWAY	99712	-147.6543587329378	65.02800083651566	
3795 ELLIOTT HIGHWAY	99712	-147.65445183556957	65.02820937352614	
3805 ELLIOTT HIGHWAY	99712	-147.65519661030527	65.0292108232463	
1130 MOLLY ROAD	99709	-147.75211830278963	64.96410371923874	
1150 MOLLY ROAD	99709	-147.75468624353863	64.96373335783859	
1166 MOLLY ROAD	99709	-147.7565596912812	64.96355687559362	
1190 MOLLY ROAD	99709	-147.7591294630799	64.9624546765873	
1256 MOLLY ROAD	99709	-147.76599445702595	64.9601787612923	
1270 MOLLY ROAD	99709	-147.7675700206282	64.9595901919536	
1109 MOLLY ROAD	99709	-147.75072792371034	64.96370628834397	
2275 NICKERSON COURT	99709	-147.75641980006822	64.96101029174179	
2286 WATERFORD ROAD	99709	-147.74811858159202	64.96241355195001	
2266 WATERFORD ROAD	99709	-147.74800193367685	64.96156369352403	
2248 WATERFORD ROAD	99709	-147.74662738698547	64.96087349960459	
2238 WATERFORD ROAD	99709	-147.74687442370674	64.95965284060472	
1172 DOONERAK ROAD	99709	-147.7569136114123	64.95963640216797	
1194 DOONERAK ROAD	99709	-147.76036934223782	64.95937784584873	
1201 DOONERAK ROAD	99709	-147.76118961676	64.95842906643377	
1191 DOONERAK ROAD	99709	-147.75913834960417	64.95796337053974	
1175 DOONERAK ROAD	99709	-147.75736383572342	64.95726933693649	
1069 DOONERAK ROAD	99709	-147.74627925606572	64.95813900803151	
1206 SPIDDEL ROAD	99709	-147.76029370036738	64.95762981605733	
1229 SPIDDEL ROAD	99709	-147.76256234170114	64.95730991524901	
1251 DOONERAK ROAD	99709	-147.76531050011607	64.95735096550531	
2247 DETERMINATION DRIVE	99709	-147.87131271571562	64.97639634666122	
2205 DETERMINATION DRIVE	99709	-147.86693394655026	64.97674216015588	
2073 DETERMINATION DRIVE	99709	-147.8532058740583	64.97676277044711	
2032 DETERMINATION DRIVE	99709	-147.84926771671718	64.97783220727383	
2158 RESOLUTION ROAD	99709	-147.86149254518375	64.98379981313559	
2134 RESOLUTION ROAD	99709	-147.85739209270727	64.98364580818371	
2101 RESOLUTION ROAD	99709	-147.85605668780835	64.98242919032705	
2270 HATTIE CREEK ROAD	99709	-147.87073058049558	64.98046739311008	
2070 HATTIE CREEK ROAD	99709	-147.85244751018527	64.98183887842373	
2028 ADIT LANE	99709	-147.84747980377654	64.98145982256086	
2187 HATTIE CREEK ROAD	99709	-147.86094636089283	64.98004003191093	
3873 ELLIOTT HIGHWAY	99712	-147.65714267643895	65.03269404948169	
3735 ELLIOTT HIGHWAY	99712	-147.6542411342619	65.02650621024911	
3711 ELLIOTT HIGHWAY	99712	-147.65245616650967	65.02417354667205	
1189 MOLLY ROAD	99709	-147.75838086427424	64.9616876396348	
1151 MOLLY ROAD	99709	-147.75405174068575	64.96299761849606	
2265 NICKERSON COURT	99709	-147.75306755855837	64.96092607669429	
2324 WATERFORD ROAD	99709	-147.7476332671719	64.9638010353318	
1094 DOONERAK ROAD	99709	-147.7483010598554	64.95911437750908	
1116 DOONERAK ROAD	99709	-147.75116983717686	64.95973180217163	
1151 DOONERAK ROAD	99709	-147.75530907172347	64.95815059089239	
1133 DOONERAK ROAD	99709	-147.75303004816865	64.95804617243712	
1113 DOONERAK ROAD	99709	-147.75056307471945	64.95754040026637	
1091 DOONERAK ROAD	99709	-147.74799436707193	64.957968177662	
1303 CANDIDE COURT	99709	-147.7707972491551	64.95587242393003	
2119 WATERFORD ROAD	99709	-147.746710020058	64.95475559897976	
1174 BALLINA ROAD	99709	-147.7570893849592	64.95486927882628	
1196 BALLINA ROAD	99709	-147.76014685513204	64.9547244043499	
1200 BALLINA ROAD	99709	-147.76302323428047	64.95498917178797	
1348 MOLLY ROAD	99709	-147.7761953349458	64.9571137514619	
1225 MOLLY ROAD	99709	-147.76273688476215	64.96031355339791	
1207 MOLLY ROAD	99709	-147.7601019327418	64.96102378736606	
1070 MOLLY ROAD	99709	-147.74604706606635	64.9661272998505	
1092 MOLLY ROAD	99709	-147.74880961461488	64.96548297439905	
1110 MOLLY ROAD	99709	-147.75063841059884	64.9647728741121	
1220 MOLLY ROAD	99709	-147.7628640160117	64.96217893281035	
1234 MOLLY ROAD	99709	-147.76323654604718	64.96159510552414	
1248 MOLLY ROAD	99709	-147.76507875190038	64.96103665775154	
1330 MOLLY ROAD	99709	-147.77401251306196	64.95756421401619	
2218 HATTIE CREEK ROAD	99709	-147.8633542876922	64.98150581135539	
2152 HATTIE CREEK ROAD	99709	-147.85858732253425	64.98131363510988	
2075 ADIT LANE	99709	-147.85227884143225	64.97974088445889	
2135 HATTIE CREEK ROAD	99709	-147.8559182519067	64.98013963105535	
2344 HATTIE CREEK ROAD	99709	-147.87600324193866	64.978728524116	
1226 BALLINA ROAD	99709	-147.76491306366654	64.95472998218126	
1011 GOLDSTREAM ROAD	99709	-147.74028284525292	64.95496559713345	
875 GOLDSTREAM ROAD	99709	-147.72607038902166	64.95498632599542	
880 GOLDSTREAM ROAD	99709	-147.72431374159527	64.95644553697163	
788 GOLDSTREAM ROAD	99709	-147.7172358321803	64.95542968378486	
760 GOLDSTREAM ROAD	99709	-147.71480484908162	64.95473393215958	
734 GOLDSTREAM ROAD	99709	-147.71460213183335	64.95535396599621	
2050 RESOLUTION ROAD	99709	-147.8508435079694	64.98332939590807	
2203 RESOLUTION ROAD	99709	-147.86684523005664	64.98288553093045	
2380 HATTIE CREEK ROAD	99709	-147.87780815550713	64.97666505891856	
2106 DETERMINATION DRIVE	99709	-147.85611156354568	64.97866736005312	
4040 WILDCAT CREEK WAY	99712	-147.66507313923054	65.0411953448108	
4064 WILDCAT CREEK WAY	99712	-147.66508650931283	65.0426404289046	
4039 TREASURE STREET	99712	-147.67312933469822	65.0410306552875	
4080 TREASURE STREET	99712	-147.67596672536956	65.04335454275345	
4058 TREASURE STREET	99712	-147.67513110351817	65.04282286355989	
4034 TREASURE STREET	99712	-147.67138816753635	65.04155721740732	
3990 BABE CREEK DRIVE	99712	-147.6789584931367	65.03956532729293	
430 VAULT DRIVE	99712	-147.67965842494266	65.03821031363138	
480 VAULT DRIVE	99712	-147.6805986314964	65.037739448549	
4251 ELLIOTT HIGHWAY	99712	-147.6617417091187	65.05016791681038	
315 RAM'S CURL COURT	99712	-147.66460998011738	65.0499720613057	
265 RAM'S CURL COURT	99712	-147.662057749479	65.04834312744185	
3974 WILDCAT CREEK WAY	99712	-147.66160778024926	65.03851200597913	
4000 WILDCAT CREEK WAY	99712	-147.6623073737999	65.03946062570583	
4045 WILDCAT CREEK WAY	99712	-147.66815061498045	65.04147483997485	
4093 TREASURE STREET	99712	-147.68278180211672	65.0434450399008	
4050 BABE CREEK DRIVE	99712	-147.68662046253598	65.04238097723444	
4026 BABE CREEK DRIVE	99712	-147.68453652731253	65.04152567846609	
4004 BABE CREEK DRIVE	99712	-147.68004482123257	65.0398821100189	
4036 TREASURE STREET	99712	-147.6955232349894	65.05227653557284	
4200 OLD ELLIOTT HIGHWAY	99712	-147.63984841503458	65.04603988213951	
2505 STEESE HIGHWAY	99712	-147.5682875580815	64.97134644902334	
2497 STEESE HIGHWAY	99712	-147.56807879856143	64.97229754584644	
395 THUNDER ROAD	99712	-147.61030889989465	64.96687788102074	
2170 WATERFORD ROAD	99709	-147.74410361435906	64.95586754464588	
4210 ELLIOTT HIGHWAY	99712	-147.65377165035656	65.04945317134742	
833 DOCILE LANE	99712	-147.5556667785456	64.97203029115957	
110 AMAYUN LANE	99712	-147.63772862430912	65.01148855398402	
279 OLD MURPHY DOME ROAD	99712	-147.64969350007945	64.99773912283973	
1253 EISELE ROAD	99712	-147.51260278770673	64.9718262565175	
2144 OLD STEESE HIGHWAY NORTH	99712	-147.62411107452843	64.95538485031062	
2144 OLD STEESE HIGHWAY NORTH	99712	-147.62370056751493	64.9551765011753	
2525 ELLIOTT HIGHWAY	99712	-147.63121799283863	64.97151336071322	
825 DOCILE LANE	99712	-147.55705771478543	64.97166380206443	
2444 SINFUL STREET	99712	-147.56061831675336	64.97030963312261	
100 AMAYUN LANE	99712	-147.64094258253493	65.01234510106225	
800 GOLDSTREAM ROAD	99709	-147.71795886137497	64.95617606479145	
116 AMAYUN LANE	99712	-147.64064403079024	65.01264141699218	
810 GOLDSTREAM ROAD	99709	-147.71897979021892	64.95550858980465	
2349 STEESE HIGHWAY	99712	-147.60166676466588	64.96530205691667	
4340 OLD ELLIOTT HIGHWAY	99712	-147.63802964304145	65.0555558147743	
2259 DIRT ROAD	99712	-147.60476108771465	64.95999298625424	
2263 DIRT ROAD	99712	-147.60434525610594	64.9593636126456	
2357 ANAA BAASEE LANE	99712	-147.63390683051165	64.968516266243	
2251 DIRT ROAD	99712	-147.6049304077529	64.9613180600976	
2684 OLD STEESE HIGHWAY NORTH	99712	-147.5422422422435	64.98000108079798	
3303 STEESE HIGHWAY	99712	-147.50845155527622	65.00843279703962	
3311 STEESE HIGHWAY	99712	-147.50720225150417	65.00888870205145	
3419 APROKA STREET	99712	-147.50259238174047	65.01131699722079	
3399 APROKA STREET	99712	-147.50233306453353	65.01027430099734	
985 OLD CHATANIKA TRAIL	99712	-147.5496282038193	64.97939988050567	
2745 STEESE HIGHWAY	99712	-147.54087227935403	64.98283442219028	
2755 STEESE HIGHWAY	99712	-147.54143384293945	64.9840066930499	
2835 STEESE HIGHWAY	99712	-147.53913223590234	64.98614854834854	
3434 STEESE HIGHWAY	99712	-147.48311560360673	65.01446275497753	
3601 STEESE HIGHWAY	99712	-147.4825038608627	65.02142699965033	
1440 PEDRO DOME ROAD	99712	-147.50155492666755	65.03507518532777	
941 PEDRO DOME ROAD	99712	-147.5565333195352	65.03211077152979	
139 CHICAGO BEAR LANE	99712	-147.6379300339443	65.0134827076843	
3800 ELLIOTT HIGHWAY	99712	-147.62545047456086	65.03507961627754	
2658 OLD STEESE HIGHWAY NORTH	99712	-147.5434054326198	64.97897425792972	
2677 OLD STEESE HIGHWAY NORTH	99712	-147.54429941117806	64.9796763658109	
2665 OLD STEESE HIGHWAY NORTH	99712	-147.54457356009416	64.97910423956212	
966 OLD CHATANIKA TRAIL	99712	-147.55172550205094	64.97954808270586	
2710 BRIER ROAD	99712	-147.54915034111565	64.98124611239072	
3200 STEESE HIGHWAY	99712	-147.51490323201557	65.00317764431783	
2332 STEESE HIGHWAY	99712	-147.60089831072494	64.96374669904647	
2324 STEESE HIGHWAY	99712	-147.602709947991	64.96400982661133	
2285 SHAY COURT	99712	-147.6028961724792	64.96182875807153	
2343 STEESE HIGHWAY	99712	-147.6029942467448	64.96497819973945	
2290 STEESE HIGHWAY	99712	-147.60910832326843	64.96122450415393	
3272 STEESE HIGHWAY	99712	-147.51016569555603	65.00575874597874	
3275 STEESE HIGHWAY	99712	-147.51203100203017	65.00658106592927	
1300 EISELE ROAD	99712	-147.5180103622996	64.97628264862733	
1250 EISELE ROAD	99712	-147.52363568466663	64.97661374499009	
2655 OLD STEESE HIGHWAY NORTH	99712	-147.54485640854335	64.97881959757153	
2540 STEESE HIGHWAY	99712	-147.55345312635208	64.97307836148208	
2555 STEESE HIGHWAY	99712	-147.55560466704327	64.97541931534379	
2561 STEESE HIGHWAY	99712	-147.5526232115164	64.97506011705053	
2575 STEESE HIGHWAY	99712	-147.55180792609804	64.97582256975446	
2605 STEESE HIGHWAY	99712	-147.54924935436483	64.97673530629757	
2539 STEESE HIGHWAY	99712	-147.55900826916547	64.97361099670248	
2535 STEESE HIGHWAY	99712	-147.55884445445753	64.97328757793535	
2533 STEESE HIGHWAY	99712	-147.55911380329732	64.97321804500295	
2521 STEESE HIGHWAY	99712	-147.55994392714257	64.97304976892121	
2493 STEESE HIGHWAY	99712	-147.57297310780032	64.97166430219012	
2479 STEESE HIGHWAY	99712	-147.57459363828795	64.97033412168457	
2465 STEESE HIGHWAY	99712	-147.57792713229142	64.97017173568467	
2480 STEESE HIGHWAY	99712	-147.5761226076769	64.96850325487057	
2420 KIELBASA COURT	99712	-147.58049391383636	64.96492581673719	
2408 STEESE HIGHWAY	99712	-147.5826824280975	64.96750463691608	
2400 STEESE HIGHWAY	99712	-147.58348923752806	64.96706695332611	
2370 STEESE HIGHWAY	99712	-147.58967895618875	64.9656439705592	
2332 GUNNER LANE	99712	-147.59810875187637	64.96475253481312	
2289 GUNNER LANE	99712	-147.5983040552235	64.96237859655953	
2280 STEESE HIGHWAY	99712	-147.60829192074883	64.96029743259562	
2195 OLD STEESE HIGHWAY NORTH	99712	-147.6213231060526	64.95808555993716	
371 OLD CHATANIKA TRAIL	99712	-147.61559908035088	64.96314691854694	
2284 ELLIOTT HIGHWAY	99712	-147.6208143109537	64.96250163300192	
332 OLD CHATANIKA TRAIL	99712	-147.61459585591888	64.96520927478103	
395 THUNDER ROAD	99712	-147.6127092168199	64.966613281318	
420 THUNDER ROAD	99712	-147.6128440941473	64.96800549552391	
360 THUNDER ROAD	99712	-147.61745527670226	64.96805982994691	
2372 ELLIOTT HIGHWAY	99712	-147.62464847193456	64.96551565120748	
2430 ELLIOTT HIGHWAY	99712	-147.62657215966925	64.96879239299051	
2486 ELLIOTT HIGHWAY	99712	-147.6226697155246	64.97147710649686	
2488 ELLIOTT HIGHWAY	99712	-147.62289963621228	64.97133294143208	
2174 STEESE HIGHWAY	99712	-147.61094422002807	64.95674255023964	
2166 STEESE HIGHWAY	99712	-147.61335212621694	64.9554485870574	
2156 OLD STEESE HIGHWAY NORTH	99712	-147.61766964834717	64.9553360390824	
2134 OLD STEESE HIGHWAY NORTH	99712	-147.62034126579707	64.95516772013563	
2136 OLD STEESE HIGHWAY NORTH	99712	-147.6216679386139	64.95496469087753	
2132 OLD STEESE HIGHWAY NORTH	99712	-147.62245788150256	64.95457307930539	
2245 OLD ELLIOTT HIGHWAY	99712	-147.625347753238	64.96028770393222	
2233 OLD ELLIOTT HIGHWAY	99712	-147.6263415050007	64.9596808801359	
2230 OLD ELLIOTT HIGHWAY	99712	-147.62481930701438	64.95932723053289	
2222 OLD ELLIOTT HIGHWAY	99712	-147.62341778924008	64.95885603677435	
2215 OLD STEESE HIGHWAY NORTH	99712	-147.62190579763282	64.95910440302328	
2197 OLD ELLIOTT HIGHWAY	99712	-147.62371626564203	64.95805364899736	
2691 OLD STEESE HIGHWAY NORTH	99712	-147.54474510491872	64.9801811747243	
2694 OLD STEESE HIGHWAY NORTH	99712	-147.5425943935308	64.98035985964596	
2400 KIELBASA COURT	99712	-147.57818396642853	64.96666982360756	
2380 STEESE HIGHWAY	99712	-147.5871286610958	64.96264898508959	
2272 GUNNER LANE	99712	-147.5963625601348	64.96214200329929	
2676 OLD STEESE HIGHWAY NORTH	99712	-147.5431321713957	64.97927866689523	
980 OLD CHATANIKA TRAIL	99712	-147.5503258992903	64.98065052389818	
2845 STEESE HIGHWAY	99712	-147.53831306529906	64.98768883261113	
2999 STEESE HIGHWAY	99712	-147.53272173338857	64.99375321771562	
3001 STEESE HIGHWAY	99712	-147.5318294054934	64.99468634114588	
3151 STEESE HIGHWAY	99712	-147.52578063315818	65.00160868283525	
3241 STEESE HIGHWAY	99712	-147.51553182695585	65.00648124057335	
3305 STEESE HIGHWAY	99712	-147.50875320757405	65.0073692402398	
2654 OLD STEESE HIGHWAY NORTH	99712	-147.54342391383335	64.97860466902581	
2641 STEESE HIGHWAY	99712	-147.5452314430466	64.97814285315354	
2564 STEESE HIGHWAY	99712	-147.54885838557857	64.97448391056966	
2552 STEESE HIGHWAY	99712	-147.55206835766506	64.97416326807085	
2541 STEESE HIGHWAY	99712	-147.56021411401926	64.9747126427466	
2545 STEESE HIGHWAY	99712	-147.55774829415225	64.97362656288762	
2543 STEESE HIGHWAY	99712	-147.55788110647876	64.97374177842264	
2537 STEESE HIGHWAY	99712	-147.55916778274172	64.97368717922738	
2511 STEESE HIGHWAY	99712	-147.56486918119276	64.97156142615023	
2500 STEESE HIGHWAY	99712	-147.5660362794287	64.96980024514725	
2482 STEESE HIGHWAY	99712	-147.57421098699484	64.96738355989012	
2435 STEESE HIGHWAY	99712	-147.58033234944145	64.9695636730445	
2434 STEESE HIGHWAY	99712	-147.57794091404952	64.9679196169449	
2284 GUNNER LANE	99712	-147.59805747890798	64.96349102574464	
2226 OLD STEESE HIGHWAY NORTH	99712	-147.61723015623903	64.9575218733249	
2214 OLD STEESE HIGHWAY NORTH	99712	-147.61545620200133	64.95718956489334	
2160 OLD STEESE HIGHWAY NORTH	99712	-147.6195205315976	64.95761046276289	
2310 SHAY COURT	99712	-147.60246715445726	64.96317917229314	
2300 SHAY COURT	99712	-147.60130396795807	64.96285270639947	
2280 SHAY COURT	99712	-147.6007976092993	64.96160713782513	
2353 STEESE HIGHWAY	99712	-147.6019089024727	64.96610992943326	
2365 STEESE HIGHWAY	99712	-147.600200959961	64.96648777009413	
2313 STEESE HIGHWAY	99712	-147.60813196591675	64.96375291456792	
2309 STEESE HIGHWAY	99712	-147.61035747169464	64.96320493835186	
2303 STEESE HIGHWAY	99712	-147.61178403572794	64.9622032655873	
2293 STEESE HIGHWAY	99712	-147.61244390139356	64.9619356394237	
2285 STEESE HIGHWAY	99712	-147.61386131747165	64.961850323323	
358 OLD CHATANIKA TRAIL	99712	-147.6159443606729	64.96424140461593	
392 OLD CHATANIKA TRAIL	99712	-147.61378246055418	64.9645293979157	
292 THUNDER ROAD	99712	-147.62319418368037	64.96702641964694	
287 THUNDER ROAD	99712	-147.62318581768278	64.96654119611154	
275 THUNDER ROAD	99712	-147.6242006924323	64.96664096931478	
270 THUNDER ROAD	99712	-147.62470105845665	64.96737948333646	
2432 ELLIOTT HIGHWAY	99712	-147.62292480097582	64.96967634779651	
2420 ELLIOTT HIGHWAY	99712	-147.61982957295942	64.96929506162459	
2466 ELLIOTT HIGHWAY	99712	-147.6247920584914	64.97050817063712	
2460 ELLIOTT HIGHWAY	99712	-147.62361753751546	64.97046178257925	
2498 ELLIOTT HIGHWAY	99712	-147.6189294698141	64.97150307381017	
2480 ELLIOTT HIGHWAY	99712	-147.62325646679196	64.97104092049058	
2607 ELLIOTT HIGHWAY	99712	-147.63411105797388	64.97398654540943	
2204 STEESE HIGHWAY	99712	-147.6101170067464	64.95781771890866	
2148 OLD STEESE HIGHWAY NORTH	99712	-147.62282075159578	64.95603948737799	
2150 OLD STEESE HIGHWAY NORTH	99712	-147.62190584979743	64.95576287492541	
2281 OLD ELLIOTT HIGHWAY	99712	-147.62727686533827	64.96020132535278	
2205 OLD ELLIOTT HIGHWAY	99712	-147.6240925479718	64.9585809257413	
2203 OLD ELLIOTT HIGHWAY	99712	-147.62438728972631	64.95841237223902	
2207 OLD ELLIOTT HIGHWAY	99712	-147.62481085251935	64.9581988789618	
2227 OLD ELLIOTT HIGHWAY	99712	-147.62606789141554	64.95926372223315	
2195 OLD ELLIOTT HIGHWAY	99712	-147.6249155002183	64.95766203896217	
2153 OLD STEESE HIGHWAY NORTH	99712	-147.62591701340452	64.95770953692596	
2147 OLD STEESE HIGHWAY NORTH	99712	-147.6241422877355	64.9566551570983	
2115 OLD STEESE HIGHWAY NORTH	99712	-147.630623075649	64.95468249615065	
2146 OLD STEESE HIGHWAY NORTH	99712	-147.62340597448616	64.95505849840882	
4200 OLD ELLIOTT HIGHWAY	99712	-147.63488155060813	65.04876193287653	
520 SIMPSON WAY	99712	-147.62060866559872	65.06632960295705	
4800 LUNDEBERG ROAD	99712	-147.61775278126984	65.06550655331358	
4391 OLD ELLIOTT HIGHWAY	99712	-147.63955359194907	65.05668624782705	
730 GOLDSTREAM ROAD	99709	-147.71312638778087	64.95531601643377	
2228 OLD STEESE HIGHWAY NORTH	99712	-147.61782517501334	64.95809720061611	
297 THUNDER ROAD	99712	-147.62096435051444	64.96645256202764	
309 OLD CHATANIKA TRAIL	99712	-147.6213342523768	64.96376885259443	
2369 STEESE HIGHWAY	99712	-147.59875512020326	64.9659071110513	
1330 CANDIDE COURT	99709	-147.77262252554806	64.95616861618377	
2360 FIRST CHANCE CREEK ROAD	99712	-147.58430658337537	64.96535457896368	
2451 ANAA BAASEE LANE	99712	-147.6428412203002	64.96871179224877	
2837 STEESE HIGHWAY	99712	-147.5398477639242	64.98711037911502	
2155 OLD STEESE HIGHWAY NORTH	99712	-147.62230557953654	64.95724238133954	
4210 TREASURE STREET	99712	-147.67586231888043	65.05022693968311	
1148 DOONERAK ROAD	99709	-147.7549941222376	64.95915571329465	
2137 RESOLUTION ROAD	99709	-147.85906442103126	64.9824999977386	
2031 DETERMINATION DRIVE	99709	-147.8501540656043	64.97687637385134	
2263 HATTIE CREEK ROAD	99709	-147.86755110772955	64.98026997921266	
4020 WILDCAT CREEK WAY	99712	-147.66323162042056	65.04035955776055	
4065 WILDCAT CREEK WAY	99712	-147.66748331602219	65.04239611450488	
4012 BABE CREEK DRIVE	99712	-147.68212994739258	65.04073430011503	
2281 STEESE HIGHWAY	99712	-147.61552443723463	64.96185129425696	
2060 DETERMINATION DRIVE	99709	-147.85165063270279	64.97772550755471	
525 SIMPSON WAY	99712	-147.6218408214295	65.06557305250438	
1450 PEDRO DOME ROAD	99712	-147.50032156524261	65.03407021173058	
2261 DETERMINATION DRIVE	99709	-147.87326028421774	64.97657986958544	
2240 DETERMINATION DRIVE	99709	-147.87098170063055	64.97776096384786	
2283 OLD ELLIOTT HIGHWAY	99712	-147.62476496049	64.9612782592286	
2209 OLD ELLIOTT HIGHWAY	99712	-147.6254319854104	64.95788828886967	
2220 OLD ELLIOTT HIGHWAY	99712	-147.62371047298404	64.95928481194464	
2121 OLD STEESE HIGHWAY NORTH	99712	-147.6268453330457	64.95604924136558	
2494 STEESE HIGHWAY	99712	-147.5704301307352	64.96818263968444	
4601 STEESE HIGHWAY	99712	-147.4986191554557	65.05938972363415	
2518 SPARKLES LANE	99712	-147.54896161074694	64.97344949785177	
2255 DIRT ROAD	99712	-147.60512121811277	64.96053393385576	
808 DOCILE LANE	99712	-147.55857773657266	64.97181475234571	
2255 DETERMINATION DRIVE	99709	-147.87325648491858	64.97658704199765	
2534 SPARKLES LANE	99712	-147.55060580736597	64.97437902213227	
2530 SPARKLES LANE	99712	-147.55004741831908	64.97405247496165	
2600 SILVER GULCH DRIVE	99712	-147.65009484893983	64.96040658444767	
314 OLD MURPHY DOME ROAD	99712	-147.6530367810595	64.99727428888978	
951 GOLDSTREAM ROAD	99709	-147.73358146612907	64.95556100456461	
921 GOLDSTREAM ROAD	99709	-147.7305139082141	64.95529293026539	
2254 DIRT ROAD	99712	-147.60223658758116	64.96096977643131	
720 OLD MURPHY DOME ROAD	99712	-147.69279049409403	64.99610544026162	
720 OLD MURPHY DOME ROAD	99712	-147.6934161650729	64.9960639237989	
720 OLD MURPHY DOME ROAD	99712	-147.69433173424494	64.99603810847962	
720 OLD MURPHY DOME ROAD	99712	-147.69497829830559	64.99601652784743	
720 OLD MURPHY DOME ROAD	99709	-147.69654125338369	64.99598216314668	
720 OLD MURPHY DOME ROAD	99709	-147.69801424473386	64.99625386652797	
720 OLD MURPHY DOME ROAD	99709	-147.69868355243003	64.9961928394384	
720 OLD MURPHY DOME ROAD	99709	-147.69943671645083	64.99612729479666	
720 OLD MURPHY DOME ROAD	99709	-147.69859400565036	64.99557780097567	
2154 OLD STEESE HIGHWAY NORTH	99712	-147.62060522358834	64.95677317993956	
455 SIMPSON WAY	99712	-147.62836817583084	65.06659186296737	
2287 STEESE HIGHWAY	99712	-147.61451128350717	64.96099300897846	
2277 ELLIOTT HIGHWAY	99712	-147.6221973530145	64.9610956917565	
1011 OLD CHATANIKA TRAIL	99712	-147.54485123427406	64.98123985610424	
293 THUNDER ROAD	99712	-147.62223612214643	64.96583030186649	
4015 WILDCAT CREEK WAY	99712	-147.66730832291103	65.04074375166755	
295 OLD MURPHY DOME ROAD	99712	-147.649568438571	64.99586126366171	
998 OLD CHATANIKA TRAIL	99712	-147.59820746205182	64.9862834894803	
2780 ELLIOT HIGHWAY	99712	-147.62635829617744	64.99378458396521	
585 OLD MURPHY DOME ROAD	99712	-147.654883040239	64.99506521665678	
4100 ELLIOT HIGHWAY	99712	-147.65817641229685	65.04430950358655	
2315 ELLIOT HIGHWAY	99712	-147.625975437694	64.96157800053174	
4225 TREASURE STREET	99712	-147.68115255194382	65.05198245656292	
1089 MOLLY ROAD	99709	-147.7471242673414	64.96491600478575	
2048 HATTIE CREEK ROAD	99709	-147.8512568069518	64.98259194266953	
2021 DETERMINATION DRIVE	99709	-147.84696937387403	64.97762836443543	
2775 STEESE HIGHWAY	99712	-147.53951821038083	64.98505624956404	
2720 OLD STEESE HIGHWAY NORTH	99712	-147.5425394258786	64.98241619991477	
2304 OLD ELLIOTT HIGHWAY	99712	-147.622826896664	64.96153046629944	
476 SIMPSON WAY	99712	-147.6253642100874	65.06724600531662	
1533 OLD MURPHY DOME ROAD	99709	-147.79244006922522	64.99011090901617	
2082 ADIT LANE	99709	-147.8515250286129	64.98079611999428	
4625 STEESE HIGHWAY	99712	-147.50085385305715	65.05533652858227	
2205 OLD STEESE HIGHWAY NORTH	99712	-147.62003712449575	64.95893685023105	
2158 OLD STEESE HIGHWAY NORTH	99712	-147.62036806516977	64.95712836281497	
2270 STEESE HIGHWAY	99712	-147.6095629731825	64.95964757014714	
2270 STEESE HIGHWAY	99712	-147.6094117494339	64.95955483680045	
4531 TREASURE STREET	99712	-147.6915470694506	65.0651740405964	
1430 PEDRO DOME ROAD	99712	-147.5043022621461	65.03513764824537	
1420 PEDRO DOME ROAD	99712	-147.50266813467456	65.03426875629215	
1416 PEDRO DOME ROAD	99712	-147.5027305741143	65.03406050847919	
1409 PEDRO DOME ROAD	99712	-147.50315919975307	65.03360570379816	
1445 PEDRO DOME ROAD	99712	-147.50189351003672	65.03335204252966	
2257 STEESE HIGHWAY	99712	-147.55498323057884	64.9758901933907	
2259 STEESE HIGHWAY	99712	-147.5539147790408	64.97563781598103	
2259 STEESE HIGHWAY	99712	-147.55394004099912	64.9753004566226	
3677 ELLIOTT HIGHWAY	99712	-147.6509122775491	65.02384803872073	
576 OLD MURPHY DOME ROAD	99709	-147.67533841169265	64.99298472600375	
576 OLD MURPHY DOME ROAD	99709	-147.6749764108498	64.99293655916509	
576 OLD MURPHY DOME ROAD	99709	-147.6746259193115	64.99289300978414	
641 SIMPSON WAY	99712	-147.6159053306542	65.06117757327311	
2005 DETERMINATION DRIVE	99709	-147.82102371713896	64.9735658687546	
2951 STEESE HIGHWAY	99712	-147.53517741594678	64.99197042064253	
2300 OLD ELLIOTT HIGHWAY	99712	-147.62326257100733	64.96160950095178	
2511 STEESE HIGHWAY	99712	-147.56644579995327	64.97140007768293	
2511 STEESE HIGHWAY	99712	-147.5661566106666	64.97186958812149	
2511 STEESE HIGHWAY	99712	-147.56512232607926	64.97196115169989	
2163 RESOLUTION ROAD	99709	-147.86147831494662	64.98229109759896	
2286 SILVER CREEK ROAD	99709	-147.69546734725756	64.96122839160971	
2380 SILVER CREEK ROAD	99709	-147.69128777637886	64.96371157370524	
4519 TREASURE STREET	99712	-147.6918184535293	65.06422034984146	
5839 WILLOW CREEK ROAD	99712	-147.64641104016286	65.12239078684505	
5695 HAYSTACK DRIVE	99712	-147.69077944080794	65.11518857189985	
5136 ELLIOTT HIGHWAY	99712	-147.72850016078183	65.09047144042752	
1160 LEUTHOLD DRIVE	99712	-147.55202919132745	65.13264476896622	
1120 LEUTHOLD DRIVE	99712	-147.5576562426298	65.13152695716019	
5940 ELK STREET	99712	-147.56575451418217	65.1270458603526	
695 LEUTHOLD DRIVE	99712	-147.58753381125467	65.12496199214273	
755 LEUTHOLD DRIVE	99712	-147.58183938062913	65.12524916815919	
5921 MIDDLE FORK ROAD	99712	-147.6378305869559	65.12631986141464	
6065 SHARMON COURT	99712	-147.63844622417892	65.13282393432212	
740 LEUTHOLD DRIVE	99712	-147.58310246533483	65.12703675874029	
760 LEUTHOLD DRIVE	99712	-147.58168891979943	65.12741040934246	
800 LEUTHOLD DRIVE	99712	-147.5792430870053	65.12711548613443	
6600 HAYSTACK DRIVE	99712	-147.6167036853174	65.12451455537828	
6680 HAYSTACK DRIVE	99712	-147.62571052989566	65.12672351445846	
6700 HAYSTACK DRIVE	99712	-147.62808814201503	65.12656650022036	
6742 HAYSTACK DRIVE	99712	-147.63111891075488	65.12568254271848	
5931 MIDDLE FORK ROAD	99712	-147.63735715385488	65.12701061700511	
5865 MIDDLE FORK ROAD	99712	-147.63785828657174	65.12391871012403	
5971 MIDDLE FORK ROAD	99712	-147.63595684874645	65.12829716891692	
4605 LUNDEBERG ROAD	99712	-147.655909793069	65.06836128109998	
4610 LUNDEBERG ROAD	99712	-147.6548597738135	65.0701740560025	
4745 LUNDEBERG ROAD	99712	-147.61390981596406	65.0740482741023	
4755 LUNDEBERG ROAD	99712	-147.61388566777444	65.07330703255839	
4760 LUNDEBERG ROAD	99712	-147.61782363035826	65.07095768970534	
5883 MIDDLE FORK ROAD	99712	-147.63723045487478	65.12464719710424	
4635 LUNDEBERG ROAD	99712	-147.65977254111823	65.07331633723383	
4765 LUNDEBERG ROAD	99712	-147.61392413455377	65.07196368591343	
4770 LUNDEBERG ROAD	99712	-147.6175623933213	65.06982406459109	
5874 ELK STREET	99712	-147.56898897682214	65.12370085009101	
5450 SHERPA WAY	99712	-147.8299541246228	65.10230618819726	
1575 SMOKEY DRIVE	99712	-147.8025225880196	65.11085988562441	
5771 HAYSTACK DRIVE	99712	-147.68427687731884	65.1172725471194	
3333 HIMILAYA ROAD	99709	-147.9459131258716	65.09416290885646	
366 SIMPSON WAY	99712	-147.6362362527063	65.06953246722014	
5900 ELLIOTT HIGHWAY	99712	-147.8154032279739	65.13028008077112	
6085 SHARMON COURT	99712	-147.64001361563695	65.1341296120896	
5741 HAYSTACK DRIVE	99712	-147.68642497315003	65.11630851696728	
5767 HAYSTACK DRIVE	99712	-147.68506794959754	65.11708208067654	
5789 HAYSTACK DRIVE	99712	-147.68466489027867	65.11805750658719	
5807 HAYSTACK DRIVE	99712	-147.68173159196948	65.11824446263915	
5350 HAYSTACK DRIVE	99712	-147.7024152656608	65.09973434141688	
5380 HAYSTACK DRIVE	99712	-147.70119547521665	65.10077214108688	
5420 HAYSTACK DRIVE	99712	-147.6987149043332	65.10179421154267	
5568 HAYSTACK DRIVE	99712	-147.69585962078364	65.10898384342724	
5700 DUFFY LOOP	99712	-147.68917386789906	65.11218707121226	
5728 DUFFY LOOP	99712	-147.69060612147973	65.11108925751314	
5744 DUFFY LOOP	99712	-147.6895790915291	65.10999297894712	
5758 DUFFY LOOP	99712	-147.68640958851157	65.11083327783352	
5856 DUFFY LOOP	99712	-147.6764674068283	65.11319082742865	
5909 HAYSTACK DRIVE	99712	-147.6731492533085	65.12013671182791	
5091 HAYSTACK DRIVE	99712	-147.72319272436812	65.08890987028673	
5083 HAYSTACK DRIVE	99712	-147.72442597080914	65.08806100605733	
5049 HAYSTACK DRIVE	99712	-147.72632368531316	65.0877111741454	
5035 HAYSTACK DRIVE	99712	-147.72568091972303	65.08801695987019	
5027 HAYSTACK DRIVE	99712	-147.7268587681032	65.08848344349303	
5880 HAYSTACK DRIVE	99712	-147.67445253416997	65.1184301144884	
499 WILD MOON TRAIL	99712	-147.68494902704836	65.11516010225633	
5855 DUFFY LOOP	99712	-147.6804724401639	65.11551399178732	
5845 DUFFY LOOP	99712	-147.68281598749385	65.1148103789812	
5836 POKER CREEK CIRCLE	99712	-147.66698639221607	65.12285911947046	
5843 POKER CREEK CIRCLE	99712	-147.67005292431784	65.12258519782786	
5823 POKER CREEK CIRCLE	99712	-147.6718109782831	65.12149226168593	
5945 HAYSTACK DRIVE	99712	-147.67131267034637	65.12045004329907	
103 LEUTHOLD DRIVE	99712	-147.64899228702595	65.11275028631964	
107 LEUTHOLD DRIVE	99712	-147.6462913211168	65.11305697212988	
6137 HAYSTACK DRIVE	99712	-147.64981611628232	65.11927800539902	
1299 YOGI DRIVE	99712	-147.77137157016202	65.10716147836916	
1333 YOGI DRIVE	99712	-147.77529186396401	65.10815457184773	
1350 YOGI DRIVE	99712	-147.77676228178274	65.10970312825029	
5615 ELLIOTT HIGHWAY	99712	-147.77202460019595	65.11193173118936	
1580 B'RER LANE	99712	-147.80150308154995	65.1077349869834	
1600 SMOKEY DRIVE	99712	-147.80486132273376	65.10838228877955	
820 BICKEL ROAD	99712	-147.7190497943978	65.09250177565944	
790 BICKEL ROAD	99712	-147.71654438766035	65.09237419171207	
850 KIMBROOK COURT	99712	-147.72256191031371	65.09227066011478	
866 KIMBROOK COURT	99712	-147.7240673832458	65.09227870674471	
5048 HAYSTACK DRIVE	99712	-147.7261486298213	65.08657350221574	
5166 ELLIOTT HIGHWAY	99712	-147.72868086202098	65.09231178905132	
730 BICKEL ROAD	99712	-147.71109571159465	65.09255348878649	
727 BICKEL ROAD	99712	-147.71143566551774	65.09081561188712	
4750 ELLIOTT HIGHWAY	99712	-147.67013058782504	65.07352045431159	
178 SIMPSON WAY	99712	-147.65295281690155	65.07286966998916	
2275 HIMILAYA ROAD	99712	-147.85144857591126	65.09615146054979	
2425 HIMILAYA ROAD	99712	-147.8602531491559	65.09890416452122	
2385 HIMILAYA ROAD	99712	-147.85781915948846	65.09628666611103	
5019 HIMILAYA LOOP	99709	-148.02394903993934	65.09892421897024	
5005 HIMILAYA LOOP	99709	-148.0269936457399	65.09908813753005	
4855 HIMILAYA LOOP	99709	-148.04227187696662	65.09633485221738	
4835 HIMILAYA LOOP	99709	-148.04429187857707	65.09634831510566	
4825 HIMILAYA LOOP	99709	-148.0449620539249	65.09519766362682	
7080 ELLIOTT HIGHWAY	99712	-147.95887898874875	65.17327976202043	
5782 DUFFY LOOP	99712	-147.68352768723997	65.1115771312866	
5798 DUFFY LOOP	99712	-147.68229081050723	65.11202307870349	
5818 DUFFY LOOP	99712	-147.68119062909065	65.11274672116761	
2075 HIMILAYA ROAD	99712	-147.83984955704466	65.10421819906018	
793 BARDEL COURT	99712	-147.71685002957852	65.09081695545859	
807 BARDEL COURT	99712	-147.71854833580673	65.09085565260897	
5132 HAYSTACK DRIVE	99712	-147.71963269121568	65.09042728898055	
5920 DUFFY LOOP	99712	-147.6733483442107	65.11589507573771	
5970 DUFFY LOOP	99712	-147.66921008426496	65.11791050999419	
5843 HAYSTACK DRIVE	99712	-147.67736239217152	65.11903252310837	
5861 HAYSTACK DRIVE	99712	-147.67589400097384	65.11945501435957	
6053 DUFFY LOOP	99712	-147.6801666888324	65.1174469686811	
5800 HAYSTACK DRIVE	99712	-147.68145043911545	65.11695114305844	
480 WILD MOON TRAIL	99712	-147.68488851246016	65.11587235748517	
5791 DUFFY LOOP	99712	-147.6839054419571	65.11293759661778	
5747 DUFFY LOOP	99712	-147.6864357561097	65.11229984938963	
5675 DUFFY LOOP	99712	-147.6873815748136	65.11345132697187	
5665 DUFFY LOOP	99712	-147.6864962754283	65.11447911333599	
5934 HAYSTACK DRIVE	99712	-147.66848299082264	65.11947478550235	
5950 HAYSTACK DRIVE	99712	-147.66749413212773	65.1200332768082	
6200 HAYSTACK DRIVE	99712	-147.65207096266457	65.11488662658428	
6240 HAYSTACK DRIVE	99712	-147.65013717484155	65.11468806698129	
6075 HAYSTACK DRIVE	99712	-147.65377225723068	65.12265022724374	
6111 HAYSTACK DRIVE	99712	-147.6515853946308	65.12023796246378	
5757 WILLOW CREEK ROAD	99712	-147.64342510151812	65.11801074817954	
5599 KOALA WAY	99712	-147.77610894078066	65.1127089476116	
5579 KOALA WAY	99712	-147.77484891871444	65.11232344842041	
1675 B'RER LANE	99712	-147.81225541529312	65.10702228625307	
1651 B'RER LANE	99712	-147.80919686752625	65.10655993550087	
840 KIMBROOK COURT	99712	-147.72073103173574	65.09246661203971	
2255 HIMILAYA ROAD	99712	-147.85031411608205	65.09894039289478	
2625 HIMILAYA ROAD	99712	-147.87945528010366	65.10191045711491	
3251 HIMILAYA ROAD	99709	-147.93404730085192	65.09425821957254	
5099 HAYSTACK DRIVE	99712	-147.72324564343174	65.08887593797334	
5015 HAYSTACK DRIVE	99712	-147.7270742296066	65.08874562962598	
5090 HAYSTACK DRIVE	99712	-147.7178350627992	65.0887648607234	
5060 HAYSTACK DRIVE	99712	-147.7240961127584	65.08658062491912	
5001 HAYSTACK DRIVE	99712	-147.7284831847461	65.08948308088921	
5005 HAYSTACK DRIVE	99712	-147.72787709659477	65.08947172153513	
5009 HAYSTACK DRIVE	99712	-147.72811160418155	65.08992618525231	
710 BICKEL ROAD	99712	-147.70732966323075	65.0907933908333	
670 BICKEL ROAD	99712	-147.70531808849373	65.09254066556933	
4875 ELLIOTT HIGHWAY	99712	-147.68375660949712	65.07396224416955	
4825 ELLIOTT HIGHWAY	99712	-147.68359415405996	65.07449206852247	
177 SIMPSON WAY	99712	-147.65482135928664	65.07221426955633	
225 SIMPSON WAY	99712	-147.65089779657112	65.07125035736952	
120 SIMPSON WAY	99712	-147.65713434487364	65.07518123237891	
3201 HIMILAYA ROAD	99709	-147.9280529264638	65.0938445069016	
2240 HIMILAYA ROAD	99712	-147.85100317739742	65.10061036769301	
5140 HIMILAYA LOOP	99709	-148.01226045404343	65.09577290041632	
4868 HIMILAYA LOOP	99709	-148.03919284492952	65.09542493777765	
4955 HIMILAYA LOOP	99709	-148.03294051408213	65.09843253910776	
4875 HIMILAYA LOOP	99709	-148.04071620252583	65.09703515948881	
4306 HIMILAYA LOOP	99709	-148.00350226381946	65.09189691102905	
4346 HIMILAYA LOOP	99709	-148.00816670202187	65.09329194330988	
4788 HIMILAYA LOOP	99709	-148.04239251346476	65.09278652296747	
4810 HIMILAYA LOOP	99709	-148.04160634632348	65.09348126668219	
6049 COGAN DRIVE	99712	-147.67997200465774	65.13334865538772	
1805 HIMILAYA ROAD	99712	-147.82107929792332	65.11330069775646	
1855 HIMILAYA ROAD	99712	-147.82877212306528	65.1129833633819	
1900 HIMILAYA ROAD	99712	-147.83369402587627	65.11285095372187	
1558 B'RER LANE	99712	-147.79797955329335	65.10823558502096	
1427 YOGI DRIVE	99712	-147.78499018650265	65.10863173067544	
1366 YOGI DRIVE	99712	-147.77873086027586	65.10942235728209	
1363 YOGI DRIVE	99712	-147.77746410418104	65.1080950610408	
6718 HAYSTACK DRIVE	99712	-147.6305899853743	65.12543415782193	
5727 WILLOW CREEK ROAD	99712	-147.64062279388307	65.11642670431127	
6010 MIDDLE FORK ROAD	99712	-147.63022758083895	65.12965429973124	
5991 MIDDLE FORK ROAD	99712	-147.63640346664315	65.12928635168001	
5990 MIDDLE FORK ROAD	99712	-147.6309273468434	65.12902318733357	
5009 HIMILAYA LOOP	99709	-148.0262031138612	65.09770968480873	
5850 ELLIOTT HIGHWAY	99712	-147.81415249392793	65.12571789472376	
5690 OLD CHATANIKA ROAD	99712	-147.48198811182476	65.11321586261582	
589 LEUTHOLD DRIVE	99712	-147.59966862866727	65.1243074735224	
5025 ELLIOTT HIGHWAY	99712	-147.73695521035452	65.08625645154474	
2005 HIMILAYA ROAD	99712	-147.83552301234852	65.1089942933177	
1725 HIMILAYA ROAD	99712	-147.80770346216917	65.10928099811483	
2470 HIMILAYA ROAD	99712	-147.8600717897973	65.10071003825679	
3343 HIMILAYA ROAD	99709	-147.9478811742196	65.09395706069887	
777 BICKEL ROAD	99712	-147.71357788386274	65.08965668879506	
5965 HAYSTACK DRIVE	99712	-147.66547172456433	65.12217758444223	
6483 HAYSTACK DRIVE	99712	-147.63021406139887	65.12122103007701	
6485 HAYSTACK DRIVE	99712	-147.63165844066006	65.12231820133988	
1536 B'RER LANE	99712	-147.79671160510574	65.10826711421363	
5819 MIDDLE FORK ROAD	99712	-147.6353304363415	65.1204017926652	
6090 SHARMON COURT	99712	-147.63962565322876	65.13513422242853	
4665 HIMILAYA LOOP	99709	-148.03943839747063	65.08783528987553	
6000 ELLIOTT HIGHWAY	99712	-147.8312219808068	65.12989779754497	
5745 OLD CHATANIKA ROAD	99712	-147.4944385421827	65.11443206781699	
250 LEUTHOLD DRIVE	99712	-147.6279924959066	65.11736782795576	
5465 NEPAL DRIVE	99712	-147.86461854447688	65.10232830942681	
5266 HAYSTACK DRIVE	99712	-147.70905935720901	65.09763762303854	
4943 HIMILAYA LOOP	99709	-148.03380304744638	65.0972996049188	
339 OLNES LOOP ROAD	99712	-147.63186644007124	65.07026256880307	
394 SIMPSON WAY	99712	-147.6331559368653	65.06863748384463	
151 SIMPSON WAY	99712	-147.65567506984462	65.07309961429132	
1690 HIMILAYA ROAD	99712	-147.8041111261757	65.11595814493559	
396 OLNES LOOP ROAD	99712	-147.62156824622133	65.07415141060326	
4790 LUNDEBERG ROAD	99712	-147.61643337144312	65.06810400127416	
1000 LEUTHOLD DRIVE	99712	-147.56835926351988	65.12951450072543	
6020 MIDDLE FORK ROAD	99712	-147.6339021087781	65.13092483008207	
6040 MIDDLE FORK ROAD	99712	-147.63107398018948	65.13114903773206	
6080 SHARMON COURT	99712	-147.63690420259732	65.13403558368789	
6060 SHARMON COURT	99712	-147.63744705868385	65.13346363643187	
6055 SHARMON COURT	99712	-147.63743939737907	65.1321172099233	
1255 LEUTHOLD DRIVE	99712	-147.54296919288439	65.12940278854494	
1100 LEUTHOLD DRIVE	99712	-147.5603427428588	65.13071266679262	
1080 LEUTHOLD DRIVE	99712	-147.56183517391938	65.13085309944519	
1060 LEUTHOLD DRIVE	99712	-147.56343326336489	65.13055349610714	
1040 LEUTHOLD DRIVE	99712	-147.5654524232511	65.13016496816334	
1121 LEUTHOLD DRIVE	99712	-147.5561879004784	65.13017426704792	
5871 ELK STREET	99712	-147.57143053901135	65.12392104401624	
903 LEUTHOLD DRIVE	99712	-147.57487026131423	65.12465486160863	
599 LEUTHOLD DRIVE	99712	-147.59708636594124	65.12479922631394	
785 LEUTHOLD DRIVE	99712	-147.57760065635222	65.12609073404228	
610 LEUTHOLD DRIVE	99712	-147.59562787297995	65.12585021242992	
6640 HAYSTACK DRIVE	99712	-147.62085763634028	65.1265712577883	
6765 HAYSTACK DRIVE	99712	-147.635375097101	65.12515243150679	
6757 HAYSTACK DRIVE	99712	-147.63318229009568	65.12451415214768	
5930 MIDDLE FORK ROAD	99712	-147.63221572832921	65.12723436273323	
5760 STEESE HIGHWAY	99712	-147.4992200432996	65.11550504434739	
385 TRAIL CREEK ROAD	99712	-147.61634781783954	65.11917580046767	
169 LEUTHOLD DRIVE	99712	-147.6351090626611	65.1139958859927	
115 LEUTHOLD DRIVE	99712	-147.64156565696726	65.11325836732952	
160 LEUTHOLD DRIVE	99712	-147.63617029754604	65.11542869398951	
228 LEUTHOLD DRIVE	99712	-147.63236110665414	65.11584457485226	
6420 HAYSTACK DRIVE	99712	-147.6333633377871	65.11809463698472	
6460 HAYSTACK DRIVE	99712	-147.63085077871148	65.11988246123384	
6480 HAYSTACK DRIVE	99712	-147.62782898766815	65.12101812405687	
5810 WILLOW CREEK ROAD	99712	-147.6412037330375	65.12152250155326	
5840 WILLOW CREEK ROAD	99712	-147.64422539219404	65.12197375175114	
6461 HAYSTACK DRIVE	99712	-147.63237189908136	65.12036095653903	
250 OLNES LOOP ROAD	99712	-147.63980037717684	65.07341920508543	
320 SIMPSON WAY	99712	-147.64032506081722	65.07005008739876	
251 LEUTHOLD DRIVE	99712	-147.62636723107138	65.11675240034856	
227 LEUTHOLD DRIVE	99712	-147.63046693341752	65.11521420683488	
360 LEUTHOLD DRIVE	99712	-147.62010968340977	65.12163845402779	
6360 HAYSTACK DRIVE	99712	-147.6413122293383	65.11471842960724	
5780 WILLOW CREEK ROAD	99712	-147.64006185600977	65.11977838727317	
6533 HAYSTACK DRIVE	99712	-147.627344868841	65.12261855779197	
5830 MIDDLE FORK ROAD	99712	-147.6346081580739	65.12193058619557	
840 LEUTHOLD DRIVE	99712	-147.57876272837538	65.12924371733683	
5920 ELLIOTT HIGHWAY	99712	-147.81868702187035	65.12753019108123	
400 LEUTHOLD DRIVE	99712	-147.61301472592004	65.12393852129229	
255 OLNES LOOP ROAD	99712	-147.63956575015442	65.07151078893638	
470 WILD MOON TRAIL	99712	-147.68146203349642	65.11642124963643	
940 LEUTHOLD DRIVE	99712	-147.5709024121256	65.12837795606562	
6400 HAYSTACK DRIVE	99712	-147.636010402505	65.11702583139342	
1393 YOGI DRIVE	99712	-147.78134801124327	65.10762662325746	
5797 WILLOW CREEK ROAD	99712	-147.6450352864784	65.12065000001768	
4900 HIMILAYA LOOP	99709	-148.0362590658486	65.09556128826183	
399 LEUTHOLD DRIVE	99712	-147.6117006332854	65.12251196129847	
1885 HIMILAYA ROAD	99712	-147.82986680868595	65.11184049016518	
259 SIMPSON WAY	99712	-147.64786992766057	65.07016766257263	
300 SIMPSON WAY	99712	-147.64393965944365	65.07024391052444	
5545 KOALA WAY	99712	-147.7714941320189	65.11076802380977	
367 OLNES LOOP ROAD	99712	-147.629192177243	65.06971367244967	
1760 HIMILAYA ROAD	99712	-147.81052776396808	65.11457191411768	
5320 HAYSTACK DRIVE	99712	-147.706367585929	65.09934930378537	
5586 HAYSTACK DRIVE	99712	-147.69421380776032	65.11010707416462	
5610 HAYSTACK DRIVE	99712	-147.6933822775485	65.11125394708334	
5640 HAYSTACK DRIVE	99712	-147.69302278092547	65.11175941174622	
5670 DUFFY LOOP	99712	-147.69025422821292	65.11330397310662	
5770 DUFFY LOOP	99712	-147.68495675212256	65.11111460357155	
177 OLNES LOOP ROAD	99712	-147.64940114933972	65.07446894121418	
1244 LEUTHOLD DRIVE	99712	-147.54307502926923	65.13113623183175	
424 SIMPSON WAY	99712	-147.63011983803491	65.06794691275161	
1220 LEUTHOLD DRIVE	99712	-147.54727871668817	65.1312650187485	
5748 WILLOW CREEK ROAD	99712	-147.63888804546838	65.11828488491142	
850 LEUTHOLD DRIVE	99712	-147.57384983022487	65.12973698904383	
4892 ELLIOTT HIGHWAY	99712	-147.68734731024384	65.07785860119496	
5530 KOALA WAY	99712	-147.77457597403236	65.110219718785	
4885 ELLIOTT HIGHWAY	99712	-147.68528793195804	65.07548644725769	
6025 COGAN DRIVE	99712	-147.685868883521	65.13130146521493	
6040 COGAN DRIVE	99712	-147.68022795897056	65.13143008508825	
5596 COGAN DRIVE	99712	-147.69226866205736	65.1287135775652	
330 OLNES LOOP ROAD	99712	-147.6358792591287	65.0734640206273	
5950 ELLIOTT HIGHWAY	99712	-147.82213615588788	65.12788157893712	
379 SIMPSON WAY	99712	-147.63589604654945	65.06792333071502	
1281 YOGI DRIVE	99712	-147.768473070401	65.10722056161899	
105 SIMPSON WAY	99712	-147.65837452208535	65.07391635294586	
1978 HIMILAYA ROAD	99712	-147.846383465105	65.1090711699517	
3367 HIMILAYA ROAD	99709	-147.94366584438382	65.08713008894482	
3927 HIMILAYA ROAD	99709	-147.98719880796136	65.10400971256664	
2260 HIMILAYA ROAD	99712	-147.85349795804302	65.1002388868616	
5959 ELK STREET	99712	-147.57037575548782	65.12540696967542	
7040 ELLIOTT HIGHWAY	99712	-147.95140949958287	65.17057874134298	
5670 STEESE HIGHWAY	99712	-147.48867916677182	65.11155887258234	
2640 HIMILAYA ROAD	99712	-147.88213575926824	65.10301023029703	
5465 HAYSTACK DRIVE	99712	-147.70165675684868	65.105394514286	
275 LEUTHOLD DRIVE	99712	-147.6246224511801	65.11770979157217	
5060 HAYSTACK DRIVE	99712	-147.72446461705528	65.08679451587784	
2064 HIMILAYA ROAD	99712	-147.84558001987583	65.1060799074801	
1267 YOGI DRIVE	99712	-147.7666730563544	65.10757796101119	
1201 LEUTHOLD DRIVE	99712	-147.54874602525803	65.12969433472185	
336 SIMPSON WAY	99712	-147.6421003201778	65.06808624850818	
725 LEUTHOLD DRIVE	99712	-147.58503985484347	65.12500423110032	
5829 DUFFY LOOP	99712	-147.6825326927333	65.11383505446891	
5395 HAYSTACK DRIVE	99712	-147.7039399439098	65.10232009396722	
378 OLNES LOOP ROAD	99712	-147.6271783821987	65.07102318687592	
1177 LEUTHOLD DRIVE	99712	-147.55101250132867	65.13023579540427	
2008 HIMILAYA ROAD	99712	-147.8386340397084	65.10911070369913	
6688 ELLIOTT HIGHWAY	99712	-147.9125457692062	65.15946417931688	
6223 HAYSTACK DRIVE	99712	-147.64870928384363	65.11578470149551	
6245 HAYSTACK DRIVE	99712	-147.6454288864387	65.11686409697042	
4535 HIMILAYA LOOP	99709	-148.02429885850148	65.08642215562779	
6756 ELLIOTT HIGHWAY	99712	-147.92366928456974	65.1564521582878	
5514 ALBACORE LOOP	99709	-147.9955454451498	65.10612370000416	
5390 SHERPA WAY	99709	-147.8305494975667	65.09878970904465	
1840 HIMILAYA ROAD	99712	-147.82840960637972	65.11499851718703	
2671 HIMILAYA ROAD	99712	-147.88357176483575	65.1019848279547	
1914 HIMILAYA ROAD	99705	-147.83561436573697	65.11215719000792	
6175 HAYSTACK DRIVE	99712	-147.64863100986395	65.1176308949037	
227 OLNES LOOP ROAD	99712	-147.64442266292977	65.07287846591952	
6560 HAYSTACK DRIVE	99712	-147.62160582119265	65.1227658328794	
6620 HAYSTACK DRIVE	99712	-147.6175732500871	65.12586522477658	
2614 HIMILAYA ROAD	99709	-147.87939816683547	65.102819354732	
344 SIMPSON WAY	99712	-147.6385605559398	65.06924542681934	
6790 ELLIOTT HIGHWAY	99712	-147.92647535399348	65.15599830347013	
199 SIMPSON WAY	99712	-147.65269344497167	65.07217537693987	
603 LEUTHOLD DRIVE	99712	-147.59558651730345	65.12479145780644	
4716 LUNDEBERG ROAD	99712	-147.62335070980004	65.07563953212605	
1330 PANDA DRIVE	99712	-147.79158759556978	65.10855299255522	
1929 HIMILAYA ROAD	99705	-147.83225212659968	65.11140301699966	
11191 RICHARDSON HIGHWAY	99714	-146.87471528204682	64.36306775177006	
8373 GOOSECALL DRIVE	99714	-146.78751517184628	64.33154157906523	
11710 OLD RICHARDSON HIGHWAY	99714	-146.80670002383465	64.33833613573869	
11161 RICHARDSON HIGHWAY	99714	-146.87617507443437	64.36410833238857	
12226 OLD RICHARDSON HIGHWAY	99714	-146.68039764248905	64.31581696943474	
11989 RICHARDSON HIGHWAY	99714	-146.72922747449564	64.32055631492176	
11205 RICHARDSON HIGHWAY	99714	-146.873672976506	64.3627813945931	
12000 RICHARDSON HIGHWAY	99714	-146.70853971875795	64.321648737556	
12213 RICHARDSON HIGHWAY	99714	-146.70393255344524	64.31716922184661	
12240 RICHARDSON HIGHWAY	99714	-146.6886709847656	64.31592429910711	
7445 JAMESTOWN COURT	99714	-146.8837087449515	64.37709180457117	
13500 RICHARDSON HIGHWAY	99714	-146.54795577331086	64.30577949667219	
12334 OLD RICHARDSON HIGHWAY	99714	-146.68226735501582	64.31195247311372	
12328 OLD RICHARDSON HIGHWAY	99714	-146.6816699409761	64.31220189716919	
12360 OLD RICHARDSON HIGHWAY	99714	-146.68206095254115	64.31036942315212	
12510 KIMBERLY LANE	99714	-146.68263528124342	64.30399240044774	
12515 KIMBERLY LANE	99714	-146.68096659692847	64.30321410132206	
12525 KIMBERLY LANE	99714	-146.6804180950697	64.30290139761766	
12575 LOST LAKE ROAD	99714	-146.6774808503331	64.30115281055551	
12514 KIMBERLY LANE	99714	-146.6807851170185	64.30383453415834	
12536 KIMBERLY LANE	99714	-146.67825768838043	64.30304547819262	
12510 LOST LAKE ROAD	99714	-146.66857260180396	64.3011877317882	
12465 LOST LAKE ROAD	99714	-146.6722195676538	64.30408652380133	
12475 LOST LAKE ROAD	99714	-146.67157596667485	64.3029803438772	
12515 LOST LAKE ROAD	99714	-146.67092026401238	64.30167718356317	
12535 LOST LAKE ROAD	99714	-146.67459097864463	64.3017009002339	
12476 BOARDWALK DRIVE	99714	-146.66317545884766	64.30510914977047	
12484 BOARDWALK DRIVE	99714	-146.6627353783686	64.30543915773201	
12488 BOARDWALK DRIVE	99714	-146.66211627049458	64.30570486978866	
12492 BOARDWALK DRIVE	99714	-146.66181568828827	64.30582936696156	
12412 FIR STREET	99714	-146.65876675193948	64.3087020295713	
12420 FIR STREET	99714	-146.6589425581845	64.30894342123378	
12432 FIR STREET	99714	-146.6586758878451	64.30910305142943	
9642 PAMELA AVENUE	99714	-146.65572495419036	64.30923311901499	
9661 PAMELA AVENUE	99714	-146.65377233479924	64.30836952117615	
8370 GOOSECALL DRIVE	99714	-146.78905966610247	64.33209740379989	
9648 PAMELA AVENUE	99714	-146.65520636352974	64.30909357098048	
11911 RICHARDSON HIGHWAY	99714	-146.7706206194701	64.33076819788538	
15619 RICHARDSON HIGHWAY	99714	-146.34391910111532	64.28369772245935	
12246 OLD RICHARDSON HIGHWAY	99714	-146.68701252165044	64.31569727095652	
12234 OLD RICHARDSON HIGHWAY	99714	-146.6796824058402	64.31660873853617	
12232 OLD RICHARDSON HIGHWAY	99714	-146.67995008069076	64.31623608243845	
12230 OLD RICHARDSON HIGHWAY	99714	-146.67982620296556	64.31619875615469	
11017 RICHARDSON HIGHWAY	99714	-146.8822188925823	64.37166386793334	
11085 RICHARDSON HIGHWAY	99714	-146.87960737176914	64.36742022330816	
7450 WILLIAMSBURG ROAD	99714	-146.8837568847684	64.38240644346162	
10960 RICHARDSON HIGHWAY	99714	-146.88046506071936	64.3733499958435	
12306 OLD RICHARDSON HIGHWAY	99714	-146.68145491930068	64.31307843555827	
12472 BOARDWALK DRIVE	99714	-146.66374932636634	64.30500242347642	
12526 BOARDWALK DRIVE	99714	-146.66002414622167	64.30695239297708	
12430 DOUGLAS STREET	99714	-146.65882124735026	64.30689588428483	
9651 PAMELA AVENUE	99714	-146.65482595965338	64.30845000604924	
12312 OLD RICHARDSON HIGHWAY	99714	-146.682126509525	64.31288863779795	
12320 OLD RICHARDSON HIGHWAY	99714	-146.68171407864455	64.31262181413923	
12342 OLD RICHARDSON HIGHWAY	99714	-146.68178622538693	64.31171552480977	
11899 RICHARDSON HIGHWAY	99714	-146.77443410973845	64.33108723987601	
11925 FLYWAY COURT	99714	-146.79042296414758	64.33039073568087	
11922 FLYWAY COURT	99714	-146.78549955094567	64.32986082157515	
12388 RICHARDSON HIGHWAY	99714	-146.67978658075046	64.30868019546054	
12533 KIMBERLY LANE	99714	-146.67938552269618	64.30265983384898	
12545 KIMBERLY LANE	99714	-146.6789230527068	64.30216282721678	
12559 KIMBERLY LANE	99714	-146.67869775297228	64.30181005687388	
12573 KIMBERLY LANE	99714	-146.67839442429448	64.3013208678279	
12550 LOST LAKE ROAD	99714	-146.6758117906359	64.3017243313682	
12560 LOST LAKE ROAD	99714	-146.6757107037206	64.30123745288508	
12540 LOST LAKE ROAD	99714	-146.67391088329472	64.30104690046818	
12505 OVERLOOK DRIVE	99714	-146.6739415809214	64.30275651302301	
12475 OVERLOOK DRIVE	99714	-146.67411161797278	64.30371072331369	
12406 FIR STREET	99714	-146.6588696333524	64.30843041684598	
9652 PAMELA AVENUE	99714	-146.65474472686583	64.30898861022116	
9658 PAMELA AVENUE	99714	-146.65427031650816	64.30874136176965	
9684 PAMELA AVENUE	99714	-146.65087800908017	64.30840950043319	
15449 RICHARDSON HIGHWAY	99714	-146.34799747061533	64.28721701631163	
11935 RICHARDSON HIGHWAY	99714	-146.76221976895962	64.32653811241887	
15000 RICHARDSON HIGHWAY	99714	-146.39341490613384	64.29102833417032	
12660 LOST LAKE ROAD	99714	-146.6800453341624	64.29855949195374	
12511 OVERLOOK DRIVE	99714	-146.67414538880254	64.30222253733234	
11500 LOON SONG LANE	99714	-146.8547888642231	64.34529406561406	
12900 RICHARDSON HIGHWAY	99714	-146.59250200504778	64.3128893679389	
12005 RICHARDSON HIGHWAY	99714	-146.71510295127737	64.31745242292399	
12587 BOARDWALK DRIVE	99714	-146.65159461537448	64.3084288743802	
12228 OLD RICHARDSON HIGHWAY	99714	-146.68031476139376	64.31602613697711	
12304 OLD RICHARDSON HIGHWAY	99714	-146.6813868753841	64.31334091247835	
12302 OLD RICHARDSON HIGHWAY	99714	-146.6811281471635	64.31362825109285	
12366 RICHARDSON HIGHWAY	99714	-146.68109869590535	64.30942101247673	
12394 RICHARDSON HIGHWAY	99714	-146.67950381543045	64.3084308133123	
12548 KIMBERLY LANE	99714	-146.67728130633998	64.30273042334561	
12354 RICHARDSON HIGHWAY	99714	-146.6818447729491	64.30971673196493	
12382 RICHARDSON HIGHWAY	99714	-146.680292172553	64.30892274323556	
12562 KIMBERLY LANE	99714	-146.6772614772656	64.30225892195267	
10961 RICHARDSON HIGHWAY	99714	-146.8761935935852	64.36499753938344	
12415 DOUGLAS STREET	99714	-146.66004634044046	64.30644652581559	
11880 RICHARDSON HIGHWAY	99714	-146.7932496435883	64.33452695872025	
12515 OVERLOOK DRIVE	99714	-146.6723707332677	64.30190884393342	
12450 DOUGLAS STREET	99714	-146.65571849634307	64.30639600668417	
12530 BOARDWALK DRIVE	99714	-146.65953175643585	64.30714545255586	
12490 LOST LAKE ROAD	99714	-146.6697089580711	64.30265132299607	
11855 RICHARDSON HIGHWAY	99714	-146.79422088126265	64.33089748617488	
8393 GOOSECALL DRIVE	99714	-146.7841691534992	64.33194009038598	
12290 OLD RICHARDSON HIGHWAY	99714	-146.6813930904119	64.31388228037834	
11158 RICHARDSON HIGHWAY	99714	-146.87308966944352	64.36512440567694	
12528 OVERLOOK DRIVE	99714	-146.67102504636185	64.30220916226608	
15500 RICHARDSON HIGHWAY	99714	-146.3366725029899	64.2867827516919	
13580 RICHARDSON HIGHWAY	99714	-146.5509953037148	64.30287582702354	
12518 OVERLOOK DRIVE	99714	-146.67214677555245	64.30243059279732	
15625 RICHARDSON HIGHWAY	99714	-146.3360625128687	64.28194233183022	
11850 OLD RICHARDSON HIGHWAY	99714	-146.79661789743565	64.33611533876172	
11830 OLD RICHARDSON HIGHWAY	99714	-146.79931866443076	64.33560355171086	
12282 OLD RICHARDSON HIGHWAY	99714	-146.68088461474667	64.31454129251712	
11630 RICHARDSON HIGHWAY	99714	-146.8620033626419	64.34134597246158	
7285 SILVER LAKE DRIVE	99714	-146.8632439544289	64.34964773617233	
11980 OLD RICHARDSON HIGHWAY	99714	-146.77315847954387	64.33239556220319	
11459 RICHARDSON HIGHWAY	99714	-146.87098454168208	64.35031646499881	
11395 RICHARDSON HIGHWAY	99714	-146.87285128559	64.35241887432824	
12350 OLD RICHARDSON HIGHWAY	99714	-146.68208776159176	64.31119606923173	
12565 BIRCH LAKE ROAD	99714	-146.64665359276793	64.31069799342897	
12519 BIRCH LAKE ROAD	99714	-146.64555688788388	64.31287650638532	
12294 OLD RICHARDSON HIGHWAY	99714	-146.68143214309666	64.31380258038932	
12467 BIRCH LAKE ROAD	99714	-146.64577737849535	64.31512339126775	
7263 SOLITA STREET	99714	-146.86325490506064	64.35218162043152	
12224 OLD RICHARDSON HIGHWAY	99714	-146.68039175996068	64.31557844274657	
5920 OLD VALDEZ TRAIL	99714	-147.08543095026195	64.60151467186978	
5819 OLD VALDEZ TRAIL	99714	-147.10844766874467	64.60511807210425	
5790 OLD VALDEZ TRAIL	99714	-147.10727814265422	64.60702350966558	
5644 OLD VALDEZ TRAIL	99714	-147.1112299838776	64.61302673496121	
5631 OLD VALDEZ TRAIL	99714	-147.11630210721466	64.61308684083042	
5675 SKIPPER STREET	99714	-147.12382349655172	64.61116164926582	
5745 SKILA STREET	99714	-147.10587672807745	64.60649893907193	
5170 SUNDOWN TRAIL	99714	-147.11302417168503	64.6053219012066	
5845 OLD VALDEZ TRAIL	99714	-147.10823147980506	64.60437203007561	
5731 OLD VALDEZ TRAIL	99714	-147.11128285440856	64.6095393268784	
5711 OLD VALDEZ TRAIL	99714	-147.1121753174058	64.61054917870149	
5679 OLD VALDEZ TRAIL	99714	-147.11277056477647	64.61240753907778	
5694 OLD VALDEZ TRAIL	99714	-147.1091049543292	64.61104988114685	
5655 SKIPPER STREET	99714	-147.12154221954	64.61262050550864	
5879 OLD VALDEZ TRAIL	99714	-147.09917974845888	64.60137128218808	
5415 INGRID DRIVE	99714	-147.08626474449213	64.5969215680071	
5399 INGRID DRIVE	99714	-147.0880187740035	64.5969015500242	
5371 INGRID DRIVE	99714	-147.08935730463153	64.59705262900285	
5364 INGRID DRIVE	99714	-147.09052184544214	64.59667355259626	
5410 INGRID DRIVE	99714	-147.08752619315547	64.59764468818652	
5949 OLD VALDEZ TRAIL	99714	-147.09234848997	64.59846136717222	
5901 OLD VALDEZ TRAIL	99714	-147.09639981546658	64.59816668128354	
5933 OLD VALDEZ TRAIL	99714	-147.09134000938963	64.60030117542473	
5201 SUNDOWN TRAIL	99714	-147.10769491666417	64.60320925019278	
5872 OLD VALDEZ TRAIL	99714	-147.10160784066585	64.60329747772357	
5944 OLD VALDEZ TRAIL	99714	-147.08742297581813	64.60001599630642	
6012 OLD VALDEZ TRAIL	99714	-147.08267848200398	64.59669404782261	
6004 OLD VALDEZ TRAIL	99714	-147.0832755930558	64.5971716247387	
5990 OLD VALDEZ TRAIL	99714	-147.08429904955167	64.59812831542632	
5974 OLD VALDEZ TRAIL	99714	-147.0845130356542	64.59833252297204	
5382 INGRID DRIVE	99714	-147.09131081420085	64.59766864403376	
5394 INGRID DRIVE	99714	-147.08838738691554	64.59814782378605	
5915 OLD VALDEZ TRAIL	99714	-147.0941704218756	64.60139310357073	
5900 OLD VALDEZ TRAIL	99714	-147.0931458583708	64.60266571804837	
5896 OLD VALDEZ TRAIL	99714	-147.09555524806868	64.60322295106049	
5871 OLD VALDEZ TRAIL	99714	-147.10131091664022	64.60163996810478	
5861 OLD VALDEZ TRAIL	99714	-147.10354289393817	64.60216137728192	
5855 OLD VALDEZ TRAIL	99714	-147.10579963605255	64.60219986028032	
5850 OLD VALDEZ TRAIL	99714	-147.1050854388258	64.60362641267037	
5898 OLD VALDEZ TRAIL	99714	-147.0908490899443	64.60309130503583	
5300 STRIPES AVENUE	99714	-147.10090884069206	64.60434174658262	
5310 STRIPES AVENUE	99714	-147.0968690178596	64.60607303994165	
5320 STRIPES AVENUE	99714	-147.09665490171733	64.60504174439886	
5822 OLD VALDEZ TRAIL	99714	-147.1043185943527	64.60601655641301	
5801 OLD VALDEZ TRAIL	99714	-147.11012606836044	64.60634459360195	
5771 OLD VALDEZ TRAIL	99714	-147.11053912017027	64.60771686931707	
5751 OLD VALDEZ TRAIL	99714	-147.11072667771668	64.60858298372501	
5680 OLD VALDEZ TRAIL	99714	-147.1099751996552	64.61201894281251	
5740 OLD VALDEZ TRAIL	99714	-147.10780542263447	64.60843513318707	
5918 OLD VALDEZ TRAIL	99714	-147.08786219216412	64.60224910248047	
5911 OLD VALDEZ TRAIL	99714	-147.09150637320755	64.60123798568267	
5366 GOPHER COURT	99714	-147.09740384167225	64.60959884359812	
5945 OLD VALDEZ TRAIL	99714	-147.08987329910147	64.5992785952605	
5909 OLD VALDEZ TRAIL	99714	-147.09618585058936	64.59963618496992	
5913 OLD VALDEZ TRAIL	99714	-147.0932516417115	64.60054083714661	
5889 OLD VALDEZ TRAIL	99714	-147.0977721548025	64.60133922879326	
5899 OLD VALDEZ TRAIL	99714	-147.09525224050242	64.6013543796202	
5917 OLD VALDEZ TRAIL	99714	-147.09645251055142	64.60050623111313	
5865 OLD VALDEZ TRAIL	99714	-147.10333469794628	64.60145674216831	
6965 HARRY LUCKE TRAIL	99714	-146.93556606544254	64.46312832817856	
6989 HARRY LUCKE TRAIL	99714	-146.93296569684975	64.46171328044986	
11207 SALCHA DRIVE	99714	-146.8138365034836	64.42080317818298	
10428 SALCHA DRIVE	99714	-146.8657037424991	64.41068953201093	
10017 SALCHA DRIVE	99714	-146.89634159157978	64.41637866953555	
9647 SALCHA DRIVE	99714	-146.88575198000086	64.43330896743656	
9483 COOLIDGE STREET	99714	-146.8804576299911	64.44018690356559	
6960 ORCHID DRIVE	99714	-146.9349799608865	64.40858054397117	
9987 SALCHA DRIVE	99714	-146.89636734307655	64.41798909685964	
10125 SNOWBERRY DRIVE	99714	-146.9283609185015	64.41118903526028	
7390 HARDING DRIVE	99714	-146.88931601493618	64.44605662058953	
11439 SALCHA DRIVE	99714	-146.81636422704614	64.43021269847385	
11238 SALCHA DRIVE	99714	-146.8158182644289	64.42308137191647	
10258 SALCHA DRIVE	99714	-146.881501720345	64.40988205998886	
7465 HARDING DRIVE	99714	-146.88146253129577	64.44555891065602	
10271 PEREGRINE RIDGE ROAD	99714	-146.81201719473634	64.40593193295872	
8835 RICHARDSON HIGHWAY	99714	-146.94399504592326	64.46905187620904	
8839 RICHARDSON HIGHWAY	99714	-146.94215801997038	64.46974322283798	
8841 RICHARDSON HIGHWAY	99714	-146.94106731980963	64.46922832432128	
8845 RICHARDSON HIGHWAY	99714	-146.93960778122621	64.46918033918539	
6871 HIGHLINE TRAIL	99714	-146.94345559487923	64.46649162127821	
6891 HIGHLINE TRAIL	99714	-146.9410329893831	64.46540218011079	
6911 HIGHLINE TRAIL	99714	-146.93874302785667	64.4659655664828	
6886 HIGHLINE TRAIL	99714	-146.94208449613677	64.46722026319894	
8870 RICHARDSON HIGHWAY	99714	-146.91586841225404	64.47289408128213	
7054 UPHUES DRIVE	99714	-146.92877301650836	64.4699379168751	
7068 UPHUES DRIVE	99714	-146.92238948370633	64.46777115941886	
6996 BESSIE BARNABAS TRAIL	99714	-146.93513184227407	64.4651160876883	
7195 ROLLING STONE COURT	99714	-146.90968929443434	64.43838705487433	
9699 SALCHA DRIVE	99714	-146.88854783813613	64.43085498014452	
9632 SALCHA DRIVE	99714	-146.88305810653458	64.43358862046601	
9670 SALCHA DRIVE	99714	-146.88605399260814	64.43173058049412	
9581 RICHARDSON HIGHWAY	99714	-146.9067601789636	64.43864113026231	
9631 SALCHA DRIVE	99714	-146.88410019600786	64.43389659389368	
9691 SALCHA DRIVE	99714	-146.8880638711132	64.43128367611608	
6982 BESSIE BARNABAS TRAIL	99714	-146.9361520165036	64.4647329018089	
6918 BESSIE BARNABAS TRAIL	99714	-146.94086617980253	64.46300984796731	
6908 BESSIE BARNABAS TRAIL	99714	-146.94093545039294	64.46228151077398	
6896 BESSIE BARNABAS TRAIL	99714	-146.94260248084376	64.46264317296009	
6860 BESSIE BARNABAS TRAIL	99714	-146.94589476685215	64.46184983771448	
7120 HARRY LUCKE TRAIL	99714	-146.9211274611018	64.46066161221735	
7314 HARDING DRIVE	99714	-146.89700024819567	64.4461072086713	
7223 HARDING DRIVE	99714	-146.90651905781866	64.44529485274772	
7229 HARDING DRIVE	99714	-146.90624514035977	64.44527763037915	
7289 HARDING DRIVE	99714	-146.8998606407699	64.44540112949683	
7297 HARDING DRIVE	99714	-146.8991544198728	64.4452922310279	
7449 HARDING DRIVE	99714	-146.8832192749963	64.44531673624616	
7350 HARDING DRIVE	99714	-146.89350335502297	64.44623740976455	
7358 HARDING DRIVE	99714	-146.89284617403038	64.44624971309902	
7454 HARDING DRIVE	99714	-146.88258397104042	64.44631578684901	
9179 RICHARDSON HIGHWAY	99714	-146.91642244416897	64.45436796862859	
6820 COUNTRY ROAD	99714	-146.94621364400982	64.45191286315324	
6655 COUNTRY ROAD	99714	-146.95788035759094	64.4497949631825	
6532 COUNTRY ROAD	99714	-146.97231557335	64.45519289105253	
6562 COUNTRY ROAD	99714	-146.96631616586194	64.45521464594876	
11405 SALCHA DRIVE	99714	-146.81492554771833	64.42858070183482	
11279 SALCHA DRIVE	99714	-146.8135809860364	64.42446258264444	
11227 SALCHA DRIVE	99714	-146.81339792674737	64.42217925155617	
11221 SALCHA DRIVE	99714	-146.81374031131273	64.42180121209665	
11175 SALCHA DRIVE	99714	-146.81441849773572	64.41869504839863	
11128 SALCHA DRIVE	99714	-146.81735316387216	64.41672331980061	
11136 SALCHA DRIVE	99714	-146.81723532963034	64.41691523000961	
7021 NO GRUB TRAIL	99714	-146.9287813436275	64.45983463311785	
7230 PRICE DRIVE	99714	-146.90593342369934	64.4635863004763	
7256 PRICE DRIVE	99714	-146.89525818357637	64.45975393439187	
7231 PRICE DRIVE	99714	-146.9056509094359	64.45839193316452	
7251 HOLLIES ACRES DRIVE	99714	-146.90454565001048	64.45373724124579	
7285 HOLLIES ACRES DRIVE	99714	-146.899534786725	64.45332566893909	
9162 RICHARDSON HIGHWAY	99714	-146.91356710012425	64.45499308959948	
9204 RICHARDSON HIGHWAY	99714	-146.9127593501382	64.4529437262561	
9239 RICHARDSON HIGHWAY	99714	-146.91416873989803	64.45132969385206	
9227 RICHARDSON HIGHWAY	99714	-146.91457691950208	64.45190912632879	
9205 RICHARDSON HIGHWAY	99714	-146.91474041759076	64.45265134148258	
9280 RICHARDSON HIGHWAY	99714	-146.90821284314939	64.44936174311758	
9298 RICHARDSON HIGHWAY	99714	-146.90819483313396	64.44875658084491	
9319 RICHARDSON HIGHWAY	99714	-146.9118585894531	64.44790181426666	
9379 RICHARDSON HIGHWAY	99714	-146.91036778760795	64.4451450033534	
9680 SALCHA DRIVE	99714	-146.88628825808667	64.43148419218265	
9682 SALCHA DRIVE	99714	-146.88633118856586	64.43130312949465	
9552 COOLIDGE STREET	99714	-146.8795481221544	64.43740402786904	
9545 COOLIDGE STREET	99714	-146.88109310719696	64.43799834238618	
9535 COOLIDGE STREET	99714	-146.88075634061042	64.43843504442697	
9465 COOLIDGE STREET	99714	-146.88058209242777	64.44092955743207	
9421 COOLIDGE STREET	99714	-146.8808523846968	64.44302014066876	
9399 COOLIDGE STREET	99714	-146.88110718569015	64.4440143868994	
7252 HARDING DRIVE	99714	-146.90360798078444	64.44644475499432	
11276 SALCHA DRIVE	99714	-146.81587786076224	64.42439181987572	
11402 SALCHA DRIVE	99714	-146.8168517590282	64.42852544809931	
11404 SALCHA DRIVE	99714	-146.81700990500943	64.42873333636878	
11424 SALCHA DRIVE	99714	-146.81766282698626	64.42976645462534	
11430 SALCHA DRIVE	99714	-146.81738727438898	64.42999174057204	
11434 SALCHA DRIVE	99714	-146.81787725759216	64.43036456062941	
11118 SALCHA DRIVE	99714	-146.81432973278118	64.41548673325912	
11280 SALCHA DRIVE	99714	-146.8157765911169	64.42461938568873	
11330 SALCHA DRIVE	99714	-146.81595347896086	64.425983843847	
11336 SALCHA DRIVE	99714	-146.81574203236178	64.426240352879	
11340 SALCHA DRIVE	99714	-146.81626137926395	64.42641321998231	
11344 SALCHA DRIVE	99714	-146.81628846675238	64.42664112538306	
11354 SALCHA DRIVE	99714	-146.81619431744247	64.42687138541928	
11382 SALCHA DRIVE	99714	-146.8167492113074	64.42801690533895	
11388 SALCHA DRIVE	99714	-146.8168119292641	64.42826948571705	
11138 SALCHA DRIVE	99714	-146.81698444215806	64.41717872351458	
11140 SALCHA DRIVE	99714	-146.81706799455839	64.41737703422825	
11174 SALCHA DRIVE	99714	-146.816626033456	64.41848412624518	
11178 SALCHA DRIVE	99714	-146.81649836670059	64.41873310623748	
11180 SALCHA DRIVE	99714	-146.81614328977437	64.41901284205343	
11184 SALCHA DRIVE	99714	-146.8163117006667	64.41926581446087	
11202 SALCHA DRIVE	99714	-146.81593482894053	64.4203542558497	
11204 SALCHA DRIVE	99714	-146.81594370003276	64.42053616678189	
11206 SALCHA DRIVE	99714	-146.815854481561	64.42085055460055	
11212 SALCHA DRIVE	99714	-146.81595939297836	64.42132818056129	
11228 SALCHA DRIVE	99714	-146.81582879928442	64.42235349889081	
11230 SALCHA DRIVE	99714	-146.81577163800756	64.42261149212207	
11188 SALCHA DRIVE	99714	-146.81628974884237	64.41936393530217	
11264 SALCHA DRIVE	99714	-146.81594861893157	64.42391543995403	
11270 SALCHA DRIVE	99714	-146.81591794552742	64.42413376718962	
10914 SALCHA DRIVE	99714	-146.8236301525768	64.40945755193434	
10486 SALCHA DRIVE	99714	-146.86275364440792	64.41185511129432	
10478 SALCHA DRIVE	99714	-146.86345438294447	64.41202466154373	
10470 SALCHA DRIVE	99714	-146.86407090263498	64.41220483897217	
10462 SALCHA DRIVE	99714	-146.86518966142216	64.4121752006975	
10503 SALCHA DRIVE	99714	-146.86117879148316	64.4106133640358	
10495 SALCHA DRIVE	99714	-146.86185123080833	64.41078005443788	
10854 SALCHA DRIVE	99714	-146.82859568165748	64.40772358551234	
10838 SALCHA DRIVE	99714	-146.83191167522233	64.40863592304014	
10842 SALCHA DRIVE	99714	-146.83145188976957	64.4088450556795	
10844 SALCHA DRIVE	99714	-146.83088438270445	64.40881864172938	
10886 SALCHA DRIVE	99714	-146.82689165532756	64.40931041731606	
10890 SALCHA DRIVE	99714	-146.82655678849102	64.40956342885728	
10900 SALCHA DRIVE	99714	-146.826233462333	64.40970927044684	
10906 SALCHA DRIVE	99714	-146.8258181749237	64.40986656720308	
10926 SALCHA DRIVE	99714	-146.82400200541298	64.41069596997278	
10932 SALCHA DRIVE	99714	-146.82363285326142	64.41094220064757	
10936 SALCHA DRIVE	99714	-146.8235435617401	64.41119809913725	
10944 SALCHA DRIVE	99714	-146.82348102692586	64.41141222115763	
10986 SALCHA DRIVE	99714	-146.82096448454897	64.41254910747789	
10994 SALCHA DRIVE	99714	-146.82064235577235	64.41275010111602	
11020 SALCHA DRIVE	99714	-146.82033033522572	64.4128389346217	
11024 SALCHA DRIVE	99714	-146.8200539049928	64.41304928636244	
11058 SALCHA DRIVE	99714	-146.8188756941715	64.41412626622757	
11064 SALCHA DRIVE	99714	-146.81857896213643	64.41430511573336	
11072 SALCHA DRIVE	99714	-146.81848491861447	64.4145062525746	
11088 SALCHA DRIVE	99714	-146.81849683443392	64.41476317432468	
11116 SALCHA DRIVE	99714	-146.8176273032246	64.41585985945088	
10600 SALCHA DRIVE	99714	-146.8524238794312	64.40544588871721	
10552 SALCHA DRIVE	99714	-146.85750858253925	64.41049779747506	
10542 SALCHA DRIVE	99714	-146.85799552308023	64.41087565475188	
10475 SALCHA DRIVE	99714	-146.8631200558889	64.41128290784776	
10144 SALCHA DRIVE	99714	-146.89034550012727	64.4107288198256	
10124 SALCHA DRIVE	99714	-146.8919609415678	64.41170796632399	
10112 SALCHA DRIVE	99714	-146.8920983782387	64.41209395050198	
10108 SALCHA DRIVE	99714	-146.89222874476252	64.41228335540495	
10104 SALCHA DRIVE	99714	-146.89247031615818	64.41242459036562	
10078 SALCHA DRIVE	99714	-146.8936254571624	64.41368360070697	
10436 SALCHA DRIVE	99714	-146.86568297031747	64.41099301007004	
10414 SALCHA DRIVE	99714	-146.86603767792718	64.41061177079169	
10410 SALCHA DRIVE	99714	-146.8663044579823	64.4105075075474	
10406 SALCHA DRIVE	99714	-146.86627437775928	64.41018647336473	
10374 SALCHA DRIVE	99714	-146.86941596823064	64.40975464087806	
10354 SALCHA DRIVE	99714	-146.87127669115063	64.40983928244195	
10350 SALCHA DRIVE	99714	-146.87172531048958	64.40990119459053	
10342 SALCHA DRIVE	99714	-146.8726380697198	64.40991476366722	
10306 SALCHA DRIVE	99714	-146.87558441440788	64.40998184143206	
10260 SALCHA DRIVE	99714	-146.88076665044966	64.40976696943797	
10266 SALCHA DRIVE	99714	-146.88013662451925	64.40987884073989	
10282 SALCHA DRIVE	99714	-146.87788277734666	64.41002830777741	
10278 SALCHA DRIVE	99714	-146.8783536762056	64.4099348240766	
10290 SALCHA DRIVE	99714	-146.8767539307687	64.41009938836977	
10286 SALCHA DRIVE	99714	-146.8775097038611	64.4098525446957	
10240 SALCHA DRIVE	99714	-146.88236767079232	64.410063486275	
10174 SALCHA DRIVE	99714	-146.88733756160286	64.41000099432428	
10170 SALCHA DRIVE	99714	-146.88778703578097	64.41005826978855	
10195 SALCHA DRIVE	99714	-146.8856301965431	64.40958817722749	
10154 SALCHA DRIVE	99714	-146.88943106195595	64.41025592601396	
10148 SALCHA DRIVE	99714	-146.8897273463014	64.41047752281939	
10146 SALCHA DRIVE	99714	-146.89011981252	64.4106038528071	
10072 SALCHA DRIVE	99714	-146.8937239431138	64.41405316118147	
10062 SALCHA DRIVE	99714	-146.89383430517063	64.41423844647906	
10056 SALCHA DRIVE	99714	-146.89419728947897	64.41453966969435	
10040 SALCHA DRIVE	99714	-146.8944546971038	64.4152359561586	
10038 SALCHA DRIVE	99714	-146.8944877729263	64.41535924208148	
10034 SALCHA DRIVE	99714	-146.8945170305096	64.41549225212886	
10032 SALCHA DRIVE	99714	-146.89467335363213	64.41561406797922	
10010 SALCHA DRIVE	99714	-146.89491447889887	64.41660792618826	
10006 SALCHA DRIVE	99714	-146.89486377734391	64.41679490591106	
10059 SALCHA DRIVE	99714	-146.8954568907894	64.41443131429534	
9826 SALCHA DRIVE	99714	-146.89197139487845	64.42470132390162	
9824 SALCHA DRIVE	99714	-146.89172297227708	64.42502075954113	
9786 SALCHA DRIVE	99714	-146.8912258314679	64.42674199029656	
9827 SALCHA DRIVE	99714	-146.89398238875367	64.42466868479603	
9825 SALCHA DRIVE	99714	-146.8944637989566	64.42502567782545	
9785 SALCHA DRIVE	99714	-146.8923624532459	64.42680653246491	
10002 SALCHA DRIVE	99714	-146.89491225373973	64.41703307575175	
9974 SALCHA DRIVE	99714	-146.89492028719556	64.4182527665579	
9970 SALCHA DRIVE	99714	-146.895020279297	64.41838345978304	
9968 SALCHA DRIVE	99714	-146.8950460091096	64.4185376145795	
9962 SALCHA DRIVE	99714	-146.8950933619797	64.41878274138999	
9944 SALCHA DRIVE	99714	-146.89501904281153	64.41960342217405	
9942 SALCHA DRIVE	99714	-146.89499692889342	64.41975856728496	
9938 SALCHA DRIVE	99714	-146.89497104979557	64.4198873375957	
9934 SALCHA DRIVE	99714	-146.8948595926986	64.42004287167005	
9979 SALCHA DRIVE	99714	-146.8962433005018	64.41839059794003	
9927 SALCHA DRIVE	99714	-146.895840568593	64.42026362395438	
9918 SALCHA DRIVE	99714	-146.89439114831362	64.42084653932893	
9914 SALCHA DRIVE	99714	-146.89443385686525	64.42111255864292	
9874 SALCHA DRIVE	99714	-146.89357901214146	64.42230453044961	
9868 SALCHA DRIVE	99714	-146.89326132510934	64.42265427333074	
9846 SALCHA DRIVE	99714	-146.8924949714916	64.42381163899907	
9897 SALCHA DRIVE	99714	-146.89575706586766	64.42174595403715	
9885 SALCHA DRIVE	99714	-146.89602525234343	64.42220867258753	
9871 SALCHA DRIVE	99714	-146.89522320488038	64.42272387162245	
9840 SALCHA DRIVE	99714	-146.89233902394687	64.42413796579125	
9834 SALCHA DRIVE	99714	-146.89214507657874	64.42449032599355	
10053 SALCHA DRIVE	99714	-146.89549815881205	64.41460988182524	
10025 SALCHA DRIVE	99714	-146.89655646699123	64.41602117714515	
10021 SALCHA DRIVE	99714	-146.8964135502652	64.4162706379409	
9775 SALCHA DRIVE	99714	-146.89187739848686	64.42725096289173	
9769 SALCHA DRIVE	99714	-146.89134128226226	64.4278739520879	
9709 SALCHA DRIVE	99714	-146.88955575577629	64.43063753298779	
9700 SALCHA DRIVE	99714	-146.88772197101815	64.4303327417376	
9712 SALCHA DRIVE	99714	-146.88789603668863	64.4300677916787	
9714 SALCHA DRIVE	99714	-146.88788894496827	64.42996286291411	
9736 SALCHA DRIVE	99714	-146.88925243253053	64.42874677409691	
9744 SALCHA DRIVE	99714	-146.8895220453526	64.42862085517616	
9750 SALCHA DRIVE	99714	-146.8896598749862	64.4283509474165	
9776 SALCHA DRIVE	99714	-146.89052752165233	64.42728994475769	
9780 SALCHA DRIVE	99714	-146.89054038839018	64.42711299675334	
7029 ORCHID DRIVE	99714	-146.93045163231218	64.41104183951124	
10233 RICHARDSON HIGHWAY	99714	-146.91849005501456	64.40612355511026	
6935 ORCHID DRIVE	99714	-146.93621762161138	64.4071149047628	
6755 ORCHID DRIVE	99714	-146.9558778551319	64.4084960104772	
6750 ORCHID DRIVE	99714	-146.95618467462302	64.40946087697183	
6753 ORCHID DRIVE	99714	-146.95852968229585	64.40997655340597	
6754 ORCHID DRIVE	99714	-146.9544651805326	64.40983778917455	
6930 ORCHID DRIVE	99714	-146.93644142484553	64.40823809449321	
10150 CHICKWEED DRIVE	99714	-146.94081639761743	64.40968844978282	
10277 OLD VALDEZ TRAIL	99714	-146.95101184336846	64.40249393841387	
10922 SALCHA DRIVE	99714	-146.82435563902592	64.41052644030954	
10946 SALCHA DRIVE	99714	-146.82306262108676	64.4115264314777	
10952 SALCHA DRIVE	99714	-146.82282402809167	64.41172917429878	
10956 SALCHA DRIVE	99714	-146.8226066730146	64.41194964009598	
10960 SALCHA DRIVE	99714	-146.82211048443327	64.41207853696955	
10962 SALCHA DRIVE	99714	-146.82159581664504	64.4121850944514	
11358 SALCHA DRIVE	99714	-146.81628648688775	64.42708642323097	
11364 SALCHA DRIVE	99714	-146.81634471545024	64.42738495499223	
11372 SALCHA DRIVE	99714	-146.81652753123888	64.42755388042558	
11374 SALCHA DRIVE	99714	-146.81660751995713	64.4277530525607	
11406 SALCHA DRIVE	99714	-146.81711884032845	64.42894003217319	
11412 SALCHA DRIVE	99714	-146.8173579091179	64.42921993277483	
11416 SALCHA DRIVE	99714	-146.81751003652724	64.42940656044595	
11420 SALCHA DRIVE	99714	-146.81764085911888	64.42960449199926	
11108 SALCHA DRIVE	99714	-146.8147175530944	64.41508991837826	
11078 SALCHA DRIVE	99714	-146.8155226920639	64.41438704208836	
10940 SALCHA DRIVE	99714	-146.82184035499498	64.41049388472574	
10866 SALCHA DRIVE	99714	-146.82768532114804	64.40798059356725	
10810 SALCHA DRIVE	99714	-146.83773756020798	64.40582644334397	
10822 SALCHA DRIVE	99714	-146.83318135278554	64.40852755276373	
10826 SALCHA DRIVE	99714	-146.83289416664542	64.40857976781808	
10834 SALCHA DRIVE	99714	-146.83239308102588	64.40871674907198	
10850 SALCHA DRIVE	99714	-146.8299737320492	64.40892777625918	
10856 SALCHA DRIVE	99714	-146.82928167617865	64.40900673200422	
10880 SALCHA DRIVE	99714	-146.82740597778252	64.40928893308138	
10868 SALCHA DRIVE	99714	-146.82787658410965	64.40912958129705	
10916 SALCHA DRIVE	99714	-146.82501518111974	64.41013462543188	
10920 SALCHA DRIVE	99714	-146.82453796587836	64.41028211338468	
11026 SALCHA DRIVE	99714	-146.8198090506392	64.41327990535252	
10358 SALCHA DRIVE	99714	-146.87096981692605	64.4098845512801	
10336 SALCHA DRIVE	99714	-146.87311599927776	64.40991192257322	
10326 SALCHA DRIVE	99714	-146.87388307855528	64.41007574013098	
10322 SALCHA DRIVE	99714	-146.8741674407103	64.41007879484127	
10270 SALCHA DRIVE	99714	-146.87964819882055	64.40984662893226	
10294 SALCHA DRIVE	99714	-146.87624720632223	64.41013084368615	
11036 SALCHA DRIVE	99714	-146.81949284417792	64.41344082220769	
11044 SALCHA DRIVE	99714	-146.81912996436662	64.41371469096798	
11056 SALCHA DRIVE	99714	-146.81908116408505	64.41392499500819	
11092 SALCHA DRIVE	99714	-146.81805944171637	64.41492400682411	
11098 SALCHA DRIVE	99714	-146.81774684632666	64.41517547567929	
11104 SALCHA DRIVE	99714	-146.81787024314946	64.4153977420793	
11112 SALCHA DRIVE	99714	-146.81779034001687	64.41558419964834	
10534 SALCHA DRIVE	99714	-146.85873791889466	64.41113882532696	
10522 SALCHA DRIVE	99714	-146.86007327906003	64.41115753653187	
10514 SALCHA DRIVE	99714	-146.86108715850736	64.41147949234458	
10508 SALCHA DRIVE	99714	-146.86143089015798	64.41149661483611	
10500 SALCHA DRIVE	99714	-146.86177456209313	64.4115387340418	
10551 SALCHA DRIVE	99714	-146.85749305988304	64.4100138630801	
10545 SALCHA DRIVE	99714	-146.85838591565056	64.410094095626	
10515 SALCHA DRIVE	99714	-146.85994376799883	64.41018743816832	
10461 SALCHA DRIVE	99714	-146.8645773360455	64.41115744752261	
10454 SALCHA DRIVE	99714	-146.8651704986963	64.4115267380072	
10398 SALCHA DRIVE	99714	-146.86675930996432	64.41012013587678	
10394 SALCHA DRIVE	99714	-146.86713652792437	64.4101403084788	
10390 SALCHA DRIVE	99714	-146.86749749833663	64.40999806066507	
10388 SALCHA DRIVE	99714	-146.86798497920586	64.40966263361202	
10370 SALCHA DRIVE	99714	-146.86971941531354	64.40975284351265	
10366 SALCHA DRIVE	99714	-146.8700896900076	64.40975325228818	
10362 SALCHA DRIVE	99714	-146.87048543145295	64.40974046199554	
10196 SALCHA DRIVE	99714	-146.8843811644343	64.41003301214938	
10029 SALCHA DRIVE	99714	-146.89631513451363	64.41566343710419	
9998 SALCHA DRIVE	99714	-146.89499127018027	64.41718602227883	
9994 SALCHA DRIVE	99714	-146.89499049398347	64.41733258989316	
9990 SALCHA DRIVE	99714	-146.89509398630418	64.4175117500042	
9958 SALCHA DRIVE	99714	-146.8952516369339	64.4189735723742	
10184 SALCHA DRIVE	99714	-146.88589580109496	64.4100220634598	
10180 SALCHA DRIVE	99714	-146.8865886197474	64.4100713263925	
10171 SALCHA DRIVE	99714	-146.888873915756	64.40936711459574	
10164 SALCHA DRIVE	99714	-146.8889010069013	64.41008026909047	
10160 SALCHA DRIVE	99714	-146.88945258425684	64.41005369832637	
10140 SALCHA DRIVE	99714	-146.89063236049648	64.41093552545455	
10136 SALCHA DRIVE	99714	-146.89086564267762	64.41106141187316	
10132 SALCHA DRIVE	99714	-146.89129667854837	64.41122764692085	
10128 SALCHA DRIVE	99714	-146.89130294461842	64.41146955231048	
10100 SALCHA DRIVE	99714	-146.89268938508	64.41271102457486	
10094 SALCHA DRIVE	99714	-146.89293669116094	64.41281116855714	
10092 SALCHA DRIVE	99714	-146.89300621670117	64.4129517770031	
10088 SALCHA DRIVE	99714	-146.89299587403042	64.41317454930444	
10082 SALCHA DRIVE	99714	-146.89328214643115	64.41341714306874	
10054 SALCHA DRIVE	99714	-146.89422341243923	64.41470169656846	
10052 SALCHA DRIVE	99714	-146.89427793701734	64.41483125134583	
10046 SALCHA DRIVE	99714	-146.89431061855842	64.41497018690308	
10044 SALCHA DRIVE	99714	-146.89441897006037	64.41510866085748	
10026 SALCHA DRIVE	99714	-146.89466595109556	64.41584301101211	
10022 SALCHA DRIVE	99714	-146.89474082702608	64.4160063925226	
10018 SALCHA DRIVE	99714	-146.89480828096197	64.41624317736012	
10014 SALCHA DRIVE	99714	-146.8947858472034	64.41643278937575	
10043 SALCHA DRIVE	99714	-146.8958976362113	64.41495576559	
10039 SALCHA DRIVE	99714	-146.89567967769102	64.41519404191153	
9954 SALCHA DRIVE	99714	-146.89514254365423	64.41913372608114	
9749 SALCHA DRIVE	99714	-146.89113079955584	64.42864008399415	
9741 SALCHA DRIVE	99714	-146.8903503191415	64.42882398128863	
9733 SALCHA DRIVE	99714	-146.89016331687233	64.42914014663498	
9723 SALCHA DRIVE	99714	-146.88974106024924	64.42965649922088	
9713 SALCHA DRIVE	99714	-146.88923762780576	64.43000391448349	
9718 SALCHA DRIVE	99714	-146.88824070850708	64.42967961799275	
9952 SALCHA DRIVE	99714	-146.8950871222001	64.41928492573003	
9948 SALCHA DRIVE	99714	-146.89506225980998	64.41951107366965	
9928 SALCHA DRIVE	99714	-146.89479900335076	64.4201795105154	
9924 SALCHA DRIVE	99714	-146.89506995384883	64.4206687228977	
9985 SALCHA DRIVE	99714	-146.8967790624814	64.41825417272172	
9902 SALCHA DRIVE	99714	-146.89408547457123	64.42140549623704	
9898 SALCHA DRIVE	99714	-146.89387802148394	64.42161081505338	
9896 SALCHA DRIVE	99714	-146.89374518563588	64.42184433105044	
9862 SALCHA DRIVE	99714	-146.89287246530455	64.42317532522375	
10120 SNOWBERRY DRIVE	99714	-146.92512795162102	64.41193320936104	
10105 SNOWBERRY DRIVE	99714	-146.92847056511732	64.41234580680388	
6990 HAREBELL AVENUE	99714	-146.93027625891983	64.41443863969279	
7040 ORCHID DRIVE	99714	-146.93023176617302	64.41317518153934	
6965 ORCHID DRIVE	99714	-146.93330474505387	64.4077671419589	
10229 RICHARDSON HIGHWAY	99714	-146.91921690967467	64.40688398735045	
10231 RICHARDSON HIGHWAY	99714	-146.91833766198087	64.40654529791313	
6895 ORCHID DRIVE	99714	-146.9401863526939	64.40737427357605	
6855 ORCHID DRIVE	99714	-146.94468507837723	64.40771925483469	
6811 ORCHID DRIVE	99714	-146.9496581193011	64.40778676297087	
6760 ORCHID DRIVE	99714	-146.95415164894712	64.40917139798356	
6790 ORCHID DRIVE	99714	-146.95265812036038	64.40890838663682	
6810 ORCHID DRIVE	99714	-146.95010696818338	64.40862567213634	
6860 ORCHID DRIVE	99714	-146.944856264725	64.40879978174769	
10293 OLD VALDEZ TRAIL	99714	-146.94706524405453	64.40331557551197	
10295 OLD VALDEZ TRAIL	99714	-146.94578110338517	64.40266767071061	
10297 OLD VALDEZ TRAIL	99714	-146.94441322788455	64.40364206244459	
10299 OLD VALDEZ TRAIL	99714	-146.9414580699453	64.40349021997065	
10319 OLD VALDEZ TRAIL	99714	-146.93293328135266	64.40250546232805	
10290 OLD VALDEZ TRAIL	99714	-146.94725753528505	64.40452192659548	
10292 OLD VALDEZ TRAIL	99714	-146.94574956748534	64.40454729017236	
9856 SALCHA DRIVE	99714	-146.89269911234365	64.42345358492796	
9854 SALCHA DRIVE	99714	-146.89256407002915	64.42360155114581	
9848 SALCHA DRIVE	99714	-146.8924995315713	64.42372711245504	
9863 SALCHA DRIVE	99714	-146.89492242671346	64.42312896612492	
9857 SALCHA DRIVE	99714	-146.89520491561035	64.42354536260045	
9849 SALCHA DRIVE	99714	-146.89468393733205	64.4238341520536	
9844 SALCHA DRIVE	99714	-146.8923479912288	64.4239681367217	
9816 SALCHA DRIVE	99714	-146.89161263043943	64.42542816208707	
9808 SALCHA DRIVE	99714	-146.89146226803223	64.4256532519811	
9804 SALCHA DRIVE	99714	-146.89100703592226	64.42612990280395	
9790 SALCHA DRIVE	99714	-146.8911980032342	64.42645597060033	
9823 SALCHA DRIVE	99714	-146.89390094363142	64.42514316101615	
9813 SALCHA DRIVE	99714	-146.8932566039288	64.42573158326466	
9805 SALCHA DRIVE	99714	-146.89296519477256	64.42620089255756	
9791 SALCHA DRIVE	99714	-146.8927319263638	64.42653568573995	
9728 SALCHA DRIVE	99714	-146.8885336791654	64.42931546673712	
9732 SALCHA DRIVE	99714	-146.88878121338692	64.42904569682251	
9752 SALCHA DRIVE	99714	-146.8897729763316	64.4280823115604	
9766 SALCHA DRIVE	99714	-146.89013701632294	64.42792759722572	
9768 SALCHA DRIVE	99714	-146.89038109242298	64.4278296949558	
9770 SALCHA DRIVE	99714	-146.89035345034353	64.42764069610921	
7054 ORCHID DRIVE	99714	-146.92519191301784	64.41491664452923	
7046 ORCHID DRIVE	99714	-146.92613658058593	64.41435012165233	
7047 ORCHID DRIVE	99714	-146.92460500341502	64.41371228399183	
10330 PEREGRINE RIDGE ROAD	99714	-146.81078572802795	64.4021144772263	
10318 PEREGRINE RIDGE ROAD	99714	-146.81040078418374	64.40282745035691	
10224 FRIENDLY ROAD	99714	-146.81418943147543	64.4069188579381	
10467 OLD RICHARDSON HIGHWAY	99714	-146.9203852738306	64.39586336520215	
7051 SEWELL DRIVE	99714	-146.92444982826885	64.39756875379743	
10421 OLD RICHARDSON HIGHWAY	99714	-146.92310971459838	64.39783636021502	
7027 SEWELL DRIVE	99714	-146.92486927045024	64.39847485237007	
10343 OLD RICHARDSON HIGHWAY	99714	-146.92662863650523	64.40060363443597	
10337 OLD RICHARDSON HIGHWAY	99714	-146.9282175696949	64.40145230032088	
6977 SEWELL DRIVE	99714	-146.9307215025766	64.39978668122853	
6980 SEWELL DRIVE	99714	-146.93259363854855	64.3993423073583	
10380 ENDEAVOR DRIVE	99714	-146.9080944927683	64.39615579430497	
10385 ENDEAVOR DRIVE	99714	-146.9025502509433	64.39643091890031	
10510 RICHARDSON HIGHWAY	99714	-146.91182194561355	64.39394289254736	
10516 WRONG WAY LANE	99714	-146.85933791723397	64.39381178424449	
10520 WRONG WAY LANE	99714	-146.85740849408336	64.39372284092548	
10540 WRONG WAY LANE	99714	-146.85892445371297	64.39199874798685	
10428 OLD VALDEZ TRAIL	99714	-146.92110272595016	64.39785192305128	
8530 RICHARDSON HIGHWAY	99714	-146.9773319581062	64.48244399836689	
9112 RICHARDSON HIGHWAY	99714	-146.9140798227432	64.45697691646546	
6999 HAREBELL AVENUE	99714	-146.92981208579448	64.41403909379034	
9163 RICHARDSON HIGHWAY	99714	-146.91926415079197	64.45501774101375	
6635 COHO AVENUE	99714	-146.9692488909057	64.4678129325105	
10531 SALCHA DRIVE	99714	-146.85934631273807	64.41003583901642	
10318 SALCHA DRIVE	99714	-146.87466311751376	64.40993676278879	
9999 SALCHA DRIVE	99714	-146.89654055606147	64.4172590319582	
10204 FRIENDLY ROAD	99714	-146.81173605256467	64.40786241475375	
6655 COHO AVENUE	99714	-146.9670328147594	64.46783786617658	
9006 BUTTE CREEK TRAIL	99714	-146.93644060829484	64.46208824707455	
10239 RICHARDSON HIGHWAY	99714	-146.9179571087246	64.40554704257535	
10300 OLD VALDEZ TRAIL	99714	-146.94245219769576	64.40473441470996	
10990 SALCHA DRIVE	99714	-146.81919978333315	64.41185974611322	
10382 SALCHA DRIVE	99714	-146.86859753860307	64.40940840256793	
10200 SALCHA DRIVE	99714	-146.8837750763472	64.41012942178851	
10004 SALCHA DRIVE	99714	-146.89492226572642	64.41689190744167	
9921 SALCHA DRIVE	99714	-146.89614513514462	64.42050235792045	
9892 SALCHA DRIVE	99714	-146.89356487575267	64.42197876560593	
11442 SALCHA DRIVE	99714	-146.81812803243864	64.43048281152767	
10301 OLD VALDEZ TRAIL	99714	-146.94063512175848	64.40357244546394	
10307 OLD VALDEZ TRAIL	99714	-146.93864968635145	64.40357630774092	
10311 OLD VALDEZ TRAIL	99714	-146.93601698089364	64.40313579794619	
10308 OLD VALDEZ TRAIL	99714	-146.9382438383712	64.40407086425729	
10314 OLD VALDEZ TRAIL	99714	-146.93608932547022	64.40410890210154	
10325 PEREGRINE RIDGE ROAD	99714	-146.81352379918025	64.40258410926907	
10195 PEREGRINE RIDGE ROAD	99714	-146.80779722180077	64.40855958249051	
10508 WRONG WAY LANE	99714	-146.86171347361758	64.39429000786194	
10600 HARR-D-R LANE	99714	-146.8660324746116	64.39060455749036	
10274 PEREGRINE RIDGE ROAD	99714	-146.8098398320729	64.4054965153874	
10463 OLD RICHARDSON HIGHWAY	99714	-146.92052799783824	64.3969740901923	
10455 OLD RICHARDSON HIGHWAY	99714	-146.9209918949084	64.39723323594698	
7068 SEWELL DRIVE	99714	-146.92279858936388	64.39659457336462	
7075 SEWELL DRIVE	99714	-146.9234960939553	64.39736791242356	
7063 SEWELL DRIVE	99714	-146.92379211368214	64.39694924829361	
10360 OLD RICHARDSON HIGHWAY	99714	-146.92563477134823	64.4014014935954	
10383 OLD RICHARDSON HIGHWAY	99714	-146.9256403151298	64.39978715089089	
10361 OLD RICHARDSON HIGHWAY	99714	-146.92659049587607	64.40058008430917	
10349 OLD RICHARDSON HIGHWAY	99714	-146.926650351164	64.40062627262893	
6970 SEWELL DRIVE	99714	-146.93655464892458	64.39984918068483	
5970 SEWELL DRIVE	99714	-146.94476048419187	64.40047428042718	
10300 RICHARDSON HIGHWAY	99714	-146.91328876517062	64.40120594454278	
10500 WRONG WAY LANE	99714	-146.86490657706176	64.39430283037338	
10147 PEREGRINE RIDGE ROAD	99714	-146.80535387896077	64.41033121594141	
8850 WALTS ROAD	99714	-146.94784773441646	64.46919383712147	
7201 ROLLING STONE COURT	99714	-146.90816141130756	64.43944372830435	
8799 AURORA LODGE ROAD	99714	-146.94509759733148	64.47298055130197	
10600 WRONG WAY LANE	99714	-146.8630636128952	64.39200852318668	
7118 SANSHORE DRIVE	99714	-146.91701641749546	64.46462162354976	
8810 RICHARDSON HIGHWAY	99714	-146.94869274417545	64.47100922538313	
9407 COOLIDGE STREET	99714	-146.88074599772685	64.44369448335479	
9624 SALCHA DRIVE	99714	-146.88241380197866	64.43394925180105	
9650 SALCHA DRIVE	99714	-146.88445552882308	64.43279508494861	
9660 SALCHA DRIVE	99714	-146.88507932830453	64.43220510646597	
9692 SALCHA DRIVE	99714	-146.88694955417756	64.4310314104645	
8315 STARKEYVILLE LANE	99714	-146.97845211738039	64.49282178342624	
7112 SANSHORE DRIVE	99714	-146.9179725444074	64.46469034425664	
10130 PEREGRINE RIDGE ROAD	99714	-146.80147923824836	64.41077438189096	
10464 SALCHA DRIVE	99714	-146.86443744216854	64.41217227722424	
10215 RICHARDSON HIGHWAY	99714	-146.91996944307456	64.4074409160047	
6873 PERSPECTIVE DRIVE	99714	-146.90977035004008	64.40122444026052	
9461 COOLIDGE STREET	99714	-146.8804935835466	64.44124133041878	
9451 COOLIDGE STREET	99714	-146.88043590778656	64.44197935397979	
9084 RICHARDSON HIGHWAY	99714	-146.91466633393372	64.45850721923475	
8786 FRANICH ROAD	99714	-146.93767058015322	64.47276632612062	
10240 OLD VALDEZ TRAIL	99714	-146.95367056277215	64.40478334856567	
10363 ENDEAVOR DRIVE	99714	-146.90559428279255	64.40030336000203	
7352 SALCHAKET HEIGHTS ROAD	99714	-146.80377549078116	64.41327267764889	
10244 RICHARDSON HIGHWAY	99714	-146.91385751395242	64.403919759868	
8731 FRANICH ROAD	99714	-146.9420856700252	64.4752132350516	
6807 COUNTRY ROAD	99714	-146.94213554259304	64.4468849618632	
8722 FRANICH ROAD	99714	-146.93776321713526	64.47508295700916	
7355 SALCHAKET HEIGHTS ROAD	99714	-146.80516474594754	64.4124949291933	
10151 PEREGRINE RIDGE ROAD	99714	-146.80642315700797	64.40989424411481	
8379 RICHARDSON HIGHWAY	99714	-146.97652872933614	64.49080606877584	
8347 RICHARDSON HIGHWAY	99714	-146.9756607774913	64.49153698779024	
8323 RICHARDSON HIGHWAY	99714	-146.9759389434825	64.49233548516655	
8313 RICHARDSON HIGHWAY	99714	-146.975990004029	64.49247736799032	
6556 HOLLY LANE	99714	-146.9759928390721	64.49574354563157	
8260 STARKEYVILLE LANE	99714	-146.97765116611734	64.49582472795906	
8203 RICHARDSON HIGHWAY	99714	-146.97404736372877	64.49809891687937	
8231 RICHARDSON HIGHWAY	99714	-146.97408719176892	64.4966841599097	
8309 STARKEYVILLE LANE	99714	-146.9778547820267	64.49337250114871	
8311 STARKEYVILLE LANE	99714	-146.97772561582266	64.4934563986764	
8317 STARKEYVILLE LANE	99714	-146.98118204134613	64.49279530371486	
8370 STARKEYVILLE LANE	99714	-146.97846924522767	64.4908481040878	
8885 OLD RICHARDSON HIGHWAY	99714	-146.96548701899778	64.46712771353806	
6685 COHO AVENUE	99714	-146.96363571962056	64.46801346307501	
6675 COHO AVENUE	99714	-146.96608649825143	64.4674302526003	
6780 BESSIE BARNABAS TRAIL	99714	-146.95285379223316	64.46026783319047	
8830 RICHARDSON HIGHWAY	99714	-146.9460440162471	64.47097990812856	
8837 RICHARDSON HIGHWAY	99714	-146.94298904525522	64.46963998651806	
8276 RICHARDSON HIGHWAY	99714	-146.9679106513585	64.49443894223447	
8334 RICHARDSON HIGHWAY	99714	-146.97167556239236	64.49224342487086	
8412 RICHARDSON HIGHWAY	99714	-146.971791955337	64.48867621801108	
8417 RICHARDSON HIGHWAY	99714	-146.97524754606934	64.48862159244493	
8299 RICHARDSON HIGHWAY	99714	-146.9749671877249	64.49318749466886	
7067 UPHUES DRIVE	99714	-146.92206538931242	64.46727712107146	
7104 SANSHORE DRIVE	99714	-146.9191866689189	64.46475137144888	
9058 RICHARDSON HIGHWAY	99714	-146.9167510373602	64.4600812173392	
7028 BESSIE BARNABAS TRAIL	99714	-146.93302348832677	64.46631254558177	
8263 RICHARDSON HIGHWAY	99714	-146.9738722275769	64.49449285800732	
8285 RICHARDSON HIGHWAY	99714	-146.97624517756097	64.49440165176772	
8276 STARKEYVILLE LANE	99714	-146.97569841909444	64.4948796146989	
8270 STARKEYVILLE LANE	99714	-146.97573380287017	64.49528365641397	
8257 RICHARDSON HIGHWAY	99714	-146.97387041776832	64.49572688802847	
8283 STARKEYVILLE LANE	99714	-146.97858297233677	64.49484029459262	
8279 STARKEYVILLE LANE	99714	-146.9774213367344	64.49472988351629	
8287 STARKEYVILLE LANE	99714	-146.97736151769712	64.4941135698908	
8750 OLD RICHARDSON HIGHWAY	99714	-146.96193034772102	64.47173016356975	
8830 OLD RICHARDSON HIGHWAY	99714	-146.96077894223103	64.46979671922634	
8850 OLD RICHARDSON HIGHWAY	99714	-146.96136633387766	64.4688520061645	
8870 OLD RICHARDSON HIGHWAY	99714	-146.96089797794139	64.46806066718752	
8890 OLD RICHARDSON HIGHWAY	99714	-146.96089255918935	64.46740441268224	
6625 COHO AVENUE	99714	-146.97067226415888	64.46811440822951	
8834 RICHARDSON HIGHWAY	99714	-146.94315878670437	64.47090179744937	
8836 RICHARDSON HIGHWAY	99714	-146.94125543189844	64.47116474329354	
8840 RICHARDSON HIGHWAY	99714	-146.94074065900796	64.4709805229731	
8914 WALTS ROAD	99714	-146.94812226081447	64.46607033203114	
6768 HIGHLINE TRAIL	99714	-146.94579084453218	64.46720172547815	
6940 HIGHLINE TRAIL	99714	-146.93844790053635	64.46798496376711	
8968 WALTS ROAD	99714	-146.94846936318032	64.46351774990606	
6763 STEELE DRIVE	99714	-146.9462657761475	64.46383322941895	
6783 STEELE DRIVE	99714	-146.94513528803165	64.46416376614353	
7022 BESSIE BARNABAS TRAIL	99714	-146.93341263769904	64.46591109287415	
9666 SALCHA DRIVE	99714	-146.88541234541123	64.43193626592739	
9688 SALCHA DRIVE	99714	-146.8866855114663	64.43116234179203	
9696 SALCHA DRIVE	99714	-146.88695351241049	64.43083339431206	
6946 BESSIE BARNABAS TRAIL	99714	-146.93824779976538	64.46367162009189	
6943 BESSIE BARNABAS TRAIL	99714	-146.93653555165665	64.4627198595204	
6985 BESSIE BARNABAS TRAIL	99714	-146.93493983146706	64.46379206975674	
6888 BESSIE BARNABAS TRAIL	99714	-146.943635800263	64.46240403744638	
9055 RICHARDSON HIGHWAY	99714	-146.91987059394688	64.45987492884882	
6979 NO GRUB TRAIL	99714	-146.93254042886358	64.45975335899278	
6973 NO GRUB TRAIL	99714	-146.93400742338986	64.45992918151987	
8989 RICHARDSON HIGHWAY	99714	-146.92358482951772	64.46255167831634	
8800 SADIEMAC LANE	99714	-146.88662354952908	64.47114842186835	
7251 PRICE DRIVE	99714	-146.90349963611484	64.45791412423183	
7248 HOLLIES ACRES DRIVE	99714	-146.90418911062076	64.45447767709484	
7210 HOLLIES ACRES DRIVE	99714	-146.9066162140296	64.45428309091987	
9199 RICHARDSON HIGHWAY	99714	-146.91664802339957	64.45364347340298	
9228 RICHARDSON HIGHWAY	99714	-146.91192656709734	64.45210505396835	
9238 RICHARDSON HIGHWAY	99714	-146.91110664492496	64.45141385678805	
9264 RICHARDSON HIGHWAY	99714	-146.91048430677867	64.45023491560447	
9399 RICHARDSON HIGHWAY	99714	-146.91387155716808	64.44375669637196	
9521 RICHARDSON HIGHWAY	99714	-146.90841458832887	64.44095015334	
7185 ROLLING STONE COURT	99714	-146.91240583202546	64.43828912444462	
9653 SALCHA DRIVE	99714	-146.88613440961205	64.43282505153996	
9657 SALCHA DRIVE	99714	-146.88703705406695	64.43241753326494	
9638 SALCHA DRIVE	99714	-146.88356640846783	64.43328359975416	
9646 SALCHA DRIVE	99714	-146.8838141680879	64.43298224348445	
9656 SALCHA DRIVE	99714	-146.88480978968022	64.43254935052265	
9555 COOLIDGE STREET	99714	-146.88122471891623	64.43771042749434	
11150 SALCHA DRIVE	99714	-146.81656496720757	64.41761017302703	
11164 SALCHA DRIVE	99714	-146.8164483525811	64.41787091766832	
11168 SALCHA DRIVE	99714	-146.81662779728438	64.41811861424932	
11170 SALCHA DRIVE	99714	-146.81667306820006	64.41829624359231	
11190 SALCHA DRIVE	99714	-146.81626313781692	64.4194834778687	
9550 COOLIDGE STREET	99714	-146.88094696048273	64.43484781830554	
7234 HARDING DRIVE	99714	-146.90545698741786	64.4464048866362	
7264 HARDING DRIVE	99714	-146.902105698399	64.44629809772616	
7270 HARDING DRIVE	99714	-146.90150460641135	64.4461943250428	
7322 HARDING DRIVE	99714	-146.89625378263105	64.44624479594147	
7261 HARDING DRIVE	99714	-146.90276088449022	64.44522479127677	
7301 HARDING DRIVE	99714	-146.89854651589607	64.44525061638254	
7321 HARDING DRIVE	99714	-146.8965782575537	64.44543885407352	
7357 HARDING DRIVE	99714	-146.8927935405469	64.44518119975774	
7473 HARDING DRIVE	99714	-146.88049996211512	64.44519082386932	
6855 COUNTRY ROAD	99714	-146.9352158711383	64.44951151115268	
6890 COUNTRY ROAD	99714	-146.93444193869922	64.45158589740112	
6842 COUNTRY ROAD	99714	-146.93907523091576	64.45019994840192	
6834 COUNTRY ROAD	99714	-146.94314416141717	64.45123055100865	
9343 OLD VALDEZ TRAIL	99714	-146.9803262799032	64.44682525453426	
9330 OLD VALDEZ TRAIL	99714	-146.9726768959402	64.44720196359577	
11333 SALCHA DRIVE	99714	-146.8136655533723	64.42628560449911	
11187 SALCHA DRIVE	99714	-146.8132598397232	64.41890977031338	
11133 SALCHA DRIVE	99714	-146.81448269955462	64.41678375176272	
11122 SALCHA DRIVE	99714	-146.8173571553421	64.41627255724023	
11124 SALCHA DRIVE	99714	-146.81715462107493	64.416546095566	
11192 SALCHA DRIVE	99714	-146.81592264435216	64.41964429984573	
11194 SALCHA DRIVE	99714	-146.81594819207527	64.41988783319859	
11198 SALCHA DRIVE	99714	-146.81601793298242	64.42018091315309	
11220 SALCHA DRIVE	99714	-146.8159002903169	64.42153630381524	
11222 SALCHA DRIVE	99714	-146.81579891321644	64.4217001762878	
11224 SALCHA DRIVE	99714	-146.81568408962568	64.42193526455213	
11226 SALCHA DRIVE	99714	-146.81572619908243	64.42212808762737	
11242 SALCHA DRIVE	99714	-146.81578967832743	64.42328438688004	
11248 SALCHA DRIVE	99714	-146.815883754081	64.42353894945485	
11254 SALCHA DRIVE	99714	-146.8159209996533	64.42373104675735	
11294 SALCHA DRIVE	99714	-146.81545005971165	64.42512741767675	
11308 SALCHA DRIVE	99714	-146.81541667729357	64.42524402442125	
11316 SALCHA DRIVE	99714	-146.8158635576954	64.42554552548562	
11322 SALCHA DRIVE	99714	-146.81591718413725	64.42578020144174	
9291 RICHARDSON HIGHWAY	99714	-146.9293890445795	64.4509597733296	
9746 SALCHA DRIVE	99714	-146.889571505016	64.42849607207111	
6831 ORCHID DRIVE	99714	-146.94664399779393	64.40794151541752	
10862 SALCHA DRIVE	99714	-146.82880833513195	64.4090470441787	
9505 COOLIDGE STREET	99714	-146.88026229048526	64.43948502217722	
7300 HARDING DRIVE	99714	-146.89792426321767	64.44620654464028	
7222 HARDING DRIVE	99714	-146.90665825652246	64.44620959341788	
7404 HARDING DRIVE	99714	-146.88770557162889	64.44620161150009	
7412 HARDING DRIVE	99714	-146.88672579140768	64.44608531454688	
7418 HARDING DRIVE	99714	-146.88609285984757	64.44607951470051	
7424 HARDING DRIVE	99714	-146.88545179351047	64.44608482112291	
10170 SNOWBERRY DRIVE	99714	-146.92500093357276	64.41013376852993	
10215 CALYPSO COURT	99714	-146.9291676561303	64.40713522276235	
10221 FRIENDLY ROAD	99714	-146.81503146348598	64.40781516495947	
8768 RICHARDSON HIGHWAY	99714	-146.96057486210256	64.47129235131557	
8217 RICHARDSON HIGHWAY	99714	-146.9763589291896	64.49753001903187	
6882 PERSPECTIVE DRIVE	99714	-146.90656012633323	64.40185563855741	
10140 PEREGRINE RIDGE ROAD	99714	-146.80163832551506	64.41022400023765	
11288 SALCHA DRIVE	99714	-146.81573373266966	64.42483333428903	
11234 SALCHA DRIVE	99714	-146.81586513804163	64.42285423812991	
7044 HARRY LUCKE TRAIL	99714	-146.92738456337847	64.46253060608244	
10575 HARR-D-R LANE	99714	-146.86792164992482	64.39329393505396	
10207 FRIENDLY ROAD	99714	-146.8130940668981	64.40840101762826	
10300 PEREGRINE RIDGE ROAD	99714	-146.81035590637592	64.40322592015485	
10116 SALCHA DRIVE	99714	-146.89217244486198	64.41194225282464	
6715 COUNTRY ROAD	99714	-146.95188111054827	64.4514456094983	
6675 COUNTRY ROAD	99714	-146.9578127531456	64.4483054149122	
7280 HOLLIES ACRES DRIVE	99714	-146.90152319766284	64.45435721786252	
10265 OLD VALDEZ TRAIL	99714	-146.95187490484594	64.40392948247708	
8831 RICHARDSON HIGHWAY	99714	-146.94627211930072	64.46900866952608	
10150 PEREGRINE RIDGE ROAD	99714	-146.80305075624332	64.40887094758561	
9390 COOLIDGE STREET	99714	-146.84798728415944	64.44537220658378	
9211 RICHARDSON HIGHWAY	99714	-146.91747059262119	64.45257509855217	
10260 OLD VALDEZ TRAIL	99714	-146.9505267047921	64.40485823835972	
6650 COUNTRY ROAD	99714	-146.95791505263816	64.4538734815268	
7150 ORCHID DRIVE	99714	-146.9196725481605	64.41928338457109	
10157 SALCHA DRIVE	99714	-146.89071774923877	64.40901796932657	
9500 HERMITAGE DRIVE	99714	-146.81585327591878	64.43922438139782	
6824 SIPES LOOP	99714	-146.91570944451803	64.4622522459346	
6585 TORA DR DRIVE	99714	-146.94167795491634	64.47250754409994	
10220 WRONG WAY LANE	99714	-146.88816469960273	64.3868983715543	
10240 WRONG WAY LANE	99714	-146.88779574070378	64.38746270092118	
7269 SALCHAKET HEIGHTS ROAD	99714	-146.80877134474304	64.41041631647415	
10075 SALCHA DRIVE	99714	-146.89484848784568	64.4136050688971	
8285 STARKEYVILLE LANE	99714	-146.98118804142305	64.49501665249235	
7071 SIPES LOOP	99714	-146.91825788950217	64.46258387055485	
7061 SIPES LOOP	99714	-146.91768064609036	64.46193232961735	
7199 HOLLIES ACRES DRIVE	99714	-146.9104735571806	64.45488591946557	
6805 PERSPECTIVE DRIVE	99714	-146.9167461020827	64.39856402137845	
10374 RICHARDSON HIGHWAY	99714	-146.9168857162097	64.39784131982653	
8182 RICHARDSON HIGHWAY	99714	-146.9619942997544	64.49682838862641	
6998 SIPES LOOP	99714	-146.9131198406079	64.46078240407194	
9806 SALCHA DRIVE	99714	-146.8918370203386	64.42593012664678	
7196 HOLLIES ACRES DRIVE	99714	-146.91221713160704	64.45623168959757	
7198 HOLLIES ACRES DRIVE	99714	-146.91111711231457	64.45638449129599	
7283 PRICE DRIVE	99714	-146.8993122871829	64.45911773650546	
4773 SALCHA RIVER	99714	-146.71158619681515	64.47520611597287	
11208 SALCHA DRIVE	99714	-146.81582870409537	64.42096697127934	
6913 SIPES LOOP	99714	-146.90832790126962	64.4625353826029	
10060 WHITE BIRCH ROAD	99714	-146.80100089546156	64.41412811549924	
9961 SALCHA DRIVE	99714	-146.89664368564266	64.41912677574386	
9965 SALCHA DRIVE	99714	-146.8966513837534	64.41891156350847	
9969 SALCHA DRIVE	99714	-146.8966750833311	64.41864532688943	
10066 SNOWBERRY DRIVE	99714	-146.92993452755545	64.41525943007366	
10349 WRONG WAY LANE	99714	-146.89086686891196	64.39423293436295	
11251 SALCHA DRIVE	99714	-146.8136218804022	64.42360416112557	
10335 OLD RICHARDSON HIGHWAY	99714	-146.93036912091014	64.40114671541419	
5842 TOM BEAR TRAIL	99714	-147.04071787180004	64.5613523130642	
6073 SALCHA PIONEER COURT	99714	-147.01852099265002	64.54545187621217	
6989 MILITARY PIPELINE ROAD	99714	-146.9848430760516	64.55413071247544	
6580 JOHNSON ROAD	99714	-146.96611497664048	64.54905436089301	
7516 JOHNSON ROAD	99714	-146.86601178805168	64.54658180268456	
5951 RICHARDSON HIGHWAY	99714	-147.06312762384024	64.59983379729405	
6925 OLD RICHARDSON HIGHWAY	99714	-147.04020009520394	64.55566833350105	
6527 RICHARDSON HIGHWAY	99714	-147.0461442728347	64.573728528579	
6365 RIVER RUNNING ROAD	99714	-146.98824093299564	64.51571658314661	
6375 RIVER RUNNING ROAD	99714	-146.98711441370568	64.51661197707504	
7197 JOHNSON ROAD	99714	-146.90121970181028	64.54397196191304	
7606 BALCH WAY	99714	-146.98165329792806	64.52296738814128	
5972 RICHARDSON HIGHWAY	99714	-147.0588832582892	64.59900969834491	
6565 RICHARDSON HIGHWAY	99714	-147.0469524307032	64.57153805527217	
6785 CANADAY ROAD	99714	-146.95213203751672	64.51303503052965	
7251 JOHNSON ROAD	99714	-146.8941091735959	64.54329108441499	
6695 CANADAY ROAD	99714	-146.96380522739463	64.51291681477191	
7159 FOSTER ROAD	99714	-146.97329330148716	64.54505903191667	
5975 RICHARDSON HIGHWAY	99714	-147.06308051159016	64.59878479267168	
5491 XANTHEUS WAY	99714	-147.07860263240224	64.59350100574268	
5820 CLEVELAND AVENUE	99714	-147.04213859345285	64.57511260143258	
5789 TENDERFOOT COURT	99714	-147.04722552800985	64.57983482975287	
5829 TENDERFOOT COURT	99714	-147.04308956882164	64.57975607755341	
5843 TENDERFOOT COURT	99714	-147.04146195369734	64.5800976128579	
6431 RICHARDSON HIGHWAY	99714	-147.04940869469812	64.5777888790881	
6380 OLD RICHARDSON HIGHWAY	99714	-147.06483792206433	64.58065223723494	
6174 RICHARDSON HIGHWAY	99714	-147.0540601942847	64.58952793109111	
6170 RICHARDSON HIGHWAY	99714	-147.05446567288146	64.58989492295863	
6150 RICHARDSON HIGHWAY	99714	-147.05501081820222	64.59075994619218	
6008 RICHARDSON HIGHWAY	99714	-147.05851787102688	64.59725807436388	
5986 RICHARDSON HIGHWAY	99714	-147.05869111333288	64.5981200864628	
5920 RICHARDSON HIGHWAY	99714	-147.06079926722927	64.60166161397716	
5987 RICHARDSON HIGHWAY	99714	-147.06266020249282	64.59797890850126	
6009 RICHARDSON HIGHWAY	99714	-147.06268194229864	64.59718661930555	
6131 RICHARDSON HIGHWAY	99714	-147.05848268195513	64.59137183537393	
5784 TENDERFOOT COURT	99714	-147.0478041189309	64.5807623594309	
6435 OLD RICHARDSON HIGHWAY	99714	-147.06401134069063	64.57753360548631	
6411 OLD RICHARDSON HIGHWAY	99714	-147.0658969385646	64.57885708810787	
6355 OLD RICHARDSON HIGHWAY	99714	-147.0698016215786	64.5812918864374	
6466 RICHARDSON HIGHWAY	99714	-147.04461030301158	64.5762142867096	
6442 RICHARDSON HIGHWAY	99714	-147.04482584690783	64.57736903670687	
6438 RICHARDSON HIGHWAY	99714	-147.04327023272478	64.57717517130148	
6432 RICHARDSON HIGHWAY	99714	-147.04494833362796	64.57808497444228	
5836 TENDERFOOT COURT	99714	-147.0417652789199	64.58078566855927	
5824 TENDERFOOT COURT	99714	-147.0430412227405	64.58117375374526	
5802 TENDERFOOT COURT	99714	-147.04616068768914	64.58091763076247	
6350 OLD RICHARDSON HIGHWAY	99714	-147.0650740347313	64.58145239358144	
6971 OLD RICHARDSON HIGHWAY	99714	-147.04316272710076	64.5546746828055	
6880 OLD RICHARDSON HIGHWAY	99714	-147.04111242583085	64.55877697118663	
6140 RICHARDSON HIGHWAY	99714	-147.05553442879744	64.59098343780586	
6128 RICHARDSON HIGHWAY	99714	-147.05551627443023	64.5913974382401	
6114 RICHARDSON HIGHWAY	99714	-147.0560280531698	64.59266702400399	
5898 RICHARDSON HIGHWAY	99714	-147.0611463242506	64.60235861679853	
5868 RICHARDSON HIGHWAY	99714	-147.0616764893129	64.60343766981752	
5871 RICHARDSON HIGHWAY	99714	-147.06482858372325	64.60342238426473	
5875 RICHARDSON HIGHWAY	99714	-147.0646684894095	64.60292768109693	
5530 XANTHEUS WAY	99714	-147.07457368671606	64.59341605827018	
5520 XANTHEUS WAY	99714	-147.07659562112846	64.59381855512203	
5480 XANTHEUS WAY	99714	-147.0788648945802	64.59393179073668	
6076 OLD RICHARDSON HIGHWAY	99714	-147.0765766052921	64.59545926565656	
6050 OLD RICHARDSON HIGHWAY	99714	-147.07973428870864	64.59561294141535	
7110 CANADAY ROAD	99714	-146.90894818672953	64.52202682168198	
6715 SCHMAUSS LANE	99714	-146.94113317510318	64.52808738141812	
6060 GRIEME ROAD	99714	-147.01974218513078	64.56092331219718	
6035 RICHARDSON HIGHWAY	99714	-147.0614291542058	64.59563422527144	
6575 RICHARDSON HIGHWAY	99714	-147.04523449613143	64.57135091543303	
6686 JOHNSON ROAD	99714	-146.9533233900299	64.54639800956771	
6700 CANADAY ROAD	99714	-146.9613366204025	64.51397130221311	
6175 RICHARDSON HIGHWAY	99714	-147.05702400827778	64.58971034925926	
6159 RICHARDSON HIGHWAY	99714	-147.0576551011532	64.59034112553172	
6870 FROSTBITE COURT	99714	-147.0187166695206	64.55925211354898	
6056 SALCHA PIONEER COURT	99714	-147.0193397607542	64.54658655299255	
6249 JOHNSON ROAD	99714	-146.99856239990004	64.54511847817568	
6699 OLD RICHARDSON HIGHWAY	99714	-147.05867825746867	64.56748586752302	
7290 RICHARDSON HIGHWAY	99714	-147.01883157465323	64.53963959966735	
6925 CANADAY ROAD	99714	-146.93791757367237	64.5167655042605	
6680 JOHNSON ROAD	99714	-146.95361076090475	64.55380883333976	
6121 RICHARDSON HIGHWAY	99714	-147.05891965649548	64.5923489727359	
5997 RICHARDSON HIGHWAY	99714	-147.06291775659656	64.59761355293404	
7400 OLD SITE ROAD	99714	-146.97233169347322	64.52882885966048	
7306 OLD SITE ROAD	99714	-146.9862998423749	64.53690520857309	
5835 TOM BEAR TRAIL	99714	-147.04279858271377	64.55928353254244	
6034 EQUINOX LANE	99714	-147.00409471291138	64.553877743886	
6040 SALCHA PIONEER COURT	99714	-147.0208676885398	64.54690864185793	
7087 SALCHA STAR STREET	99714	-147.01561474396394	64.54809424611088	
6640 CANADAY ROAD	99714	-146.9668422614496	64.51386795275607	
7193 DEHALDEN LANE	99714	-146.90632798968394	64.54417773542119	
5659 BRADBURY DRIVE	99714	-147.0590519017354	64.56379435762332	
5667 BRADBURY DRIVE	99714	-147.05796601684136	64.56381806314258	
6084 SALCHA PIONEER COURT	99714	-147.01730216055884	64.54628224763533	
6207 RICHARDSON HIGHWAY	99714	-147.05754816421975	64.58730458471726	
6091 NORTH HOMESITE COURT	99714	-147.07008606647997	64.5939892580201	
6782 OLD RICHARDSON HIGHWAY	99714	-147.0483730072144	64.56197035200678	
5656 LOOP ROAD	99714	-147.06070354448798	64.59544648644993	
5560 LOOP ROAD	99714	-147.071748133791	64.59296861395988	
6124 OLD RICHARDSON HIGHWAY	99714	-147.0723793696037	64.59154180457254	
6170 OLD RICHARDSON HIGHWAY	99714	-147.07239893318408	64.59002777991947	
6080 OLD RICHARDSON HIGHWAY	99714	-147.07488620674343	64.59537286058132	
5973 STRINGER ROAD	99714	-147.07488709368315	64.59875250641805	
5844 MAGGIE DRIVE	99714	-147.0410210448028	64.56546977918276	
5719 ARMITAGE AVENUE	99714	-147.0544486020296	64.57195925517746	
5733 ARMITAGE AVENUE	99714	-147.0534171360646	64.57191479566065	
5743 ARMITAGE AVENUE	99714	-147.05219604785088	64.5718961655998	
5717 HOWELL ROAD	99714	-147.0546263481856	64.57449767316331	
5733 HOWELL ROAD	99714	-147.05340274821046	64.57445362252662	
6537 ERIC STREET	99714	-147.05177002273493	64.57322870074577	
5748 ARMITAGE AVENUE	99714	-147.0517416635123	64.57258338459744	
6563 RICHARDSON HIGHWAY	99714	-147.04582020507127	64.57212150023784	
6551 RICHARDSON HIGHWAY	99714	-147.04575179148526	64.57247767985798	
6585 RICHARDSON HIGHWAY	99714	-147.04416299656816	64.57090288468194	
5822 PAULA COURT	99714	-147.04501481448955	64.57097665979377	
6570 RICHARDSON HIGHWAY	99714	-147.04029495926537	64.57196262949589	
6550 RICHARDSON HIGHWAY	99714	-147.0424120403716	64.5723641865947	
6530 RICHARDSON HIGHWAY	99714	-147.04261535106008	64.5732545966555	
6524 RICHARDSON HIGHWAY	99714	-147.04268605826718	64.5736775814933	
5830 PIT RUN COURT	99714	-147.04264573782135	64.56837075211226	
5810 PIT RUN COURT	99714	-147.04515458648862	64.56829958770825	
5785 PIT RUN COURT	99714	-147.04568284615289	64.56734767252426	
5810 MAGGIE DRIVE	99714	-147.04492641003276	64.56556063605763	
7010 OLD RICHARDSON HIGHWAY	99714	-147.03784046037268	64.55198805446777	
7020 OLD RICHARDSON HIGHWAY	99714	-147.03706428212243	64.55125423748014	
5802 MAGGIE DRIVE	99714	-147.04731254009954	64.56549862198872	
6725 RICHARDSON HIGHWAY	99714	-147.04043790093627	64.56476390675765	
6739 RICHARDSON HIGHWAY	99714	-147.04029750934666	64.56414681256202	
6670 OLD RICHARDSON HIGHWAY	99714	-147.05483708279053	64.56702698830576	
6690 OLD RICHARDSON HIGHWAY	99714	-147.0532219432893	64.56621672852026	
5748 YOUNGBERG ROAD	99714	-147.05105779810876	64.56606894628584	
6730 OLD RICHARDSON HIGHWAY	99714	-147.05507556011125	64.56469876326142	
6752 OLD RICHARDSON HIGHWAY	99714	-147.0538445291748	64.56325404112017	
6766 OLD RICHARDSON HIGHWAY	99714	-147.05158367028992	64.56245377784353	
6755 OLD RICHARDSON HIGHWAY	99714	-147.05583714281255	64.562604405425	
5975 GRIEME ROAD	99714	-147.0293652376293	64.56014512911443	
6835 FROSTBITE COURT	99714	-147.02236041757615	64.55946940445568	
6915 FROSTBITE COURT	99714	-147.02185326727192	64.55727286683518	
6244 GRIEME ROAD	99714	-147.00605187454155	64.55762702117579	
6320 GRIEME ROAD	99714	-147.00516907188143	64.55466849264812	
6780 RICHARDSON HIGHWAY	99714	-147.03523075526863	64.5621658964219	
6887 MARKGRAF STREET	99714	-147.03786206016656	64.5574915695929	
6840 MARKGRAF STREET	99714	-147.03657862530048	64.55932125944177	
6824 MARKGRAF STREET	99714	-147.0371292385132	64.56000370640788	
5920 BULLWINKLE COURT	99714	-147.03554656267727	64.55618717579962	
5915 BULLWINKLE COURT	99714	-147.0343836158856	64.55531187524483	
6996 OLD RICHARDSON HIGHWAY	99714	-147.03828300501306	64.55297339785709	
7030 OLD RICHARDSON HIGHWAY	99714	-147.0355211108274	64.55046352210695	
6729 JOHNSON ROAD	99714	-146.94990950242686	64.54557007913314	
6579 JOHNSON ROAD	99714	-146.96245407927157	64.54144837423055	
6535 JOHNSON ROAD	99714	-146.96927402773562	64.5458159028718	
7070 CANADAY ROAD	99714	-146.91278769606785	64.51764284574692	
7025 OLD RICHARDSON HIGHWAY	99714	-147.03930538505594	64.55106044841048	
7015 COLDFOOT COURT	99714	-147.03479628361055	64.55167074236849	
7025 COLDFOOT COURT	99714	-147.03384052316676	64.5506534983551	
7040 SNOW WHITE COURT	99714	-147.0204999086206	64.55099379010991	
7060 SNOW WHITE COURT	99714	-147.01980178201154	64.55004358618203	
7080 SNOW WHITE COURT	99714	-147.01966017961482	64.54905881144687	
7055 SALCHA STAR STREET	99714	-147.0161331861845	64.54986791846706	
7045 SALCHA STAR STREET	99714	-147.0173519497981	64.55049421662639	
7035 SALCHA STAR STREET	99714	-147.01591562464105	64.55108079131527	
6970 SALCHA STAR STREET	99714	-147.01255126213061	64.55403056541134	
6939 MILITARY PIPELINE ROAD	99714	-146.9763435693327	64.55599134844347	
6572 JOHNSON ROAD	99714	-146.96511171657673	64.54835551597715	
7070 JOHNSON ROAD	99714	-146.91157867712977	64.54659246655812	
7194 DEHALDEN LANE	99714	-146.90485435609259	64.5440084431005	
7205 JOHNSON ROAD	99714	-146.89864243738094	64.54369503204306	
7270 JOHNSON ROAD	99714	-146.8915974159194	64.54444190551415	
7363 JOHNSON ROAD	99714	-146.88159566491478	64.54385397898903	
7250 DEHALDEN LANE	99714	-146.9040776572755	64.54112462465805	
7710 JOHNSON ROAD	99714	-146.84756985182113	64.54598805183278	
7715 JOHNSON ROAD	99714	-146.84709849374565	64.54469928657853	
7087 JOHNSON ROAD	99714	-146.91100963992204	64.54493440057836	
6945 JOHNSON ROAD	99714	-146.9267518214536	64.5457648213682	
6821 JOHNSON ROAD	99714	-146.93728938941982	64.54562589305765	
6779 JOHNSON ROAD	99714	-146.94362707105216	64.54436335148968	
7345 FOSTER ROAD	99714	-146.973237734056	64.53675831526603	
6829 CANADAY ROAD	99714	-146.94715982526031	64.51454677074254	
7808 CURTIS LANE	99714	-146.94812402619237	64.5159297431468	
7785 CURTIS LANE	99714	-146.95095525193727	64.51663050688657	
6714 CANADAY ROAD	99714	-146.9598273757647	64.5141633239336	
6672 CANADAY ROAD	99714	-146.9639078849206	64.5149910815646	
6359 JOHNSON ROAD	99714	-146.98764678458483	64.54571168552982	
6367 JOHNSON ROAD	99714	-146.98629537233285	64.54575616726984	
6371 JOHNSON ROAD	99714	-146.98552189138522	64.54573718171379	
6225 JOHNSON ROAD	99714	-147.00179236330658	64.54515577152927	
7626 BALCH WAY	99714	-146.9757045598875	64.52409912805594	
6486 SCHMAUSS LANE	99714	-146.97414301047203	64.52111155226895	
7629 RICHARDSON HIGHWAY	99714	-146.99020717309315	64.52380903010315	
7611 RICHARDSON HIGHWAY	99714	-146.99116510039252	64.52466977836747	
7539 RICHARDSON HIGHWAY	99714	-146.9953926607564	64.52805381085975	
7505 RICHARDSON HIGHWAY	99714	-146.99886474667795	64.52960824777425	
7495 RICHARDSON HIGHWAY	99714	-147.00156903282698	64.52980460025333	
7209 RICHARDSON HIGHWAY	99714	-147.0266178120073	64.54289121619988	
6020 JOHNSON ROAD	99714	-147.01977456721892	64.54430385568102	
6015 JOHNSON ROAD	99714	-147.0173398820702	64.54252612254966	
6045 JOHNSON ROAD	99714	-147.01728299944645	64.54258077678264	
7261 RICHARDSON HIGHWAY	99714	-147.02265709888715	64.54066310421653	
7253 RICHARDSON HIGHWAY	99714	-147.02315658678762	64.54102149744563	
7243 RICHARDSON HIGHWAY	99714	-147.02365964784505	64.54127778130328	
5915 BOONDOX DRIVE	99714	-147.02375308589416	64.54181116202821	
5904 BOONDOX DRIVE	99714	-147.0251089474089	64.54228248625961	
5890 BOONDOX DRIVE	99714	-147.02630659738355	64.5423005481995	
7760 JOHNSON ROAD	99714	-146.8312654211921	64.54666393784265	
7945 JOHNSON ROAD	99714	-146.82029841994807	64.54349069689798	
7241 CANADAY ROAD	99714	-146.90600324489117	64.51612783860558	
7857 RICHARDSON HIGHWAY	99714	-146.9731297110331	64.51342855307853	
6514 OLD RICHARDSON HIGHWAY	99714	-147.05588584534053	64.57441948189825	
8099 RICHARDSON HIGHWAY	99714	-146.97817355943334	64.50320131377784	
8183 RICHARDSON HIGHWAY	99714	-146.97360541706314	64.49895369612665	
6530 OLD RICHARDSON HIGHWAY	99714	-147.05413387967016	64.57329732729438	
6554 OLD RICHARDSON HIGHWAY	99714	-147.05554871270144	64.5726693681325	
5709 ARMITAGE AVENUE	99714	-147.05583551071177	64.57156534380677	
5765 HOWELL ROAD	99714	-147.05018778424574	64.57442653583595	
5734 ARMITAGE AVENUE	99714	-147.05298272357348	64.572554970861	
5722 ARMITAGE AVENUE	99714	-147.05456937830533	64.57267656708439	
5787 HOWELL ROAD	99714	-147.0471861950023	64.57452179826994	
6567 RICHARDSON HIGHWAY	99714	-147.04588277659306	64.57143760195291	
5806 PAULA COURT	99714	-147.04615776831608	64.57087959116154	
5751 ARMITAGE AVENUE	99714	-147.05038856417443	64.57183132920616	
5753 ARMITAGE AVENUE	99714	-147.05079630969755	64.57174079166252	
6560 ERIC STREET	99714	-147.04950289777977	64.57206139405724	
6550 ERIC STREET	99714	-147.0489680588848	64.57272651144747	
5790 PAULA COURT	99714	-147.04746472995643	64.57094456648349	
6867 MARKGRAF STREET	99714	-147.03832919665587	64.55825282807226	
6884 MARKGRAF STREET	99714	-147.0364410039004	64.5575054676272	
6864 MARKGRAF STREET	99714	-147.03568329840542	64.55833108354881	
6852 MARKGRAF STREET	99714	-147.03695215124867	64.55883346878122	
6930 OLD RICHARDSON HIGHWAY	99714	-147.03805882999984	64.55624047393239	
6617 RICHARDSON HIGHWAY	99714	-147.043923593773	64.56947009374844	
6629 RICHARDSON HIGHWAY	99714	-147.04286070598587	64.56874805887705	
6525 MEMA STREET	99714	-147.04102955867648	64.5739297714761	
5845 CLEVELAND AVENUE	99714	-147.0418151684183	64.57462195474102	
5811 PIT RUN COURT	99714	-147.04486096879782	64.56686566551038	
6665 RICHARDSON HIGHWAY	99714	-147.04256057505867	64.56749493346565	
6687 RICHARDSON HIGHWAY	99714	-147.0430237247701	64.56627852015815	
6705 RICHARDSON HIGHWAY	99714	-147.04280035098395	64.56626681861874	
5799 MAGGIE DRIVE	99714	-147.04729079870054	64.56449283204766	
5805 MAGGIE DRIVE	99714	-147.04548915531376	64.5642768074882	
5809 MAGGIE DRIVE	99714	-147.04456102456308	64.56460488934216	
5829 MAGGIE DRIVE	99714	-147.042939498078	64.56429666100406	
5752 YOUNGBERG ROAD	99714	-147.05125978237209	64.56676674324206	
5767 YOUNGBERG ROAD	99714	-147.04926963913704	64.56485981237563	
5749 YOUNGBERG ROAD	99714	-147.05130163539184	64.5646180891417	
5731 YOUNGBERG ROAD	99714	-147.0546651319992	64.56554000608857	
6784 RUGER TRAIL	99714	-147.05662642652138	64.56187893585091	
6772 RUGER TRAIL	99714	-147.05905241562172	64.56262926070303	
5618 BRADBURY DRIVE	99714	-147.06635032370028	64.56518766992568	
5950 GRIEME ROAD	99714	-147.0290446611594	64.56102522481922	
6946 FROSTBITE COURT	99714	-147.0159226547974	64.55643552584014	
6850 FROSTBITE COURT	99714	-147.01894128483193	64.56004970309566	
6230 GRIEME ROAD	99714	-147.00509436968102	64.5584068646299	
6853 MARKGRAF STREET	99714	-147.03860283025583	64.55887265004503	
6946 OLD RICHARDSON HIGHWAY	99714	-147.03789361591285	64.5554300908369	
6986 OLD RICHARDSON HIGHWAY	99714	-147.0369656360847	64.55353785015781	
5920 FLYING SQUIRREL COURT	99714	-147.03320699132536	64.55359713855682	
7153 RICHARDSON HIGHWAY	99714	-147.0264987096725	64.54543436872547	
7100 SNOW WHITE COURT	99714	-147.01982958431614	64.54757172471619	
7095 SNOW WHITE COURT	99714	-147.0217578266942	64.5481374121308	
7075 SNOW WHITE COURT	99714	-147.02195224973724	64.54870086069079	
7005 COLDFOOT COURT	99714	-147.03479080031238	64.55253761835428	
7100 OLD RICHARDSON HIGHWAY	99714	-147.0325865932487	64.54824724011364	
7185 OLD RICHARDSON HIGHWAY	99714	-147.02868593786232	64.54437785615683	
7139 OLD RICHARDSON HIGHWAY	99714	-147.03092825139132	64.54557962568633	
7055 SNOW WHITE COURT	99714	-147.02309361762815	64.5497909472884	
6427 JOHNSON ROAD	99714	-146.97977131107734	64.54503324103767	
6383 JOHNSON ROAD	99714	-146.98481084912171	64.54518779326648	
6401 JOHNSON ROAD	99714	-146.983177046283	64.54159287025023	
7332 OLD SITE ROAD	99714	-146.9904638266094	64.53541381005185	
7305 OLD SITE ROAD	99714	-147.0040680134347	64.53820552634619	
7075 SALCHA STAR STREET	99714	-147.01680605567245	64.54884162455296	
6252 JOHNSON ROAD	99714	-146.99873096107328	64.54653963717918	
6444 JOHNSON ROAD	99714	-146.9786775174219	64.55005710879308	
6965 MILITARY PIPELINE ROAD	99714	-146.97722354047204	64.55366082796537	
6945 MILITARY PIPELINE ROAD	99714	-146.97356406578743	64.55489465038707	
7100 JOHNSON ROAD	99714	-146.9066272931378	64.54641423150596	
7080 JOHNSON ROAD	99714	-146.90991958975363	64.54597258327473	
7120 JOHNSON ROAD	99714	-146.90783377771095	64.54576820232931	
7170 JOHNSON ROAD	99714	-146.90282838025504	64.54523716542337	
7150 JOHNSON ROAD	99714	-146.90541126712006	64.54830782129298	
7152 JOHNSON ROAD	99714	-146.9041970435657	64.54803235111525	
7154 JOHNSON ROAD	99714	-146.9036174553035	64.54803944497532	
7210 DEHALDEN LANE	99714	-146.90480977858732	64.54271886620727	
7184 WESTERLUND STREET	99714	-146.91015497172253	64.5437719187158	
7067 JOHNSON ROAD	99714	-146.91327579814066	64.54550541976019	
7229 DEHALDEN LANE	99714	-146.906711258123	64.54160596177324	
6955 JOHNSON ROAD	99714	-146.925136515002	64.54438570118307	
6679 JOHNSON ROAD	99714	-146.9539550921243	64.5453618219064	
6669 JOHNSON ROAD	99714	-146.95526013771342	64.54572024616901	
6655 JOHNSON ROAD	99714	-146.95669196454443	64.54031985307452	
6609 JOHNSON ROAD	99714	-146.96057398676228	64.54237696333512	
7231 FOSTER ROAD	99714	-146.97310324337386	64.5419276652106	
7191 FOSTER ROAD	99714	-146.97296102364234	64.54369898058663	
6449 JOHNSON ROAD	99714	-146.97743769276798	64.54546880037799	
6297 JOHNSON ROAD	99714	-146.99310662781934	64.54398685290546	
8005 RICHARDSON HIGHWAY	99714	-146.97252402321755	64.50782020358875	
7666 RICHARDSON HIGHWAY	99714	-146.98396328559903	64.52247489434288	
7709 RICHARDSON HIGHWAY	99714	-146.98547731265515	64.52097070499521	
7647 RICHARDSON HIGHWAY	99714	-146.98872046354512	64.52301872109635	
7419 RICHARDSON HIGHWAY	99714	-147.01826189606044	64.53372657944799	
7413 RICHARDSON HIGHWAY	99714	-147.01813813242688	64.53372120814849	
7371 RICHARDSON HIGHWAY	99714	-147.02053591681627	64.53544938059174	
7234 RICHARDSON HIGHWAY	99714	-147.02124149874953	64.54210477080056	
7271 RICHARDSON HIGHWAY	99714	-147.0223773138043	64.5402454278383	
5907 BOONDOX DRIVE	99714	-147.02487024598537	64.54182131361239	
5901 BOONDOX DRIVE	99714	-147.02531537357643	64.5418176703816	
5895 BOONDOX DRIVE	99714	-147.02600391748544	64.54179592298196	
5908 BOONDOX DRIVE	99714	-147.02462215979378	64.54224210961124	
7181 CANADAY ROAD	99714	-146.91005665870034	64.51679086316207	
6875 CANADAY ROAD	99714	-146.94342403551107	64.51650685565843	
6770 COOK CIRCLE	99714	-146.946095496456	64.51509662567669	
6861 CANADAY ROAD	99714	-146.94501251346367	64.5156640041396	
6800 CANADAY ROAD	99714	-146.95089749938128	64.51434991316223	
6809 CANADAY ROAD	99714	-146.9506269937482	64.5129330460112	
6754 CANADAY ROAD	99714	-146.95480018536188	64.51628358466564	
6740 CANADAY ROAD	99714	-146.9577041893888	64.51561303781307	
6732 CANADAY ROAD	99714	-146.95846225125507	64.51422270724304	
8085 RICHARDSON HIGHWAY	99714	-146.97297460726125	64.50295636325222	
8059 RICHARDSON HIGHWAY	99714	-146.9740299528452	64.5046908686978	
8027 RICHARDSON HIGHWAY	99714	-146.97264798860337	64.50556784760823	
7095 SALCHA STAR STREET	99714	-147.01698171721245	64.54773027988925	
6123 RICHARDSON HIGHWAY	99714	-147.0585657386463	64.59182184211974	
6000 JOHNSON ROAD	99714	-147.0226574745902	64.5436502110822	
6900 JOHNSON ROAD	99714	-146.93147396881744	64.5477168783303	
7190 JOHNSON ROAD	99714	-146.8994683938806	64.54459415539723	
6129 RICHARDSON HIGHWAY	99714	-147.0591358475904	64.59166890064662	
7160 FOSTER ROAD	99714	-146.97142363006157	64.54256565127359	
7665 BALCH WAY	99714	-146.98193585232173	64.52243898893752	
6765 OLD RICHARDSON HIGHWAY	99714	-147.0539763459745	64.56140703917409	
6515 ERIC STREET	99714	-147.05178453091992	64.57425322915749	
6095 GRIEME ROAD	99714	-147.01624686914334	64.55838658367331	
7209 DEHALDEN LANE	99714	-146.90694550467475	64.54288965044545	
6875 FROSTBITE COURT	99714	-147.02156934591017	64.55840156382708	
6965 JOHNSON ROAD	99714	-146.92463818236885	64.54485000430164	
6102 SALCHA PIONEER COURT	99714	-147.01579812505022	64.54636404935027	
6914 BOUNTIFUL COURT	99714	-147.04247334898764	64.56186183210174	
6480 SCHMAUSS LANE	99714	-146.97620497274005	64.52101335513451	
7263 OLD SITE ROAD	99714	-146.9981931986416	64.54357856131601	
5888 TOM BEAR TRAIL	99714	-147.0383125360998	64.56204558966171	
5880 TOM BEAR TRAIL	99714	-147.0375988360896	64.56134425978084	
5744 CRAZY H LANE	99714	-147.05202060230866	64.58646695709933	
5756 CRAZY H LANE	99714	-147.0494301011783	64.5867656166691	
5767 CRAZY H LANE	99714	-147.0507209125636	64.58673565443571	
6050 NORTH HOMESITE COURT	99714	-147.06795168872083	64.59514874344185	
6040 NORTH HOMESITE COURT	99714	-147.0688335039033	64.59603632850674	
7016 SALCHA STAR STREET	99714	-147.0124150459579	64.55229622752346	
6152 OLD RICHARDSON HIGHWAY	99714	-147.07208508330302	64.59066766150077	
6827 MARKGRAF STREET	99714	-147.03879022167524	64.55989389625616	
5855 CLEVELAND AVENUE	99714	-147.04028795382183	64.57455411854156	
8121 RICHARDSON HIGHWAY	99714	-146.97313938416858	64.50238335793686	
7000 COLDFOOT COURT	99714	-147.03197707496682	64.55276141030963	
7030 COLDFOOT COURT	99714	-147.0324685205329	64.55022277911797	
5786 HOWELL ROAD	99714	-147.04748676342166	64.57521838661663	
7301 OLD SITE ROAD	99714	-146.99538402600814	64.53861923758441	
6927 BOUNTIFUL COURT	99714	-147.04497262221602	64.56181106471882	
5762 HOWELL ROAD	99714	-147.05077349269746	64.57533281116076	
5728 HOWELL ROAD	99714	-147.05411228789677	64.57521163854051	
6000 BUDDY STREET	99714	-147.08054476506948	64.59738853714411	
6105 GRIEME ROAD	99714	-147.01421763317376	64.55996052870466	
6830 JOHNSON ROAD	99714	-146.93660488485554	64.54769555889095	
6850 CANADAY ROAD	99714	-146.94723471101616	64.51635360312966	
7190 DEHALDEN LANE	99714	-146.90520199049163	64.54452001210042	
6210 GRIEME ROAD	99714	-147.00476022230185	64.55938228972795	
6416 OLD RICHARDSON HIGHWAY	99714	-147.0625380396402	64.57885060581846	
6176 GRIEME ROAD	99714	-147.01398134596926	64.56648737694307	
5807 TENDERFOOT COURT	99714	-147.0453590785441	64.5797181042246	
6530 ERIC STREET	99714	-147.04998120545034	64.57337991918074	
6576 RICHARDSON HIGHWAY	99714	-147.0415759634955	64.57139723025718	
6709 JOHNSON ROAD	99714	-146.95217045902226	64.54544719159642	
7290 JOHNSON ROAD	99714	-146.88972096904226	64.54483151350645	
6150 OLD RICHARDSON HIGHWAY	99714	-147.07238689845101	64.59067177646259	
6858 CANADAY ROAD	99714	-146.94568700280047	64.51645383948323	
6035 NORTH HOMESITE COURT	99714	-147.0716903339785	64.59667216677298	
7019 CANADAY ROAD	99714	-146.92537888803733	64.51676537091414	
6505 OLD RICHARDSON HIGHWAY	99714	-147.06286951691504	64.57302862813012	
5820 MAGGIE DRIVE	99714	-147.043534839031	64.56537138083769	
6381 OLD RICHARDSON HIGHWAY	99714	-147.06957594575195	64.57997077647153	
7026 COLDFOOT COURT	99714	-147.0325003484913	64.55095483709827	
7028 COLDFOOT COURT	99714	-147.03245280329367	64.55057299918721	
5565 LOOP ROAD	99714	-147.07266303233683	64.5922795089402	
7275 OLD SITE ROAD	99714	-147.00767853384002	64.54290047726155	
7279 OLD SITE ROAD	99714	-147.00806368491314	64.5427825986801	
6600 JOHNSON ROAD	99714	-146.96350710882496	64.54978445588307	
5985 GRIEME ROAD	99714	-147.0276822202951	64.56001102218065	
6005 GRIEME ROAD	99714	-147.02560899307412	64.56002545214236	
6015 GRIEME ROAD	99714	-147.02544670345097	64.55824035227415	
6891 BOUNTIFUL COURT	99714	-147.04636030907335	64.56306198830694	
6459 JOHNSON ROAD	99714	-146.97648293517472	64.5456590633715	
6121 GRIEME ROAD	99714	-147.01141024299082	64.55782562579353	
7101 SALCHA STAR STREET	99714	-147.01622992041922	64.54712536149356	
7616 BALCH WAY	99714	-146.98371262956343	64.52567437435899	
7295 OLD SITE	99714	-147.00405586213284	64.53960417479543	
6021 OLD VALDEZ TRAIL	99714	-147.08139171381603	64.59379943937178	
7715 RICHARDSON HIGHWAY	99714	-146.98227472605492	64.5183183137693	
5960 RICHARDSON HIGHWAY	99714	-147.05950974521681	64.59948588455268	
7189 WESTERLUND STREET	99714	-146.91265023586638	64.54342536600788	
7333 OLD SITE ROAD	99714	-146.99448857880898	64.53691538560656	
7040 CANADAY ROAD	99714	-146.93167557068415	64.5225436152432	
7060 CANADAY ROAD	99714	-146.9139865063232	64.52292636663466	
6669 SCHMAUSS LANE	99714	-146.93697468983436	64.52641905986071	
6011 GRIEME ROAD	99714	-147.0259306381221	64.55936925435616	
6011 GRIEME ROAD	99714	-147.02602657563864	64.5594255563498	
6732 OLD RICHARDSON HIGHWAY	99714	-147.05514677287485	64.56439916261397	
5733 YOUNGBERG ROAD	99714	-147.054760475869	64.5654360668317	
7250 RICHARDSON HIGHWAY	99714	-147.01611883203773	64.54135683650492	
5825 PAULA COURT	99714	-147.0438517262158	64.57024856874212	
6119 GRIEME ROAD	99714	-147.00885313082034	64.55851727429808	
4959 ADONIS AVENUE	99705	-147.13464519366823	64.70473276123059	
3338 ANACONDA COURT	99705	-147.16296131076479	64.71752378364445	
4588 LAUESEN AVENUE	99705	-147.17346376345458	64.71876379746838	
4390 EIELSON FARM ROAD	99705	-147.2005383040174	64.6713536642263	
5599 OLD VALDEZ TRAIL	99714	-147.11665234267824	64.61507168117792	
4757 DA NEPHEW STREET	99705	-147.15615375574313	64.70832761503694	
4751 DA NEPHEW STREET	99705	-147.1568762894044	64.70845317290558	
4749 DA NEPHEW STREET	99705	-147.15714570735017	64.70858873347557	
4733 DA NEPHEW STREET	99705	-147.1576357918927	64.70860567531128	
4943 ADONIS AVENUE	99705	-147.13643208073805	64.70475269786992	
4951 ADONIS AVENUE	99705	-147.13539193227308	64.70474331055007	
4989 ADONIS AVENUE	99705	-147.1320824618149	64.70480220578082	
4960 ADONIS AVENUE	99705	-147.13483157883638	64.70531271923382	
4952 ADONIS AVENUE	99705	-147.13566290448787	64.7053713581581	
3606 OSIRIS STREET	99705	-147.1365847415936	64.70532058300296	
3596 OSIRIS STREET	99705	-147.13653774100038	64.70581217081535	
4834 DA NIECE STREET	99705	-147.14762615764212	64.70697853252493	
4830 DA NIECE STREET	99705	-147.1476980921693	64.70741846185464	
4826 DA NIECE STREET	99705	-147.14855720244785	64.70788034638103	
4827 CUL DE SAC COURT	99705	-147.147275931718	64.70818837772244	
3526 GO THATTA WAY	99705	-147.14841246078626	64.70912580880956	
3516 GO THATTA WAY	99705	-147.14760953672643	64.70930558880087	
4841 DA NIECE STREET	99705	-147.14820970599786	64.70652447459538	
4829 DA NIECE STREET	99705	-147.14843975047265	64.70678983491857	
4814 DA NEPHEW STREET	99705	-147.15089513841224	64.70757084139679	
4824 DA NEPHEW STREET	99705	-147.1506443186895	64.70731304141087	
3666 RICHARDSON HIGHWAY	99705	-147.15164533476192	64.70606887660485	
3559 GO THATTA WAY	99705	-147.15355933856046	64.70747015669582	
3557 GO THATTA WAY	99705	-147.15332345664874	64.70759479422517	
3553 GO THATTA WAY	99705	-147.15268327877527	64.7078254528347	
3528 HOPE STREET	99705	-147.15433075186212	64.70886075780317	
3518 HOPE STREET	99705	-147.15499700693624	64.70945398789962	
4813 PUTNAM LANE	99705	-147.14986570513668	64.70973683674976	
4769 PUTNAM LANE	99705	-147.1547293693156	64.71058716211891	
3475 HOPE STREET	99705	-147.15633505768582	64.71129202148435	
3124 TREATY STREET	99705	-147.30874656604203	64.72719106356253	
3130 TREATY STREET	99705	-147.30901246379864	64.72693206088375	
3135 OLD RICHARDSON HIGHWAY	99705	-147.31009024453303	64.72273551200345	
3160 TREATY STREET	99705	-147.3089748083226	64.72552103044666	
3150 TREATY STREET	99705	-147.30903460869428	64.72609892650533	
3148 VFW STREET	99705	-147.31217103698256	64.726032750567	
3142 VFW STREET	99705	-147.31187090172554	64.72631376628118	
3159 VFW STREET	99705	-147.31328907671966	64.72548467011276	
3155 VFW STREET	99705	-147.31365631453372	64.72574407750959	
4674 WHITE HALL COURT	99705	-147.16536205121744	64.71865505388482	
3200 MELLOW WOODS DRIVE	99705	-147.30231917468558	64.72437885980322	
4280 OLD VALDEZ TRAIL	99705	-147.23281294318394	64.67862440194972	
3580 EIELSON FARM ROAD	99705	-147.19069132146	64.70093797505154	
3115 OLD RICHARDSON HIGHWAY	99705	-147.31716562823726	64.72521351849893	
3481 OLD RICHARDSON HIGHWAY	99705	-147.1604878037476	64.7097662971188	
3540 OLD RICHARDSON HIGHWAY	99705	-147.12834201481004	64.71251696214938	
3555 OLD RICHARDSON HIGHWAY	99705	-147.14522135001545	64.70770261210069	
4311 OLD VALDEZ TRAIL	99705	-147.23048696043028	64.67670963887988	
4340 OLD VALDEZ TRAIL	99705	-147.22571040328802	64.67759218732624	
4345 OLD VALDEZ TRAIL	99705	-147.22643602457228	64.67527508566063	
3670 RICHARDSON HIGHWAY	99705	-147.14875858130205	64.70553272339096	
3139 TREATY STREET	99705	-147.3106132242531	64.72648675659593	
5570 OLD VALDEZ TRAIL	99714	-147.11778070829098	64.61672574329171	
3362 ANACONDA COURT	99705	-147.1613145268316	64.71642772690572	
3117 OLD RICHARDSON HIGHWAY	99705	-147.31602781637093	64.72495415593389	
3171 TREATY STREET	99705	-147.3106715244066	64.72499465300565	
3170 VFW STREET	99705	-147.31189142126078	64.72485318526635	
3158 VFW STREET	99705	-147.31180503417787	64.72545468971056	
3156 VFW STREET	99705	-147.3120734196795	64.72576343062043	
3138 TREATY STREET	99705	-147.30906836766908	64.72661084784352	
3116 VFW STREET	99705	-147.31201371218313	64.72736051016358	
3124 VFW STREET	99705	-147.31199316981113	64.7271185630448	
3136 VFW STREET	99705	-147.31215838499173	64.726557904316	
4823 DA NIECE STREET	99705	-147.14882111383855	64.70727785115832	
4815 DA NIECE STREET	99705	-147.14992667251832	64.708230874893	
4811 DA NIECE STREET	99705	-147.15013708391749	64.70835360834332	
3568 GO THATTA WAY	99705	-147.1532433493958	64.70712287515101	
3558 GO THATTA WAY	99705	-147.15243456447362	64.70747749087215	
3250 RICHARDSON HIGHWAY	99705	-147.2148848624708	64.72640485076968	
3614 OLD RICHARDSON HIGHWAY	99705	-147.14079185491437	64.70478651388389	
4911 ADONIS AVENUE	99705	-147.13901579215687	64.70478454267236	
4969 ADONIS AVENUE	99705	-147.13397442152817	64.70475275343571	
4975 ADONIS AVENUE	99705	-147.13274157922783	64.70478494086171	
3600 OLD RICHARDSON HIGHWAY	99705	-147.14090418962553	64.70556403078699	
4910 ADONIS AVENUE	99705	-147.1391279419163	64.7055336705651	
3560 OLD RICHARDSON HIGHWAY	99705	-147.14243909358328	64.70779382946866	
3577 OLD RICHARDSON HIGHWAY	99705	-147.14536308910812	64.70719635261506	
3579 OLD RICHARDSON HIGHWAY	99705	-147.14541555617512	64.70697999612625	
4844 DA NIECE STREET	99705	-147.14716334008065	64.7064582525412	
4830 CUL DE SAC COURT	99705	-147.14821423426673	64.70867546041374	
4824 DA NIECE STREET	99705	-147.14924537023884	64.70831968797096	
3536 GO THATTA WAY	99705	-147.1495303067675	64.70865097745828	
3388 BELLWOOD STREET	99705	-147.16347253569933	64.71505379019837	
4693 RIVERS STREET	99705	-147.16262989398044	64.71513731971338	
4725 RIVERS STREET	99705	-147.15940815084122	64.71425938816338	
4731 RIVERS STREET	99705	-147.15866254522894	64.71402726176817	
4730 RIVERS STREET	99705	-147.15870316700205	64.71454254446346	
3489 OLD RICHARDSON HIGHWAY	99705	-147.15244300912363	64.7108771912238	
3477 OLD RICHARDSON HIGHWAY	99705	-147.1591519272417	64.71147793768958	
3465 OLD RICHARDSON HIGHWAY	99705	-147.16188127804122	64.71208809291625	
3439 OLD RICHARDSON HIGHWAY	99705	-147.17023159652197	64.71312795894258	
3435 OLD RICHARDSON HIGHWAY	99705	-147.17136260354107	64.71310488134293	
3423 OLD RICHARDSON HIGHWAY	99705	-147.17359463198395	64.7134156081639	
4757 MILLS LANE	99705	-147.1557531211517	64.71512083106754	
3437 OSAGE STREET	99705	-147.1586356043651	64.71312924885193	
4730 PAM AVENUE	99705	-147.15931349782645	64.71328282125342	
3381 MONTANA CIRCLE	99705	-147.15891582154342	64.7175701412495	
3390 PORTMAN STREET	99705	-147.17699113481817	64.71516597278529	
4544 TUNDRA WAY	99705	-147.1786104780475	64.71538309126518	
3354 CORY STREET	99705	-147.1826613956377	64.71668650534554	
3370 CORY STREET	99705	-147.18287386404967	64.71608658253811	
4510 TUNDRA WAY	99705	-147.18282603085558	64.71595013135422	
4520 TUNDRA WAY	99705	-147.18122445466798	64.71574421041882	
4675 BUTTE COURT	99705	-147.16458306565886	64.7157584588763	
3362 MONTANA CIRCLE	99705	-147.1632422663792	64.7179689084065	
3348 MONTANA CIRCLE	99705	-147.16444769186813	64.71743077547944	
3342 MONTANA CIRCLE	99705	-147.16452374544627	64.71692606503184	
3338 MONTANA CIRCLE	99705	-147.16326708221928	64.71634256190084	
3357 ANACONDA COURT	99705	-147.16286111022742	64.71672543128182	
3388 HUB ROAD	99705	-147.16826437486355	64.71520520045867	
3410 HUB ROAD	99705	-147.16872766116492	64.71440876822314	
4609 EASTERN STREET	99705	-147.17177179036682	64.71502474511708	
4606 EASTERN STREET	99705	-147.171629062761	64.71596414302562	
4618 EASTERN STREET	99705	-147.17071771278128	64.7158652925073	
3323 MILDRED AVENUE	99705	-147.16991762422353	64.71810418170784	
4619 LAUESEN AVENUE	99705	-147.17087684067417	64.71828294286912	
3320 BAKER ROAD	99705	-147.17420594913662	64.7182636665335	
3316 MILDRED AVENUE	99705	-147.16758608464986	64.71838366967049	
3334 MILDRED AVENUE	99705	-147.16738548578718	64.71755682465502	
3417 OLD RICHARDSON HIGHWAY	99705	-147.1760306603289	64.71397390763948	
3391 OLD RICHARDSON HIGHWAY	99705	-147.18599271645408	64.714950874424	
3431 BAKER ROAD	99705	-147.1781642933737	64.71348230638472	
4559 MOOSE CREEK AVENUE	99705	-147.17732882176438	64.71678661267389	
3370 PORTMAN STREET	99705	-147.17741497893985	64.71613745189305	
3378 PORTMAN STREET	99705	-147.17732937333133	64.71564082021358	
3383 OSAGE STREET	99705	-147.15843580537435	64.71538424263633	
3397 BELLWOOD STREET	99705	-147.1652131083389	64.71470071006655	
4548 MOOSE CREEK AVENUE	99705	-147.1784781016152	64.71727285800007	
4355 SEBAUGH ROAD	99705	-147.1780205959402	64.67099424673793	
4315 SEBAUGH ROAD	99705	-147.17729953565456	64.67241996985058	
4501 EIELSON FARM ROAD	99705	-147.18544498046276	64.66364449371932	
4355 EIELSON FARM ROAD	99705	-147.20496079470215	64.67217144354554	
4536 MOOSE CREEK AVENUE	99705	-147.17979298137678	64.71726370813445	
4522 MOOSE CREEK AVENUE	99705	-147.18086747031936	64.71722785299467	
3340 CORY STREET	99705	-147.18259557327946	64.71759088673234	
4542 LAUESEN AVENUE	99705	-147.17895979474147	64.71857134790191	
4534 LAUESEN AVENUE	99705	-147.18003648917662	64.71873987193798	
4520 LAUESEN AVENUE	99705	-147.18119895241577	64.71875053281262	
4510 LAUESEN AVENUE	99705	-147.18223368516385	64.71881967709649	
4434 LAUESEN AVENUE	99705	-147.1907249954076	64.718675719491	
4431 LAUESEN AVENUE	99705	-147.19073428467811	64.71812901243402	
4441 LAUESEN AVENUE	99705	-147.18837109027874	64.71806465182905	
4470 MOOSE CREEK AVENUE	99705	-147.1865075471923	64.7172328811601	
4456 MOOSE CREEK AVENUE	99705	-147.188086573152	64.71730924647059	
4440 MOOSE CREEK AVENUE	99705	-147.18975279116006	64.71721873232701	
4430 MOOSE CREEK AVENUE	99705	-147.19066306537962	64.71723965120137	
3349 CLAUDE STREET	99705	-147.19221232931176	64.71697518574155	
4402 AL CORY DRIVE	99705	-147.19366961085257	64.71710973828161	
4396 AL CORY DRIVE	99705	-147.19468263509336	64.71727515844667	
4390 AL CORY DRIVE	99705	-147.1953291072028	64.71739441571415	
4348 LAUESEN AVENUE	99705	-147.199199778089	64.71879369045583	
4320 LAUESEN AVENUE	99705	-147.20166323458938	64.71887105268064	
4302 LAUESEN AVENUE	99705	-147.2044866956642	64.7187819162825	
4373 LAUESEN AVENUE	99705	-147.1965069634518	64.71814988745855	
3998 OLD VALDEZ TRAIL	99705	-147.25032726689466	64.6846658296567	
4199 OLD VALDEZ TRAIL	99705	-147.2489532480172	64.67780343970261	
4385 EIELSON FARM ROAD	99705	-147.20304907849552	64.67138617278823	
5601 EIELSON FARM ROAD	99705	-147.1419789941892	64.63015826352859	
5620 OLD VALDEZ TRAIL	99714	-147.11388495195612	64.61471023739395	
5155 GILLIGAN COURT	99714	-147.1138654859682	64.61591645085298	
5150 GILLIGAN COURT	99714	-147.1156739131118	64.61622302183974	
5730 EIELSON FARM ROAD	99705	-147.13689060369157	64.62501365101491	
5660 EIELSON FARM ROAD	99705	-147.13679946963956	64.62880791869304	
3388 OSAGE STREET	99705	-147.15749208843545	64.71513106415479	
4720 PAM AVENUE	99705	-147.16028027091377	64.71356167789057	
4714 PAM AVENUE	99705	-147.16085590898328	64.713733872557	
4710 PAM AVENUE	99705	-147.1614553889064	64.71386581445425	
4704 PAM AVENUE	99705	-147.16202012774713	64.71394173043555	
4699 RIVERS STREET	99705	-147.16201406997456	64.71492278507188	
4745 PUTNAM LANE	99705	-147.157732777585	64.71089868780275	
4598 EASTERN STREET	99705	-147.17286552879492	64.71584829546457	
3376 MILDRED AVENUE	99705	-147.16840785319206	64.71582891172105	
3413 OLD RICHARDSON HIGHWAY	99705	-147.17795469487368	64.71379178691278	
3417 BAKER ROAD	99705	-147.17550992415624	64.71502875300254	
3385 BAKER ROAD	99705	-147.1757597717076	64.71551294214376	
3371 BAKER ROAD	99705	-147.17534024210508	64.71601479740202	
4573 MOOSE CREEK AVENUE	99705	-147.17551295102297	64.7167864474345	
4519 MOOSE CREEK AVENUE	99705	-147.18114136300642	64.71679771736554	
3339 BAKER ROAD	99705	-147.17550223390623	64.71745243388119	
3331 BAKER ROAD	99705	-147.17588125662354	64.71783495222539	
4556 MOOSE CREEK AVENUE	99705	-147.1771281062951	64.71724117157925	
4509 LAUESEN AVENUE	99705	-147.18237859604028	64.71800671061018	
4521 LAUESEN AVENUE	99705	-147.1810278004456	64.71804003408901	
4547 LAUESEN AVENUE	99705	-147.178450393436	64.7180560593265	
4559 LAUESEN AVENUE	99705	-147.1769587377669	64.71807028779689	
3307 BAKER ROAD	99705	-147.17560033830839	64.71868501596697	
3489 HOPE STREET	99705	-147.15634410999147	64.71082268078497	
3497 HOPE STREET	99705	-147.15660951880307	64.71010468123065	
3457 OLD RICHARDSON HIGHWAY	99705	-147.1648990329877	64.71213349611965	
3449 OLD RICHARDSON HIGHWAY	99705	-147.1652925920745	64.71244485469329	
3445 OLD RICHARDSON HIGHWAY	99705	-147.16592671103749	64.71260198991928	
3443 OLD RICHARDSON HIGHWAY	99705	-147.16649691698538	64.71250786383658	
3427 OLD RICHARDSON HIGHWAY	99705	-147.17289664158116	64.71334956635526	
3418 OSAGE STREET	99705	-147.15735061255882	64.71364901329491	
3408 OSAGE STREET	99705	-147.15757668683696	64.71438324838842	
4705 RIVERS STREET	99705	-147.16156898298712	64.71470197051917	
4719 RIVERS STREET	99705	-147.1609827938506	64.71462513257327	
4721 RIVERS STREET	99705	-147.16038836247944	64.71452696227075	
4724 RIVERS STREET	99705	-147.15974174201227	64.71478152064336	
4718 RIVERS STREET	99705	-147.1604587548572	64.71503467987719	
4714 RIVERS STREET	99705	-147.16092042257029	64.7151089546198	
4708 RIVERS STREET	99705	-147.1614410360699	64.71532393605003	
4723 POLSON COURT	99705	-147.15944826496275	64.71817419791296	
4671 WHITE HALL COURT	99705	-147.1650601015266	64.71825194254421	
3349 MONTANA CIRCLE	99705	-147.165840815585	64.71697136372143	
3378 MONTANA CIRCLE	99705	-147.1602793196549	64.71757467245578	
3370 MONTANA CIRCLE	99705	-147.1614470003971	64.71808817957458	
4599 EASTERN STREET	99705	-147.17286174776703	64.71465411749749	
4589 EASTERN STREET	99705	-147.17368438386364	64.71511902491898	
3370 BAKER ROAD	99705	-147.1741572388606	64.71591563578174	
3353 CORY STREET	99705	-147.1838237490661	64.71661101891469	
4301 EIELSON FARM ROAD	99705	-147.22224996283015	64.67331355203721	
4113 EIELSON FARM ROAD	99705	-147.21504986309597	64.68034275119575	
3981 COW PIE AVENUE	99705	-147.23733514839805	64.68934534139791	
4575 SAWMILL TRAIL	99705	-147.18574518065947	64.65778947796552	
4412 LAUESEN AVENUE	99705	-147.19250905066022	64.71882252004444	
4404 LAUESEN AVENUE	99705	-147.19400419065832	64.71862702276462	
4390 LAUESEN AVENUE	99705	-147.19540237405906	64.718727061652	
4360 LAUESEN AVENUE	99705	-147.1981958190745	64.71866793965464	
4294 LAUESEN AVENUE	99705	-147.20529594448567	64.71860566095498	
4288 LAUESEN AVENUE	99705	-147.2083801991842	64.7188923944821	
4319 LAUESEN AVENUE	99705	-147.20172147901079	64.7180913176081	
4361 LAUESEN AVENUE	99705	-147.19793618251975	64.71806951097355	
4800 EIELSON FARM ROAD	99705	-147.14729988789335	64.6646815736923	
4110 SEBAUGH ROAD	99705	-147.1681460080176	64.66928280333015	
4395 SEBAUGH ROAD	99705	-147.17539768494092	64.66992093774604	
4500 EIELSON FARM ROAD	99705	-147.17769252645328	64.6660785838642	
4451 EIELSON FARM ROAD	99705	-147.1924190044699	64.66828635465374	
4270 LYNX PAW LANE	99705	-147.2059627477038	64.67519298970801	
4492 LAUESEN AVENUE	99705	-147.1840538081674	64.71865059131348	
4480 LAUESEN AVENUE	99705	-147.18546742683543	64.71865616645985	
4454 LAUESEN AVENUE	99705	-147.18805970925516	64.71852739370576	
4442 LAUESEN AVENUE	99705	-147.18944993013326	64.71856965286683	
4475 LAUESEN AVENUE	99705	-147.1868494889959	64.71809583470684	
4477 LAUESEN AVENUE	99705	-147.18579971610075	64.71796800246126	
4490 MOOSE CREEK AVENUE	99705	-147.18424916737317	64.71734208605778	
4480 MOOSE CREEK AVENUE	99705	-147.18545165718905	64.7172496470901	
4443 MOOSE CREEK AVENUE	99705	-147.18958965136608	64.7168426237124	
4479 MOOSE CREEK AVENUE	99705	-147.18561118697897	64.71673237698629	
4935 OLD VALDEZ TRAIL	99705	-147.1725021614565	64.642146226587	
5400 EIELSON FARM ROAD	99705	-147.13807956759328	64.63471507247246	
5545 EIELSON FARM ROAD	99705	-147.14446911885713	64.63439265620542	
5629 OLD VALDEZ TRAIL	99714	-147.11478771578916	64.61369500605772	
5625 OLD VALDEZ TRAIL	99714	-147.1152758153722	64.61432887484592	
5635 SKIPPER STREET	99714	-147.12236972615386	64.61349089171341	
5540 OLD VALDEZ TRAIL	99714	-147.12195696789684	64.61777791051564	
5581 SKIPPER STREET	99714	-147.12186483353523	64.61571366535104	
5580 SKIPPER STREET	99714	-147.11940437567424	64.61555182205227	
5325 OLD VALDEZ TRAIL	99705	-147.13491804323587	64.61984677583753	
4900 EIELSON FARM ROAD	99705	-147.13969853948728	64.66341961410573	
4310 POLAR FOX LOOP	99705	-147.20121471606095	64.67327788570795	
4313 POLAR FOX LOOP	99705	-147.20302818148915	64.67374608768814	
4269 POLAR FOX LOOP	99705	-147.1992680498461	64.6751486637938	
4305 POLAR FOX LOOP	99705	-147.2011474313689	64.6742781079321	
3337 CLAUDE STREET	99705	-147.19219107649144	64.71758323817147	
3130 VFW STREET	99705	-147.31224530568875	64.72676775159809	
3547 OLD RICHARDSON HIGHWAY	99705	-147.14557180022433	64.7080899234103	
4923 ADONIS AVENUE	99705	-147.13819594882395	64.70477817101786	
3471 FARRIOR DRIVE	99705	-147.2906991523031	64.725228027582	
3476 ROSEHIP DRIVE	99705	-147.28979578591517	64.72494683043666	
3990 OLD VALDEZ TRAIL	99705	-147.25027019781314	64.68177569589444	
4285 POLAR FOX LOOP	99705	-147.20126666882848	64.67479790507666	
3546 FARRIOR DRIVE	99705	-147.28291657379765	64.72645029694708	
3160 ARMISTICE STREET	99705	-147.31441505202116	64.72680454876186	
3139 VFW STREET	99705	-147.31360452106932	64.72658553139786	
4161 POLAR FOX LOOP	99705	-147.19228969636006	64.67134173281816	
4186 POLAR FOX LOOP	99705	-147.19836763043077	64.67240633552	
4269 OLD VALDEZ TRAIL	99705	-147.23416242850837	64.67697531801745	
5720 EIELSON FARM ROAD	99705	-147.1396352021789	64.6265341262448	
4244 POLAR FOX LOOP	99705	-147.19674533952173	64.67328275434107	
4209 POLAR FOX LOOP	99705	-147.19399035681465	64.67332759749702	
4233 POLAR FOX LOOP	99705	-147.19338975641446	64.67474578338484	
3424 HARRY B ROAD	99705	-147.2948238933241	64.72467258212082	
4237 POLAR FOX LOOP	99705	-147.19520146241967	64.6750029525796	
4245 POLAR FOX LOOP	99705	-147.19727610038768	64.675356515645	
4260 POLAR FOX LOOP	99705	-147.19904658067955	64.67378047519036	
4189 POLAR FOX LOOP	99705	-147.1930880266646	64.67236557493962	
5674 PRINCE STREET	99705	-147.10393187618445	64.62693812594486	
4148 EIELSON FARM ROAD	99705	-147.20757812677644	64.6791185265102	
4145 POLAR FOX LOOP	99705	-147.19325574862071	64.67052435410402	
4133 POLAR FOX LOOP	99705	-147.19255788452796	64.66951127496203	
4222 OLD VALDEZ TRAIL	99705	-147.24471017012436	64.67928455863024	
3488 FARRIOR DRIVE	99705	-147.2891395218347	64.7262888955744	
3138 MONKSHOOD LANE	99705	-147.28122406586417	64.72637720567198	
3570 FARRIOR DRIVE	99705	-147.27999323803604	64.72649595944519	
3584 FARRIOR DRIVE	99705	-147.27822869793144	64.72639108298371	
3186 MONKSHOOD LANE	99705	-147.28311492755324	64.72421796980818	
3198 MONKSHOOD LANE	99705	-147.28398215343145	64.72380501694646	
3200 MONKSHOOD LANE	99705	-147.28474590248635	64.72347772937118	
3216 MONKSHOOD LANE	99705	-147.28507079399736	64.72301056055124	
3473 ROSEHIP DRIVE	99705	-147.28947100406316	64.72436597329474	
3486 ROSEHIP DRIVE	99705	-147.2889028098211	64.72513345323215	
3498 ROSEHIP DRIVE	99705	-147.28750709716996	64.72511391324718	
3506 ROSEHIP DRIVE	99705	-147.28677180567544	64.72489526803116	
3499 FARRIOR DRIVE	99705	-147.2867192583148	64.7258933569698	
3491 FARRIOR DRIVE	99705	-147.2883753592746	64.72581675764545	
3479 FARRIOR DRIVE	99705	-147.28974871057167	64.72544051853528	
3216 DYKE ROAD	99705	-147.29019952810089	64.72328409569808	
3361 FERNWOOD AVENUE	99705	-147.30236426614644	64.726094825262	
3151 DYKE ROAD	99705	-147.29233995050282	64.72606536159623	
3161 DYKE ROAD	99705	-147.2921238405689	64.72558858525255	
3136 TOBACCO ROAD	99705	-147.29529058675314	64.72602760967897	
3128 TOBACCO ROAD	99705	-147.29679965068522	64.72576184630535	
3131 CARL STREET	99705	-147.2932328818031	64.72688953062469	
3141 CARL STREET	99705	-147.2939413034629	64.7261466026715	
3121 TERRITORIAL DRIVE	99705	-147.29437382794876	64.72725026424547	
3135 TOBACCO ROAD	99705	-147.29564047645744	64.72660263965055	
3115 TOBACCO ROAD	99705	-147.29918778764784	64.72632759659405	
3346 FERNWOOD AVENUE	99705	-147.3049798095595	64.72698420084821	
3184 MELLOW WOODS DRIVE	99705	-147.3008643720298	64.72408658308133	
3196 MELLOW WOODS DRIVE	99705	-147.30216622410427	64.7243510720964	
3341 FERNWOOD AVENUE	99705	-147.3041310846971	64.72603945704427	
3351 FERNWOOD AVENUE	99705	-147.30325382103715	64.72622942969704	
3371 FERNWOOD AVENUE	99705	-147.30105063421857	64.72610303691232	
3155 MELLOW WOODS DRIVE	99705	-147.30137811373308	64.72566271482606	
3200 DAPHNE LANE	99705	-147.30690268728276	64.7235443022215	
3188 DAPHNE LANE	99705	-147.30646920372297	64.7240711730951	
3185 DAPHNE LANE	99705	-147.30715253442617	64.72421792541957	
3150 TIMBERBROOK DRIVE	99705	-147.30780638743252	64.72569711235654	
3248 MELLOW WOODS DRIVE	99705	-147.30606612005545	64.72630359502179	
3219 MELLOW WOODS DRIVE	99705	-147.30376670301135	64.72543071968643	
3209 MELLOW WOODS DRIVE	99705	-147.30292918778014	64.72518867273695	
3483 ERIN DRIVE	99705	-147.28911545354643	64.72697592804539	
3580 FARRIOR DRIVE	99705	-147.2789291786386	64.72689568970448	
3567 FARRIOR DRIVE	99705	-147.2804186259149	64.72568337228743	
3158 MONKSHOOD LANE	99705	-147.28129705056043	64.72555384533214	
3164 MONKSHOOD LANE	99705	-147.28174748832825	64.72522497232896	
3178 MONKSHOOD LANE	99705	-147.282317567338	64.72463350504584	
3215 MONKSHOOD LANE	99705	-147.28667997073364	64.72371951910658	
3496 FARRIOR DRIVE	99705	-147.2875493554627	64.72660389176654	
3510 FARRIOR DRIVE	99705	-147.28584132849286	64.72659818361032	
3511 ERIN DRIVE	99705	-147.28642838713478	64.7270138767577	
3513 ROSEHIP DRIVE	99705	-147.2861740023657	64.72399394686559	
3131 DYKE ROAD	99705	-147.29239950931887	64.72673462291218	
3139 TOBACCO ROAD	99705	-147.2961200787776	64.72634566109251	
3110 TOBACCO ROAD	99705	-147.29684227754754	64.72626673805266	
3499 ROSEHIP DRIVE	99705	-147.28737953789914	64.72414898922658	
3489 ROSEHIP DRIVE	99705	-147.28822120631733	64.72431197461184	
3512 ROSEHIP DRIVE	99705	-147.28599019720096	64.72463649523917	
3520 ROSEHIP DRIVE	99705	-147.28501652821097	64.72437460375845	
3179 MONKSHOOD LANE	99705	-147.28435837045356	64.72481034539547	
3155 MONKSHOOD LANE	99705	-147.2831326048879	64.72567406876287	
3208 MELLOW WOODS DRIVE	99705	-147.30349311056727	64.72468328109295	
3218 MELLOW WOODS DRIVE	99705	-147.3044337338169	64.72493941918022	
3228 MELLOW WOODS DRIVE	99705	-147.3053069122779	64.72545102499808	
3238 MELLOW WOODS DRIVE	99705	-147.30568474728116	64.72584355531883	
3175 MELLOW WOODS DRIVE	99705	-147.30116182429418	64.7251437833055	
3201 MELLOW WOODS DRIVE	99705	-147.30180807609517	64.72484918450093	
3216 OLD RICHARDSON HIGHWAY	99705	-147.30311109517177	64.72349024735357	
3125 DYKE ROAD	99705	-147.29258594152577	64.72716196156642	
3372 FERNWOOD AVENUE	99705	-147.30123200733524	64.72691368165576	
3360 FERNWOOD AVENUE	99705	-147.3021918252955	64.7269597680383	
3185 DYKE ROAD	99705	-147.29256574743314	64.72451028909983	
3163 CARL STREET	99705	-147.29327602284525	64.72506551607815	
3155 CARL STREET	99705	-147.293358263747	64.72551014127326	
3125 TOBACCO ROAD	99705	-147.29620753854266	64.72516210641935	
3189 TOBACCO ROAD	99705	-147.29498121041658	64.72530177708846	
3177 CARL STREET	99705	-147.29321154395848	64.72438645472643	
3439 HARRY B ROAD	99705	-147.296552478805	64.72336516744222	
3354 FERNWOOD AVENUE	99705	-147.30343688058633	64.72681758275426	
3165 TIMBERBROOK DRIVE	99705	-147.30786440206194	64.724955225537	
3418 HARRY B ROAD	99705	-147.2970848157388	64.72445278789557	
3409 HARRY B ROAD	99705	-147.2980732200291	64.72507038521243	
4290 LYNX PAW LANE	99705	-147.20687561084702	64.67428199567499	
4325 OLD VALDEZ TRAIL	99705	-147.23490989780697	64.67402393760516	
4335 OLD VALDEZ TRAIL	99705	-147.22937906281788	64.67344749309184	
3162 TREATY STREET	99705	-147.30918870204542	64.72497746835472	
3523 HOPE STREET	99705	-147.15606618149988	64.70916829912042	
3283 BAKER ROAD	99705	-147.1753998860481	64.7198122753549	
3289 BAKER ROAD	99705	-147.1755118292814	64.71984911396854	
3297 BAKER ROAD	99705	-147.17536156576722	64.71935625925602	
4036 EIELSON FARM ROAD	99705	-147.2033200755013	64.68374227763563	
4050 EIELSON FARM ROAD	99705	-147.20159928061813	64.68396053235669	
5171 EIELSON FARM ROAD	99705	-147.14576511540554	64.65293090248696	
5200 GILLIGAN COURT	99714	-147.10844545131772	64.61497349650514	
5299 EIELSON FARM ROAD	99705	-147.14340737333796	64.64545329566701	
5714 DORT DRIVE	99705	-147.1333229738475	64.62942382306093	
4800 PULLMAN DRIVE	99705	-147.15711345362777	64.71280404888738	
4493 LAUESEN AVENUE	99705	-147.18454682683026	64.71802012461896	
4050 OLD VALDEZ TRAIL	99705	-147.24791847451854	64.6822596360119	
4255 OLD VALDEZ TRAIL	99705	-147.2369797614595	64.67745054762808	
3396 HUB ROAD	99705	-147.16803434479445	64.71468986421627	
3437 OLD RICHARDSON HIGHWAY	99705	-147.1702479345122	64.71208722839414	
4730 POLSON COURT	99705	-147.15902257925427	64.71889397951186	
3901 OLD VALDEZ TRAIL	99705	-147.25553480999673	64.67920037168363	
5615 SKIPPER STREET	99714	-147.12253891563125	64.61453239919193	
3171 VFW STREET	99705	-147.314445761278	64.72633648069609	
4445 EIELSON FARM ROAD	99705	-147.2100765830488	64.66367372217788	
5745 EIELSON FARM ROAD	99705	-147.14124306908235	64.62449782407789	
4600 EIELSON FARM ROAD	99705	-147.16210553945896	64.66269277237723	
3127 OLD RICHARDSON HIGHWAY	99705	-147.31565947504558	64.72461841201145	
4385 EIELSON FARM ROAD	99705	-147.20493311380494	64.67125690136993	
4395 EIELSON FARM ROAD	99705	-147.2030262083498	64.67092754949711	
4395 EIELSON FARM ROAD	99705	-147.20303458751152	64.67099157289366	
4415 EIELSON FARM ROAD	99705	-147.202838443276	64.66985305216394	
4435 EIELSON FARM ROAD	99705	-147.20158312181474	64.66907522776978	
4651 EIELSON FARM ROAD	99705	-147.17235442928802	64.65952080662836	
4751 EIELSON FARM ROAD	99705	-147.14528370659278	64.65634145988733	
4695 OLD VALDEZ TRAIL	99705	-147.16860688386436	64.65328594567637	
5070 OLD VALDEZ TRAIL	99705	-147.14293310903452	64.6425311592034	
3136 DYKE ROAD	99705	-147.29044382302925	64.7264390325076	
4700 RIVERS STREET	99705	-147.16196126766548	64.71538692512287	
3389 OSAGE STREET	99705	-147.15844716940822	64.71508472266083	
3532 GO THATTA WAY	99705	-147.14922802285105	64.70881700086288	
3556 GO THATTA WAY	99705	-147.15237980273514	64.7076073081472	
3563 GO THATTA WAY	99705	-147.15411143708357	64.70727397566532	
4803 DA NIECE STREET	99705	-147.15141319838784	64.70881747771084	
3483 OLD RICHARDSON HIGHWAY	99705	-147.15958779667983	64.71029354476785	
3511 OLD RICHARDSON HIGHWAY	99705	-147.14866366953322	64.71004192471939	
3561 HOPE STREET	99705	-147.15767382023967	64.70771794152924	
4746 DA NEPHEW STREET	99705	-147.15754855996954	64.70898757537998	
3527 HOPE STREET	99705	-147.1561889395252	64.70893880260672	
3519 HOPE STREET	99705	-147.15624997884717	64.70949866985437	
4755 DA NIECE STREET	99705	-147.15627051023694	64.70966998135488	
4743 DA NIECE STREET	99705	-147.15750735919684	64.70971467811289	
4775 PUTNAM LANE	99705	-147.15339888249582	64.71049298657992	
4783 PUTNAM LANE	99705	-147.15193389996614	64.7102538725876	
4791 PUTNAM LANE	99705	-147.15125399591622	64.71011791637946	
4600 SEBAUGH ROAD	99705	-147.1735171710419	64.66609498836652	
4407 EIELSON FARM ROAD	99705	-147.20253774231006	64.67061472750072	
3173 OLD RICHARDSON HIGHWAY	99705	-147.30823594550196	64.72277173306675	
3119 TOBACCO ROAD	99705	-147.2992621577278	64.72546531209447	
4585 MOOSE CREEK AVENUE	99705	-147.17399320243538	64.71672460951135	
3812 COW PIE AVENUE	99705	-147.22229471670136	64.69051163671321	
3756 COW PIE AVENUE	99705	-147.21798418899053	64.69076281068139	
4100 POLAR FOX LOOP	99705	-147.19912734170694	64.6702096044884	
4109 POLAR FOX LOOP	99705	-147.19816806425771	64.66925047617697	
4321 OLD VALDEZ TRAIL	99705	-147.22880519035976	64.676273269498	
4980 EIELSON FARM ROAD	99705	-147.14168387802957	64.66022953102899	
4154 POLAR FOX LOOP	99705	-147.19666483305414	64.67050080313591	
4753 EIELSON FARM ROAD	99705	-147.1475665740602	64.6544966580663	
4174 POLAR FOX LOOP	99705	-147.1978810149401	64.67183762364905	
4125 POLAR FOX LOOP	99705	-147.1953615339952	64.66899047539151	
3383 OLD RICHARDSON HIGHWAY	99705	-147.1870152567562	64.71480803132256	
3150 DAPHNE LANE	99705	-147.3089695668679	64.72433022090259	
5289 EIELSON FARM ROAD	99705	-147.14172153036625	64.64671685809122	
3666 RICHARDSON HIGHWAY	99705	-147.1517375635637	64.70609922636345	
3666 RICHARDSON HIGHWAY	99705	-147.15186940625483	64.70613321371849	
3666 RICHARDSON HIGHWAY	99705	-147.15200130180122	64.70616838749082	
3875 OLD VALDEZ TRAIL	99705	-147.2592384162164	64.6795738342567	
4287 WHITE FOX COURT	99705	-147.22893939152044	64.67840859678275	
4308 WHITE FOX COURT	99705	-147.22804575373786	64.67754794468688	
3130 YARROW WAY	99705	-147.284416832936	64.72690339496285	
4820 STORMDOOR ALICE DRIVE	99705	-147.12992766423426	64.62223273101229	
3386 MONTANA CIRCLE	99705	-147.16004918576022	64.71708935896214	
3422 HARRY B ROAD	99705	-147.29625849207088	64.72459449797853	
4822 GIVE A WAY STREET	99705	-147.1416394557991	64.71123986435516	
3985 COW PIE AVENUE	99705	-147.24307736818565	64.68897880189115	
5024 OLD VALDEZ TRAIL	99705	-147.16043482618346	64.64016576013127	
3995 OLD VALDEZ TRAIL	99705	-147.25129304466614	64.6776050805596	
4600 OLD VALDEZ TRAIL	99705	-147.17028435197898	64.65654454221469	
4277 WHITE FOX COURT	99705	-147.22840575154558	64.67923304589215	
4274 WHITE FOX COURT	99705	-147.2265331135987	64.6791882201133	
4284 WHITE FOX COURT	99705	-147.22758925452482	64.67827148733339	
3175 TIMBERBROOK DRIVE	99705	-147.30694861001703	64.72497809609759	
3535 HOPE STREET	99705	-147.1561711643992	64.70830028619363	
4929 ADONIS AVENUE	99705	-147.13728731253727	64.70501182588647	
3395 HUB ROAD	99705	-147.16988885938002	64.71463215351169	
3395 HUB ROAD	99705	-147.17010243616315	64.7148285551838	
3395 HUB ROAD	99705	-147.17000235907008	64.7150110561473	
3395 HUB ROAD	99705	-147.16961726865475	64.7150912447459	
3120 TIMBERBROOK DRIVE	99705	-147.30762912977673	64.72710459937394	
3396 HUB ROAD	99705	-147.1676079282453	64.7146167324265	
3396 HUB ROAD	99705	-147.16767223768514	64.71426640464682	
3396 HUB ROAD	99705	-147.16752816406685	64.71442976064876	
3750 COW PIE AVENUE	99705	-147.21426342839527	64.69083326426608	
3406 BELLWOOD STREET	99705	-147.16318576055806	64.71373872258339	
3485 OLD RICHARDSON HIGHWAY	99705	-147.1589580128837	64.71056607156355	
5480 OLD VALDEZ TRAIL	99705	-147.12551096350794	64.6199364325946	
3143 VFW STREET	99705	-147.31346224334897	64.72624443791588	
4622 EASTERN STREET	99705	-147.16950768344486	64.71587442909212	
4600 LAUESEN AVENUE	99705	-147.17200941032652	64.71886727924428	
4600 LAUESEN AVENUE	99705	-147.17156806134076	64.71886720963774	
3375 OSAGE STREET	99705	-147.15909847070208	64.7157364762617	
3395 MONTANA CIRCLE	99705	-147.1602877890228	64.71576989431547	
3395 MONTANA CIRCLE	99705	-147.16009352337946	64.71577022861507	
4295 EIELSON FARM ROAD	99705	-147.20654769938986	64.67267689276399	
3125 TREATY STREET	99705	-147.31059531261135	64.72711571140049	
3135 TREATY STREET	99705	-147.31057144926282	64.7268440839051	
4824 DA NEPHEW STREET	99705	-147.15061469726888	64.70728193818191	
4824 DA NEPHEW STREET	99705	-147.1505714602321	64.70724381904998	
4824 DA NEPHEW STREET	99705	-147.1505283140002	64.70720783623693	
4844 DA NIECE STREET	99705	-147.14712557636372	64.70641819165576	
4844 DA NIECE STREET	99705	-147.14707661741585	64.70637584357569	
4844 DA NIECE STREET	99705	-147.14704999905345	64.70633688330108	
4834 DA NIECE STREET	99705	-147.14759660031072	64.70694885201038	
4834 DA NIECE STREET	99705	-147.14753742558364	64.70688806763697	
4834 DA NIECE STREET	99705	-147.14750097069677	64.7068527435759	
4830 DA NIECE STREET	99705	-147.14767679550215	64.70738729355563	
4830 DA NIECE STREET	99705	-147.1476345439346	64.7073330251514	
4830 DA NIECE STREET	99705	-147.14761082823188	64.70729712781548	
4826 DA NIECE STREET	99705	-147.14851339371452	64.70784175649825	
4826 DA NIECE STREET	99705	-147.1484719240261	64.70780599695063	
4826 DA NIECE STREET	99705	-147.14842169997567	64.70777315374835	
4827 CUL DE SAC COURT	99705	-147.14731345855773	64.70815722835677	
4827 CUL DE SAC COURT	99705	-147.14741679552327	64.70808141819016	
4827 CUL DE SAC COURT	99705	-147.14737822001788	64.70811399949912	
4757 MILLS LANE	99705	-147.15585645285884	64.71512287343324	
4757 MILLS LANE	99705	-147.15598635848602	64.7151232845923	
4757 MILLS LANE	99705	-147.15610978769323	64.71512801845452	
3364 EIELSON FARM ROAD	99705	-147.19159975337823	64.70999370142131	
3203 RICHARDSON HIGHWAY	99705	-147.2272098910583	64.71837488143153	
3388 MONTANA CIRCLE	99705	-147.1600368197307	64.71661244410416	
5025 OLD VALDEZ TRAIL	99705	-147.1586620584468	64.63831388373183	
3543 OLD RICHARDSON HIGHWAY	99705	-147.14646374597882	64.70851385659691	
3388 MONTANA CIRCLE	99705	-147.1597281795496	64.716599430906	
3149 TREATY STREET	99705	-147.31053585140705	64.7259315421769	
2332 TANANA RIVER	99705	-147.2705125454337	64.68709327846345	
2035 LARIX DRIVE	99705	-147.3860726607552	64.77653500190144	
2051 LARIX DRIVE	99705	-147.3853093532869	64.77598586761333	
2083 LARIX DRIVE	99705	-147.38563945367787	64.7744863781606	
2578 KALISPELL LOOP	99705	-147.38394403032765	64.77108531745749	
2570 KALISPELL LOOP	99705	-147.38386815948493	64.77027831849131	
2566 KALISPELL LOOP	99705	-147.38217866055146	64.77016038674448	
2571 KALISPELL LOOP	99705	-147.38182409396748	64.7710157574803	
2601 KALISPELL LOOP	99705	-147.38172236293477	64.77192742059259	
2621 KALISPELL LOOP	99705	-147.38028265542937	64.77197957312049	
2275 KEENEY ROAD	99705	-147.41048285009143	64.76541244499073	
2386 PIPER STREET	99705	-147.3983604034383	64.76029573854727	
2173 JARRED DRIVE	99705	-147.43615480585393	64.76989066071208	
1673 VOLLEYBALL COURT	99705	-147.4788649721922	64.77967015144621	
1674 VOLLEYBALL COURT	99705	-147.4787680616297	64.78022079963078	
2005 RENTALS STREET	99705	-147.47724584072066	64.77804732322849	
2006 RICHARDSON HIGHWAY	99705	-147.47695102741685	64.7775233402903	
1998 RICHARDSON HIGHWAY	99705	-147.47823103822105	64.7778720685332	
1986 RICHARDSON HIGHWAY	99705	-147.4791634584939	64.77837142196711	
2620 KALISPELL LOOP	99705	-147.38032760624415	64.77271117163978	
2594 KALISPELL LOOP	99705	-147.38351781404904	64.77239408634945	
2586 KALISPELL LOOP	99705	-147.38399811907107	64.77186564552895	
2397 BURTIS AVENUE	99705	-147.4040682259811	64.7644473219739	
2393 BURTIS AVENUE	99705	-147.404386176823	64.76456386128491	
2426 BURTIS AVENUE	99705	-147.4009795737889	64.76498301823084	
2430 BURTIS AVENUE	99705	-147.40053001464844	64.765099843708	
2350 GRUMMAN STREET	99705	-147.3938512473724	64.76201289614289	
2357 GRUMMAN STREET	99705	-147.3963865032512	64.76166167647625	
2369 PIPER STREET	99705	-147.4002817989559	64.76131388082428	
2387 PIPER STREET	99705	-147.40043448178727	64.760312688658	
2370 OLD RICHARDSON HIGHWAY	99705	-147.3807030640596	64.76262656433002	
2364 OLD RICHARDSON HIGHWAY	99705	-147.38219958131953	64.76275440137744	
2336 OLD RICHARDSON HIGHWAY	99705	-147.3858495883054	64.76341937102418	
2334 OLD RICHARDSON HIGHWAY	99705	-147.38650811971456	64.76339457482568	
2330 OLD RICHARDSON HIGHWAY	99705	-147.38683853928003	64.76357199973448	
2300 OLD RICHARDSON HIGHWAY	99705	-147.3884721943282	64.76439451872685	
2315 OLD RICHARDSON HIGHWAY	99705	-147.38895947339557	64.76300098757328	
2510 RICHARDSON HIGHWAY	99705	-147.39238547231602	64.76721516676642	
2380 RICHARDSON HIGHWAY	99705	-147.39367486796147	64.76711246701593	
2478 CHAMPION AVENUE	99705	-147.39528957961105	64.7626666698105	
2305 ICEBERG COURT	99705	-147.39674734196223	64.76399304571096	
2469 LOOMIS DRIVE	99705	-147.39664130054192	64.76576475901832	
2425 BURTIS AVENUE	99705	-147.40112088525254	64.7646437606005	
2401 BURTIS AVENUE	99705	-147.4034889235498	64.76465767683233	
2432 BURTIS AVENUE	99705	-147.40021696346392	64.76509732921564	
2373 KEENEY ROAD	99705	-147.4146004383856	64.76448606327347	
2295 KEENEY ROAD	99705	-147.41321615464418	64.76518994361926	
2336 KEENEY ROAD	99705	-147.41114396051202	64.76252241242186	
2438 BURTIS AVENUE	99705	-147.3999172883518	64.76502093457297	
2441 LOOMIS DRIVE	99705	-147.3992124329115	64.76530497394694	
2437 LOOMIS DRIVE	99705	-147.39956914376518	64.76547349482207	
2435 LOOMIS DRIVE	99705	-147.39995670999892	64.76548077698614	
2431 LOOMIS DRIVE	99705	-147.40027448241892	64.76547022720173	
2413 LOOMIS DRIVE	99705	-147.40209775669365	64.76533992408741	
2407 LOOMIS DRIVE	99705	-147.40283451926476	64.76541889865933	
2403 LOOMIS DRIVE	99705	-147.40307813971404	64.76542037394833	
2382 LOOMIS DRIVE	99705	-147.40540634355375	64.76580543497937	
2406 LOOMIS DRIVE	99705	-147.40301015925414	64.765805717938	
2414 LOOMIS DRIVE	99705	-147.4021583310531	64.7658165163504	
2418 LOOMIS DRIVE	99705	-147.40175717890168	64.76580628634642	
2450 LOOMIS DRIVE	99705	-147.39862636149613	64.76583500021614	
2276 KEENEY ROAD	99705	-147.40919479048833	64.76557536186274	
2282 KEENEY ROAD	99705	-147.40924837670772	64.76516328859636	
2288 KEENEY ROAD	99705	-147.40933653030726	64.76472092004632	
2376 LOOMIS DRIVE	99705	-147.406125529078	64.76587066746264	
2383 RICHARDSON HIGHWAY	99705	-147.41420941836842	64.76751964346761	
2389 RICHARDSON HIGHWAY	99705	-147.41294732283689	64.76762630316466	
2227 KEENEY ROAD	99705	-147.41137700617568	64.76743921952534	
2222 KEENEY ROAD	99705	-147.41047757389535	64.76760800209229	
2283 KEENEY ROAD	99705	-147.41059350490477	64.76479060323287	
2379 KEENEY ROAD	99705	-147.4157710767833	64.76328639512336	
2371 KEENEY ROAD	99705	-147.41467192637836	64.76332100397752	
2361 KEENEY ROAD	99705	-147.41364364455362	64.7631716225627	
2091 EDWARD DRIVE	99705	-147.43463622755166	64.76842546778445	
2104 EDWARD DRIVE	99705	-147.43319462376056	64.76936196568944	
2112 EDWARD DRIVE	99705	-147.43186801173024	64.76958891501853	
2289 RICHARDSON HIGHWAY	99705	-147.43160835504432	64.77026539234318	
2141 EDWARD DRIVE	99705	-147.42949885467758	64.76844586622747	
2131 EDWARD DRIVE	99705	-147.43017379361493	64.76865776593642	
2159 JARRED DRIVE	99705	-147.43603314758425	64.77086980867927	
2203 RICHARDSON HIGHWAY	99705	-147.44000292411096	64.77121437522554	
2144 JAMES STREET	99705	-147.44120702886875	64.7710739566382	
2164 JAMES STREET	99705	-147.4409497677593	64.77021384138945	
2172 JAMES STREET	99705	-147.4410698458454	64.76981774202235	
2454 BOULDER AVENUE	99705	-147.39818666876755	64.77805700048675	
2548 BOULDER AVENUE	99705	-147.38812890997107	64.7778041012107	
2319 SKY RANCH STREET	99705	-147.38892184689374	64.76137192006419	
2185 JARRED DRIVE	99705	-147.4360089508089	64.76924632165266	
2315 HOLLAND AVIATION STREET	99705	-147.3938821619183	64.76341016659117	
2443 LOOMIS DRIVE	99705	-147.3995143609936	64.76502236829708	
2301 OLD RICHARDSON HIGHWAY	99705	-147.38968986717572	64.76160974729729	
2325 OLD RICHARDSON HIGHWAY	99705	-147.38342587784138	64.76163064695301	
2325 SKY RANCH STREET	99705	-147.38997138787752	64.75819424565199	
2352 OLD RICHARDSON HIGHWAY	99705	-147.38455329152436	64.76283187946932	
2348 OLD RICHARDSON HIGHWAY	99705	-147.3848711351615	64.76299137153018	
2344 OLD RICHARDSON HIGHWAY	99705	-147.38542925236266	64.76292609608977	
2340 OLD RICHARDSON HIGHWAY	99705	-147.38578065158887	64.76318040450536	
2314 OLD RICHARDSON HIGHWAY	99705	-147.3882761121737	64.76425798477071	
2378 GRUMMAN STREET	99705	-147.39422535143305	64.76073240231864	
2368 GRUMMAN STREET	99705	-147.39419805943186	64.7611517922934	
2367 GRUMMAN STREET	99705	-147.39585017635645	64.76114948868504	
2377 GRUMMAN STREET	99705	-147.3961319390655	64.76065435306653	
2397 GRUMMAN STREET	99705	-147.39651879854506	64.75978271413915	
2412 PIPER STREET	99705	-147.3986371449144	64.75932895876056	
2357 PIPER STREET	99705	-147.40020965915528	64.76162489397878	
2415 PIPER STREET	99705	-147.40064456312024	64.75933618997594	
2390 LOOMIS DRIVE	99705	-147.4046622465456	64.76584524159523	
2394 LOOMIS DRIVE	99705	-147.40421760090734	64.76582825771544	
2398 LOOMIS DRIVE	99705	-147.40387960156238	64.76587695750828	
2402 LOOMIS DRIVE	99705	-147.40350457194836	64.7658781200494	
2430 LOOMIS DRIVE	99705	-147.40059662351277	64.76583782350043	
2432 LOOMIS DRIVE	99705	-147.40022475580827	64.7658246176817	
2436 LOOMIS DRIVE	99705	-147.3998676111583	64.76587254600348	
2458 LOOMIS DRIVE	99705	-147.3978751836852	64.7658986190757	
2460 LOOMIS DRIVE	99705	-147.39752995043239	64.76598732874598	
2250 OLD RICHARDSON HIGHWAY	99705	-147.40229721170329	64.76661781505393	
2260 OLD RICHARDSON HIGHWAY	99705	-147.40018854402226	64.76650989056742	
2372 LOOMIS DRIVE	99705	-147.4078808977064	64.76584059185215	
2375 LOOMIS DRIVE	99705	-147.4067329405558	64.76523088385267	
2462 CHAMPION AVENUE	99705	-147.3969355651465	64.76263762091328	
2297 HOLLAND AVIATION STREET	99705	-147.39452107311104	64.76441750374565	
2285 HOLLAND AVIATION STREET	99705	-147.3938956909272	64.76503932195712	
2230 MAROTTA LANE	99705	-147.39530379479106	64.76470990148715	
2415 BURTIS AVENUE	99705	-147.4018896966443	64.76459571874301	
2411 BURTIS AVENUE	99705	-147.4022676218968	64.7646154296946	
2282 EVANS STREET	99705	-147.40123017971112	64.76511085902291	
2310 OLD RICHARDSON HIGHWAY	99705	-147.3884132685482	64.76435813311146	
2486 CHAMPION AVENUE	99705	-147.3938800465334	64.76283379326182	
2333 HOLLAND AVIATION STREET	99705	-147.39377549749796	64.76294491947226	
2307 HOLLAND AVIATION STREET	99705	-147.39391727583956	64.76393256335612	
2457 LOOMIS DRIVE	99705	-147.39830971013168	64.76541051262178	
2427 LOOMIS DRIVE	99705	-147.40059028992894	64.7654676813431	
2161 BUNGE STREET	99705	-147.43881330051437	64.77052837665534	
2348 KEENEY ROAD	99705	-147.4119473023351	64.76276362026788	
2358 KEENEY ROAD	99705	-147.4129329663928	64.76277791766033	
2376 KEENEY ROAD	99705	-147.4156804473326	64.762623986215	
2409 KEENEY ROAD	99705	-147.41809739938054	64.76385567216582	
2376 RICHARDSON HIGHWAY	99705	-147.4095861430684	64.76990745175536	
2390 RICHARDSON HIGHWAY	99705	-147.410652712185	64.7695076273059	
2348 RICHARDSON HIGHWAY	99705	-147.4243540416688	64.7713152179124	
2124 EDWARD DRIVE	99705	-147.43068609123523	64.76948067581915	
2136 EDWARD DRIVE	99705	-147.4294645701768	64.76919652741354	
2313 RICHARDSON HIGHWAY	99705	-147.429159615721	64.76979795100104	
2079 KELLY STREET	99705	-147.42799794500272	64.76972003029258	
2151 BUNGE STREET	99705	-147.43827608807956	64.7711192958608	
2215 RICHARDSON HIGHWAY	99705	-147.4391789749823	64.77112295272703	
2175 BUNGE STREET	99705	-147.43938237715028	64.76973254632786	
2375 RICHARDSON HIGHWAY	99705	-147.41467592048303	64.76715136850068	
2365 RICHARDSON HIGHWAY	99705	-147.41732813428152	64.76761279159163	
2232 KEENEY ROAD	99705	-147.41036026408892	64.76713007279014	
2246 KEENEY ROAD	99705	-147.4103801884205	64.76648205907908	
2249 KEENEY ROAD	99705	-147.41198117345223	64.7662667754839	
2259 KEENEY ROAD	99705	-147.41131305063485	64.76576081292434	
2291 KEENEY ROAD	99705	-147.41198675626322	64.76489213893927	
2308 KEENEY ROAD	99705	-147.41050464350485	64.76394951540055	
2471 LIONS ROAD	99705	-147.39509150011122	64.7839252156357	
2473 LIONS ROAD	99705	-147.39503570061012	64.78376450410556	
2162 SAND LOT COURT	99705	-147.42081507901463	64.7683698648889	
2475 LIONS ROAD	99705	-147.39508526888812	64.78359706468204	
2477 LIONS ROAD	99705	-147.39510170251296	64.78342620248269	
1864 WILLEDA STREET	99705	-147.3925623030002	64.78271802023148	
2273 KEENEY ROAD	99705	-147.41070376915695	64.76526032266503	
2395 LOOMIS DRIVE	99705	-147.4040543463891	64.76535353142437	
2392 BURTIS AVENUE	99705	-147.40476622227365	64.76494055474541	
2598 NORTH GOLDENROD CIRCLE	99705	-147.3837097175182	64.7760566112185	
1971 WILLEDA STREET	99705	-147.39374053467736	64.7789650891388	
2400 GRUMMAN STREET	99705	-147.3944471000909	64.75974143388522	
2600 ROSEANNE COURT	99705	-147.38403619557357	64.75036427201256	
2610 ROSEANNE COURT	99705	-147.38347766132728	64.75078322785083	
2616 ROSEANNE COURT	99705	-147.3832812847719	64.75123435835562	
2160 JARRED DRIVE	99705	-147.4345493213915	64.7707332227103	
2626 ROSEANNE COURT	99705	-147.38252011196124	64.75130398793517	
2601 ROSEANNE COURT	99705	-147.38356142350338	64.75009949083355	
2605 ROSEANNE COURT	99705	-147.38242559763663	64.75014699625576	
2216 KEENEY ROAD	99705	-147.40929276870907	64.7673924573676	
2239 KELLY STREET	99705	-147.4275233945281	64.76546583922624	
2183 BUNGE STREET	99705	-147.43905789277125	64.76933645674201	
2123 SAND LOT COURT	99705	-147.42597050042602	64.76863105535251	
1943 WILLEDA STREET	99705	-147.39387031144264	64.7810242839246	
2279 RICHARDSON HIGHWAY	99705	-147.43292150598663	64.77042417328484	
2623 ROSEANNE COURT	99705	-147.38118808052107	64.7507369058302	
2590 STONECREST COURT	99705	-147.38261784991192	64.77908213201044	
2584 STONECREST COURT	99705	-147.38390840109795	64.77909324222084	
1956 LARIX DRIVE	99705	-147.38404359431286	64.7796881841146	
2559 BOULDER AVENUE	99705	-147.38671938738332	64.77709914999541	
2603 BOULDER AVENUE	99705	-147.38195866813757	64.7772166478889	
2597 BOULDER AVENUE	99705	-147.38284472188138	64.77724620463144	
2012 LARIX DRIVE	99705	-147.3840095434583	64.77722171107604	
2588 BOULDER AVENUE	99705	-147.38394071656404	64.7777505636595	
2465 BOULDER AVENUE	99705	-147.39700867348506	64.77757090441231	
2624 TOPAZ AVENUE	99705	-147.38019950309052	64.78155575197744	
2600 TOPAZ AVENUE	99705	-147.3822944899345	64.7815677037909	
2586 TOPAZ AVENUE	99705	-147.38410243067835	64.78177323772081	
2584 TOPAZ AVENUE	99705	-147.3842033678125	64.78176593350177	
2464 BOULDER AVENUE	99705	-147.3972052456213	64.77808642205024	
2520 BOULDER AVENUE	99705	-147.39126236421922	64.77782681224546	
2532 BOULDER AVENUE	99705	-147.3900947860266	64.77786861384321	
2560 BOULDER AVENUE	99705	-147.3870230283088	64.7779432287274	
1976 MARLETTE COURT	99705	-147.38661991460955	64.77887777853945	
1965 MARLETTE COURT	99705	-147.38762573319536	64.77911270134706	
1975 MARLETTE COURT	99705	-147.38859141004252	64.77894531948472	
1985 MARLETTE COURT	99705	-147.3882361376177	64.77837312472356	
1982 WILLEDA STREET	99705	-147.39238154146787	64.77872432745491	
1948 WILLEDA STREET	99705	-147.3924790730188	64.78022609002585	
1944 WALLACE COURT	99705	-147.38764125684625	64.77988287169066	
1942 WALLACE COURT	99705	-147.3878596195195	64.78031538020171	
2549 DILLON AVENUE	99705	-147.38762515395757	64.78031468518749	
2565 DILLON AVENUE	99705	-147.38572800776592	64.78010986691051	
1925 KOONZ DRIVE	99705	-147.39102397875257	64.78110609508693	
1909 KOONZ DRIVE	99705	-147.39105105255314	64.78200971886734	
1908 KOONZ DRIVE	99705	-147.38932897412693	64.78214339918347	
1893 KOONZ DRIVE	99705	-147.392208210501	64.78199815758649	
1890 KOONZ DRIVE	99705	-147.39204704722417	64.78282360668153	
2597 TOPAZ AVENUE	99705	-147.382856825751	64.78087341123756	
2607 TOPAZ AVENUE	99705	-147.38177016680712	64.78097297881003	
2619 TOPAZ AVENUE	99705	-147.38058581883286	64.78103122109388	
2596 GARNET DRIVE	99705	-147.38337484960942	64.78250869472828	
2529 LIONS ROAD	99705	-147.38977725421074	64.78366271873784	
2519 LIONS ROAD	99705	-147.39107775377994	64.78358864428829	
2509 LIONS ROAD	99705	-147.39191289011777	64.78375986990328	
2678 BADGER ROAD	99705	-147.38381324789657	64.78386341429962	
2615 BOULDER AVENUE	99705	-147.3804069900798	64.77722278114466	
2596 BOULDER AVENUE	99705	-147.38288483565458	64.77796354250535	
2610 BOULDER AVENUE	99705	-147.38149937219174	64.77779365896622	
2620 BOULDER AVENUE	99705	-147.38062487665994	64.77778060454749	
2587 STONECREST COURT	99705	-147.3839539125168	64.77852728889592	
2580 TOPAZ AVENUE	99705	-147.38511324393573	64.78185341505149	
2576 TOPAZ AVENUE	99705	-147.3858445317001	64.78156614392215	
2591 GARNET DRIVE	99705	-147.3817930436015	64.78198028238334	
2615 GARNET DRIVE	99705	-147.380681145176	64.78217220401088	
2595 STONECREST COURT	99705	-147.38262939458542	64.77851207877409	
2599 STONECREST COURT	99705	-147.38146408663448	64.77853511483086	
2610 STONECREST COURT	99705	-147.38081961438098	64.77894364216719	
2509 BOULDER AVENUE	99705	-147.3924005798778	64.77728138012512	
2474 BOULDER AVENUE	99705	-147.39569566424257	64.77801237740357	
2484 BOULDER AVENUE	99705	-147.39501197277502	64.77829731782305	
2494 BOULDER AVENUE	99705	-147.39373662308768	64.7782384590046	
2508 BOULDER AVENUE	99705	-147.3922779816456	64.77799083563838	
1995 LARIX DRIVE	99705	-147.38534423896942	64.77778806548493	
1985 LARIX DRIVE	99705	-147.38505384520766	64.77841021617633	
1986 MARLETTE COURT	99705	-147.38704061616917	64.77841395671167	
2527 MILLIE COURT	99705	-147.39029045986067	64.77865532924248	
2515 DILLON AVENUE	99705	-147.39135996016583	64.7802261361078	
1945 WALLACE COURT	99705	-147.38921590156556	64.77963170942522	
2556 DILLON AVENUE	99705	-147.38759331900542	64.78103247436235	
2548 DILLON AVENUE	99705	-147.3882737935459	64.78086473838833	
2534 DILLON AVENUE	99705	-147.38936068816267	64.78087465871198	
2510 DILLON AVENUE	99705	-147.3926194490939	64.78097815554473	
2701 BADGER ROAD	99705	-147.3892564389175	64.78253247521393	
2742 BADGER ROAD	99705	-147.38613491708003	64.78257207067405	
2575 TOPAZ AVENUE	99705	-147.38476075121702	64.78081024526456	
2585 TOPAZ AVENUE	99705	-147.38423160663834	64.78097496752073	
2638 GARNET DRIVE	99705	-147.38045308863792	64.78379757399388	
2616 GARNET DRIVE	99705	-147.38084878527422	64.78287003810206	
2606 GARNET DRIVE	99705	-147.38208030736016	64.78272209239198	
1861 WILLEDA STREET	99705	-147.3944089873563	64.78271871509325	
2488 LIONS ROAD	99705	-147.39444449435717	64.78430222485126	
2481 LIONS ROAD	99705	-147.39381401382226	64.78359921480515	
2050 RICHARDSON HIGHWAY	99705	-147.46773626347795	64.7756560364176	
2161 JAMES STREET	99705	-147.44259202796587	64.77053944718506	
2173 JAMES STREET	99705	-147.44223994904587	64.76984890589692	
1669 LEVEE WAY	99705	-147.47920844888256	64.77663105028795	
2040 RICHARDSON HIGHWAY	99705	-147.4727679965217	64.77634158652728	
2145 RICHARDSON HIGHWAY	99705	-147.44590668564754	64.77187499952161	
2155 RICHARDSON HIGHWAY	99705	-147.44476983924062	64.77091731444892	
2170 JARRED DRIVE	99705	-147.43475097898872	64.77013882621793	
2306 CAMPTON STREET	99705	-147.40519297816755	64.76417785823341	
2308 CAMPTON STREET	99705	-147.4038364972819	64.76409431391008	
2377 RICHARDSON HIGHWAY	99705	-147.41462894761108	64.76685411949883	
1931 WILLEDA STREET	99705	-147.3938301196883	64.78190335678256	
2277 EVANS STREET	99705	-147.4018317647762	64.76531126587648	
2593 SOUTH GOLDENROD CIRCLE	99705	-147.38373090522148	64.77472156800934	
1943 WALLACE COURT	99705	-147.38985829242353	64.77996717064619	
2620 NORTH GOLDENROD CIRCLE	99705	-147.38051599869732	64.77657583129394	
2608 NORTH GOLDENROD CIRCLE	99705	-147.38192520867375	64.77618247052465	
2590 NORTH GOLDENROD CIRCLE	99705	-147.38375149752162	64.77558938225977	
2603 SOUTH GOLDENROD CIRCLE	99705	-147.3839663047957	64.77375896434395	
2609 SOUTH GOLDENROD CIRCLE	99705	-147.38151034277138	64.7734486027763	
2619 SOUTH GOLDENROD CIRCLE	99705	-147.38083992413425	64.77381389441722	
2618 SOUTH GOLDENROD CIRCLE	99705	-147.3804205016098	64.77474883871645	
2601 NORTH GOLDENROD CIRCLE	99705	-147.38173927642646	64.77538103152801	
2619 NORTH GOLDENROD CIRCLE	99705	-147.38048939480274	64.775674317899	
2493 BOULDER AVENUE	99705	-147.3939532515953	64.77724434694365	
2514 MILLIE COURT	99705	-147.3913416254053	64.77916176404597	
2125 RICHARDSON HIGHWAY	99705	-147.44818856575137	64.77205636663527	
2400 PIPER STREET	99705	-147.39808234068033	64.75983426551089	
2360 OLD RICHARDSON HIGHWAY	99705	-147.38314994998007	64.76292726270401	
2356 OLD RICHARDSON HIGHWAY	99705	-147.38385643772304	64.76277416674725	
2318 ICEBERG COURT	99705	-147.3949601794002	64.76340727979316	
2408 BURTIS AVENUE	99705	-147.40298838089967	64.76497984581982	
2424 LOOMIS DRIVE	99705	-147.4012088876133	64.76574441004479	
2293 KEENEY ROAD	99705	-147.41391821852073	64.76449762433651	
2170 BUNGE STREET	99705	-147.43738361523867	64.76998587906293	
2633 ROSEANNE COURT	99705	-147.3807109516667	64.75114872968481	
1930 WILLEDA STREET	99705	-147.39229350382163	64.78165657208834	
2417 LOOMIS DRIVE	99705	-147.40185371179922	64.76542533338166	
2260 KEENEY ROAD	99705	-147.4091304782783	64.76586981656088	
2623 PERIMETER DRIVE	99705	-147.38076771093344	64.75539950398142	
2593 PERIMETER DRIVE	99705	-147.38298999247718	64.75547889865179	
2571 PERIMETER DRIVE	99705	-147.38485455989178	64.75560505939406	
2500 HOLLAND AVIATION STREET	99705	-147.39370592661723	64.7579132182876	
2368 KEENEY ROAD	99705	-147.4148398654992	64.76260809021876	
2305 KEENEY ROAD	99705	-147.41192676412868	64.76394911915745	
2417 GRUMMAN STREET	99705	-147.39534788924104	64.75918091442674	
2180 JARRED DRIVE	99705	-147.43464797737377	64.76949373434753	
2156 BUNGE STREET	99705	-147.4372641474082	64.77086765992969	
2378 PIPER STREET	99705	-147.3982465155708	64.76065596582	
2260 JUDGE STREET	99705	-147.43286905318243	64.76824724620327	
2256 JUDGE STREET	99705	-147.43280845179672	64.76854941649403	
2111 EDWARD DRIVE	99705	-147.43174197761428	64.76885219225139	
2224 JARRED DRIVE	99705	-147.43440604729346	64.76780409948239	
2280 JUDGE STREET	99705	-147.4329067948522	64.76743452991504	
2121 RICHARDSON HIGHWAY	99705	-147.44945857082212	64.77221593507205	
2135 RICHARDSON HIGHWAY	99705	-147.44697537766015	64.7717897827509	
2401 THELMA DRIVE	99705	-147.39496441741494	64.78291038007676	
2212 KELLY STREET	99705	-147.42448930657056	64.76769613406961	
2400 GRUMMAN STREET	99705	-147.39444757221747	64.75968588058795	
2557 KALISPELL LOOP	99705	-147.38094555684518	64.7710934783803	
2424 LOOMIS DRIVE	99705	-147.40136821448937	64.76574290520111	
2112 SAND LOT COURT	99705	-147.42364313742343	64.76903574527864	
2227 MAROTTA LANE	99705	-147.39727659561566	64.76478615935982	
2469 LIONS ROAD	99705	-147.39557805832357	64.7838636694575	
2467 LIONS ROAD	99705	-147.39599543862673	64.78392811192934	
2465 LIONS ROAD	99705	-147.39644996094677	64.78384977237795	
2525 BOULDER AVENUE	99705	-147.39069141597471	64.7772606111691	
2143 JAMES STREET	99705	-147.44253632002514	64.7716842066414	
2382 GRUMMAN STREET	99705	-147.39405264592463	64.76026097692693	
2076 EDWARD DRIVE	99705	-147.43790661100473	64.7690623701712	
1668 VOLLEYBALL COURT	99705	-147.47671086437308	64.779026902667	
2080 RICHARDSON HIGHWAY	99705	-147.45770319554663	64.77407420118347	
2535 DILLON AVENUE	99705	-147.38931577865543	64.78027946167316	
2535 DILLON AVENUE	99705	-147.38961835367672	64.78015793614097	
2535 DILLON AVENUE	99705	-147.38918187967138	64.7801643959531	
2353 CHAMPION AVENUE	99705	-147.40801006396586	64.76226586295964	
2341 CHAMPION AVENUE	99705	-147.4094449585087	64.76227004129059	
2234 KEENEY ROAD	99705	-147.4087690320774	64.76656372567605	
2236 KEENEY ROAD	99705	-147.40699977171644	64.76633742978214	
2426 LOOMIS DRIVE	99705	-147.4008976022668	64.76572598440063	
2529 OLD RICHARDSON HIGHWAY	99705	-147.35867780545985	64.75370004929587	
2498 SCHUTZEN STREET	99705	-147.34012045634347	64.75520571384509	
537 WEST SIXTH AVENUE	99705	-147.36767582937526	64.74992992533457	
2505 SINGA STREET	99705	-147.3385419194529	64.75466405755915	
3065 H & H ROAD	99705	-147.34272402276827	64.72891890827212	
1150 H & H ROAD	99705	-147.34997858647813	64.73518476013687	
2740 OLD RICHARDSON HIGHWAY	99705	-147.36085973538349	64.74391083811413	
2505 HOMESTEAD DRIVE	99705	-147.377224272772	64.75510320267163	
2631 PERIMETER DRIVE	99705	-147.3795960370422	64.75546314378141	
600 EVOLYN DRIVE	99705	-147.33277765444896	64.7455292985616	
601 EVOLYN DRIVE	99705	-147.3337050104589	64.74618979443682	
700 TURNER DRIVE	99705	-147.3310100420548	64.74714618952966	
542 BEAVER BOULEVARD	99705	-147.3370442131768	64.74961458876984	
550 BEAVER BOULEVARD	99705	-147.3376203540617	64.74926665709644	
644 OUIDA WAY	99705	-147.33164949868626	64.74953723510647	
638 OUIDA WAY	99705	-147.33212179523377	64.74968390772577	
626 OUIDA WAY	99705	-147.33284067578404	64.74971327879531	
614 OUIDA WAY	99705	-147.33341591139072	64.74959119956816	
514 OUIDA WAY	99705	-147.33273985556804	64.74850520308634	
606 BLANKET BOULEVARD	99705	-147.33456374953002	64.74942018659614	
558 BLANKET BOULEVARD	99705	-147.33452410477412	64.7497533642345	
534 BLANKET BOULEVARD	99705	-147.33456052837886	64.74993858271282	
705 OUIDA WAY	99705	-147.33108864697272	64.74879880108396	
507 OUIDA WAY	99705	-147.3316009971104	64.74868119156558	
537 BLANKET BOULEVARD	99705	-147.33591397901446	64.75004124388893	
546 OUIDA WAY	99705	-147.33334567932482	64.74902274292977	
534 OUIDA WAY	99705	-147.33338226418294	64.74877884525446	
526 OUIDA WAY	99705	-147.33318025416153	64.74855872325112	
734 BLANKET BOULEVARD	99705	-147.3343941192808	64.74826650409288	
708 BLANKET BOULEVARD	99705	-147.3344649748879	64.74852428656926	
706 OUIDA WAY	99705	-147.33069587261045	64.74916717205001	
656 OUIDA WAY	99705	-147.33115482050613	64.74934010183465	
602 OUIDA WAY	99705	-147.3334540897581	64.74938171563136	
688 BLANKET BOULEVARD	99705	-147.33443311081297	64.74887441310355	
654 BLANKET BOULEVARD	99705	-147.3345336378036	64.74908126660998	
711 OUIDA WAY	99705	-147.33062901929296	64.7486231291425	
535 OUIDA WAY	99705	-147.3325101240919	64.74901826941053	
515 OUIDA WAY	99705	-147.33204737642143	64.74885027570882	
605 BLANKET BOULEVARD	99705	-147.33599909961225	64.74938395688407	
653 BLANKET BOULEVARD	99705	-147.33602275827295	64.74913906861526	
404 KIT BOULEVARD	99705	-147.34012090211857	64.75154310845593	
352 KIT BOULEVARD	99705	-147.33993763090123	64.75181450201049	
336 KIT BOULEVARD	99705	-147.33996212196206	64.7520610043225	
212 CROSS WAY	99705	-147.35489998428207	64.75552906653739	
101 NORTH SANTA CLAUS LANE	99705	-147.3541524513603	64.75494912860816	
261 CROSS WAY	99705	-147.35628303240074	64.75585301589305	
352 CROSS WAY	99705	-147.35847419109498	64.75554467234326	
322 CROSS WAY	99705	-147.35781808024024	64.75557917619228	
244 CROSS WAY	99705	-147.35604696643358	64.7553778094066	
224 CROSS WAY	99705	-147.3551946462548	64.75548774561118	
145 LEWIS STREET	99705	-147.35621174081766	64.7538966732822	
157 LEWIS STREET	99705	-147.35598811866694	64.7535657043022	
145 SOUTH SANTA CLAUS LANE	99705	-147.353945581486	64.75416411334615	
167 SOUTH SANTA CLAUS LANE	99705	-147.3538133963822	64.75389972208411	
190 KEVIN'S WAY	99705	-147.35192703427072	64.75342740186872	
78 EAST FOURTH AVENUE	99705	-147.35188906948127	64.7514153906809	
450 SOUTH SANTA CLAUS LANE	99705	-147.35206015736188	64.75094178579646	
401 SNOWMAN LANE	99705	-147.3514530493191	64.75121268499925	
243 BEAVER BOULEVARD	99705	-147.33867877499782	64.75294964057068	
257 BEAVER BOULEVARD	99705	-147.3385928061256	64.7526166883706	
401 BEAVER BOULEVARD	99705	-147.33867153492446	64.75142539604293	
353 KIT BOULEVARD	99705	-147.34156037139982	64.75179006662813	
525 SNOWMAN LANE	99705	-147.35124120726923	64.75020585854666	
433 KIT BOULEVARD	99705	-147.3415809282671	64.75131478362277	
105 CARY AVENUE	99705	-147.351415595942	64.75549570958556	
109 CARY AVENUE	99705	-147.35099623239563	64.7555211892583	
125 SNOWMAN LANE	99705	-147.35124416782617	64.7549939403767	
268 CROSS WAY	99705	-147.35641825846312	64.7553300110214	
110 LEWIS STREET	99705	-147.35692217465225	64.75493040770712	
113 LEWIS STREET	99705	-147.35684110734238	64.75475576291784	
121 LEWIS STREET	99705	-147.35692624472594	64.75450134561738	
133 LEWIS STREET	99705	-147.35670078596624	64.75424042538336	
130 LEWIS STREET	99705	-147.35516845136513	64.75434576297566	
140 SOUTH SANTA CLAUS LANE	99705	-147.35217180597874	64.75389384386187	
160 SOUTH SANTA CLAUS LANE	99705	-147.35230834850825	64.75383819639369	
2680 BALD EAGLE COURT	99705	-147.3531274645304	64.74755519280342	
3057 H & H ROAD	99705	-147.34272717369123	64.72926118019404	
508 WEST FOURTH AVENUE	99705	-147.36230293876073	64.75144516148814	
528 WEST FOURTH AVENUE	99705	-147.36669863656806	64.75138915036698	
518 WEST FOURTH AVENUE	99705	-147.36396203187223	64.7514459951326	
517 WEST SIXTH AVENUE	99705	-147.3645017930803	64.74982814478423	
527 WEST SIXTH AVENUE	99705	-147.3660792694734	64.74984985166758	
504 WEST SIXTH AVENUE	99705	-147.36272685704574	64.74936382476054	
523 WEST SEVENTH AVENUE	99705	-147.3662967507192	64.74883408345673	
513 WEST SEVENTH AVENUE	99705	-147.3645523092708	64.74878075517888	
503 WEST SEVENTH AVENUE	99705	-147.36283711319413	64.74877773716082	
532 WEST SEVENTH AVENUE	99705	-147.3684686688814	64.7482962830625	
2608 FORD STREET	99705	-147.3613754302163	64.7497593154724	
2638 FORD STREET	99705	-147.3614397193142	64.74912268740071	
659 HOLIDAY ROAD	99705	-147.35967391763506	64.74882159837992	
2690 WAR EAGLE COURT	99705	-147.36381679676197	64.74650800293377	
2664 WAR EAGLE COURT	99705	-147.36384579071756	64.74716486618895	
2658 WAR EAGLE COURT	99705	-147.3638358140639	64.74731954861691	
109 PATRIOT DRIVE	99705	-147.35235900053462	64.74665703354172	
507 WEST SIXTH AVENUE	99705	-147.36286038117242	64.74982767218428	
514 WEST SIXTH AVENUE	99705	-147.36433932718225	64.74936838160922	
524 WEST SIXTH AVENUE	99705	-147.36625694083926	64.74942081352759	
2626 ROSSONS CROSS WAY	99705	-147.36798854881513	64.74930130275179	
533 WEST SEVENTH AVENUE	99705	-147.3681429973801	64.74889377680917	
522 WEST SEVENTH AVENUE	99705	-147.36669886582084	64.74837577693147	
512 WEST SEVENTH AVENUE	99705	-147.36442572042685	64.74835925868446	
502 WEST SEVENTH AVENUE	99705	-147.3623936950568	64.74840099336353	
2578 FORD STREET	99705	-147.36150159021923	64.7503308284388	
133 SOUTH SANTA CLAUS LANE	99705	-147.35400366587015	64.75433061827219	
131 SOUTH SANTA CLAUS LANE	99705	-147.354002617999	64.75439005472958	
2519 OLD RICHARDSON HIGHWAY	99705	-147.36020592274568	64.75430677805824	
457 KIT BOULEVARD	99705	-147.3413408664089	64.75094308334603	
207 YUKON DRIVE	99705	-147.35574251192202	64.75578994350816	
834 MINUTEMAN LOOP	99705	-147.35769027652162	64.7454262344982	
831 MINUTEMAN LOOP	99705	-147.3584416463938	64.74554281841813	
331 EAST EIGHTH AVENUE	99705	-147.34372500426056	64.74837805256355	
2533 OLD RICHARDSON HIGHWAY	99705	-147.3587131410583	64.75338201074672	
2700 BALD EAGLE COURT	99705	-147.35262860277757	64.74717907929688	
2690 BALD EAGLE COURT	99705	-147.35257737618608	64.7475794356701	
2655 BALD EAGLE COURT	99705	-147.35444033621465	64.74774834369407	
2665 BALD EAGLE COURT	99705	-147.3543492587134	64.74743570908038	
2675 BALD EAGLE COURT	99705	-147.3536492172404	64.74728199131381	
2685 BALD EAGLE COURT	99705	-147.35335493643862	64.74699613072555	
601 NPHS BOULEVARD	99705	-147.36842374937564	64.74679917975851	
629 EAST EIGHTH AVENUE	99705	-147.33243136461866	64.74822418532506	
627 EAST EIGHTH AVENUE	99705	-147.33307434464058	64.74821971020668	
613 EAST EIGHTH AVENUE	99705	-147.33360555728032	64.74822541489632	
701 EAST EIGHTH AVENUE	99705	-147.33139756003038	64.74830431412114	
353 EAST EIGHTH AVENUE	99705	-147.3419775147956	64.74847927849036	
401 EAST EIGHTH AVENUE	99705	-147.340745458045	64.74836789640331	
593 EAST EIGHTH AVENUE	99705	-147.33653627822505	64.74821386900861	
583 EAST EIGHTH AVENUE	99705	-147.3366430587863	64.74821612569994	
571 EAST EIGHTH AVENUE	99705	-147.3368220622664	64.74821751143746	
567 EAST EIGHTH AVENUE	99705	-147.33693704438397	64.74821757570125	
555 EAST EIGHTH AVENUE	99705	-147.33707867444085	64.74822108438802	
543 EAST EIGHTH AVENUE	99705	-147.3372584968597	64.74822424763522	
531 EAST EIGHTH AVENUE	99705	-147.33752286109558	64.74822486273385	
525 EAST EIGHTH AVENUE	99705	-147.33765558037314	64.7482227154669	
515 EAST EIGHTH AVENUE	99705	-147.33780270254718	64.74822412203348	
501 EAST EIGHTH AVENUE	99705	-147.33794409612054	64.74822284548628	
485 EAST EIGHTH AVENUE	99705	-147.33808548972337	64.74822156970112	
471 EAST EIGHTH AVENUE	99705	-147.3382217196329	64.7482251251278	
300 EAST EIGHTH AVENUE	99705	-147.3429797779884	64.74705796419445	
463 EAST EIGHTH AVENUE	99705	-147.33837927258008	64.74821891669194	
451 EAST EIGHTH AVENUE	99705	-147.33851029026314	64.74821872106382	
107 EAST EIGHTH AVENUE	99705	-147.35007002817846	64.74817181246914	
250 SNOWMAN LANE	99705	-147.35014728585617	64.75201344484049	
115 EAST EIGHTH AVENUE	99705	-147.34972364260008	64.74820556103535	
123 EAST EIGHTH AVENUE	99705	-147.34932817185864	64.74817247179638	
131 EAST EIGHTH AVENUE	99705	-147.348960445856	64.74820892042436	
139 EAST EIGHTH AVENUE	99705	-147.34859282320937	64.74817654397721	
147 EAST EIGHTH AVENUE	99705	-147.34822500751662	64.7482113389498	
155 EAST EIGHTH AVENUE	99705	-147.34775660014242	64.74819873493387	
207 EAST EIGHTH AVENUE	99705	-147.34751053080822	64.7481443426943	
215 EAST EIGHTH AVENUE	99705	-147.34702152190445	64.74818154671543	
685 MANLEY STREET	99705	-147.3577460368257	64.74894082549312	
602 MANLEY STREET	99705	-147.3570028062946	64.74928744326007	
603 MANLEY STREET	99705	-147.35776452664552	64.74935324115029	
253 EAST EIGHTH AVENUE	99705	-147.34496392745544	64.74816098585536	
262 WEST SIXTH AVENUE	99705	-147.35598676728424	64.74947120596865	
2700 BALD EAGLE COURT	99705	-147.35238733056497	64.74722961836515	
2700 BALD EAGLE COURT	99705	-147.35223557674297	64.74726233700429	
2643 ROSEANNE COURT	99705	-147.37935149746528	64.75125070152244	
2501 OUTSIDE BOULEVARD	99705	-147.33177646613535	64.75426191823156	
2519 OUTSIDE BOULEVARD	99705	-147.3305502187223	64.75413195689093	
2545 MISSION ROAD	99705	-147.33060661435547	64.75291032697376	
2487 SINGA STREET	99705	-147.33864891984274	64.75582113180343	
71 SAINT NICHOLAS DRIVE	99705	-147.3462092810686	64.75536138249251	
101 SAINT NICHOLAS DRIVE	99705	-147.34300981904067	64.75477309636668	
135 SAINT NICHOLAS DRIVE	99705	-147.3396484064816	64.75328990266989	
2493 SINGA STREET	99705	-147.3386193440636	64.7555472552541	
204 CROSS WAY	99705	-147.35444725975023	64.75547913083619	
503 NORTH EVOLYN DRIVE	99705	-147.33695415903247	64.74653212018504	
523 NORTH EVOLYN DRIVE	99705	-147.33585382577562	64.74665014546565	
1006 CHRIS TURNAROUND	99705	-147.332779639728	64.74494861228463	
1005 CHRIS TURNAROUND	99705	-147.3341591610228	64.74475022099357	
381 SOUTH SANTA CLAUS LANE	99705	-147.35357726659169	64.75194190316404	
503 DAVIS BOULEVARD	99705	-147.34674125366212	64.75041035137477	
390 SOUTH SANTA CLAUS LANE	99705	-147.35216850949743	64.75184867915276	
400 SOUTH SANTA CLAUS LANE	99705	-147.35228312497244	64.75136145891301	
135 EAST SIXTH AVENUE	99705	-147.3486479296174	64.74980247104219	
205 EAST SEVENTH AVENUE	99705	-147.34748725727792	64.74890632318747	
122 EAST SEVENTH AVENUE	99705	-147.34940997564155	64.7485345734909	
130 EAST SEVENTH AVENUE	99705	-147.34900709438367	64.74855423610566	
138 EAST SEVENTH AVENUE	99705	-147.34852390509698	64.74855246444505	
146 EAST SEVENTH AVENUE	99705	-147.34819377816768	64.74855321599243	
111 EAST SIXTH AVENUE	99705	-147.34971273483413	64.74978352541673	
227 EAST SIXTH AVENUE	99705	-147.34593058408393	64.7497655630218	
235 EAST SIXTH AVENUE	99705	-147.34552889228877	64.74976731780811	
243 EAST SIXTH AVENUE	99705	-147.34518971559515	64.7497466514037	
253 EAST SEVENTH AVENUE	99705	-147.34478161825083	64.74900023618618	
245 EAST SEVENTH AVENUE	99705	-147.34510616707394	64.74898981276075	
237 EAST SEVENTH AVENUE	99705	-147.3454390730735	64.74894621337585	
601 SNOWMAN LANE	99705	-147.3512504309916	64.74927186554171	
694 SNOWMAN LANE	99705	-147.35027697533627	64.74895767707739	
104 EAST SIXTH AVENUE	99705	-147.35011416669914	64.74938861448382	
144 EAST SIXTH AVENUE	99705	-147.3481852215199	64.74944328063002	
152 EAST SIXTH AVENUE	99705	-147.3478021335867	64.74937162789098	
204 EAST SIXTH AVENUE	99705	-147.34744872744307	64.74945364307604	
212 EAST SIXTH AVENUE	99705	-147.34706681352975	64.74930601470068	
129 EAST SEVENTH AVENUE	99705	-147.34908768897924	64.74894248882332	
137 EAST SEVENTH AVENUE	99705	-147.3487137480668	64.74902884614217	
145 EAST SEVENTH AVENUE	99705	-147.34824251946847	64.74897965095829	
153 EAST SEVENTH AVENUE	99705	-147.34789656605867	64.7489116552094	
329 WEST SIXTH AVENUE	99705	-147.35864450123722	64.7497796816582	
309 WEST SIXTH AVENUE	99705	-147.35778608040428	64.74976127192764	
285 WEST SIXTH AVENUE	99705	-147.3570045232945	64.74976082374955	
793 DAVIS BOULEVARD	99705	-147.34664665905532	64.74820056173708	
286 WEST SEVENTH AVENUE	99705	-147.35665765943187	64.74838278589272	
292 WEST SEVENTH AVENUE	99705	-147.35702086380203	64.7483990969549	
304 WEST SEVENTH AVENUE	99705	-147.35776774871584	64.74838673170017	
327 WEST SEVENTH AVENUE	99705	-147.35858752214654	64.74875889651146	
315 WEST SEVENTH AVENUE	99705	-147.35811042779838	64.7489701890153	
684 MANLEY STREET	99705	-147.35709670824897	64.74887914003757	
247 WEST SEVENTH AVENUE	99705	-147.35475676005223	64.74886720638165	
2643 OLD RICHARDSON HIGHWAY	99705	-147.35396163703797	64.74940869246124	
2555 OLD RICHARDSON HIGHWAY	99705	-147.35747830629072	64.7524325270481	
2561 OLD RICHARDSON HIGHWAY	99705	-147.3572867710339	64.75226063323608	
611 HOLIDAY ROAD	99705	-147.35973472567707	64.7491906437751	
621 HOLIDAY ROAD	99705	-147.35975944140367	64.74899061850812	
2793 PERIMETER DRIVE	99705	-147.361453983436	64.75538028682966	
231 EAST SEVENTH AVENUE	99705	-147.34593598062241	64.74906216916655	
230 EAST SEVENTH AVENUE	99705	-147.34580126978057	64.74858399734318	
238 EAST SEVENTH AVENUE	99705	-147.34541835545045	64.74850498355876	
246 EAST SEVENTH AVENUE	99705	-147.34498503285243	64.7485148959944	
112 EAST SIXTH AVENUE	99705	-147.34972432330517	64.74930918487031	
120 EAST SIXTH AVENUE	99705	-147.34943917661366	64.74939166647822	
128 EAST SIXTH AVENUE	99705	-147.34903210268286	64.74925505905979	
593 DAVIS BOULEVARD	99705	-147.3465605985208	64.74998785314094	
211 EAST SIXTH AVENUE	99705	-147.34708504363294	64.7498295750957	
203 EAST SIXTH AVENUE	99705	-147.34736144717104	64.74979755432359	
151 EAST SIXTH AVENUE	99705	-147.34780833724267	64.74977588139352	
143 EAST SIXTH AVENUE	99705	-147.3482914686865	64.74979772011463	
103 EAST SIXTH AVENUE	99705	-147.3502162046707	64.74974874972382	
236 EAST SIXTH AVENUE	99705	-147.345594700965	64.74937478430036	
244 EAST SIXTH AVENUE	99705	-147.34499255680618	64.74938059311081	
252 EAST SIXTH AVENUE	99705	-147.3448175195011	64.74939273338303	
260 EAST SIXTH AVENUE	99705	-147.3442776704076	64.74938565403275	
344 WEST SEVENTH AVENUE	99705	-147.3589547244536	64.74837775191872	
632 HOLIDAY ROAD	99705	-147.35897515922125	64.74876040933785	
283 WEST SEVENTH AVENUE	99705	-147.35662558566452	64.74880694736943	
273 WEST SEVENTH AVENUE	99705	-147.3562502686618	64.7487571701505	
267 WEST SEVENTH AVENUE	99705	-147.35586034409243	64.74882530642586	
105 EAST SEVENTH AVENUE	99705	-147.35017886818622	64.74887570864463	
113 EAST SEVENTH AVENUE	99705	-147.34984450387037	64.7489265876528	
121 EAST SEVENTH AVENUE	99705	-147.34940394835422	64.74889120745775	
213 EAST SEVENTH AVENUE	99705	-147.34707953790493	64.7488950657538	
221 EAST SEVENTH AVENUE	99705	-147.3466932956307	64.7489592118765	
106 EAST SEVENTH AVENUE	99705	-147.35014613283013	64.74851043577156	
114 EAST SEVENTH AVENUE	99705	-147.34977998164922	64.74854711161937	
154 EAST SEVENTH AVENUE	99705	-147.34775419224636	64.74854842826927	
206 EAST SEVENTH AVENUE	99705	-147.34737809527408	64.7485869578273	
214 EAST SEVENTH AVENUE	99705	-147.34702235981402	64.74860788057002	
196 WEST SEVENTH AVENUE	99705	-147.3537549058526	64.74830328267373	
264 WEST SEVENTH AVENUE	99705	-147.3557619765211	64.74835679773601	
326 WEST SEVENTH AVENUE	99705	-147.35859750037125	64.74838797845298	
326 WEST SIXTH AVENUE	99705	-147.35848105289833	64.74944280241158	
606 HOLIDAY ROAD	99705	-147.35900664380407	64.74937262202707	
594 HOLIDAY ROAD	99705	-147.35897394439934	64.74979549259234	
275 WEST SIXTH AVENUE	99705	-147.35669764579455	64.74996713635076	
265 WEST SIXTH AVENUE	99705	-147.3558439399366	64.74988663260946	
326 WEST FOURTH AVENUE	99705	-147.35863276730214	64.7515452246192	
531 HOLIDAY ROAD	99705	-147.35965897330254	64.74978248086893	
601 HOLIDAY ROAD	99705	-147.35973910650975	64.74941742504448	
2777 PERIMETER DRIVE	99705	-147.36383293719527	64.75550260493894	
2773 PERIMETER DRIVE	99705	-147.36432248477564	64.75558286846702	
2759 PERIMETER DRIVE	99705	-147.36558801523438	64.75555816606054	
2725 PERIMETER DRIVE	99705	-147.36960352674885	64.75570713729694	
2717 PERIMETER DRIVE	99705	-147.37012507132502	64.7556281809486	
2709 PERIMETER DRIVE	99705	-147.37098773449014	64.75561621248048	
2701 PERIMETER DRIVE	99705	-147.37173325789155	64.75570810780216	
2753 PERIMETER DRIVE	99705	-147.3664427493494	64.75529822603207	
2747 PERIMETER DRIVE	99705	-147.3667194498674	64.75531896615334	
2741 PERIMETER DRIVE	99705	-147.3676691898246	64.7554201735741	
2733 PERIMETER DRIVE	99705	-147.36820691249906	64.75564072786462	
2729 PERIMETER DRIVE	99705	-147.36873989237887	64.75555725219637	
831 REFINERY LOOP	99705	-147.35383760544687	64.74607256922076	
841 REFINERY LOOP	99705	-147.35407025074235	64.74585692382955	
851 REFINERY LOOP	99705	-147.35380702744658	64.74568730891261	
920 NORDIC STREET	99705	-147.35463664823718	64.74498796446153	
910 NORDIC STREET	99705	-147.35432017350786	64.7451217094008	
860 REFINERY LOOP	99705	-147.35310678856766	64.7454909593367	
870 REFINERY LOOP	99705	-147.3529947203399	64.74530130272943	
880 REFINERY LOOP	99705	-147.3527743974701	64.7450937386923	
930 REFINERY LOOP	99705	-147.3546142791121	64.74458051948442	
1040 REFINERY LOOP	99705	-147.35690556682167	64.74568403717366	
1050 REFINERY LOOP	99705	-147.35687934438977	64.74591615961396	
1060 REFINERY LOOP	99705	-147.3569163888755	64.74606767457084	
900 NORDIC STREET	99705	-147.35466673660673	64.74535555074671	
994 MARQUETTE LOOP	99705	-147.3630712720998	64.74601766881663	
974 MARQUETTE LOOP	99705	-147.36301916251793	64.74573986435907	
924 MARQUETTE LOOP	99705	-147.36298850362456	64.7447102941431	
914 MARQUETTE LOOP	99705	-147.36262419133357	64.744626666877	
904 MARQUETTE LOOP	99705	-147.36213267220472	64.74458667286828	
860 NORDIC STREET	99705	-147.3546547782453	64.74550139047412	
850 NORDIC STREET	99705	-147.35461992132502	64.74568460681617	
841 NORDIC STREET	99705	-147.35536807662018	64.74588511760479	
851 NORDIC STREET	99705	-147.35535900926922	64.74570424140876	
861 NORDIC STREET	99705	-147.35534429257115	64.74552148876295	
901 NORDIC STREET	99705	-147.35534784156354	64.7453151037688	
1061 REFINERY LOOP	99705	-147.3562138719929	64.74604505567008	
1051 REFINERY LOOP	99705	-147.3561865484706	64.7458880621715	
1031 REFINERY LOOP	99705	-147.3562033218518	64.74550817031815	
892 MINUTEMAN LOOP	99705	-147.35862308748392	64.74458890232897	
882 MINUTEMAN LOOP	99705	-147.35816725435188	64.74462914139944	
862 MINUTEMAN LOOP	99705	-147.357730121225	64.74492763049835	
902 MINUTEMAN LOOP	99705	-147.35913603792318	64.74452819530117	
411 PATRIOT DRIVE	99705	-147.36370831070005	64.74606520934277	
831 SHELLINGER STREET	99705	-147.36462079115836	64.7460866098053	
911 SHELLINGER STREET	99705	-147.36453154333475	64.74510119802339	
921 SHELLINGER STREET	99705	-147.36452199306657	64.74491191330766	
940 SHELLINGER STREET	99705	-147.3638504932376	64.74453821034079	
840 SHELLINGER STREET	99705	-147.36386750285666	64.74591869714513	
894 MARQUETTE LOOP	99705	-147.36159924088798	64.74453436402356	
844 MARQUETTE LOOP	99705	-147.3608313856312	64.74533872166057	
834 MARQUETTE LOOP	99705	-147.36081041034365	64.74548373331746	
824 MARQUETTE LOOP	99705	-147.3608044763874	64.74573161467598	
855 MARQUETTE LOOP	99705	-147.361504612846	64.74518175592937	
865 MARQUETTE LOOP	99705	-147.3616226492349	64.74497781464363	
945 MARQUETTE LOOP	99705	-147.36228045555612	64.74518799467792	
853 BLANKET BOULEVARD	99705	-147.33420612864765	64.74676180984886	
903 BLANKET BOULEVARD	99705	-147.33336585858672	64.74641596534056	
981 BLANKET BOULEVARD	99705	-147.33209567981524	64.74525357471107	
1001 BLANKET BOULEVARD	99705	-147.33142724006248	64.74466053191978	
900 BLANKET BOULEVARD	99705	-147.33277945975055	64.74696610195504	
810 REFINERY LOOP	99705	-147.35298827562744	64.74663752112701	
911 NORDIC STREET	99705	-147.35534927159273	64.74513342102479	
921 NORDIC STREET	99705	-147.35537160100768	64.74496320725896	
1001 REFINERY LOOP	99705	-147.3561708174733	64.74504847005257	
1021 REFINERY LOOP	99705	-147.35617429081623	64.74532866371557	
802 MINUTEMAN LOOP	99705	-147.35773333964698	64.74604437424915	
820 REFINERY LOOP	99705	-147.35302452475548	64.7462567363194	
840 REFINERY LOOP	99705	-147.35312598617455	64.74586549616859	
890 REFINERY LOOP	99705	-147.35312580418056	64.74494480185217	
900 REFINERY LOOP	99705	-147.3532629824722	64.74474297634546	
910 REFINERY LOOP	99705	-147.353212047651	64.74447143252969	
920 REFINERY LOOP	99705	-147.35381725881342	64.7445106019048	
1000 REFINERY LOOP	99705	-147.35691168039693	64.74491305049803	
1020 REFINERY LOOP	99705	-147.3569052964218	64.74530607758533	
1030 REFINERY LOOP	99705	-147.35708927555888	64.74549661917396	
861 REFINERY LOOP	99705	-147.35380582585256	64.74549757279911	
891 REFINERY LOOP	99705	-147.35384061586805	64.74507873365411	
871 REFINERY LOOP	99705	-147.35381094929548	64.7453327453239	
840 NORDIC STREET	99705	-147.35462759478696	64.74588846049824	
830 NORDIC STREET	99705	-147.35462144665183	64.74610164930814	
820 NORDIC STREET	99705	-147.35443739010736	64.74630276302469	
831 NORDIC STREET	99705	-147.3553956082541	64.74604636025445	
822 MINUTEMAN LOOP	99705	-147.3576265368296	64.7457494229305	
249 PATRIOT DRIVE	99705	-147.3586943163489	64.74608744630626	
269 PATRIOT DRIVE	99705	-147.35914232984334	64.74609427646803	
813 MINUTEMAN LOOP	99705	-147.3585602779683	64.7457862709403	
843 MINUTEMAN LOOP	99705	-147.35842509522823	64.74531411013572	
841 SHELLINGER STREET	99705	-147.36455632628943	64.74589194213812	
851 SHELLINGER STREET	99705	-147.36458653137657	64.74574433719589	
861 SHELLINGER STREET	99705	-147.36455875038843	64.74551180731689	
901 SHELLINGER STREET	99705	-147.3645269279763	64.74533402604773	
930 SHELLINGER STREET	99705	-147.36388803666122	64.74473771960396	
920 SHELLINGER STREET	99705	-147.36386941246386	64.74496349791822	
910 SHELLINGER STREET	99705	-147.36387611627674	64.74517844639072	
900 SHELLINGER STREET	99705	-147.3638982533459	64.7453383889569	
850 SHELLINGER STREET	99705	-147.36386679677653	64.74567064955286	
964 MARQUETTE LOOP	99705	-147.3629898083564	64.74547225287637	
954 MARQUETTE LOOP	99705	-147.36302722551847	64.7453265190668	
955 MARQUETTE LOOP	99705	-147.36228151471454	64.74529721663299	
912 MINUTEMAN LOOP	99705	-147.35953829171575	64.74468909739588	
965 MARQUETTE LOOP	99705	-147.3623135909238	64.74555629413543	
975 MARQUETTE LOOP	99705	-147.362308434404	64.74565995222082	
942 MINUTEMAN LOOP	99705	-147.35997980022566	64.74516086781331	
932 MINUTEMAN LOOP	99705	-147.35996797257906	64.74497616080875	
953 MINUTEMAN LOOP	99705	-147.35922425052883	64.74528197539416	
903 MINUTEMAN LOOP	99705	-147.3591016126336	64.7449633144798	
944 MARQUETTE LOOP	99705	-147.3629929774039	64.74510646840343	
934 MARQUETTE LOOP	99705	-147.36300519077722	64.74499602086574	
884 MARQUETTE LOOP	99705	-147.3612784711753	64.74460763739425	
864 MARQUETTE LOOP	99705	-147.36081348584923	64.74499773925383	
854 MARQUETTE LOOP	99705	-147.3608086917818	64.74511702677452	
805 MARQUETTE LOOP	99705	-147.36152613062134	64.74603896949516	
815 MARQUETTE LOOP	99705	-147.36150554253643	64.7459238160398	
825 MARQUETTE LOOP	99705	-147.3614924140015	64.74566931244394	
935 MARQUETTE LOOP	99705	-147.36215650410526	64.7450157499812	
985 MARQUETTE LOOP	99705	-147.36230598586587	64.74592025936211	
995 MARQUETTE LOOP	99705	-147.36227383605762	64.74603829367888	
982 MINUTEMAN LOOP	99705	-147.36006281614843	64.7457602840889	
962 MINUTEMAN LOOP	99705	-147.36005686657208	64.74547792916935	
983 MINUTEMAN LOOP	99705	-147.35927001882956	64.74586977820832	
963 MINUTEMAN LOOP	99705	-147.359189855926	64.74561755873869	
961 SHELLINGER STREET	99705	-147.36524653378706	64.74357497248343	
1100 H & H ROAD	99705	-147.34620003854687	64.7350844124919	
350 SOUTH SANTA CLAUS LANE	99705	-147.35124952983688	64.7521176509715	
640 WEST FOURTH AVENUE	99705	-147.37158127423524	64.75134567413238	
650 WEST FOURTH AVENUE	99705	-147.37233320115268	64.75135654185087	
660 WEST FOURTH AVENUE	99705	-147.37315205265963	64.75142550363867	
2605 ROSSONS CROSS WAY	99705	-147.36927027319223	64.74992470967449	
671 WEST SIXTH AVENUE	99705	-147.3737799875704	64.74984084441539	
2545 THERRON STREET	99705	-147.3752175527542	64.75125546817233	
2555 THERRON STREET	99705	-147.3752484108073	64.75081254069774	
2585 THERRON STREET	99705	-147.37524597358365	64.75031516464779	
2607 THERRON STREET	99705	-147.37515777190677	64.7500185197025	
654 WEST SIXTH AVENUE	99705	-147.37200884740724	64.74940498940722	
644 WEST SIXTH AVENUE	99705	-147.3711890595869	64.74940070445498	
634 WEST SIXTH AVENUE	99705	-147.37040195689798	64.74935694729491	
614 WEST SIXTH AVENUE	99705	-147.3693091483761	64.74928921143007	
631 WEST SIXTH AVENUE	99705	-147.3702251668665	64.74982207185508	
641 WEST SIXTH AVENUE	99705	-147.37090947678257	64.74983828424993	
2545 ROSSONS CROSS WAY	99705	-147.36827931962745	64.75140046469218	
610 WEST FOURTH AVENUE	99705	-147.3691962498439	64.75140149353702	
620 WEST FOURTH AVENUE	99705	-147.36990990327084	64.75142280339043	
2555 ROSSONS CROSS WAY	99705	-147.36824590964514	64.75090399162764	
651 WEST SIXTH AVENUE	99705	-147.37184995285216	64.74983729768785	
661 WEST SIXTH AVENUE	99705	-147.37291418526442	64.74983636981251	
684 WEST SIXTH AVENUE	99705	-147.37497294500432	64.74936514928478	
674 WEST SIXTH AVENUE	99705	-147.37389493902944	64.7493662717151	
664 WEST SIXTH AVENUE	99705	-147.3730050158494	64.74938043723824	
99 SAINT NICHOLAS DRIVE	99705	-147.3454479887103	64.75563420606132	
151 SNOWMAN LANE	99705	-147.35117778263177	64.75396913418953	
604 DAVIS BOULEVARD	99705	-147.34585194957697	64.74940942967054	
325 SOUTH SANTA CLAUS LANE	99705	-147.3539178764235	64.75290604865573	
300 SOUTH SANTA CLAUS LANE	99705	-147.35212034755227	64.75235669877696	
2517 OLD RICHARDSON HIGHWAY	99705	-147.36060104484505	64.75457384562556	
503 HOLIDAY ROAD	99705	-147.3594322854138	64.75048329836622	
2521 OLD RICHARDSON HIGHWAY	99705	-147.35894218631142	64.75418962403364	
516 KIT BOULEVARD	99705	-147.3397971534926	64.7497026207072	
514 KIT BOULEVARD	99705	-147.33971105485654	64.74970164811623	
851 MINUTEMAN LOOP	99705	-147.35848971116664	64.74505593611651	
520 SOUTH EVOLYN DRIVE	99705	-147.33511376200852	64.74468581671532	
500 SOUTH EVOLYN DRIVE	99705	-147.33651681229532	64.7446916005369	
480 SOUTH EVOLYN DRIVE	99705	-147.3378838410084	64.74464317526774	
450 SOUTH EVOLYN DRIVE	99705	-147.33894192048112	64.74467572093417	
1004 BLACK BEAR TURNAROUND	99705	-147.34064113976456	64.74453094095945	
1001 BLACK BEAR TURNAROUND	99705	-147.3418602113997	64.74474019351138	
451 SOUTH EVOLYN DRIVE	99705	-147.33822859862292	64.74525774365743	
522 NORTH EVOLYN DRIVE	99705	-147.33550501901075	64.74593656154681	
502 NORTH EVOLYN DRIVE	99705	-147.33678572604464	64.74582693970794	
501 SOUTH EVOLYN DRIVE	99705	-147.336935168177	64.74539809179687	
551 SOUTH EVOLYN DRIVE	99705	-147.3349156361861	64.74537467676504	
606 EAST FIFTH AVENUE	99705	-147.33464419692692	64.75024508950355	
638 EAST FIFTH AVENUE	99705	-147.33240261740914	64.75042111297088	
538 EAST FIFTH AVENUE	99705	-147.3359184497671	64.75037571848057	
526 EAST FIFTH AVENUE	99705	-147.33619137728368	64.75037384012026	
500 EAST FIFTH AVENUE	99705	-147.3371738111555	64.75023085070016	
609 EAST FIFTH AVENUE	99705	-147.33455618582065	64.7509154448427	
531 EAST FIFTH AVENUE	99705	-147.33605351572524	64.7520719595967	
533 EAST FIFTH AVENUE	99705	-147.33607725491595	64.75175947150558	
537 EAST FIFTH AVENUE	99705	-147.3356068612114	64.7515064126392	
535 EAST FIFTH AVENUE	99705	-147.33595460212373	64.75175595856244	
427 EAST FIFTH AVENUE	99705	-147.33912596077425	64.75089389194652	
415 EAST FIFTH AVENUE	99705	-147.339744872481	64.75091180948738	
407 EAST FIFTH AVENUE	99705	-147.34020308415262	64.75087440578065	
415 WEST FOURTH AVENUE	99705	-147.35966887802775	64.75206544183517	
298 WEST FIFTH AVENUE	99705	-147.357030248829	64.75045616364912	
306 WEST FIFTH AVENUE	99705	-147.35772589198655	64.75044500808842	
314 WEST FIFTH AVENUE	99705	-147.35818243447363	64.75046387847392	
326 WEST FIFTH AVENUE	99705	-147.3585487538158	64.75046897834488	
125 EAST FIFTH AVENUE	99705	-147.3488855311716	64.7508070430678	
133 EAST FIFTH AVENUE	99705	-147.34858363364046	64.750809298826	
141 EAST FIFTH AVENUE	99705	-147.34824315167504	64.75080954332923	
149 EAST FIFTH AVENUE	99705	-147.3478118902804	64.7508105340572	
201 EAST FIFTH AVENUE	99705	-147.34742409421395	64.75080094362961	
209 EAST FIFTH AVENUE	99705	-147.34705766126504	64.75081067399667	
102 EAST FIFTH AVENUE	99705	-147.3501579695447	64.75043361477836	
110 EAST FIFTH AVENUE	99705	-147.34979105899427	64.75043610154125	
118 EAST FIFTH AVENUE	99705	-147.34933976335216	64.7504079712106	
126 EAST FIFTH AVENUE	99705	-147.3489610356403	64.75041431732157	
134 EAST FIFTH AVENUE	99705	-147.3485742281402	64.75041379162253	
142 EAST FIFTH AVENUE	99705	-147.34813296934178	64.75041739716266	
150 EAST FIFTH AVENUE	99705	-147.34777276168097	64.75042012035449	
171 EAST FIFTH AVENUE	99705	-147.3514097469264	64.75081447379905	
101 EAST FIFTH AVENUE	99705	-147.35023755797695	64.75080307080722	
109 EAST FIFTH AVENUE	99705	-147.34964440162562	64.75079411495867	
335 WEST FIFTH AVENUE	99705	-147.35881315056082	64.75081808198668	
327 WEST FIFTH AVENUE	99705	-147.35863974411146	64.75081746900047	
649 WEST FIFTH AVENUE	99705	-147.3715916195133	64.7508653913811	
659 WEST FIFTH AVENUE	99705	-147.37248508486255	64.75084467027193	
669 WEST FIFTH AVENUE	99705	-147.37329161061416	64.75083538523151	
679 WEST FIFTH AVENUE	99705	-147.3741061316129	64.75084508193063	
612 WEST FIFTH AVENUE	99705	-147.3685747691879	64.7503364503844	
622 WEST FIFTH AVENUE	99705	-147.36962445466554	64.75037611656754	
632 EAST FIFTH AVENUE	99705	-147.37040994120872	64.75038845228096	
315 WEST FIFTH AVENUE	99705	-147.35816900473907	64.75092290884959	
307 WEST FIFTH AVENUE	99705	-147.35787398946323	64.75092276354187	
297 WEST FIFTH AVENUE	99705	-147.3570732974972	64.75076405855526	
257 WEST FIFTH AVENUE	99705	-147.35611457235964	64.75082756587278	
275 EAST FIFTH AVENUE	99705	-147.34470488044883	64.75093967199231	
509 WEST FIFTH AVENUE	99705	-147.36239740826005	64.7508835247077	
519 WEST FIFTH AVENUE	99705	-147.3639418059501	64.75088290518009	
523 WEST FIFTH AVENUE	99705	-147.3648981557566	64.75089372105359	
529 WEST FIFTH AVENUE	99705	-147.36586197078736	64.75089875580235	
533 WEST FIFTH AVENUE	99705	-147.36676958585383	64.75088300086419	
530 WEST FIFTH AVENUE	99705	-147.36700570690482	64.75036713108278	
526 WEST FIFTH AVENUE	99705	-147.36596766563122	64.75033189692864	
520 WEST FIFTH AVENUE	99705	-147.36527866515075	64.7503293907707	
516 WEST FIFTH AVENUE	99705	-147.36434921431788	64.75035368965821	
510 WEST FIFTH AVENUE	99705	-147.3635425163385	64.75037279874604	
506 WEST FIFTH AVENUE	99705	-147.36276095365974	64.75035018226359	
456 WEST FIFTH AVENUE	99705	-147.36049021049448	64.75037636080113	
619 WEST FIFTH AVENUE	99705	-147.36910976103343	64.7508461650818	
629 WEST FIFTH AVENUE	99705	-147.3699162477932	64.7508909382279	
639 WEST FIFTH AVENUE	99705	-147.37085323716255	64.75084729612459	
656 NPHS BOULEVARD	99705	-147.37313706332517	64.7484810510467	
642 WEST FIFTH AVENUE	99705	-147.37148706469034	64.75042536291588	
652 WEST FIFTH AVENUE	99705	-147.3722681187899	64.75040510117515	
662 WEST FIFTH AVENUE	99705	-147.37314048063953	64.75040477183548	
672 WEST FIFTH AVENUE	99705	-147.37406357207556	64.75033687169201	
2685 BALD EAGLE COURT	99705	-147.35341450699477	64.74705455190849	
2685 BALD EAGLE COURT	99705	-147.3534838261269	64.74710709355958	
2685 BALD EAGLE COURT	99705	-147.35354463807357	64.74716730942585	
2675 BALD EAGLE COURT	99705	-147.35379796715554	64.74725425298001	
2675 BALD EAGLE COURT	99705	-147.3539431954714	64.74722444092066	
2675 BALD EAGLE COURT	99705	-147.35410610525693	64.74719256788218	
2655 BALD EAGLE COURT	99705	-147.35426895800495	64.74774798534357	
2655 BALD EAGLE COURT	99705	-147.3541072313928	64.7477480384011	
2655 BALD EAGLE COURT	99705	-147.35391880437746	64.74774762179459	
2665 BALD EAGLE COURT	99705	-147.35419978006712	64.74746517993431	
2665 BALD EAGLE COURT	99705	-147.3541056803087	64.747483843292	
2665 BALD EAGLE COURT	99705	-147.35395562775406	64.74751726053647	
2690 BALD EAGLE COURT	99705	-147.35249967535944	64.74750918216918	
2690 BALD EAGLE COURT	99705	-147.35245765022316	64.74746897256426	
2690 BALD EAGLE COURT	99705	-147.352394274737	64.74740189633073	
2700 BALD EAGLE COURT	99705	-147.35247809866252	64.74721098648678	
533 SAINT NICHOLAS DRIVE	99705	-147.33060740210098	64.75006508130663	
537 SAINT NICHOLAS DRIVE	99705	-147.33049111295674	64.75001553546682	
441 EAST EIGHTH AVENUE	99705	-147.33881972353385	64.74831189094242	
431 EAST EIGHTH AVENUE	99705	-147.33960043886023	64.74826347507229	
433 EAST EIGHTH AVENUE	99705	-147.33943285054977	64.74830415781707	
439 EAST EIGHTH AVENUE	99705	-147.3389494320869	64.74826180827085	
435 EAST EIGHTH AVENUE	99705	-147.3392791731282	64.74825936981175	
437 EAST EIGHTH AVENUE	99705	-147.33911611369646	64.74830935559442	
423 NORTH EVOLYN DRIVE	99705	-147.34063671528784	64.74605220302396	
433 NORTH EVOLYN DRIVE	99705	-147.3395314052321	64.74625626845295	
453 NORTH EVOLYN DRIVE	99705	-147.33824482124243	64.7465007061518	
403 NORTH EVOLYN DRIVE	99705	-147.34181491437096	64.74553128204164	
402 NORTH EVOLYN DRIVE	99705	-147.33998656539754	64.74544623803506	
452 NORTH EVOLYN DRIVE	99705	-147.33796603203226	64.74575045974876	
2490 SCHUTZEN STREET	99705	-147.34026366391552	64.75583241931409	
2494 SCHUTZEN STREET	99705	-147.3400585302956	64.75554812382948	
2501 SINGA STREET	99705	-147.33857961015875	64.75501010488942	
284 WEST SIXTH AVENUE	99705	-147.35662860330976	64.74943947392691	
2781 PERIMETER DRIVE	99705	-147.36298939697883	64.75535561693752	
508 HOLIDAY ROAD	99705	-147.35894339426716	64.75043992692706	
318 WEST FOURTH AVENUE	99705	-147.35822374135094	64.75149308278118	
323 WEST FOURTH AVENUE	99705	-147.35820323917514	64.75183971019413	
303 WEST FOURTH AVENUE	99705	-147.3577740660525	64.75179379335005	
2577 OLD RICHARDSON HIGHWAY	99705	-147.35672736968453	64.75181670844333	
2691 PERIMETER DRIVE	99705	-147.37295173136914	64.75568541873868	
2683 PERIMETER DRIVE	99705	-147.3737302468632	64.75562664347785	
2671 PERIMETER DRIVE	99705	-147.37507901065626	64.75568981722472	
2667 PERIMETER DRIVE	99705	-147.37557437126821	64.75564835959374	
803 BLANKET BOULEVARD	99705	-147.3350473645315	64.74722136686701	
2670 BALD EAGLE COURT	99705	-147.35331096085346	64.74780093280602	
2675 HOMESTEAD DRIVE	99705	-147.3799533386933	64.74889013169353	
2681 WEST FIRST AVENUE	99705	-147.36223278628879	64.75436019322636	
1200 H & H ROAD	99705	-147.34329949226185	64.73334939197774	
401 HOLIDAY ROAD	99705	-147.35957796654858	64.75139165019304	
2571 OLD RICHARDSON HIGHWAY	99705	-147.3571696325641	64.7519079445379	
512 SOUTH SANTA CLAUS LANE	99705	-147.35222046461098	64.75039316900607	
687 BLANKET BOULEVARD	99705	-147.33593433637733	64.74889627837558	
557 BEAVER BOULEVARD	99705	-147.33840126135172	64.74922967809675	
545 BEAVER BOULEVARD	99705	-147.3390046823291	64.74950193911154	
547 KIT BOULEVARD	99705	-147.34159022294185	64.7495702501602	
542 KIT BOULEVARD	99705	-147.34046433635405	64.74927848618393	
400 BEAVER BOULEVARD	99705	-147.33717342585769	64.75127760797406	
356 BEAVER BOULEVARD	99705	-147.33713792154128	64.75175182325073	
303 BEAVER BOULEVARD	99705	-147.3386969681381	64.75240858476842	
335 BEAVER BOULEVARD	99705	-147.33869856755254	64.75209380618408	
353 BEAVER BOULEVARD	99705	-147.3386169245206	64.75184821079019	
355 BEAVER BOULEVARD	99705	-147.33861509426345	64.75169903169493	
432 KIT BOULEVARD	99705	-147.34025364748683	64.75128227548842	
110 EAST EIGHTH AVENUE	99705	-147.3498316486309	64.74782537855901	
2501 TANANA DRIVE	99705	-147.3723818618023	64.7556634625874	
113 CARY AVENUE	99705	-147.35067332243614	64.75540293839946	
670 WEST FOURTH AVENUE	99705	-147.37406280039778	64.75138741372152	
109 NORTH SANTA CLAUS LANE	99705	-147.3540833070288	64.7553171728253	
2800 GRANGE ROAD	99705	-147.344784057317	64.7446843643105	
2804 GRANGE ROAD	99705	-147.3414556726444	64.74222902884325	
503 KIT BOULEVARD	99705	-147.34164741558976	64.75021196422577	
2727 PERIMETER DRIVE	99705	-147.369278981397	64.75562342185242	
201 SOUTH SANTA CLAUS LANE	99705	-147.35361361523252	64.75333981627034	
203 SOUTH SANTA CLAUS LANE	99705	-147.35435343099203	64.75332736504491	
231 EAST FIRST AVENUE	99705	-147.35591939018119	64.75499474551373	
219 EAST FIFTH AVENUE	99705	-147.3467615862289	64.75082633112675	
402 PATRIOT DRIVE	99705	-147.36350663868473	64.74642175230512	
2655 ROSEANNE COURT	99705	-147.37811774679662	64.75110360568347	
201 WEST SEVENTH AVENUE	99705	-147.35352708412924	64.74883474609301	
2667 DESERT EAGLE LOOP	99705	-147.36076212679728	64.74695206139175	
2661 DESERT EAGLE LOOP	99705	-147.36063929055788	64.74667040136234	
2657 DESERT EAGLE LOOP	99705	-147.36066373406345	64.74648025650504	
455 KIT BOULEVARD	99705	-147.34110143387204	64.75111939729753	
2709 DESERT EAGLE LOOP	99705	-147.36318297521458	64.74676480642654	
2705 DESERT EAGLE LOOP	99705	-147.36314113181157	64.74696691356996	
2701 DESERT EAGLE LOOP	99705	-147.36306362528012	64.74718294202975	
2697 DESERT EAGLE LOOP	99705	-147.36317644056973	64.74738056618267	
2669 DESERT EAGLE LOOP	99705	-147.3606487975321	64.74714861235366	
531 WEST FOURTH AVENUE	99705	-147.36687283791963	64.75186878106138	
2500 ROSSONS CROSS WAY	99705	-147.3670486805106	64.75218385576053	
2480 ROSSONS CROSS WAY	99705	-147.36707087259222	64.75242141527116	
2390 ROSSONS CROSS WAY	99705	-147.3670658368408	64.75359795797266	
2370 ROSSONS CROSS WAY	99705	-147.36706608133017	64.75383789367035	
2350 ROSSONS CROSS WAY	99705	-147.36707195363857	64.75412199610709	
2450 ROSSONS CROSS WAY	99705	-147.36705804924702	64.75275084539625	
2733 WEST FIRST AVENUE	99705	-147.36683348591305	64.75443281630986	
2671 DESERT EAGLE LOOP	99705	-147.3607142109329	64.7473846463624	
407 EAST FIFTH AVENUE	99705	-147.34020214355795	64.75094535291177	
407 EAST FIFTH AVENUE	99705	-147.3401986156131	64.75104243542873	
415 EAST FIFTH AVENUE	99705	-147.33974775021804	64.75096991104606	
415 EAST FIFTH AVENUE	99705	-147.33972566667765	64.75106288423308	
283 WEST SEVENTH AVENUE	99705	-147.35655892132846	64.74880755722167	
445 SOUTH SANTA CLAUS LANE	99705	-147.35353107890623	64.75139831049945	
113 EAST SEVENTH AVENUE	99705	-147.34964034154484	64.74892844591047	
2675 DESERT EAGLE LOOP	99705	-147.36085088228674	64.74749085898209	
2670 BALD EAGLE COURT	99705	-147.35314591226992	64.74780122328022	
2670 BALD EAGLE COURT	99705	-147.35297801873747	64.74780153952803	
2670 BALD EAGLE COURT	99705	-147.35280455683963	64.74780433779628	
2695 DESERT EAGLE LOOP	99705	-147.36297756805612	64.74755906503876	
2691 DESERT EAGLE LOOP	99705	-147.36263893790405	64.74768056927068	
2685 DESERT EAGLE LOOP	99705	-147.36211975641558	64.74769444671742	
2681 DESERT EAGLE LOOP	99705	-147.3616633811732	64.74773612681696	
2679 DESERT EAGLE LOOP	99705	-147.3611211229107	64.74762528090747	
2625 HOMESTEAD DRIVE	99705	-147.37692847843016	64.75049013664581	
2629 HOMESTEAD DRIVE	99705	-147.37694475007302	64.75026491267366	
2641 HOMESTEAD DRIVE	99705	-147.37695921340907	64.74973171196942	
2645 HOMESTEAD DRIVE	99705	-147.37695770465615	64.74942965490642	
2659 HOMESTEAD DRIVE	99705	-147.3770827519225	64.74861704775505	
290 CROSS WAY	99705	-147.3570572302775	64.7554094871309	
300 CROSS WAY	99705	-147.35705942659342	64.7552617744769	
290 CROSS WAY	99705	-147.35705949376947	64.75545459467743	
300 CROSS WAY	99705	-147.35706169007398	64.75530688202433	
290 CROSS WAY	99705	-147.35696599862	64.75541032182655	
300 CROSS WAY	99705	-147.3569681954343	64.7552626091729	
290 CROSS WAY	99705	-147.3569682619599	64.7554554293748	
300 CROSS WAY	99705	-147.35697045876273	64.75530771672202	
2704 DESERT EAGLE LOOP	99705	-147.3622742086516	64.7470110197595	
2700 DESERT EAGLE LOOP	99705	-147.362292816789	64.7472149999599	
2670 DESERT EAGLE LOOP	99705	-147.36171642435716	64.74727987732494	
2664 DESERT EAGLE LOOP	99705	-147.36155465825698	64.7470140674631	
2662 DESERT EAGLE LOOP	99705	-147.36151466748862	64.7468561816973	
2658 DESERT EAGLE LOOP	99705	-147.36154622938025	64.74662967588858	
2708 DESERT EAGLE LOOP	99705	-147.36218220810474	64.74685647491775	
2710 DESERT EAGLE LOOP	99705	-147.36217699137165	64.74663526204033	
2650 FORD STREET	99705	-147.36148969515946	64.74878667874391	
2713 DESERT EAGLE LOOP	99705	-147.3630744563745	64.74654184526972	
156 SNOWMAN LANE	99705	-147.3506307653836	64.75396217940133	
159 EAST THIRD AVENUE	99705	-147.35157530183145	64.75296605602469	
2654 DESERT EAGLE LOOP	99705	-147.36165320318466	64.74649135800149	
2712 DESERT EAGLE LOOP	99705	-147.36215953324668	64.74650332465922	
992 MINUTEMAN LOOP	99705	-147.36010129109007	64.74600123895738	
635 WEST FOURTH AVENUE	99705	-147.37106041274075	64.7518700484897	
645 WEST FOURTH AVENUE	99705	-147.3720460625066	64.7518697534003	
659 WEST FOURTH AVENUE	99705	-147.37295653981266	64.75190531630598	
673 WEST FOURTH AVENUE	99705	-147.3739100179715	64.75190575527024	
845 MARQUETTE LOOP	99705	-147.36152893705767	64.74529374115849	
835 MARQUETTE LOOP	99705	-147.3615347274671	64.74545860091035	
2756 WEST THIRD AVENUE	99705	-147.368302409066	64.75243818267786	
2674 WAR EAGLE COURT	99705	-147.36380309514044	64.74696892855222	
2682 WAR EAGLE COURT	99705	-147.36379332132316	64.74675299811238	
605 WEST FOURTH AVENUE	99705	-147.36833085394045	64.75186414730736	
2808 WEST THIRD AVENUE	99705	-147.37387967442373	64.75239921788189	
2689 WAR EAGLE COURT	99705	-147.36452764892013	64.74644849145794	
1095 H & H ROAD	99705	-147.3408744593058	64.73560754976879	
2805 WEST THIRD AVENUE	99705	-147.37391629522165	64.7529212919225	
2652 WAR EAGLE COURT	99705	-147.36388440561632	64.74751825730242	
2645 WAR EAGLE COURT	99705	-147.3639716457184	64.74775554278449	
2649 WAR EAGLE COURT	99705	-147.36452328886526	64.74764390870331	
625 WEST FOURTH AVENUE	99705	-147.37020964291625	64.75194979256449	
615 WEST FOURTH AVENUE	99705	-147.36924048687013	64.75195494479476	
2798 WEST THIRD AVENUE	99705	-147.3729010095486	64.75242646171279	
2801 WEST THIRD AVENUE	99705	-147.37302455123944	64.7528922920531	
2793 WEST THIRD AVENUE	99705	-147.37206816738197	64.75288689993022	
2792 WEST THIRD AVENUE	99705	-147.37211427110066	64.75244216643122	
2785 WEST THIRD AVENUE	99705	-147.37134586454695	64.75289358049328	
2780 WEST THIRD AVENUE	99705	-147.3710378422017	64.75240978782344	
2777 WEST THIRD AVENUE	99705	-147.37032836336274	64.75288874226426	
2776 WEST THIRD AVENUE	99705	-147.37017351851523	64.75242801630202	
2765 WEST THIRD AVENUE	99705	-147.36925445852086	64.75286780071305	
2766 WEST THIRD AVENUE	99705	-147.36925530105236	64.75244524706778	
2755 WEST THIRD AVENUE	99705	-147.36834492477166	64.75290942932617	
2758 WEST SECOND AVENUE	99705	-147.36851974167962	64.75337071735584	
2757 WEST SECOND AVENUE	99705	-147.36836012778667	64.75392411153604	
2764 WEST SECOND AVENUE	99705	-147.3692521861617	64.75344408801749	
2765 WEST SECOND AVENUE	99705	-147.36923011773177	64.75395168963742	
2772 WEST SECOND AVENUE	99705	-147.3701359007691	64.75346856694156	
2775 WEST SECOND AVENUE	99705	-147.3701526654242	64.75391943161607	
2782 WEST SECOND AVENUE	99705	-147.37111850481696	64.75337045397676	
2783 WEST SECOND AVENUE	99705	-147.37126454523687	64.75392102475992	
2794 WEST SECOND AVENUE	99705	-147.37215922828733	64.75347655387914	
2791 WEST SECOND AVENUE	99705	-147.37204968647802	64.75391969848727	
2800 WEST SECOND AVENUE	99705	-147.3730149545192	64.75349712056261	
2801 WEST SECOND AVENUE	99705	-147.3730475013433	64.75397396482738	
2810 WEST SECOND AVENUE	99705	-147.37387050939097	64.7534322252158	
2809 WEST SECOND AVENUE	99705	-147.37392118568644	64.75393738768963	
2477 THERRON STREET	99705	-147.37520607347585	64.7543622689642	
2533 THERRON STREET	99705	-147.37513331883903	64.75192380447675	
2527 THERRON STREET	99705	-147.37529830093666	64.75221307207994	
2519 THERRON STREET	99705	-147.3752511729319	64.75259807430265	
2509 THERRON STREET	99705	-147.37516161425899	64.75302323222266	
2503 THERRON STREET	99705	-147.37516355899618	64.75333478278499	
2493 THERRON STREET	99705	-147.3751666047532	64.7537201334387	
2485 THERRON STREET	99705	-147.37516019030508	64.75408851414011	
2807 WEST FIRST AVENUE	99705	-147.3738846865551	64.75445604055605	
2799 WEST FIRST AVENUE	99705	-147.37299636846734	64.75447850971452	
2789 WEST FIRST AVENUE	99705	-147.37205284779625	64.75450860532901	
2781 WEST FIRST AVENUE	99705	-147.3710896471717	64.75447953134332	
2771 WEST FIRST AVENUE	99705	-147.37015519227626	64.75446917576467	
2767 WEST FIRST AVENUE	99705	-147.3692320919851	64.75446345747741	
2755 WEST FIRST AVENUE	99705	-147.36832746119214	64.75449317123238	
2711 WEST FIRST AVENUE	99705	-147.36399083357492	64.75431053956733	
2721 WEST FIRST AVENUE	99705	-147.3649274456667	64.75437631359969	
2729 WEST FIRST AVENUE	99705	-147.36578542798986	64.75440556029314	
2724 WEST FIRST AVENUE	99705	-147.36505264180167	64.7549057288799	
2732 WEST FIRST AVENUE	99705	-147.3658223340205	64.7549144732072	
2740 WEST FIRST AVENUE	99705	-147.36669332949472	64.75491040743054	
2750 WEST FIRST AVENUE	99705	-147.36745255852975	64.75489549435775	
2764 WEST FIRST AVENUE	99705	-147.36925959096723	64.75489069564495	
2772 WEST FIRST AVENUE	99705	-147.37009312743922	64.75487904058281	
2780 WEST FIRST AVENUE	99705	-147.37091880314276	64.75489515643328	
2786 WEST FIRST AVENUE	99705	-147.37179805728695	64.75487119651072	
2756 WEST FIRST AVENUE	99705	-147.36841759068318	64.75491825435	
2794 WEST FIRST AVENUE	99705	-147.37272724210203	64.75491800632055	
2802 WEST FIRST AVENUE	99705	-147.37359037892432	64.75494167573117	
2812 WEST FIRST AVENUE	99705	-147.37444284418805	64.75493773605224	
2822 WEST FIRST AVENUE	99705	-147.37530417256795	64.75492579415109	
551 SNOWMAN LANE	99705	-147.3512540050281	64.74989785729133	
2661 WAR EAGLE COURT	99705	-147.36460790186464	64.74720001248919	
2669 WAR EAGLE COURT	99705	-147.36459501307573	64.74701003180915	
2531 HOMESTEAD DRIVE	99705	-147.3769560270237	64.75452189024558	
268 CROSS WAY	99705	-147.35641923443262	64.75535139672077	
268 CROSS WAY	99705	-147.35641405146495	64.75546635925487	
268 CROSS WAY	99705	-147.3564118373017	64.75549062363437	
560 SOUTH SANTA CLAUS LANE	99705	-147.35217757255393	64.75003425240442	
560 SOUTH SANTA CLAUS LANE	99705	-147.35217036342368	64.74995954195474	
560 SOUTH SANTA CLAUS LANE	99705	-147.3521688980391	64.74990240551158	
540 SOUTH SANTA CLAUS LANE	99705	-147.3522252710182	64.75022473611952	
2710 WEST FIRST AVENUE	99705	-147.36247868596638	64.75507556989263	
729 HOLIDAY ROAD	99705	-147.3597805185039	64.74839153351051	
2955 OLD RICHARDSON HIGHWAY	99705	-147.33200436100066	64.73357141198817	
130 LEWIS STREET	99705	-147.35518448359167	64.75438834561643	
130 LEWIS STREET	99705	-147.3551953135643	64.75443809686253	
130 LEWIS STREET	99705	-147.35521098922013	64.75447356168587	
2705 STRYKER LOOP	99705	-147.35993840286653	64.74651046742858	
2701 STRYKER LOOP	99705	-147.35997905273223	64.7467000025781	
2695 STRYKER LOOP	99705	-147.35995232033625	64.74696422059662	
2691 STRYKER LOOP	99705	-147.359988812525	64.74715949020124	
140 EAST SECOND AVENUE	99705	-147.35502103503245	64.75391051550719	
140 EAST SECOND AVENUE	99705	-147.35492097206276	64.75391048042741	
140 EAST SECOND AVENUE	99705	-147.35481206495976	64.75391147530644	
140 EAST SECOND AVENUE	99705	-147.35471200198523	64.75391144008574	
580 SOUTH SANTA CLAUS LANE	99705	-147.35199168531716	64.74975023229072	
2675 WAR EAGLE COURT	99705	-147.36463253289014	64.7468384383543	
2685 WAR EAGLE COURT	99705	-147.36460812341636	64.74666299788656	
2510 SINGA STREET	99705	-147.33737589394804	64.75440526141199	
501 SNOWMAN LANE	99705	-147.35112595537746	64.7504522037565	
2685 STRYKER LOOP	99705	-147.35936964617048	64.74761909043322	
2687 STRYKER LOOP	99705	-147.35973093449059	64.747511687391	
2689 STRYKER LOOP	99705	-147.35990910375543	64.74736334943599	
2683 STRYKER LOOP	99705	-147.35898478704394	64.74766582182421	
2677 STRYKER LOOP	99705	-147.35821863472228	64.74761537734912	
2675 STRYKER LOOP	99705	-147.35788428105593	64.74750504401105	
2671 STRYKER LOOP	99705	-147.35765900195085	64.74735863615234	
2669 STRYKER LOOP	99705	-147.35764542828895	64.74716002234214	
2521 OUTSIDE BOULEVARD	99705	-147.33047724742016	64.75347810858955	
108 EAST FOURTH AVENUE	99705	-147.3498195636243	64.75108684947683	
2665 STRYKER LOOP	99705	-147.35768094012462	64.74695381380279	
2659 STRYKER LOOP	99705	-147.35766247830273	64.74672258482863	
2679 STRYKER LOOP	99705	-147.35858458084095	64.74766208259653	
2655 STRYKER LOOP	99705	-147.3575705726686	64.74649198609856	
2759 STONE POINTE COURT	99705	-147.35631530759568	64.74652345827519	
2755 STONE POINTE COURT	99705	-147.3570464327162	64.74679251829548	
2751 STONE POINTE COURT	99705	-147.35634277964024	64.74697226760617	
2747 STONE POINTE COURT	99705	-147.35707994165634	64.74721804916918	
2743 STONE POINTE COURT	99705	-147.3563015557924	64.7474222202493	
108 EAST FOURTH AVENUE	99705	-147.34968411941978	64.75094565191829	
535 OUIDA WAY	99705	-147.3326328164793	64.7489602937109	
535 OUIDA WAY	99705	-147.33235357212573	64.74885230703339	
535 OUIDA WAY	99705	-147.3322316794897	64.74892652441268	
515 OUIDA WAY	99705	-147.33214372736336	64.7487896983003	
515 OUIDA WAY	99705	-147.33190710115764	64.74869125720633	
515 OUIDA WAY	99705	-147.33179282705	64.74876142314878	
507 OUIDA WAY	99705	-147.33170128994365	64.74862984707102	
507 OUIDA WAY	99705	-147.33140295871735	64.7485251101219	
507 OUIDA WAY	99705	-147.33130512244915	64.7485699043719	
415 EAST FIFTH AVENUE	99705	-147.33961126913147	64.75084037668239	
629 EAST EIGHTH AVENUE	99705	-147.33233562258795	64.74822682559669	
629 EAST EIGHTH AVENUE	99705	-147.3322078802836	64.74822856630372	
629 EAST EIGHTH AVENUE	99705	-147.3321382344201	64.74822503795674	
627 EAST EIGHTH AVENUE	99705	-147.3330017080119	64.74821751456928	
627 EAST EIGHTH AVENUE	99705	-147.33288924864985	64.74821923780986	
627 EAST EIGHTH AVENUE	99705	-147.33279164881722	64.7482179788186	
613 EAST EIGHTH AVENUE	99705	-147.33353666471547	64.74822306741966	
613 EAST EIGHTH AVENUE	99705	-147.3333990382832	64.74822163404231	
613 EAST EIGHTH AVENUE	99705	-147.333310803313	64.74822153738937	
526 OUIDA WAY	99705	-147.3332271965371	64.74858085221938	
526 OUIDA WAY	99705	-147.33328846683816	64.748611754322	
526 OUIDA WAY	99705	-147.3333346647635	64.74864694683099	
534 OUIDA WAY	99705	-147.33339504228155	64.7488125573061	
534 OUIDA WAY	99705	-147.33341248326127	64.7488563163883	
534 OUIDA WAY	99705	-147.33342584621172	64.74890189217263	
546 OUIDA WAY	99705	-147.33335523715743	64.749061780978	
546 OUIDA WAY	99705	-147.33336463438624	64.7490975600628	
546 OUIDA WAY	99705	-147.3333766814924	64.74913548922449	
614 OUIDA WAY	99705	-147.3333688007676	64.74962770564986	
614 OUIDA WAY	99705	-147.33331029745537	64.74965861695748	
614 OUIDA WAY	99705	-147.3332471616911	64.74968577116509	
626 OUIDA WAY	99705	-147.33276176251812	64.7497135134025	
626 OUIDA WAY	99705	-147.33265963367333	64.74971633057199	
626 OUIDA WAY	99705	-147.33257414719648	64.74971852351015	
638 OUIDA WAY	99705	-147.33204077811936	64.74966398293977	
638 OUIDA WAY	99705	-147.33195812898293	64.7496447851412	
638 OUIDA WAY	99705	-147.33189228796152	64.74962828493315	
644 OUIDA WAY	99705	-147.3315850779424	64.74951573719811	
644 OUIDA WAY	99705	-147.33151194008934	64.74948648322818	
644 OUIDA WAY	99705	-147.3314473794319	64.74946213792497	
656 OUIDA WAY	99705	-147.33108113885942	64.74931109029599	
656 OUIDA WAY	99705	-147.33100902251869	64.74928562563744	
656 OUIDA WAY	99705	-147.3309466280233	64.74926007369156	
706 OUIDA WAY	99705	-147.33062542791012	64.74914181063912	
706 OUIDA WAY	99705	-147.33055835270503	64.74911713133554	
706 OUIDA WAY	99705	-147.33048120666783	64.74909111761241	
2739 STONE POINTE COURT	99705	-147.3569154049815	64.7477512997548	
2652 STRYKER LOOP	99705	-147.35845042481296	64.74654677710845	
2658 STRYKER LOOP	99705	-147.35846712353077	64.74669386023	
2664 STRYKER LOOP	99705	-147.35845479319374	64.74689100306037	
2670 STRYKER LOOP	99705	-147.35844831377494	64.74709402637136	
2676 STRYKER LOOP	99705	-147.3584540952448	64.74724233907548	
2682 STRYKER LOOP	99705	-147.35906394333978	64.74729016314183	
2688 STRYKER LOOP	99705	-147.3590781531226	64.74707519984923	
2694 STRYKER LOOP	99705	-147.35906058249157	64.74689138796417	
2700 STRYKER LOOP	99705	-147.35904489580145	64.74668975474417	
2706 STRYKER LOOP	99705	-147.35904835466945	64.7464820110586	
140 LEWIS STREET	99705	-147.35496802979554	64.75420309922096	
140 LEWIS STREET	99705	-147.35489576532302	64.75409218904372	
140 LEWIS STREET	99705	-147.35493852416334	64.75416894861114	
140 LEWIS STREET	99705	-147.35491735377514	64.75413472095302	
2739 STONE POINTE COURT	99705	-147.35678089942306	64.74775110574059	
2739 STONE POINTE COURT	99705	-147.35664313114324	64.74775236620883	
2739 STONE POINTE COURT	99705	-147.3565340368224	64.74774909087606	
2739 STONE POINTE COURT	99705	-147.35653245796286	64.7477619245221	
2739 STONE POINTE COURT	99705	-147.3564252043082	64.74775103657034	
2739 STONE POINTE COURT	99705	-147.35631062591986	64.74774923599205	
2739 STONE POINTE COURT	99705	-147.35690939156382	64.74778648736661	
2739 STONE POINTE COURT	99705	-147.35678053654578	64.74778814101924	
2739 STONE POINTE COURT	99705	-147.35664834736957	64.74778982506321	
2739 STONE POINTE COURT	99705	-147.35652835607408	64.7477909227851	
2739 STONE POINTE COURT	99705	-147.356423823308	64.74778997963416	
2739 STONE POINTE COURT	99705	-147.35631484782581	64.74778907704496	
2743 STONE POINTE COURT	99705	-147.35640948067154	64.74742431854716	
2743 STONE POINTE COURT	99705	-147.35649600907726	64.74742091706946	
2743 STONE POINTE COURT	99705	-147.3566055254471	64.74742157680853	
2743 STONE POINTE COURT	99705	-147.35672000935585	64.74742147863984	
2743 STONE POINTE COURT	99705	-147.3568271735184	64.74741954888223	
2743 STONE POINTE COURT	99705	-147.3569505945713	64.74742031889544	
2743 STONE POINTE COURT	99705	-147.35705833884504	64.7474188573841	
2747 STONE POINTE COURT	99705	-147.35695209291555	64.747217557546	
2747 STONE POINTE COURT	99705	-147.35682711494078	64.74721893802163	
2747 STONE POINTE COURT	99705	-147.35672328354406	64.74722083729212	
2747 STONE POINTE COURT	99705	-147.35660887185037	64.74722235866622	
2747 STONE POINTE COURT	99705	-147.3565077943298	64.74722375797221	
2747 STONE POINTE COURT	99705	-147.3564329316543	64.74722705364742	
2747 STONE POINTE COURT	99705	-147.35633993528867	64.74722339406985	
2751 STONE POINTE COURT	99705	-147.35645815608177	64.74696788899244	
2751 STONE POINTE COURT	99705	-147.3565541444301	64.74696475532755	
2751 STONE POINTE COURT	99705	-147.35665442317693	64.74696407566842	
2751 STONE POINTE COURT	99705	-147.3567727458795	64.74696299308559	
2751 STONE POINTE COURT	99705	-147.35686969861024	64.74696246214369	
2751 STONE POINTE COURT	99705	-147.35697417461887	64.74696233691103	
2751 STONE POINTE COURT	99705	-147.35709210161042	64.74696446249587	
2755 STONE POINTE COURT	99705	-147.35695987076792	64.74679520983334	
2755 STONE POINTE COURT	99705	-147.3568597864953	64.74679422630811	
2755 STONE POINTE COURT	99705	-147.35675525757136	64.74679328338283	
2755 STONE POINTE COURT	99705	-147.35660539235454	64.74679753993175	
2755 STONE POINTE COURT	99705	-147.35648743640323	64.74679482118043	
2755 STONE POINTE COURT	99705	-147.35639397051486	64.74679282755793	
2755 STONE POINTE COURT	99705	-147.35628287084594	64.74679384377806	
2759 STONE POINTE COURT	99705	-147.35639964748606	64.74652078743387	
2759 STONE POINTE COURT	99705	-147.35650873683755	64.74652406287615	
2759 STONE POINTE COURT	99705	-147.35662229461713	64.74652777197639	
2759 STONE POINTE COURT	99705	-147.35673556685504	64.74652578637733	
2759 STONE POINTE COURT	99705	-147.35682666779073	64.74652495280553	
2759 STONE POINTE COURT	99705	-147.35692443459038	64.74652405817889	
2759 STONE POINTE COURT	99705	-147.35703548553133	64.7465220926774	
413 EAST EIGHTH AVENUE	99705	-147.34002798174058	64.74842470715396	
413 EAST EIGHTH AVENUE	99705	-147.34001702324434	64.74838302642151	
413 EAST EIGHTH AVENUE	99705	-147.3400208688407	64.7483260196811	
413 EAST EIGHTH AVENUE	99705	-147.34002041052952	64.74827190043169	
413 EAST EIGHTH AVENUE	99705	-147.34001513324	64.74821022726664	
353 KIT BOULEVARD	99705	-147.34160720566055	64.75178964296171	
353 KIT BOULEVARD	99705	-147.34155686480392	64.7518768088159	
353 KIT BOULEVARD	99705	-147.34159979547243	64.75187642046423	
2689 WAR EAGLE COURT	99705	-147.36453256697877	64.74651847466347	
2652 STRYKER LOOP	99705	-147.35847923912692	64.74645387530884	
540 SOUTH SANTA CLAUS LANE	99705	-147.3520734260712	64.75022537413533	
2504 SINGA STREET	99705	-147.33733706478012	64.75485663970444	
2934 LAKEFRONT LANE	99705	-147.3366188391032	64.75427203009198	
2934 LAKEFRONT LANE	99705	-147.33628905581844	64.75412307606966	
2934 LAKEFRONT LANE	99705	-147.33592711151005	64.75399814991081	
2934 LAKEFRONT LANE	99705	-147.33559733537362	64.75384919433084	
2934 LAKEFRONT LANE	99705	-147.3352697907576	64.75374532173532	
2934 LAKEFRONT LANE	99705	-147.33494803746413	64.75364614246702	
2934 LAKEFRONT LANE	99705	-147.3346269911915	64.75356120001895	
2934 LAKEFRONT LANE	99705	-147.33427119984242	64.753448083537	
3065 H & H ROAD	99705	-147.34259646057842	64.72892243788812	
970 REFINERY LOOP	99705	-147.35603235375547	64.74460816465766	
970 REFINERY LOOP	99705	-147.35615003326404	64.74450884488091	
980 REFINERY LOOP	99705	-147.3564458887289	64.74466070840036	
980 REFINERY LOOP	99705	-147.35661280434232	64.74456486755652	
233 EAST FIRST AVENUE	99705	-147.3543918850208	64.75457758336292	
2756 STONE POINTE COURT	99705	-147.35488465990989	64.74673107274286	
2658 ROSEANNE COURT	99705	-147.37674379888304	64.75217570231028	
2658 ROSEANNE COURT	99705	-147.37674872188822	64.75205399562019	
2658 ROSEANNE COURT	99705	-147.37675927819436	64.75193924021401	
2658 ROSEANNE COURT	99705	-147.3767321025726	64.75181486444225	
2652 ROSEANNE COURT	99705	-147.37801833145028	64.75217442885454	
2652 ROSEANNE COURT	99705	-147.3780544713093	64.75178727286837	
2652 ROSEANNE COURT	99705	-147.37804716430162	64.75205843492584	
2652 ROSEANNE COURT	99705	-147.37806543737202	64.75192070023765	
2644 ROSEANNE COURT	99705	-147.37945070179373	64.75178022740778	
2644 ROSEANNE COURT	99705	-147.3794616747389	64.75191365465967	
2644 ROSEANNE COURT	99705	-147.37944340878425	64.75205138950528	
2644 ROSEANNE COURT	99705	-147.3794145819304	64.75216738369306	
2746 STONE POINTE COURT	99705	-147.3551036965015	64.7471763040754	
2752 STONE POINTE COURT	99705	-147.3550704525789	64.74697862894665	
3091 H & H ROAD	99705	-147.34305303940047	64.72866476592478	
3566 ERIN DRIVE	99705	-147.28234698628802	64.72797873365	
2535 YAKUTAT DRIVE	99705	-147.28987142618985	64.75366633399416	
2603 YAKUTAT DRIVE	99705	-147.28954558525737	64.7504368593547	
3471 KALTAG DRIVE	99705	-147.29009034203466	64.74963176867331	
2641 YAKUTAT DRIVE	99705	-147.28987536872742	64.74893418234446	
2651 YAKUTAT DRIVE	99705	-147.28982973195863	64.74831114413969	
3556 NULATO DRIVE	99705	-147.28062214304865	64.75393289307408	
2516 NAKNEK LANE	99705	-147.2808635141405	64.75475564700474	
3496 NULATO DRIVE	99705	-147.287373386548	64.7546102721662	
3486 NULATO DRIVE	99705	-147.28900772607741	64.75465365974142	
3472 NULATO DRIVE	99705	-147.29046555059867	64.7545946873937	
3500 CONIFER DRIVE	99705	-147.28710920629192	64.7483053219733	
3447 KALTAG DRIVE	99705	-147.29421034805978	64.7495887546979	
3416 CONIFER DRIVE	99705	-147.29641572320378	64.74870776018882	
2637 SHADY LANE	99705	-147.29829324328009	64.74932750038695	
2635 SHADY LANE	99705	-147.29693410223743	64.749248277434	
2652 SCOTCH PINE DRIVE	99705	-147.3010352184088	64.7483802852575	
2640 SCOTCH PINE DRIVE	99705	-147.30078154821797	64.74876809314573	
3525 KALTAG DRIVE	99705	-147.28598260721532	64.74934252008512	
2628 TENAKEE WAY	99705	-147.28297651397074	64.74877409161354	
3559 KALTAG DRIVE	99705	-147.28100283622953	64.74858125866402	
3526 KALTAG DRIVE	99705	-147.28485626886237	64.75025291394056	
3508 KALTAG DRIVE	99705	-147.28617230311082	64.75022263752275	
2600 YAKUTAT DRIVE	99705	-147.2876794845026	64.7506647037923	
2584 YAKUTAT DRIVE	99705	-147.28752082810294	64.75141803843816	
3556 HOONAH DRIVE	99705	-147.28182888688497	64.751737396775	
3534 HOONAH DRIVE	99705	-147.28321807555494	64.75222268230202	
3517 NULATO DRIVE	99705	-147.28617595964405	64.7536616807007	
3527 NULATO DRIVE	99705	-147.2848322055861	64.75346267686751	
3537 NULATO DRIVE	99705	-147.28290694011042	64.75329003973373	
3446 CONIFER DRIVE	99705	-147.2935078453202	64.74845808551653	
3452 CONIFER DRIVE	99705	-147.29318887434468	64.74845013171416	
3445 FEELA LANE	99705	-147.29356314875915	64.74868853700495	
3455 FEELA LANE	99705	-147.29308990422373	64.74868186222047	
3455 FEELA LANE	99705	-147.2931732788177	64.74868235267172	
3456 FEELA LANE	99705	-147.29225141554053	64.74935693760429	
3460 FEELA LANE	99705	-147.29259540638697	64.74918999425006	
3442 FEELA LANE	99705	-147.29436601841508	64.7491611725478	
3444 FEELA LANE	99705	-147.29435836734402	64.74908231027383	
2654 DAWSON ROAD	99705	-147.30720440298614	64.74841604779392	
2510 JOSHUA WAY	99705	-147.3002699967058	64.75483763824695	
2526 JOSHUA WAY	99705	-147.30055534735126	64.75389347501329	
2529 JOSHUA WAY	99705	-147.30170336950292	64.75377539231147	
2513 MICAH ROAD	99705	-147.29882781956582	64.75478378468186	
2526 MICAH ROAD	99705	-147.29662097322858	64.75408499919095	
2537 MICAH ROAD	99705	-147.29895801862858	64.75360498479198	
2656 DAWSON ROAD	99705	-147.30709377128485	64.74861657936364	
2658 DAWSON ROAD	99705	-147.306996870532	64.74816403893179	
3305 MALLORY AVENUE	99705	-147.30701745305657	64.75009351729	
2680 MICAH ROAD	99705	-147.30653015689043	64.7514417891228	
2670 MICAH ROAD	99705	-147.3051766040321	64.75137225163996	
2660 MICAH ROAD	99705	-147.3047964554821	64.7509505349079	
2591 RACHEL COURT	99705	-147.30352295171818	64.7509641617095	
2644 MICAH ROAD	99705	-147.3038187989665	64.75003997837632	
2640 MICAH ROAD	99705	-147.30213178400146	64.7501474631089	
2624 MICAH ROAD	99705	-147.30109924885718	64.75027952908167	
2580 MICAH ROAD	99705	-147.29963340766727	64.7504154996323	
3394 KALTAG DRIVE	99705	-147.2984487211183	64.7499303389706	
3452 KALTAG DRIVE	99705	-147.293104948975	64.74995509882652	
3456 KALTAG DRIVE	99705	-147.29220725267564	64.75023229280465	
3451 DUNCAN ROAD	99705	-147.29320613636628	64.75106347090072	
2567 MICAH ROAD	99705	-147.29903987458027	64.75227510451998	
2557 MICAH ROAD	99705	-147.29890303016055	64.75278834910236	
2556 MICAH ROAD	99705	-147.29724028918804	64.75269025572025	
2566 DAWSON ROAD	99705	-147.30769824648323	64.75246425970892	
2549 HONEY BEE LANE	99705	-147.30510012476483	64.75300863697737	
2571 HONEY BEE LANE	99705	-147.30283891361597	64.75202653667891	
2589 HONEY BEE LANE	99705	-147.30054195538872	64.7521209005778	
2540 HONEY BEE LANE	99705	-147.3009997997477	64.75310471144135	
2534 HONEY BEE LANE	99705	-147.30322997948466	64.75307678050454	
3433 KALTAG DRIVE	99705	-147.29509380999417	64.74931250249564	
3530 CONIFER DRIVE	99705	-147.28502238672837	64.74834869532863	
3063 KRIS KRINGLE DRIVE	99705	-147.31907807193903	64.74895781282923	
2538 MICAH ROAD	99705	-147.2965976904888	64.75359955858417	
2544 MICAH ROAD	99705	-147.2971452552565	64.75321182643566	
3434 JEREMY LANE	99705	-147.29454847554695	64.75415383069821	
2539 NEWBY ROAD	99705	-147.29238526228949	64.75362858452488	
2513 NEWBY ROAD	99705	-147.29221570029637	64.75470314465478	
3427 LINEMAN AVENUE	99705	-147.29528710304885	64.75482733210697	
3433 LINEMAN AVENUE	99705	-147.29413005652688	64.75463803534325	
2492 NEWBY ROAD	99705	-147.28968651260757	64.75567337179669	
2498 NEWBY ROAD	99705	-147.2879580529204	64.75578553604285	
3320 LINEMAN AVENUE	99705	-147.3066570811929	64.755641949459	
3400 LINEMAN AVENUE	99705	-147.2973774306924	64.75552621563672	
3370 LINEMAN AVENUE	99705	-147.301077323331	64.75538763715053	
3116 TREATY STREET	99705	-147.30891204938854	64.72741312582679	
3080 VFW STREET	99705	-147.3121376385613	64.72904121399019	
3088 VFW STREET	99705	-147.31209459257067	64.72873759934424	
3096 VFW STREET	99705	-147.31195332418156	64.72847402113474	
3100 VFW STREET	99705	-147.3121543575676	64.72813749078773	
3106 TREATY STREET	99705	-147.30876146179898	64.72798968940681	
3112 TREATY STREET	99705	-147.30897641683495	64.72769495118396	
3010 BARROW STREET	99705	-147.32193842942786	64.7320484452007	
3022 BARROW STREET	99705	-147.3219427879813	64.73169788861966	
3135 LAURANCE ROAD	99705	-147.32552799259372	64.73284849582043	
3125 LAURANCE ROAD	99705	-147.32638792897063	64.73296589914551	
3115 LAURANCE ROAD	99705	-147.32728077893242	64.73305855423531	
3128 LAURANCE ROAD	99705	-147.32729887732015	64.73464746342864	
3154 LAURANCE ROAD	99705	-147.32393156725325	64.7341497184081	
3072 TREATY STREET	99705	-147.30938883444722	64.72973471374468	
3060 TREATY STREET	99705	-147.30939827389068	64.73002899717949	
3016 TREATY STREET	99705	-147.30879820334638	64.73197412224846	
3010 TREATY STREET	99705	-147.30887983443537	64.73222731556439	
3002 TREATY STREET	99705	-147.30913267971346	64.73250484932491	
3075 TREATY STREET	99705	-147.31065476177633	64.72948361887619	
2995 TREATY STREET	99705	-147.31046361406	64.73304021831862	
2997 TREATY STREET	99705	-147.31084854353028	64.732760871688	
3267 LAURANCE ROAD	99705	-147.31204162316223	64.73329756878127	
3000 VFW STREET	99705	-147.31215323547733	64.73272890496344	
3042 VFW STREET	99705	-147.3118600858953	64.73086331608955	
3048 VFW STREET	99705	-147.3119025824561	64.7305369711625	
3005 VFW STREET	99705	-147.31318693424512	64.73246946894159	
3011 VFW STREET	99705	-147.3133440079695	64.73220959255072	
3023 VFW STREET	99705	-147.3132285504685	64.73167230725814	
3027 VFW STREET	99705	-147.31323144830125	64.73131588443727	
3155 LAURANCE ROAD	99705	-147.32493646846527	64.73317962950492	
2989 BARROW STREET	99705	-147.32355611123725	64.73309075347424	
3003 BARROW STREET	99705	-147.3235078199896	64.73247382950669	
3021 BARROW STREET	99705	-147.32358332814803	64.73178136606597	
3210 MARNEET LANE	99705	-147.31811270923578	64.73021691942854	
3213 EEK AVENUE	99705	-147.31755471820986	64.73033826919448	
3036 GOODNEWS STREET	99705	-147.31901780323395	64.73098423312425	
3007 GOODNEWS STREET	99705	-147.3202835146793	64.73231479476685	
3111 KRIS KRINGLE DRIVE	99705	-147.32161863636296	64.74970363885507	
3191 KRIS KRINGLE DRIVE	99705	-147.32082786182687	64.7499837678221	
3201 KRIS KRINGLE DRIVE	99705	-147.3194526419999	64.74964233958708	
3266 LAURANCE ROAD	99705	-147.31220591669418	64.73424952445728	
3509 LAURANCE ROAD	99705	-147.28679146340704	64.73277460275344	
2694 SCOTCH PINE DRIVE	99705	-147.30084133036524	64.7464510011736	
3090 TIMBERBROOK DRIVE	99705	-147.3061399453785	64.72785481807742	
730 TURNER DRIVE	99705	-147.3296648127655	64.74681245966813	
750 TURNER DRIVE	99705	-147.32894779320537	64.74666499796685	
2605 MICAH ROAD	99705	-147.30048648753944	64.75136696376708	
2515 MISSION ROAD	99705	-147.32605235563014	64.75472947214719	
1105 SAINT NICHOLAS DRIVE	99705	-147.319393968861	64.74554709663322	
1225 SAINT NICHOLAS DRIVE	99705	-147.31860652182337	64.74469930953427	
751 TURNER DRIVE	99705	-147.3299847528301	64.74756455806774	
773 TURNER DRIVE	99705	-147.32836016199326	64.74756730934769	
803 TURNER DRIVE	99705	-147.32707117670503	64.74756422887098	
753 TURNER DRIVE	99705	-147.32964833599624	64.74756673252077	
3035 BARROW STREET	99705	-147.3240778641097	64.73095105424497	
770 TURNER DRIVE	99705	-147.32811142007841	64.74679916347178	
3075 KRIS KRINGLE DRIVE	99705	-147.32047115500555	64.74910630019158	
3068 KRIS KRINGLE DRIVE	99705	-147.31967772595243	64.74845789614555	
2655 DAWSON ROAD	99705	-147.3092158102464	64.74821402973245	
2659 DAWSON ROAD	99705	-147.31107865731903	64.74853694536752	
3221 WYATT ROAD	99705	-147.31653375978408	64.75145868414664	
3211 WYATT ROAD	99705	-147.3182222427371	64.75132590315731	
3201 WYATT ROAD	99705	-147.31937202957084	64.7516428709839	
3183 WYATT ROAD	99705	-147.3198905747291	64.7519906935611	
2535 DAWSON ROAD	99705	-147.30906015052892	64.75166243422908	
3294 JUDY LANE	99705	-147.30914925819536	64.75388017823475	
3282 JUDY LANE	99705	-147.31002888946247	64.7539835210205	
3262 JUDY LANE	99705	-147.3112947241235	64.75405217220658	
3204 JUDY LANE	99705	-147.31869178924237	64.75456788959158	
3151 WYATT ROAD	99705	-147.324720771956	64.7533261048355	
3143 WYATT ROAD	99705	-147.32539253728106	64.75357746736366	
2544 OLD MISSION ROAD	99705	-147.3274077738438	64.75335337557176	
2550 OLD MISSION ROAD	99705	-147.32666309126594	64.75294595445365	
2556 MISTLETOE DRIVE	99705	-147.32796105925897	64.75057407427207	
3146 KRIS KRINGLE DRIVE	99705	-147.323756874422	64.75168450689952	
3220 KRIS KRINGLE DRIVE	99705	-147.3168590218827	64.74955976602153	
3230 KRIS KRINGLE DRIVE	99705	-147.31591393649845	64.74911879982166	
3240 KRIS KRINGLE DRIVE	99705	-147.31501298593182	64.7487604929691	
3250 KRIS KRINGLE DRIVE	99705	-147.3144643764827	64.74849868929327	
3060 KRIS KRINGLE DRIVE	99705	-147.3183279915338	64.7483210260183	
3040 KRIS KRINGLE DRIVE	99705	-147.31709043437064	64.74841368253085	
3245 KRIS KRINGLE DRIVE	99705	-147.31693015621312	64.7483706600291	
3292 WYATT ROAD	99705	-147.30915794059464	64.75055846964793	
3230 WYATT ROAD	99705	-147.31467382417398	64.75190696716224	
3224 WYATT ROAD	99705	-147.31594620057368	64.75194482181101	
3214 WYATT ROAD	99705	-147.31705054911797	64.75214202576913	
3210 WYATT ROAD	99705	-147.31833848172536	64.75232054497972	
3198 WYATT ROAD	99705	-147.3196904170744	64.75270071866161	
3219 JUDY LANE	99705	-147.31716753783414	64.75340356229258	
3237 JUDY LANE	99705	-147.31541433925213	64.75329418198207	
3255 JUDY LANE	99705	-147.31313083917252	64.75322607624376	
3273 JUDY LANE	99705	-147.31138034149592	64.75296397220657	
3190 JUDY LANE	99705	-147.32023957889126	64.75454670310232	
3174 JUDY LANE	99705	-147.32131937774858	64.7549008098336	
3170 JUDY LANE	99705	-147.32259371094787	64.75427950846323	
3152 WYATT ROAD	99705	-147.32372932054014	64.75420804812	
2506 MISSION ROAD	99705	-147.32429963411892	64.75466291428273	
2500 MISSION ROAD	99705	-147.32360721259732	64.7549719934744	
2490 MISSION ROAD	99705	-147.322869968663	64.75560467977901	
3188 LEW MYERS LANE	99705	-147.32014153790357	64.75559150183564	
3232 RONALD ROAD	99705	-147.31520548070756	64.73517614323613	
3286 LAURANCE ROAD	99705	-147.3098519908922	64.7340000602488	
2972 ROBYN DRIVE	99705	-147.31350097139045	64.73412976874006	
2733 DAWSON ROAD	99705	-147.3096058317075	64.74492970057372	
2955 CIRCLE LOOP ROAD	99705	-147.3241897704088	64.73481388229234	
2945 CIRCLE LOOP ROAD	99705	-147.3243256700015	64.73515032202779	
2935 CIRCLE LOOP ROAD	99705	-147.32445963590553	64.73558336820047	
2927 CIRCLE LOOP ROAD	99705	-147.32442010015794	64.73599401567431	
2885 CIRCLE LOOP ROAD	99705	-147.31810779599667	64.73660772614107	
2873 CIRCLE LOOP ROAD	99705	-147.31901600663645	64.73589478327601	
2875 CIRCLE LOOP ROAD	99705	-147.3176259820488	64.73601157746351	
2849 CIRCLE LOOP ROAD	99705	-147.3179326096519	64.73477775831367	
3180 LAURANCE ROAD	99705	-147.3214077495945	64.73406281584155	
2954 CIRCLE LOOP ROAD	99705	-147.32231681667804	64.73487309648758	
2940 CIRCLE LOOP ROAD	99705	-147.32255195696737	64.73530822120263	
2934 CIRCLE LOOP ROAD	99705	-147.32247835076862	64.735813989208	
2965 ROBYN DRIVE	99705	-147.31594744671182	64.73440702709938	
771 TURNER DRIVE	99705	-147.32871931977112	64.74756891400504	
801 TURNER DRIVE	99705	-147.32741172518834	64.7475646655172	
951 BARBARA LEE DRIVE	99705	-147.323673461278	64.74659595834927	
3066 VFW STREET	99705	-147.31171300550895	64.72967711925955	
2995 VFW STREET	99705	-147.31321043221206	64.7329776476098	
2997 VFW STREET	99705	-147.31325085507135	64.73276600966072	
3035 VFW STREET	99705	-147.3133318374616	64.731125063778	
3045 VFW STREET	99705	-147.31316514993318	64.73083036306544	
3088 TREATY STREET	99705	-147.30893480299102	64.72881787979684	
3094 TREATY STREET	99705	-147.30889646914977	64.72854199541848	
3100 TREATY STREET	99705	-147.30889204513835	64.72827826008994	
3083 TREATY STREET	99705	-147.31044803196258	64.72897319235634	
3097 TREATY STREET	99705	-147.31052133198725	64.7285052147725	
3115 TREATY STREET	99705	-147.31047437221676	64.72739361853353	
3052 TREATY STREET	99705	-147.3093935468817	64.7302493730841	
3044 TREATY STREET	99705	-147.30905835686715	64.73052320056276	
3042 TREATY STREET	99705	-147.3088551203204	64.73083007375735	
3030 TREATY STREET	99705	-147.30883115628635	64.73141404930742	
3024 TREATY STREET	99705	-147.30889063901967	64.73160845773133	
3053 TREATY STREET	99705	-147.31039415120378	64.73034199247007	
3293 LAURANCE ROAD	99705	-147.30888475996798	64.73324504143017	
3281 LAURANCE ROAD	99705	-147.3104819622841	64.73333390251426	
3006 VFW STREET	99705	-147.31217175067928	64.73250006025086	
3016 VFW STREET	99705	-147.31197939464414	64.73200145457564	
3024 VFW STREET	99705	-147.31173982323563	64.73159145961694	
3032 VFW STREET	99705	-147.31198978656334	64.7313996292691	
3060 VFW STREET	99705	-147.31199756659225	64.7299750352896	
3025 GOODNEWS STREET	99705	-147.32021544285263	64.73134857494553	
3191 LAURANCE ROAD	99705	-147.32014463626192	64.73316106279745	
3201 LAURANCE ROAD	99705	-147.3192624940731	64.73312064773273	
3215 LAURANCE ROAD	99705	-147.31724472310245	64.73303285137855	
3225 LAURANCE ROAD	99705	-147.31631824584338	64.7332662790514	
3005 ARMISTICE STREET	99705	-147.31613634453714	64.7323998502251	
3160 MARNEET LANE	99705	-147.32221318331125	64.73011235270326	
3180 MARNEET LANE	99705	-147.32114740756498	64.73038931658702	
3179 MARNEET LANE	99705	-147.32193208847167	64.72963647858998	
3213 PLATINUM AVENUE	99705	-147.3179502901155	64.7315574046137	
3026 GOODNEWS STREET	99705	-147.31910099368866	64.73164259019924	
3214 PLATINUM AVENUE	99705	-147.31743485624645	64.73238628328846	
3000 GOODNEWS STREET	99705	-147.31877267320456	64.73228726362694	
3126 LAURANCE ROAD	99705	-147.32737766962254	64.7339776430299	
2667 DAWSON ROAD	99705	-147.30912173858226	64.74778076490117	
2683 DAWSON ROAD	99705	-147.30942018778046	64.74694726843114	
2691 DAWSON ROAD	99705	-147.30912319587915	64.74660994368506	
2595 SAINT NICHOLAS DRIVE	99705	-147.31751476173852	64.7452930917364	
3144 LAURANCE ROAD	99705	-147.32596866777706	64.73466459451406	
3142 LAURANCE ROAD	99705	-147.32601725942865	64.73405792244851	
3146 LAURANCE ROAD	99705	-147.3249739069656	64.7342738098249	
2919 CIRCLE LOOP ROAD	99705	-147.3243712525222	64.7366570553188	
2909 CIRCLE LOOP ROAD	99705	-147.32308712028774	64.73684275892258	
2905 CIRCLE LOOP ROAD	99705	-147.32154351489234	64.7368486423739	
2891 CIRCLE LOOP ROAD	99705	-147.3199256243839	64.73690334239693	
2837 CIRCLE LOOP ROAD	99705	-147.31871800415738	64.73438153588904	
2825 CIRCLE LOOP ROAD	99705	-147.3189394339722	64.73402554852922	
3208 LAURANCE ROAD	99705	-147.3180394682873	64.73393459138406	
3188 LAURANCE ROAD	99705	-147.32051269172217	64.73392918447804	
2922 CIRCLE LOOP ROAD	99705	-147.32236962355557	64.73622469511294	
2876 CIRCLE LOOP ROAD	99705	-147.3210868830495	64.73623880854903	
2866 CIRCLE LOOP ROAD	99705	-147.32128144736367	64.7357483694544	
2856 CIRCLE LOOP ROAD	99705	-147.32076704454673	64.73535025534312	
2930 GLENWOOD DRIVE	99705	-147.31247196275356	64.73605488777365	
2936 GLENWOOD DRIVE	99705	-147.31207354046578	64.73538897157738	
2938 GLENWOOD DRIVE	99705	-147.31205975291	64.73534254281938	
2942 GLENWOOD DRIVE	99705	-147.312005520722	64.73526620526852	
2955 GLENWOOD DRIVE	99705	-147.31248960469316	64.73452199592265	
2940 ROBYN DRIVE	99705	-147.3145282848749	64.73474588308008	
2958 ROBYN DRIVE	99705	-147.31372185783943	64.7345293209445	
2935 BUZBY ROAD	99705	-147.30944206760694	64.7351333651051	
1005 SAINT NICHOLAS DRIVE	99705	-147.32123062052008	64.74641034677038	
800 TURNER DRIVE	99705	-147.32699771985824	64.74708679319893	
850 TURNER DRIVE	99705	-147.32592082562007	64.74716268495426	
900 TURNER DRIVE	99705	-147.32465504748595	64.74704509700281	
3487 SILVERLEAF AVENUE	99705	-147.28895027822793	64.73924333555695	
3533 SILVERLEAF AVENUE	99705	-147.28405270615792	64.73924547074955	
3545 SILVERLEAF AVENUE	99705	-147.28310179958092	64.73925008261236	
3547 SILVERLEAF AVENUE	99705	-147.28222457474502	64.73915945378407	
3559 SILVERLEAF AVENUE	99705	-147.28110619303322	64.73941689048885	
2705 DAGAN CIRCLE	99705	-147.28167540592253	64.74499870923543	
2695 DAGAN CIRCLE	99705	-147.28228450822618	64.74555637843713	
2685 DAGAN CIRCLE	99705	-147.28204655090605	64.74619444959121	
2675 DAGAN CIRCLE	99705	-147.28197867439945	64.7467839549743	
2670 DEEPWOODS DRIVE	99705	-147.2848603695127	64.74758705931818	
2682 DEEPWOODS DRIVE	99705	-147.2843839065643	64.746974814204	
2694 DEEPWOODS DRIVE	99705	-147.28447167298003	64.74632621521184	
2711 SHERWOOD TRAIL	99705	-147.2871959103714	64.74535693331325	
2728 DEEPWOODS DRIVE	99705	-147.28806652020165	64.74501644565338	
2730 DEEPWOODS DRIVE	99705	-147.28946433383422	64.74501140224983	
2732 DEEPWOODS DRIVE	99705	-147.2905905210838	64.74513327806683	
3501 CONIFER DRIVE	99705	-147.287065932312	64.74771755893892	
2679 DEEPWOODS DRIVE	99705	-147.28654684965915	64.74698461079282	
2770 NEWBY ROAD	99705	-147.28619281437707	64.74221015477448	
3540 SILVERLEAF AVENUE	99705	-147.28297585914075	64.7398133924423	
3532 SILVERLEAF AVENUE	99705	-147.28415303417736	64.73986366207996	
3524 SILVERLEAF AVENUE	99705	-147.2849756217706	64.73986733601716	
3470 SILVERLEAF AVENUE	99705	-147.29069517895212	64.74006670735666	
3467 SILVERLEAF AVENUE	99705	-147.2908301679777	64.73897538685236	
3479 SILVERLEAF AVENUE	99705	-147.28978718398943	64.73922721967848	
2680 NEWBY ROAD	99705	-147.28980679471485	64.74700117408621	
2664 NEWBY ROAD	99705	-147.2899093112438	64.74760820349452	
2731 NEWBY ROAD	99705	-147.29255725026778	64.74457552052746	
2715 DAGAN CIRCLE	99705	-147.28064970113465	64.74477625430082	
2665 DAGAN CIRCLE	99705	-147.28221644319052	64.74747467392332	
2714 SHERWOOD TRAIL	99705	-147.28481393800385	64.74541355172953	
2730 SHERWOOD TRAIL	99705	-147.28427040165897	64.74471446855713	
2717 SHERWOOD TRAIL	99705	-147.285825505985	64.74476062082329	
2719 DEEPWOODS DRIVE	99705	-147.2898369985438	64.74596584736942	
2690 NEWBY ROAD	99705	-147.29045800593713	64.74634648167319	
677 SAINT NICHOLAS DRIVE	99705	-147.32782981893033	64.74920010718085	
675 SAINT NICHOLAS DRIVE	99705	-147.32788739384296	64.74921941783359	
736 OUIDA WAY	99705	-147.32928955305988	64.74864372020122	
679 SAINT NICHOLAS DRIVE	99705	-147.32777184552313	64.74917669900164	
681 SAINT NICHOLAS DRIVE	99705	-147.3277190690128	64.7491532442714	
683 SAINT NICHOLAS DRIVE	99705	-147.3276558654715	64.74912919921299	
724 OUIDA WAY	99705	-147.32972676114167	64.74880713434563	
712 OUIDA WAY	99705	-147.33020320435108	64.74898568356473	
3216 KRIS KRINGLE DRIVE	99705	-147.31786127087983	64.74901604515786	
3080 TIMBERBROOK DRIVE	99705	-147.30536506299524	64.72811131728368	
3010 ARMISTICE STREET	99705	-147.31479027495098	64.73235560611053	
2716 BEECH DRIVE	99705	-147.3057556709001	64.74549024291402	
3027 DYKE ROAD	99705	-147.2982601909592	64.73099817207705	
2620 MICAH ROAD	99705	-147.30047934666257	64.75043803377156	
791 CLEAR WATER COURT	99705	-147.32595527587128	64.74306309750175	
3057 DYKE ROAD	99705	-147.29213463557636	64.73018393528032	
3059 DYKE ROAD	99705	-147.2920516837993	64.72992568515818	
707 SAINT NICHOLAS DRIVE	99705	-147.3269508299901	64.74869129737665	
721 EAST EIGHTH AVENUE	99705	-147.33020144913348	64.74831059732291	
3080 TREATY STREET	99705	-147.30883102729734	64.7290836239566	
3076 TREATY STREET	99705	-147.30894986854588	64.72947376348877	
3034 DYKE ROAD	99705	-147.28766586401696	64.7306441292532	
801 EAST EIGHTH AVENUE	99705	-147.32875361819012	64.74872851625706	
803 EAST EIGHTH AVENUE	99705	-147.32869838974835	64.74870761662298	
805 EAST EIGHTH AVENUE	99705	-147.32864743352727	64.74872926310816	
807 EAST EIGHTH AVENUE	99705	-147.32871270932614	64.74875876206086	
809 EAST EIGHTH AVENUE	99705	-147.32860067669975	64.748754980203	
2547 MICAH ROAD	99705	-147.2987066348844	64.75321065575002	
3256 KRIS KRINGLE DRIVE	99705	-147.3139165028824	64.74828749663055	
2638 SCOTCH PINE DRIVE	99705	-147.3011540473875	64.7492790035215	
2745 NEWBY ROAD	99705	-147.29281197423063	64.7440943593222	
815 EAST EIGHTH AVENUE	99705	-147.32843181376205	64.74883237856055	
817 EAST EIGHTH AVENUE	99705	-147.32838125597655	64.74885812694099	
819 EAST EIGHTH AVENUE	99705	-147.3283407345938	64.74888446906446	
821 EAST EIGHTH AVENUE	99705	-147.32829038004743	64.74891431756248	
750 EAST EIGHTH AVENUE	99705	-147.32887375354213	64.74818529228014	
2510 LINEMAN AVENUE	99705	-147.30254996523013	64.7547483172555	
1147 WEST TURNAROUND	99705	-147.31663201002465	64.74418278600226	
1133 WEST TURNAROUND	99705	-147.3172750738044	64.74405961311417	
1121 WEST TURNAROUND	99705	-147.31871070028097	64.74410926868896	
1103 WEST TURNAROUND	99705	-147.31908688599322	64.74379681461313	
1100 WEST TURNAROUND	99705	-147.31904146840645	64.74318584214538	
1132 WEST TURNAROUND	99705	-147.3178523021891	64.74346291394579	
1150 WEST TURNAROUND	99705	-147.31650487237889	64.74349555257227	
954 SHIRLEY TURNAROUND	99705	-147.32229660457256	64.74561873938327	
1008 SHIRLEY TURNAROUND	99705	-147.32160495656146	64.74533982169072	
1022 SHIRLEY TURNAROUND	99705	-147.32131493268332	64.74498687940653	
1015 SHIRLEY TURNAROUND	99705	-147.32234023281333	64.74471448761633	
2998 ARMISTICE STREET	99705	-147.31473007226992	64.73281179197937	
2571 OLD MISSION ROAD	99705	-147.3295936242322	64.75178595366197	
3282 WYATT ROAD	99705	-147.31042817453118	64.75110142077949	
3247 WYATT ROAD	99705	-147.31441644601944	64.75038546647504	
3179 WYATT ROAD	99705	-147.32107136632786	64.75230985331797	
3165 WYATT ROAD	99705	-147.32266578179954	64.75257120327417	
3157 WYATT ROAD	99705	-147.32412102791866	64.7531169049989	
2558 OLD MISSION ROAD	99705	-147.32585843278656	64.75236116332319	
2552 MISTLETOE DRIVE	99705	-147.32801465244708	64.7509320294982	
3150 KRIS KRINGLE DRIVE	99705	-147.32251050183334	64.75149959458051	
3160 KRIS KRINGLE DRIVE	99705	-147.32151408815605	64.75111259344011	
3190 KRIS KRINGLE DRIVE	99705	-147.31982398250344	64.75055912871576	
3200 KRIS KRINGLE DRIVE	99705	-147.31891618065842	64.75022644089864	
3210 KRIS KRINGLE DRIVE	99705	-147.31764415964867	64.74984344882289	
3155 KRIS KRINGLE DRIVE	99705	-147.32257938279025	64.75054510515203	
3121 KRIS KRINGLE DRIVE	99705	-147.32302737574275	64.75013322302553	
3262 WYATT ROAD	99705	-147.3112052738443	64.75156850792808	
3252 WYATT ROAD	99705	-147.31279155981667	64.75142654439695	
3242 WYATT ROAD	99705	-147.3135436453021	64.75158926290707	
3177 JUDY LANE	99705	-147.32187199950502	64.75356234915405	
3187 JUDY LANE	99705	-147.32011649776132	64.75357158797577	
3199 JUDY LANE	99705	-147.31913237593315	64.7535575250362	
3217 JUDY LANE	99705	-147.31829949458066	64.75359080189843	
3289 JUDY LANE	99705	-147.31023062092757	64.75312058632777	
2515 DAWSON ROAD	99705	-147.31006508288803	64.75267961410866	
2525 DAWSON ROAD	99705	-147.3095527698505	64.75229035240497	
3248 JUDY LANE	99705	-147.31388371138357	64.75399931972532	
3250 JUDY LANE	99705	-147.3145833639579	64.75473497968416	
3240 JUDY LANE	99705	-147.31631770125745	64.75471413476373	
3230 JUDY LANE	99705	-147.3165337495245	64.75475039086143	
3293 LINEMAN AVENUE	99705	-147.30897216625527	64.75478175448171	
3283 LINEMAN AVENUE	99705	-147.31008281661892	64.7549234926504	
2485 DAWSON ROAD	99705	-147.30933318938784	64.7557961764998	
2489 DAWSON ROAD	99705	-147.31089189113328	64.75555440795183	
3268 LINEMAN AVENUE	99705	-147.31257564092664	64.75545676586827	
3216 LEW MYERS LANE	99705	-147.31778691323734	64.75564916241215	
2485 ROCKY ROAD	99705	-147.31600717336178	64.7557134768306	
2492 OUTSIDE BOULEVARD	99705	-147.329794549571	64.75575198412737	
2502 OUTSIDE BOULEVARD	99705	-147.3291013157934	64.75496133839441	
2526 OUTSIDE BOULEVARD	99705	-147.32822985032035	64.75409325120997	
659 SAINT NICHOLAS DRIVE	99705	-147.32840372971071	64.74925034030026	
669 SAINT NICHOLAS DRIVE	99705	-147.3283058467841	64.74921703220582	
671 SAINT NICHOLAS DRIVE	99705	-147.32800734111527	64.7492661982574	
673 SAINT NICHOLAS DRIVE	99705	-147.32794983135207	64.74924415331722	
2494 OUTSIDE BOULEVARD	99705	-147.32946030046372	64.75559781730969	
557 SAINT NICHOLAS DRIVE	99705	-147.32947476278522	64.74979927882548	
661 SAINT NICHOLAS DRIVE	99705	-147.3282663317793	64.74936163966383	
663 SAINT NICHOLAS DRIVE	99705	-147.32821002470362	64.74933958315239	
665 SAINT NICHOLAS DRIVE	99705	-147.32814775265985	64.7493141626318	
667 SAINT NICHOLAS DRIVE	99705	-147.32808087813373	64.74928878330402	
2547 YAKUTAT DRIVE	99705	-147.2898620227913	64.75309791203158	
2565 YAKUTAT DRIVE	99705	-147.28998245883037	64.7522225957024	
2579 YAKUTAT DRIVE	99705	-147.29019633017714	64.75166879165796	
2593 YAKUTAT DRIVE	99705	-147.28974243433765	64.75102133497457	
2638 YAKUTAT DRIVE	99705	-147.28777646265027	64.74895627899875	
2505 NAKNEK LANE	99705	-147.28332547223494	64.75486906422007	
2521 NAKNEK LANE	99705	-147.2831388411767	64.75418702813903	
3526 NULATO DRIVE	99705	-147.28475309121183	64.75446268099957	
3510 NULATO DRIVE	99705	-147.28623768350838	64.75468479439354	
3501 KALTAG DRIVE	99705	-147.28775373206207	64.74968342024322	
3450 FEELA LANE	99705	-147.29320144725833	64.74936863368137	
3450 FEELA LANE	99705	-147.2931924643017	64.74929651098333	
2634 SHADY LANE	99705	-147.29721246843067	64.74841050704413	
2638 SHADY LANE	99705	-147.29812852671736	64.7484474955633	
2649 SHADY LANE	99705	-147.29969779521213	64.74863683931557	
2641 SHADY LANE	99705	-147.2996200656705	64.74928852865932	
2651 SCOTCH PINE DRIVE	99705	-147.30254544907584	64.74842392014284	
3520 CONIFER DRIVE	99705	-147.28500392660965	64.74827686792806	
2648 TENAKEE WAY	99705	-147.28358764816448	64.74833612187224	
3542 KALTAG DRIVE	99705	-147.28318956122305	64.74977589709937	
3511 HOONAH DRIVE	99705	-147.2861946880361	64.7516052310836	
3527 HOONAH DRIVE	99705	-147.2851450909252	64.75131462666118	
3541 HOONAH DRIVE	99705	-147.28321834146413	64.75107139188428	
3555 HOONAH DRIVE	99705	-147.28152188589445	64.75071694631228	
3524 HOONAH DRIVE	99705	-147.28453379309096	64.752341221727	
3514 HOONAH DRIVE	99705	-147.2863093329506	64.75259111136445	
2560 YAKUTAT DRIVE	99705	-147.28803990770558	64.75286333533761	
2530 YAKUTAT DRIVE	99705	-147.28771385857712	64.75358705139918	
3432 CONIFER DRIVE	99705	-147.29504762433788	64.74839710647109	
3438 CONIFER DRIVE	99705	-147.29438079489364	64.74848671753813	
3430 DUNCAN ROAD	99705	-147.29422729974408	64.75207653920401	
3412 DUNCAN ROAD	99705	-147.29690319126576	64.75185538072284	
3390 DUNCAN ROAD	99705	-147.29858324075067	64.75183064017902	
2552 DAWSON ROAD	99705	-147.3074227956446	64.75293470936842	
2536 DAWSON ROAD	99705	-147.30745045702648	64.7536383683162	
3329 LINEMAN AVENUE	99705	-147.30523593233283	64.7547716742372	
2527 HONEY BEE LANE	99705	-147.3053113537348	64.75379723132495	
2509 BARRETT COURT	99705	-147.30382036623217	64.75470838229374	
2526 BARRETT COURT	99705	-147.3026527897001	64.75401976740761	
2509 JOSHUA WAY	99705	-147.3014314144193	64.75447076895412	
2510 MICAH ROAD	99705	-147.29679126077886	64.7549179248523	
2517 MICAH ROAD	99705	-147.2988350998369	64.75448974610251	
2518 MICAH ROAD	99705	-147.29642773895384	64.75447757885082	
3455 FEELA LANE	99705	-147.2934783873891	64.74868799516851	
3455 FEELA LANE	99705	-147.29341222744017	64.74868637053157	
3455 FEELA LANE	99705	-147.29332926112465	64.74868453446359	
3455 FEELA LANE	99705	-147.29325531002561	64.74868268791505	
3455 FEELA LANE	99705	-147.29301255890547	64.74868010974517	
3450 FEELA LANE	99705	-147.2931887684889	64.74919450357119	
3450 FEELA LANE	99705	-147.2931899728362	64.74911357587425	
3348 CONIFER DRIVE	99705	-147.3037158810909	64.74834762785721	
2637 SCOTCH PINE DRIVE	99705	-147.3026754525855	64.74890676629472	
2635 SCOTCH PINE DRIVE	99705	-147.30375659759443	64.74890830866866	
2630 SCOTCH PINE DRIVE	99705	-147.30287141055481	64.74971503065491	
2626 DAWSON ROAD	99705	-147.30729014981546	64.74941903207815	
3321 MALLORY AVENUE	99705	-147.30594847204006	64.75019303401504	
3310 MALLORY AVENUE	99705	-147.30728000219804	64.75069558636265	
2685 MICAH ROAD	99705	-147.30750979791245	64.75118415330836	
2587 RACHEL COURT	99705	-147.30386398242598	64.75133601884787	
2590 RACHEL COURT	99705	-147.3017019860793	64.75132398520289	
2625 MICAH ROAD	99705	-147.30155218021397	64.75083817740688	
2655 MICAH ROAD	99705	-147.3046096146378	64.75002008791874	
3430 KALTAG DRIVE	99705	-147.29648392303793	64.75037473235221	
3440 KALTAG DRIVE	99705	-147.29541197581005	64.7502886659832	
3446 KALTAG DRIVE	99705	-147.2945487480469	64.75029862708088	
3448 KALTAG DRIVE	99705	-147.29405319586388	64.75012901278903	
3441 DUNCAN ROAD	99705	-147.29508978793737	64.75103396966323	
2533 MICAH ROAD	99705	-147.29902407697898	64.75396853033476	
3445 JEREMY LANE	99705	-147.2933964351416	64.75296672571224	
3437 JEREMY LANE	99705	-147.294200076944	64.75264746225615	
3427 JEREMY LANE	99705	-147.29514807707406	64.75330764135704	
2493 NEWBY ROAD	99705	-147.2927404173368	64.75557132515131	
3432 LINEMAN AVENUE	99705	-147.29435209325754	64.75562506357323	
3424 LINEMAN AVENUE	99705	-147.29586204675655	64.75574893511912	
3366 LINEMAN AVENUE	99705	-147.30163585760863	64.75547186412669	
3356 LINEMAN AVENUE	99705	-147.3030492226852	64.75545867806812	
3336 LINEMAN AVENUE	99705	-147.303918478659	64.7555699216458	
3330 LINEMAN AVENUE	99705	-147.3047545613586	64.75565395588175	
3560 SILVERLEAF AVENUE	99705	-147.28109990684453	64.73980488639612	
3569 MANDEVILLE LOOP	99705	-147.28152526052583	64.73560862625867	
3548 SILVERLEAF AVENUE	99705	-147.28223681969007	64.73980846987371	
3508 SILVERLEAF AVENUE	99705	-147.28669893282907	64.73984384755857	
3494 SILVERLEAF AVENUE	99705	-147.28812358285842	64.74008671675732	
3478 SILVERLEAF AVENUE	99705	-147.2899354533607	64.73988087386039	
3497 SILVERLEAF AVENUE	99705	-147.2880158447927	64.73924415456993	
3509 SILVERLEAF AVENUE	99705	-147.28674086352385	64.73924239085594	
3519 SILVERLEAF AVENUE	99705	-147.28590871553402	64.73924262100702	
3564 BIATHALON AVENUE	99705	-147.28102289243353	64.73844312363981	
3548 BIATHALON AVENUE	99705	-147.28221185310542	64.73845918381171	
3530 BIATHALON AVENUE	99705	-147.28497522502184	64.7384749798027	
3512 BIATHALON AVENUE	99705	-147.2857519487232	64.73848916512866	
3485 BIATHALON AVENUE	99705	-147.28829230221373	64.73778862514672	
3502 MANDEVILLE LOOP	99705	-147.28663503457054	64.73775811719081	
3517 BIATHALON AVENUE	99705	-147.28537890479996	64.73786960529357	
3529 BIATHALON AVENUE	99705	-147.28447359235054	64.73793594757429	
3396 WHITE SPRUCE DRIVE	99705	-147.29852713668657	64.74545508616113	
3361 WHITE SPRUCE DRIVE	99705	-147.30212919405662	64.74431691236077	
3347 WHITE SPRUCE DRIVE	99705	-147.30350073032406	64.7441744765394	
3333 WHITE SPRUCE DRIVE	99705	-147.30547914705656	64.74434502028582	
2704 DAWSON ROAD	99705	-147.30742140501664	64.74603761571454	
3557 MANDEVILLE LOOP	99705	-147.2830317436913	64.73590293388717	
3539 MANDEVILLE LOOP	99705	-147.28455568192214	64.73625588925712	
3523 MANDEVILLE LOOP	99705	-147.2857931191056	64.7365867217165	
3515 MANDEVILLE LOOP	99705	-147.28692975124306	64.73691867487247	
3556 MANDEVILLE LOOP	99705	-147.2822614830038	64.73651505844178	
3564 MANDEVILLE LOOP	99705	-147.2813550692282	64.73631777527537	
2669 NEWBY ROAD	99705	-147.29230758162151	64.74769163027595	
2683 NEWBY ROAD	99705	-147.29257709305494	64.74665631341718	
2707 NEWBY ROAD	99705	-147.29303007653158	64.74575121240203	
3430 JOHNALYN COURT	99705	-147.29520442416498	64.74675257493126	
2668 SHADY LANE	99705	-147.29776297279525	64.7475877492022	
2678 SHADY LANE	99705	-147.29780177354448	64.74721193143556	
2688 SHADY LANE	99705	-147.29637101600449	64.74725873777817	
2685 SHADY LANE	99705	-147.29647566774216	64.74641597534377	
2673 SHADY LANE	99705	-147.297589629507	64.74642830599035	
2757 NEWBY ROAD	99705	-147.2926209962961	64.74373693178293	
2767 NEWBY ROAD	99705	-147.29230214234656	64.74355818255304	
2716 SCOTCH PINE DRIVE	99705	-147.30070498132162	64.74518931188409	
3386 WHITE SPRUCE DRIVE	99705	-147.2996837420884	64.74536769701649	
2690 BEECH DRIVE	99705	-147.30402994901752	64.74646354098977	
3392 WHITE SPRUCE DRIVE	99705	-147.2985596237638	64.74601596551777	
3385 WHITE SPRUCE DRIVE	99705	-147.2986191015289	64.74465732609261	
3375 WHITE SPRUCE DRIVE	99705	-147.30024327207758	64.74451744768149	
3403 SPRUCE BRANCH DRIVE	99705	-147.29845175895016	64.74229277119439	
2696 BEECH DRIVE	99705	-147.3041252178364	64.74594996878793	
3338 WHITE SPRUCE DRIVE	99705	-147.30431082104016	64.74486093896685	
2671 SCOTCH PINE DRIVE	99705	-147.30235141179764	64.74757595315664	
3320 LIBERTY COURT	99705	-147.30601590114898	64.74320225539243	
3330 LIBERTY COURT	99705	-147.30508824199393	64.74328125134254	
3340 LIBERTY COURT	99705	-147.3040933793836	64.74318687566603	
3390 LIBERTY COURT	99705	-147.29996600964256	64.74204628454034	
3400 LIBERTY COURT	99705	-147.29936433732806	64.74181650077429	
3410 LIBERTY COURT	99705	-147.29846028653628	64.74153366118847	
3420 LIBERTY COURT	99705	-147.29886100134826	64.74130919358865	
2795 BENJAMIN FRANKLIN STREET	99705	-147.30267615090452	64.74175616988953	
2785 BENJAMIN FRANKLIN STREET	99705	-147.30211999984667	64.74209687751943	
2770 JOHN HANCOCK COURT	99705	-147.30284798020963	64.74237672059428	
2780 JOHN HANCOCK COURT	99705	-147.3035387670913	64.74210867330721	
3370 MAISIA COURT	99705	-147.30054299008168	64.74341324704528	
3373 SPRUCE BRANCH DRIVE	99705	-147.298568001094	64.7435878450228	
3365 SPRUCE BRANCH DRIVE	99705	-147.29753247062857	64.7437488878639	
3351 SPRUCE BRANCH DRIVE	99705	-147.2960708045828	64.74378964864513	
3411 SPRUCE BRANCH DRIVE	99705	-147.29662677000613	64.74196360871447	
3405 SPRUCE BRANCH DRIVE	99705	-147.29735976067383	64.74193651828577	
3306 WHITE SPRUCE DRIVE	99705	-147.30727470265583	64.74522978688142	
2928 WHISTLER COURT	99705	-147.3058648356736	64.73655039141077	
3408 LAURANCE ROAD	99705	-147.2964122771119	64.73443488320112	
2901 NEWBY ROAD	99705	-147.2921998295531	64.73628786836626	
3438 LAURANCE ROAD	99705	-147.29364174102597	64.73413159719684	
3450 LAURANCE ROAD	99705	-147.29295298984272	64.73390553091635	
3510 LAURANCE ROAD	99705	-147.2856821421495	64.73394497678659	
2950 SAINT NICHOLAS DRIVE	99705	-147.2872791894284	64.73496394807464	
2944 SAINT NICHOLAS DRIVE	99705	-147.2876277030024	64.73524219624353	
3555 LAURANCE ROAD	99705	-147.2811070891439	64.73304142652279	
3049 PROBERT DRIVE	99705	-147.28136694913007	64.73027736061215	
3029 PROBERT DRIVE	99705	-147.28480595637438	64.73092362917598	
3012 DYKE ROAD	99705	-147.2907849864505	64.7324012852351	
3018 DYKE ROAD	99705	-147.29082485140805	64.7318257988301	
3030 DYKE ROAD	99705	-147.29029105852965	64.73134691282446	
3036 DYKE ROAD	99705	-147.29084775002394	64.7308654366117	
3074 DYKE ROAD	99705	-147.28998536429188	64.7293111128632	
3104 LARKSPUR COURT	99705	-147.28580181870106	64.72810416727376	
3015 DYKE ROAD	99705	-147.29223604852794	64.7319776590263	
2999 DYKE ROAD	99705	-147.29229682773519	64.7325328211339	
3035 DYKE ROAD	99705	-147.2951208571385	64.73077646221572	
3039 DYKE ROAD	99705	-147.2925535500847	64.73077082065451	
3404 FOGARTY COURT	99705	-147.2943322997571	64.72907300713132	
3402 FOGARTY COURT	99705	-147.29376662148866	64.72950458163734	
3514 ERIN DRIVE	99705	-147.28596426644685	64.72767910177058	
3440 HOOVER ROAD	99705	-147.29352268231452	64.73260898793232	
3399 LAURANCE ROAD	99705	-147.29764591643863	64.73326886254527	
3419 HOOVER ROAD	99705	-147.29949127500296	64.73221398154845	
3395 FOGARTY COURT	99705	-147.29863229549787	64.72901516177966	
3097 DYKE ROAD	99705	-147.29214774841788	64.72844364688403	
3418 FOGARTY COURT	99705	-147.2949007641544	64.72808605964497	
3408 FOGARTY COURT	99705	-147.295095551789	64.7285696694354	
3371 ALPINE COURT	99705	-147.30135129418326	64.73233018677064	
3372 BENTWOOD AVENUE	99705	-147.3013634086257	64.73178011298964	
3022 TIMBERBROOK DRIVE	99705	-147.30517739168906	64.73183875504381	
3004 TIMBERBROOK DRIVE	99705	-147.3062872027204	64.73274254467957	
3031 TIMBERBROOK DRIVE	99705	-147.30728100458404	64.73092378986226	
3355 BENTWOOD AVENUE	99705	-147.3027870064073	64.73105481206538	
3037 TIMBERBROOK DRIVE	99705	-147.30698826859395	64.73045574182062	
3052 TIMBERBROOK DRIVE	99705	-147.3041850474548	64.72974124997565	
3060 TIMBERBROOK DRIVE	99705	-147.30405615659686	64.72922947725701	
3068 TIMBERBROOK DRIVE	99705	-147.3042093731175	64.7288958060534	
3074 TIMBERBROOK DRIVE	99705	-147.3047727705072	64.72849642056553	
3371 CHOKECHERRY COURT	99705	-147.30129579289485	64.72921167790305	
3085 MELLOW WOODS DRIVE	99705	-147.30157012744243	64.72888932560645	
3364 ELDERBERRY LANE	99705	-147.30266128655973	64.72845320038431	
3354 ELDERBERRY LANE	99705	-147.30320315619502	64.72797554455404	
3448 FOGARTY COURT	99705	-147.29349740603644	64.72833442563949	
3410 HOOVER ROAD	99705	-147.2965160809728	64.7326640889966	
3426 HOOVER ROAD	99705	-147.29474343556137	64.73264681466736	
3396 HOOVER ROAD	99705	-147.29814314160117	64.73271454100423	
3447 HOOVER ROAD	99705	-147.29387779376478	64.73194826858908	
3039 TIMBERBROOK DRIVE	99705	-147.30636615429893	64.72999839874501	
3045 TIMBERBROOK DRIVE	99705	-147.30578333234135	64.72959391850559	
3065 TIMBERBROOK DRIVE	99705	-147.3054870433332	64.72904585072092	
3075 TIMBERBROOK DRIVE	99705	-147.30642936131673	64.72862282796541	
3370 ELDERBERRY LANE	99705	-147.30134371411495	64.72836655896577	
3490 BIATHALON AVENUE	99705	-147.28855760934414	64.73846817273274	
3472 BIATHALON AVENUE	99705	-147.28968362206433	64.73844404798433	
3469 BIATHALON AVENUE	99705	-147.29045284836687	64.73791025802099	
3413 CONIFER DRIVE	99705	-147.29651365166788	64.74757578123854	
2663 SHADY LANE	99705	-147.29911641681917	64.7463535162321	
2653 SHADY LANE	99705	-147.29977572319817	64.74698151014488	
2643 SHADY LANE	99705	-147.29941904122967	64.7475594892921	
3477 BIATHALON AVENUE	99705	-147.2893410007313	64.7378540858257	
3545 BIATHALON AVENUE	99705	-147.28308756673306	64.73779972435115	
3553 BIATHALON AVENUE	99705	-147.28205848148534	64.73784565522666	
3598 JIM THORPE COURT	99705	-147.28114279803404	64.73772878905912	
3509 MANDEVILLE LOOP	99705	-147.2877679233825	64.73719422693112	
3518 MANDEVILLE LOOP	99705	-147.28542773455055	64.73718304046503	
3530 MANDEVILLE LOOP	99705	-147.28440032208198	64.73687131304602	
3542 MANDEVILLE LOOP	99705	-147.28305438547193	64.73662563853813	
3606 JIM THORPE COURT	99705	-147.28256429030728	64.73727850027177	
3420 JOHNALYN COURT	99705	-147.29400337754845	64.74647021002056	
3433 CONIFER DRIVE	99705	-147.29381425773585	64.74754246365563	
3423 CONIFER DRIVE	99705	-147.29542730057287	64.74758060013305	
2797 NEWBY ROAD	99705	-147.29333367891533	64.7412962996388	
3405 LIBERTY COURT	99705	-147.29967255885597	64.74131161250256	
3395 LIBERTY COURT	99705	-147.30023003359042	64.74153794171838	
3385 LIBERTY COURT	99705	-147.30100784734014	64.74187222145278	
2790 BENJAMIN FRANKLIN STREET	99705	-147.30135582152283	64.7415132726318	
2667 SCOTCH PINE DRIVE	99705	-147.30057805272494	64.74743762338679	
2686 SCOTCH PINE DRIVE	99705	-147.3007216141669	64.74693308849228	
2708 SCOTCH PINE DRIVE	99705	-147.30059678040953	64.74599006278429	
3413 WHITE SPRUCE DRIVE	99705	-147.29714836747814	64.74596148527066	
3400 WHITE SPRUCE DRIVE	99705	-147.29670958766405	64.74547242366502	
3350 LIBERTY COURT	99705	-147.3032874978232	64.74303454630252	
3360 LIBERTY COURT	99705	-147.30255485109697	64.74279304095887	
3370 LIBERTY COURT	99705	-147.30161899701065	64.74256548291652	
3380 LIBERTY COURT	99705	-147.30072644553223	64.74234953549116	
2775 JOHN HANCOCK COURT	99705	-147.3041656541038	64.74231750431879	
3004 PROBERT DRIVE	99705	-147.28405707409436	64.73254296562314	
3535 JOAN AVENUE	99705	-147.28322506496548	64.73194660001305	
3559 JOAN AVENUE	99705	-147.28121383121373	64.7317081113138	
3054 PROBERT DRIVE	99705	-147.28095733035192	64.73108125518507	
3044 PROBERT DRIVE	99705	-147.28218870182852	64.73104214048062	
2765 JOHN HANCOCK COURT	99705	-147.30393943564297	64.7426314654688	
3325 LIBERTY COURT	99705	-147.30534300321975	64.74277584697387	
3355 MAISIA COURT	99705	-147.30153197776787	64.74343051475876	
3395 SPRUCE BRANCH DRIVE	99705	-147.29930199985068	64.74269433998867	
3339 SPRUCE BRANCH DRIVE	99705	-147.2949203156282	64.74366850418461	
3333 SPRUCE BRANCH DRIVE	99705	-147.29446554691123	64.74318820510096	
3438 SPRUCE BRANCH DRIVE	99705	-147.29430386323654	64.7427532428405	
3425 SPRUCE BRANCH DRIVE	99705	-147.29523211535593	64.74206521521016	
3320 SPRUCE BRANCH DRIVE	99705	-147.29553625768347	64.74271660741113	
3340 SPRUCE BRANCH DRIVE	99705	-147.29573892370175	64.74322970791762	
3370 SPRUCE BRANCH DRIVE	99705	-147.29763357469915	64.743166344723	
2741 NEWBY ROAD	99705	-147.2941490777031	64.74461348321461	
2973 WHISTLER COURT	99705	-147.30569267702504	64.7342730705243	
2965 WHISTLER COURT	99705	-147.30730142829097	64.7348630747155	
2961 WHISTLER COURT	99705	-147.30754252545094	64.73530991954914	
2940 WHISTLER COURT	99705	-147.3049155832628	64.7363108684187	
2950 WHISTLER COURT	99705	-147.30519920834055	64.73577892076183	
2960 WHISTLER COURT	99705	-147.30517766244265	64.73533464425343	
2970 WHISTLER COURT	99705	-147.30494559738747	64.73492566478241	
3460 LAURANCE ROAD	99705	-147.2920745154892	64.73395891152238	
2925 NEWBY ROAD	99705	-147.2908226984266	64.73521956259725	
3498 LAURANCE ROAD	99705	-147.28802626573165	64.73424969603363	
3011 PROBERT DRIVE	99705	-147.2854933558002	64.73217167600127	
3515 LAURANCE ROAD	99705	-147.28552194773562	64.73317989119602	
3050 TOBACCO ROAD	99705	-147.29713060452286	64.72793879973261	
3056 TOBACCO ROAD	99705	-147.29698727681114	64.72763793819728	
3370 ALPINE COURT	99705	-147.30097397293864	64.73299787417062	
3423 HOOVER ROAD	99705	-147.29847431912745	64.7321542274553	
3431 HOOVER ROAD	99705	-147.29681086523848	64.73207819856955	
3437 HOOVER ROAD	99705	-147.2956910304853	64.73201195062315	
3441 HOOVER ROAD	99705	-147.29351614777468	64.73195841774285	
3440 LINDALL LANE	99705	-147.2937434966392	64.72986391091072	
3065 DYKE ROAD	99705	-147.2925186661224	64.72942202156224	
3077 DYKE ROAD	99705	-147.2931734102811	64.72908295549807	
3109 FOGARTY COURT	99705	-147.29369036973537	64.72789891669773	
3101 FOGARTY COURT	99705	-147.29354773025588	64.72789158551099	
3095 DYKE ROAD	99705	-147.29216609567848	64.72848459249008	
3440 FOGARTY COURT	99705	-147.2939987039819	64.72791366536164	
3449 FOGARTY COURT	99705	-147.29215270717467	64.72773013186887	
3360 ALPINE COURT	99705	-147.3019655315847	64.73306079068196	
3353 ALPINE COURT	99705	-147.30406889270043	64.73283586618827	
3355 ALPINE COURT	99705	-147.30276255730945	64.73226278385752	
3000 TIMBERBROOK DRIVE	99705	-147.30762091612507	64.7328024417296	
3009 TIMBERBROOK DRIVE	99705	-147.3077034374606	64.73222179900527	
3015 TIMBERBROOK DRIVE	99705	-147.30677112132622	64.73212154030828	
3021 TIMBERBROOK DRIVE	99705	-147.30730495478804	64.73167886193285	
3080 GREENBRIER WAY	99705	-147.30762275912934	64.72974835158843	
3040 TIMBERBROOK DRIVE	99705	-147.30474734557924	64.73022094818567	
3100 TIMBERBROOK DRIVE	99705	-147.3071578075465	64.72752366977483	
3053 MELLOW WOODS DRIVE	99705	-147.30251369319325	64.73016468670336	
3368 CHOKECHERRY COURT	99705	-147.30104145541588	64.72982831361801	
3365 CHOKECHERRY COURT	99705	-147.30247831488433	64.72942982558426	
3359 ELDERBERRY LANE	99705	-147.30210719263755	64.72758285138147	
3373 ELDERBERRY LANE	99705	-147.30099737490568	64.72763598432935	
3415 LAURANCE ROAD	99705	-147.29557060787744	64.73324299372453	
3435 LAURANCE ROAD	99705	-147.29282363903567	64.73321406618476	
3386 HOOVER ROAD	99705	-147.29939811533384	64.73270760096834	
3012 TIMBERBROOK DRIVE	99705	-147.30494374315205	64.73217514852305	
3008 TIMBERBROOK DRIVE	99705	-147.30542136307687	64.73255226228584	
3335 BENTWOOD AVENUE	99705	-147.30513227135523	64.73119007171803	
3034 TIMBERBROOK DRIVE	99705	-147.305034661269	64.7307875802833	
3356 ELDERBERRY LANE	99705	-147.30404635475566	64.72754622732344	
3140 KRIS KRINGLE DRIVE	99705	-147.32433212353197	64.7511852476919	
1003 SHIRLEY TURNAROUND	99705	-147.32301088096136	64.74485142357901	
955 SHIRLEY TURNAROUND	99705	-147.3235139440772	64.74513950702844	
1102 NORTH STAR DRIVE	99705	-147.31595929396482	64.74250458380862	
1152 NORTH STAR DRIVE	99705	-147.31717281029393	64.74210203843276	
1140 LAKE DRIVE	99705	-147.3241940904194	64.74149557912651	
1152 LAKE DRIVE	99705	-147.32259585947827	64.74117321980448	
1141 LAKE DRIVE	99705	-147.32481684014073	64.7409463996471	
1151 LAKE DRIVE	99705	-147.32399256078241	64.740684437	
934 BARBARA LEE DRIVE	99705	-147.32315238330875	64.74583866142616	
902 BARBARA LEE DRIVE	99705	-147.32473739749307	64.74550596894763	
903 BARBARA LEE DRIVE	99705	-147.32414492064547	64.74637702829612	
1195 LAKE DRIVE	99705	-147.31741882492955	64.74023592398429	
752 BARBARA LEE DRIVE	99705	-147.32897682929834	64.74510363560253	
1000 BLANKET BOULEVARD	99705	-147.32977912063149	64.74497202868785	
1050 BLANKET BOULEVARD	99705	-147.32925453154732	64.74456995242753	
953 LAKE DRIVE	99705	-147.3205003506548	64.74253502229445	
1065 LAKE DRIVE	99705	-147.3248127346576	64.74404340594361	
900 LAKE DRIVE	99705	-147.3185595047324	64.7419190254042	
912 LAKE DRIVE	99705	-147.31962753839275	64.74179874412476	
922 LAKE DRIVE	99705	-147.32085869830107	64.74179439422551	
1020 LAKE DRIVE	99705	-147.3218539321666	64.74340928081288	
1056 LAKE DRIVE	99705	-147.3241921253613	64.74346998985719	
1044 NORTH STAR DRIVE	99705	-147.3145221680856	64.74351075729034	
1084 NORTH STAR DRIVE	99705	-147.31524200954658	64.74302786895262	
1206 NORTH STAR DRIVE	99705	-147.31739940792664	64.74161416240493	
1224 NORTH STAR DRIVE	99705	-147.31759198841348	64.74115972515946	
1242 NORTH STAR DRIVE	99705	-147.3178018800903	64.74077396632696	
901 LAKE DRIVE	99705	-147.31877264853668	64.74246710151937	
913 LAKE DRIVE	99705	-147.31971322735183	64.74237667969973	
1100 LAKE DRIVE	99705	-147.32467116555858	64.74319440481965	
852 BARBARA LEE DRIVE	99705	-147.32572056564464	64.74529277345398	
802 BARBARA LEE DRIVE	99705	-147.3272137622937	64.74516250495682	
1112 LAKE DRIVE	99705	-147.32451422338295	64.74274247374399	
1160 LAKE DRIVE	99705	-147.3214093180037	64.74091154479258	
1170 LAKE DRIVE	99705	-147.32050589590767	64.74087074548142	
1241 NORTH STAR DRIVE	99705	-147.31903812708902	64.74095491282598	
1185 LAKE DRIVE	99705	-147.3194468992009	64.74024611782505	
1175 LAKE DRIVE	99705	-147.3203265454279	64.74008352707753	
1165 LAKE DRIVE	99705	-147.3212960063418	64.74014861524223	
1161 LAKE DRIVE	99705	-147.32259726463644	64.74038101498411	
2681 DAWSON ROAD	99705	-147.30738608254458	64.7470743684123	
605 SAINT NICHOLAS DRIVE	99705	-147.3292472574039	64.74971718384705	
659 SAINT NICHOLAS DRIVE	99705	-147.32813792684462	64.74916224984717	
661 SAINT NICHOLAS DRIVE	99705	-147.3279698257408	64.74911420415897	
3016 ARMISTICE STREET	99705	-147.31459784055772	64.73191922181864	
3350 ALPINE COURT	99705	-147.30295276769843	64.73307955287974	
3220 EEK AVENUE	99705	-147.3175715391313	64.73112287511988	
2715 DEEPWOODS DRIVE	99705	-147.28789244969784	64.74642370853748	
2668 RICHARDSON HIGHWAY	99705	-147.31641399449092	64.74677658350893	
2990 ARMISTICE STREET	99705	-147.31480880905391	64.73323588379347	
3256 JUDY LANE	99705	-147.31215147269535	64.75501712071298	
3053 VFW STREET	99705	-147.31332516332253	64.73033509909682	
903 FORBES TURNAROUND	99705	-147.32967458604293	64.74623348867934	
932 FORBES TURNAROUND	99705	-147.32886606402678	64.7458739788345	
905 LES ROGERS TURNAROUND	99705	-147.32780098052598	64.74571041007476	
904 LES ROGERS TURNAROUND	99705	-147.32752889734192	64.7462797203719	
934 LES ROGERS TURNAROUND	99705	-147.32613382899316	64.74643972719795	
1028 HERTHA TURNAROUND	99705	-147.32545633494374	64.74477284060654	
1023 HERTHA TURNAROUND	99705	-147.32635000338706	64.74463766938163	
1013 HERTHA TURNAROUND	99705	-147.3273458143544	64.7447607068908	
539 SAINT NICHOLAS DRIVE	99705	-147.33033982301797	64.7499663026273	
541 SAINT NICHOLAS DRIVE	99705	-147.3302000026912	64.74992243695077	
543 SAINT NICHOLAS DRIVE	99705	-147.33005948994884	64.74988883228524	
3453 JEREMY LANE	99705	-147.292025451327	64.75299760867827	
3453 JEREMY LANE	99705	-147.29249693936683	64.75301589789554	
3453 JEREMY LANE	99705	-147.2923468596448	64.75301601873896	
3453 JEREMY LANE	99705	-147.29219017670235	64.75299423925101	
3525 ROUTE 66	99705	-147.2863962129782	64.75562255819854	
811 EAST EIGHTH AVENUE	99705	-147.32854612561633	64.74878076441908	
813 EAST EIGHTH AVENUE	99705	-147.32848216782574	64.74880663288435	
2590 LANA TURNABOUT	99705	-147.315623215741	64.75111889038817	
2600 LANA TURNABOUT	99705	-147.31667022440297	64.75066880499753	
2597 LANA TURNABOUT	99705	-147.3172908139435	64.75092954256111	
3054 VFW STREET	99705	-147.31208209999693	64.73026311113415	
3516 SILVERLEAF AVENUE	99705	-147.28585091755875	64.74003653561158	
3385 LAURANCE ROAD	99705	-147.29936867693516	64.73316399448392	
3104 VFW STREET	99705	-147.3120746645464	64.72791418169929	
3499 LAURANCE ROAD	99705	-147.28730725241994	64.73324591199335	
2994 DYKE ROAD	99705	-147.29060799940237	64.73283518180382	
3046 DYKE ROAD	99705	-147.2905947234909	64.73056251196795	
3054 DYKE ROAD	99705	-147.29015094395487	64.73022354495677	
3066 DYKE ROAD	99705	-147.29105836004655	64.72965067997362	
3092 DYKE ROAD	99705	-147.29039472958831	64.72848105471007	
3086 DYKE ROAD	99705	-147.29072893781503	64.7287842487947	
3084 LUPINE COURT	99705	-147.28985091987403	64.72895594881727	
3088 LUPINE COURT	99705	-147.28885712436406	64.72881946982419	
3103 LARKSPUR COURT	99705	-147.28748825911723	64.72802434321233	
3091 LARKSPUR COURT	99705	-147.28766973182263	64.7284227676068	
3077 LARKSPUR COURT	99705	-147.2878327328677	64.72887747763039	
3081 LARKSPUR COURT	99705	-147.28690359191555	64.7290247835828	
3088 LARKSPUR COURT	99705	-147.28580658735126	64.72880066122595	
3526 ERIN DRIVE	99705	-147.28461248096428	64.72757807375943	
3534 ERIN DRIVE	99705	-147.28434973375604	64.72818602803903	
3556 ERIN DRIVE	99705	-147.28434653815947	64.72875470048285	
3570 ERIN DRIVE	99705	-147.28185106322255	64.72867177085166	
1041 NORTH STAR DRIVE	99705	-147.31539588127575	64.7439646253828	
1189 LAKE DRIVE	99705	-147.3181262994337	64.7402777063271	
1320 CREEK DRIVE	99705	-147.3225495323078	64.73997670061398	
1101 NORTH STAR DRIVE	99705	-147.31701445925037	64.74296981952642	
1133 NORTH STAR DRIVE	99705	-147.31743508084176	64.74276205135507	
1001 LAKE DRIVE	99705	-147.32044595311575	64.74317102969503	
1025 LAKE DRIVE	99705	-147.32042990517172	64.74387197881921	
1031 LAKE DRIVE	99705	-147.32126939833543	64.7440505530756	
1043 LAKE DRIVE	99705	-147.32188557100807	64.74421366604463	
1051 LAKE DRIVE	99705	-147.3236291467522	64.74413975269069	
936 LAKE DRIVE	99705	-147.32203559412903	64.74184776428636	
942 LAKE DRIVE	99705	-147.32236828661306	64.74220926690911	
950 LAKE DRIVE	99705	-147.32230377133314	64.7426501228569	
1124 LAKE DRIVE	99705	-147.3244406733837	64.74231311477159	
1136 LAKE DRIVE	99705	-147.32451379817107	64.74187249652721	
2870 CIRCLE LOOP ROAD	99705	-147.32113263674395	64.73589601192214	
3041 MELLOW WOODS DRIVE	99705	-147.30083742425975	64.73104282784061	
2715 BEECH DRIVE	99705	-147.3041084823253	64.7454625351613	
3320 WHITE SPRUCE DRIVE	99705	-147.30608777650463	64.74490663200946	
2699 BEECH DRIVE	99705	-147.3059776762051	64.74606086043174	
2688 BEECH DRIVE	99705	-147.30408124931807	64.74705491044253	
3310 LAURANCE ROAD	99705	-147.3074306139907	64.73395391993728	
3490 SYLVIA LANE	99705	-147.28628705792204	64.72966504231483	
3104 DYKE ROAD	99705	-147.2904767930403	64.72787045531503	
3094 LUPINE COURT	99705	-147.28920708876385	64.72837706442668	
3108 LUPINE COURT	99705	-147.2891972726323	64.72772707381898	
3498 ERIN DRIVE	99705	-147.28790693168992	64.72756322083798	
3094 LARKSPUR COURT	99705	-147.28630116111327	64.72845943209941	
2951 WHISTLER COURT	99705	-147.30751410602525	64.73575040734423	
3400 SPRUCE BRANCH DRIVE	99705	-147.29747531475422	64.74273144802079	
2833 NEWBY ROAD	99705	-147.2956918770142	64.74026643574823	
2871 NEWBY ROAD	99705	-147.2959885812373	64.74035463421363	
2941 WHISTLER COURT	99705	-147.30755332413239	64.73613858804143	
2931 WHISTLER COURT	99705	-147.30700066341618	64.73649376799665	
3395 WHITE SPRUCE DRIVE	99705	-147.29642768229397	64.7448313839188	
3387 WHITE SPRUCE DRIVE	99705	-147.2976329673631	64.74472154828413	
3321 WHITE SPRUCE DRIVE	99705	-147.30648558666343	64.744365294652	
3305 WHITE SPRUCE DRIVE	99705	-147.3074568414159	64.74464829234918	
2670 DAWSON ROAD	99705	-147.30739001228665	64.7475835667502	
2690 DAWSON ROAD	99705	-147.3073938502556	64.74642160004288	
2695 BEECH DRIVE	99705	-147.30607386337385	64.74651084091121	
2681 BEECH DRIVE	99705	-147.3058616461691	64.74709881930734	
2669 BEECH DRIVE	99705	-147.305906448684	64.74762377823821	
2666 BEECH DRIVE	99705	-147.3041743157098	64.74759023031706	
3356 WHITE SPRUCE DRIVE	99705	-147.30258618080998	64.74478786379983	
2713 SCOTCH PINE DRIVE	99705	-147.3026006168384	64.7453557227826	
2705 SCOTCH PINE DRIVE	99705	-147.3023546612319	64.74612197548798	
2691 SCOTCH PINE DRIVE	99705	-147.3022942944476	64.74651855328129	
2681 SCOTCH PINE DRIVE	99705	-147.3024426187064	64.7469945466369	
3424 LINDALL LANE	99705	-147.29589475383128	64.73004594657752	
3107 TREATY STREET	99705	-147.31081972953265	64.72793742370102	
3035 TREATY STREET	99705	-147.31065117643408	64.73087065742263	
3116 BLITZEN DRIVE	99705	-147.32623442392602	64.75153652983089	
3118 BLITZEN DRIVE	99705	-147.326102101718	64.75155860242451	
2883 BUZBY ROAD	99705	-147.3097897084017	64.73818822426807	
2996 VFW STREET	99705	-147.31188447313446	64.73302196425773	
2519 HONEY BEE LANE	99705	-147.30551288600648	64.75401980838193	
3551 NULATO DRIVE	99705	-147.2815352156423	64.75301768822638	
2491 MISSION ROAD	99705	-147.32471880768873	64.7558045644347	
3214 WYATT ROAD	99705	-147.31697135466501	64.75213951798845	
2944 SAINT NICHOLAS DRIVE	99705	-147.2877368108436	64.73527916086196	
2944 SAINT NICHOLAS DRIVE	99705	-147.2878803836301	64.73533352566672	
2944 SAINT NICHOLAS DRIVE	99705	-147.2880485683213	64.73539231134755	
3095 TIMBERBROOK DRIVE	99705	-147.3078287869727	64.72814199281933	
2570 MISTLETOE DRIVE	99705	-147.3264083719594	64.75017408544022	
2632 MISTLETOE DRIVE	99705	-147.32194054773825	64.74853270586301	
2628 MISTLETOE DRIVE	99705	-147.32325017057647	64.74888281046006	
2550 MISTLETOE DRIVE	99705	-147.32921065961688	64.75108437520059	
3331 VETERANS AVENUE	99705	-147.31350016867182	64.7289961407468	
3097 VFW STREET	99705	-147.3133085858187	64.7285128914575	
3350 BENTWOOD AVENUE	99705	-147.30340176605725	64.7317419062521	
3249 RONALD ROAD	99705	-147.31295083915865	64.73503252810579	
2970 SAINT NICHOLAS DRIVE	99705	-147.28616157190794	64.7342663230668	
750 EAST EIGHTH AVENUE	99705	-147.32867756818854	64.74822192325858	
750 EAST EIGHTH AVENUE	99705	-147.32882305550405	64.74814618661051	
750 EAST EIGHTH AVENUE	99705	-147.32861473066734	64.74817621976247	
750 EAST EIGHTH AVENUE	99705	-147.32869560001745	64.74814251343686	
2636 MISTLETOE DRIVE	99705	-147.32135162331474	64.74833699159657	
3505 CONIFER DRIVE	99705	-147.28677073299377	64.74762409870786	
3036 PROBERT DRIVE	99705	-147.2832093171611	64.73100513008924	
3221 LAURANCE ROAD	99705	-147.31619225056508	64.73050400726231	
3219 LAURANCE ROAD	99705	-147.3162779014405	64.73019208385192	
781 CLEAR WATER COURT	99705	-147.32702372502965	64.74421062756491	
2940 GLORY COURT	99705	-147.31247781647374	64.73878492899983	
2943 GLORY COURT	99705	-147.31319036423307	64.73828869768303	
2944 GLORY COURT	99705	-147.3119454787603	64.7385550728841	
2955 GLORY COURT	99705	-147.3134853368634	64.7380663622595	
787 CLEAR WATER COURT	99705	-147.32592992989964	64.74349604083947	
767 CLEAR WATER COURT	99705	-147.3291012151024	64.74420553606517	
2958 GLORY COURT	99705	-147.31291759403177	64.73750587624609	
2950 GLORY COURT	99705	-147.311240987829	64.73807460271948	
2954 GLORY COURT	99705	-147.3116497840382	64.73761203980789	
3141 PSALMS BOULEVARD	99705	-147.31459141841069	64.73852405173515	
3131 PSALMS BOULEVARD	99705	-147.31522080425967	64.73830610580002	
3111 PSALMS BOULEVARD	99705	-147.3165168423837	64.73799549963312	
3101 PSALMS BOULEVARD	99705	-147.31812913079642	64.73801915464446	
3091 PSALMS BOULEVARD	99705	-147.3190906512582	64.73802721916968	
3151 PSALMS BOULEVARD	99705	-147.31370911660974	64.73898180641342	
3134 PSALMS BOULEVARD	99705	-147.3140276277603	64.73787515505309	
3130 PSALMS BOULEVARD	99705	-147.3144048084632	64.73774837206753	
3124 PSALMS BOULEVARD	99705	-147.31489270373237	64.73761348512193	
3120 PSALMS BOULEVARD	99705	-147.31570567384858	64.73753743144542	
3110 PSALMS BOULEVARD	99705	-147.31661442717171	64.7374890084907	
3100 PSALMS BOULEVARD	99705	-147.31757489096697	64.73747572724787	
3094 PSALMS BOULEVARD	99705	-147.31853130087327	64.73749333568195	
3090 PSALMS BOULEVARD	99705	-147.31953063388534	64.73747969694169	
785 CLEAR WATER COURT	99705	-147.32578504718208	64.74417876863855	
2582 DAWSON ROAD	99705	-147.3054183783941	64.75210302697074	
2900 BUZBY ROAD	99705	-147.30788248137915	64.73705289580484	
1172 BLANKET BOULEVARD	99705	-147.32559564349089	64.73958569063909	
1185 BLANKET BOULEVARD	99705	-147.3297969711033	64.7391575790506	
3057 VFW STREET	99705	-147.31320816567438	64.72974562331136	
712 OUIDA WAY	99705	-147.33007244244016	64.74893736272223	
712 OUIDA WAY	99705	-147.33014462113138	64.7489641326833	
712 OUIDA WAY	99705	-147.32998923696726	64.74890677447203	
724 OUIDA WAY	99705	-147.32967131536537	64.74878721675267	
724 OUIDA WAY	99705	-147.32958088999595	64.74875669301628	
724 OUIDA WAY	99705	-147.3295095380272	64.74872979604912	
736 OUIDA WAY	99705	-147.32922829570472	64.74861863197431	
736 OUIDA WAY	99705	-147.32915196844246	64.74859225405157	
736 OUIDA WAY	99705	-147.32908407986508	64.74856793757465	
3448 KALTAG DRIVE	99705	-147.29398178616356	64.75012346414324	
3448 KALTAG DRIVE	99705	-147.29387906126118	64.75011391538646	
3448 KALTAG DRIVE	99705	-147.29378767355598	64.75010901556035	
2490 MISSION ROAD	99705	-147.32293045328134	64.75565921264256	
2490 MISSION ROAD	99705	-147.32262612917572	64.75571130273092	
2490 MISSION ROAD	99705	-147.32258815233348	64.75566226621602	
3055 VFW STREET	99705	-147.31329504193835	64.7299884449333	
3244 RONALD ROAD	99705	-147.31435042671313	64.73536793598008	
3054 PSALMS BOULEVARD	99705	-147.32271602688664	64.7375132831848	
3064 PSALMS BOULEVARD	99705	-147.32165256595846	64.7375118384693	
2571 SAINT NICHOLAS DRIVE	99705	-147.31373121365402	64.7424495886566	
2801 BUZBY ROAD	99705	-147.31226401986498	64.7416677322634	
3033 TREATY STREET	99705	-147.31054619961623	64.73134558112253	
3033 TREATY STREET	99705	-147.3105467875919	64.7314255103358	
3044 PSALMS BOULEVARD	99705	-147.32379239756452	64.73752254516032	
2708 SHERWOOD TRAIL	99705	-147.28630584206869	64.74602920101616	
2708 SHERWOOD TRAIL	99705	-147.28610633615594	64.74594737313222	
3039 PSALMS BOULEVARD	99705	-147.32448301120456	64.73801617748153	
3036 PSALMS BOULEVARD	99705	-147.32500533021405	64.73743325204812	
3045 PSALMS BOULEVARD	99705	-147.32372365285974	64.73806364132801	
3053 PSALMS BOULEVARD	99705	-147.32269520566135	64.73803213944917	
2567 OLD MISSION ROAD	99705	-147.32829814881794	64.75200527237949	
3067 VFW STREET	99705	-147.3130847415845	64.72953687065342	
2663 DAWSON ROAD	99705	-147.3104212718584	64.74749323216147	
2663 DAWSON ROAD	99705	-147.310454519353	64.74760573486839	
3335 SPINNER COURT	99705	-147.33694080609447	64.76482679397463	
3335 WING COURT	99705	-147.33693907082184	64.76658978410649	
3345 WING COURT	99705	-147.33532458804	64.76619408959135	
3355 WING COURT	99705	-147.3354775228688	64.76674083284335	
3350 WING COURT	99705	-147.33528597890037	64.76719764920982	
3345 AILERON COURT	99705	-147.33521784134126	64.76818194159902	
3350 AILERON COURT	99705	-147.33499787085685	64.76861740430944	
313 NORTH SANTA CLAUS LANE	99705	-147.35287964189166	64.75711326116152	
33 SAINT NICHOLAS DRIVE	99705	-147.35008221215415	64.75624934204588	
45 SAINT NICHOLAS DRIVE	99705	-147.34898629466102	64.75618737775733	
2092 PERIDOT STREET	99705	-147.37506232339334	64.77389865983625	
2935 BADGER ROAD	99705	-147.3653766018802	64.77517002348303	
2951 BADGER ROAD	99705	-147.36485979286334	64.77426849735345	
2989 BADGER ROAD	99705	-147.35979089648143	64.77371667844724	
3009 BADGER ROAD	99705	-147.35847966811838	64.77274399014036	
2855 BEULAH COURT	99705	-147.35548113338052	64.77164997038312	
2040 KIMI STREET	99705	-147.35510495856434	64.77599778343338	
2048 KIMI STREET	99705	-147.3553006864706	64.77576648503974	
2066 JACKSON STREET	99705	-147.35486037752676	64.77489962313723	
2965 MONK COURT	99705	-147.34880057805665	64.76500592987814	
2861 COCHELLE AVENUE	99705	-147.3549633272505	64.77344517527415	
2094 KIMI STREET	99705	-147.355807251432	64.77346368971799	
2080 KIMI STREET	99705	-147.3556571042353	64.77398662383293	
2063 KIMI STREET	99705	-147.35686302712986	64.77495143426891	
3057 BADGER ROAD	99705	-147.35399791293742	64.77153698700329	
3063 BADGER ROAD	99705	-147.35298277373508	64.77124608002481	
2894 ELVIRA AVENUE	99705	-147.35203542068615	64.77108588568977	
2910 GLACIER STATE DRIVE	99705	-147.34950182519117	64.7696361167146	
3121 BADGER ROAD	99705	-147.34831037890302	64.76968072822525	
2925 HORSESHOE WAY	99705	-147.3477087058006	64.76638875770256	
2917 HORSESHOE WAY	99705	-147.34909996864968	64.76645745609925	
2907 HORSESHOE WAY	99705	-147.35000005210514	64.76647809411898	
2899 HORSESHOE WAY	99705	-147.35099649536897	64.7664788071828	
2891 HORSESHOE WAY	99705	-147.35204522707963	64.76641759609431	
2797 HORSESHOE WAY	99705	-147.35670517662268	64.76789240329319	
2785 HORSESHOE WAY	99705	-147.35470015316463	64.76785257233404	
2775 HORSESHOE WAY	99705	-147.35400554907318	64.76767975304138	
2227 BRIDLE PATH	99705	-147.3486667601103	64.76763844740003	
1921 BLACKBURN WAY	99705	-147.35599907480054	64.78086773581727	
1921 MOUNT WRANGELL STREET	99705	-147.35194388543388	64.78126085010867	
2730 GARNET DRIVE	99705	-147.36851233317708	64.78269554019523	
1906 NATAZHAT COURT	99705	-147.34749597226389	64.7816333548103	
2921 GLACIER STATE DRIVE	99705	-147.34906418444982	64.76888612118151	
3340 AILERON COURT	99705	-147.33513167206954	64.76912396060685	
3345 SPINNER COURT	99705	-147.33517097416552	64.76440307211821	
2325 GRANITE DRIVE	99705	-147.33207100951088	64.76455651000305	
2313 GRANITE DRIVE	99705	-147.3319967906663	64.76505996956428	
3010 GLIDE COURT	99705	-147.33895791633182	64.76902785334057	
2225 FLIGHT STREET	99705	-147.33967010143436	64.76764167021192	
2235 FLIGHT STREET	99705	-147.3396486490126	64.76729977265181	
2245 FLIGHT STREET	99705	-147.33957096530983	64.76682150140624	
2255 FLIGHT STREET	99705	-147.3395677527837	64.76636417027039	
2305 FLIGHT STREET	99705	-147.33862416590057	64.7638630166578	
3010 RUDDER COURT	99705	-147.33970887089174	64.76371605510562	
3182 BADGER ROAD	99705	-147.34348824481395	64.7683591759469	
3184 BADGER ROAD	99705	-147.34315781692825	64.76825293844755	
3196 BADGER ROAD	99705	-147.34270658780054	64.76766284337221	
3210 BADGER ROAD	99705	-147.34271380012362	64.76712785242654	
3022 MAULE LANE	99705	-147.33790135523293	64.77645523969723	
3020 SUPER CUB LANE	99705	-147.33824961282065	64.7750318484833	
2998 SUPER CUB LANE	99705	-147.34023409342646	64.7750647391945	
2091 FLIGHT STREET	99705	-147.33833636310314	64.77367916006548	
2105 FLIGHT STREET	99705	-147.3380964403591	64.77307537625968	
3018 AIRWAY DRIVE	99705	-147.33792943421872	64.77006149625828	
2047 ERMINE DRIVE	99705	-147.33155772910408	64.77549218295492	
2069 ERMINE DRIVE	99705	-147.3311537569614	64.77464217675617	
2095 ERMINE DRIVE	99705	-147.33169670881145	64.77392335357955	
2129 ERMINE DRIVE	99705	-147.33150013863505	64.77182461714476	
2055 VOYAGER STREET	99705	-147.33329469456496	64.7753390728905	
2063 VOYAGER STREET	99705	-147.33317721961558	64.7748263162453	
2071 VOYAGER STREET	99705	-147.33317728147358	64.77441266618214	
2131 VOYAGER STREET	99705	-147.33323496572152	64.77192087745135	
2139 VOYAGER STREET	99705	-147.33319064689005	64.77158655467505	
2149 VOYAGER STREET	99705	-147.33317855476653	64.77118009427716	
2157 VOYAGER STREET	99705	-147.33318316782024	64.77066141814659	
3046 TAXILANE A	99705	-147.33553334724814	64.77070304026353	
2158 FLIGHT STREET	99705	-147.3367936126859	64.77060705982962	
3031 TAXILANE B	99705	-147.33696506278432	64.77118535240025	
3045 TAXILANE B	99705	-147.33554955478053	64.77119019312879	
3046 TAXILANE C	99705	-147.33515191167845	64.77315131524173	
2106 FLIGHT STREET	99705	-147.33697958575738	64.77314700903165	
2082 FLIGHT STREET	99705	-147.33683542801887	64.77377473780545	
3051 SUPER CUB LANE	99705	-147.3350045482479	64.7739302719553	
3043 MAULE LANE	99705	-147.33554636078637	64.77582196240266	
3048 MAULE LANE	99705	-147.33521025257005	64.77627848962896	
3030 MAULE LANE	99705	-147.3366955784568	64.77635225179336	
2162 FREE-WRIGHT LANE	99705	-147.3420094725767	64.77058216761306	
2034 PERIDOT STREET	99705	-147.37490421138187	64.77627575382071	
2054 PERIDOT STREET	99705	-147.3749281258113	64.77531871143549	
2144 FREE-WRIGHT LANE	99705	-147.34183796466226	64.7713809584996	
2899 PLACK ROAD	99705	-147.35053528090666	64.77643711409577	
2920 MAURICE AVENUE	99705	-147.3483688544675	64.7763113010644	
2930 MAURICE AVENUE	99705	-147.3473763448086	64.77627676165407	
2983 PLACK ROAD	99705	-147.34167782518475	64.7760516175166	
2987 PLACK ROAD	99705	-147.34188704605165	64.77536396917823	
2951 MAURICE AVENUE	99705	-147.34520558877813	64.77538672581869	
2941 MAURICE AVENUE	99705	-147.34631798999027	64.7754839860705	
3100 BADGER ROAD	99705	-147.34839126608213	64.77077287857117	
3078 BADGER ROAD	99705	-147.34963393730254	64.77127632784948	
3018 BADGER ROAD	99705	-147.35395636987502	64.77304221787652	
2960 BADGER ROAD	99705	-147.3603942346239	64.77557663968244	
2976 BADGER ROAD	99705	-147.359565137783	64.7752213521579	
2829 PLACK ROAD	99705	-147.35883291244585	64.77598861759093	
2020 KIMI STREET	99705	-147.35482261445154	64.77639605737438	
2084 JACKSON STREET	99705	-147.35355964905767	64.77440195824968	
2092 JACKSON STREET	99705	-147.35450131512897	64.77417548300035	
2098 JACKSON STREET	99705	-147.35266879666975	64.77381562444378	
2875 COCHELLE AVENUE	99705	-147.3524987790104	64.77339383808116	
2055 KIMI STREET	99705	-147.35684700476503	64.77527426414214	
2035 KIMI STREET	99705	-147.35747031813077	64.77607217404052	
2071 PERIDOT STREET	99705	-147.3774140250206	64.77482680212323	
2915 BADGER ROAD	99705	-147.36636791614174	64.77588234254522	
2815 BEULAH COURT	99705	-147.35871459949922	64.77169604247047	
2835 BEULAH COURT	99705	-147.35703453109326	64.77179361037459	
2845 BEULAH COURT	99705	-147.35616429848935	64.77178654432726	
2870 ELVIRA AVENUE	99705	-147.35278660810638	64.77100131336779	
2846 ELVIRA AVENUE	99705	-147.35674068327637	64.77099427950965	
2890 GLACIER STATE DRIVE	99705	-147.3584391962038	64.76946905356478	
2907 GLACIER STATE DRIVE	99705	-147.35038316335476	64.76883397623553	
2891 GLACIER STATE DRIVE	99705	-147.3516062631981	64.76845524113332	
2817 ELVIRA AVENUE	99705	-147.35978497689922	64.77050367789997	
2877 HORSESHOE WAY	99705	-147.35333803432022	64.76630145271427	
2861 HORSESHOE WAY	99705	-147.35499453548383	64.7662715128005	
2845 HORSESHOE WAY	99705	-147.3570852543396	64.76630754504338	
2829 HORSESHOE WAY	99705	-147.35830083511516	64.7669085398003	
2769 HORSESHOE WAY	99705	-147.3533769514293	64.76739724631014	
2800 HORSESHOE WAY	99705	-147.3568613860005	64.76726465858219	
2896 HORSESHOE WAY	99705	-147.35192418142992	64.76706825653912	
2235 BRIDLE PATH	99705	-147.348328493165	64.76709465809537	
2945 MONK COURT	99705	-147.34747832658826	64.76392460864047	
2017 PERIDOT STREET	99705	-147.37728467656945	64.77617447011625	
2630 KALISPELL LOOP	99705	-147.37884426937637	64.77315879368501	
2536 KALISPELL LOOP	99705	-147.37839823358073	64.7701105251376	
2524 KALISPELL LOOP	99705	-147.37724590914215	64.77023296820771	
2398 OLD RICHARDSON HIGHWAY	99705	-147.37994783658013	64.76218962134809	
3065 PEWTER COURT	99705	-147.3322914044599	64.76292550283293	
3070 PEWTER COURT	99705	-147.33222410744258	64.7636139537735	
1885 HOLLOWELL ROAD	99705	-147.34348574509022	64.78254734880895	
2771 REGAL AVENUE	99705	-147.36398923639237	64.77898726038045	
1895 PERIDOT STREET	99705	-147.377102970915	64.7823468983156	
2981 PLACK ROAD	99705	-147.34228369482378	64.77590549934006	
2837 HORSESHOE WAY	99705	-147.3582286293947	64.76652157592126	
449 NORTH SANTA CLAUS LANE	99705	-147.35839025615365	64.7584323588526	
2122 PERIDOT STREET	99705	-147.35998436538296	64.77049303830347	
2668 REGAL AVENUE	99705	-147.37486839593132	64.78059469126704	
3325 MAGNETO COURT	99705	-147.33707115973635	64.76382846779013	
2985 BADGER ROAD	99705	-147.36249535062004	64.77355394981721	
2979 BADGER ROAD	99705	-147.36081648685982	64.774130022071	
2265 GRANITE DRIVE	99705	-147.3308502299658	64.7672996907817	
2389 HOMESTEAD DRIVE	99705	-147.37723149473592	64.76008995388686	
2121 FREE-WRIGHT LANE	99705	-147.34314027752816	64.77209628542461	
2920 MAX LOOP	99705	-147.34903745688578	64.77450325864277	
2855 MAX LOOP	99705	-147.34395466723868	64.77261931916631	
1946 ATNA COURT	99705	-147.3481134187599	64.78023466309021	
1868 NATAZHAT COURT	99705	-147.34779280095913	64.78369732060581	
2816 GARNET DRIVE	99705	-147.36048539829662	64.78135317253512	
1953 HOLLOWELL ROAD	99705	-147.34395714660013	64.77963048791983	
3151 BADGER ROAD	99705	-147.34717623463595	64.76844138631165	
3092 PLACK ROAD	99705	-147.3309278082591	64.77733079537235	
1997 DIXON ROAD	99705	-147.33271019394235	64.77754996566907	
1911 DIXON ROAD	99705	-147.33304276233432	64.78208925289651	
1890 DIXON ROAD	99705	-147.3308388980484	64.78373764476119	
3043 VICTORIA CIRCLE	99705	-147.33419411603936	64.7781806071767	
3049 VICTORIA CIRCLE	99705	-147.3347248356426	64.78024141428578	
3051 VICTORIA CIRCLE	99705	-147.3360294249949	64.77995490487807	
1970 HOLLOWELL ROAD	99705	-147.3410475251081	64.77888967817755	
3062 VICTORIA CIRCLE	99705	-147.34007526549132	64.7790471452737	
3058 VICTORIA CIRCLE	99705	-147.33815357980342	64.7791046919081	
3048 VICTORIA CIRCLE	99705	-147.33651439787357	64.779222923847	
1945 BLACKBURN WAY	99705	-147.35484235346118	64.78014685748172	
1959 BLACKBURN WAY	99705	-147.35473689656303	64.77958083762026	
1967 BLACKBURN WAY	99705	-147.35550179720332	64.77934501952774	
2008 BLACKBURN WAY	99705	-147.35130687842292	64.77766766482472	
2004 BLACKBURN WAY	99705	-147.3515092771766	64.77813724722097	
3038 VICTORIA CIRCLE	99705	-147.3358952784096	64.77838896968518	
2987 SANDY ROAD	99705	-147.34071859686105	64.78070242402563	
3015 SANDY ROAD	99705	-147.33893525084844	64.78092966256432	
3035 SANDY ROAD	99705	-147.3367383875169	64.78090734735727	
1910 HOLLOWELL ROAD	99705	-147.34124247442924	64.78163948194835	
1907 HOLLOWELL ROAD	99705	-147.34379107487047	64.78174210985165	
2970 DRUM AVENUE	99705	-147.34348147854166	64.78084805957515	
2950 DRUM AVENUE	99705	-147.34609060639187	64.78086073194196	
1984 BLACKBURN WAY	99705	-147.35241049034224	64.77859128147459	
1978 BLACKBURN WAY	99705	-147.35152120918232	64.7787276406207	
2883 DRUM AVENUE	99705	-147.35189459983113	64.77974283284937	
1951 ATNA COURT	99705	-147.34964790516773	64.77988698372432	
1962 ATNA COURT	99705	-147.347654714704	64.77955780840144	
1954 ATNA COURT	99705	-147.34778283528502	64.77991291126604	
2909 NIKOLAI AVENUE	99705	-147.35021664500235	64.78191771051918	
2430 OUTSIDE BOULEVARD	99705	-147.33092626510611	64.75834134320924	
2436 OUTSIDE BOULEVARD	99705	-147.33068471015784	64.75809632192103	
2448 OUTSIDE BOULEVARD	99705	-147.33068808977094	64.7576068097831	
2421 OUTSIDE BOULEVARD	99705	-147.33318177891658	64.75872573548901	
2409 OUTSIDE BOULEVARD	99705	-147.3327025972477	64.75940184394534	
2395 OUTSIDE BOULEVARD	99705	-147.33278489356942	64.75999384634206	
2462 OUTSIDE BOULEVARD	99705	-147.331200422254	64.7564775051282	
2429 HOMESTEAD DRIVE	99705	-147.37836329915112	64.75854764431008	
2425 HOMESTEAD DRIVE	99705	-147.37740476751824	64.75876556364436	
2415 HOMESTEAD DRIVE	99705	-147.37681802805378	64.75913844017879	
3340 MAGNETO COURT	99705	-147.3352867009077	64.76385113476806	
3000 RUDDER COURT	99705	-147.34083291720896	64.76371845569346	
2378 SAN AUGUSTIN DRIVE	99705	-147.34568280833648	64.7606643921161	
2390 SAN AUGUSTIN DRIVE	99705	-147.34423043802806	64.76019623486795	
2402 SAN AUGUSTIN DRIVE	99705	-147.34370477245557	64.75989381533982	
2454 SAN AUGUSTIN DRIVE	99705	-147.34299012493477	64.75738830101723	
2975 DOUGHCHEE AVENUE	99705	-147.34258822544598	64.75667991895185	
2967 DOUGHCHEE AVENUE	99705	-147.34337954573292	64.75676106160756	
2959 DOUGHCHEE AVENUE	99705	-147.34442202660915	64.75702006026003	
2897 DOUGHCHEE AVENUE	99705	-147.34783524329987	64.7592606191841	
2883 DOUGHCHEE AVENUE	99705	-147.34763407612695	64.7597726327061	
231 NORTH SANTA CLAUS LANE	99705	-147.35401000588357	64.75626512905409	
2413 SAN AUGUSTIN DRIVE	99705	-147.34424303658957	64.75915872124745	
2904 DOUGHCHEE AVENUE	99705	-147.34649938175914	64.7591359465939	
2888 DOUGHCHEE AVENUE	99705	-147.34640152687876	64.75958523230562	
227 NORTH SANTA CLAUS LANE	99705	-147.35401035648266	64.75623175991775	
213 NORTH SANTA CLAUS LANE	99705	-147.35401449153244	64.75610862914921	
211 NORTH SANTA CLAUS LANE	99705	-147.35401187671437	64.75608544517077	
266 PARK WAY	99705	-147.3564572846874	64.75634375891568	
280 PARK WAY	99705	-147.35708693137897	64.75633767454492	
300 PARK WAY	99705	-147.35725968396346	64.75633753475574	
213 YUKON DRIVE	99705	-147.35598004814383	64.75598625059897	
255 YUKON DRIVE	99705	-147.3559536284402	64.75642380332444	
258 PARK WAY	99705	-147.35631023668748	64.75634654722074	
2870 DOUGHCHEE AVENUE	99705	-147.34717859857116	64.7604338967555	
2410 SAN AUGUSTIN DRIVE	99705	-147.3430193516108	64.75952523317096	
2418 SAN AUGUSTIN DRIVE	99705	-147.343222435739	64.75900723829498	
2430 SAN AUGUSTIN DRIVE	99705	-147.34316450261028	64.75841837852825	
2442 SAN AUGUSTIN DRIVE	99705	-147.3431893464513	64.75796017612595	
2945 DOUGHCHEE AVENUE	99705	-147.34538094633936	64.75745849629483	
2931 DOUGHCHEE AVENUE	99705	-147.34640624486332	64.75781269697548	
2917 DOUGHCHEE AVENUE	99705	-147.34749343946515	64.75818998308165	
2909 DOUGHCHEE AVENUE	99705	-147.3482807479242	64.75871773530768	
2922 DOUGHCHEE AVENUE	99705	-147.34654673790408	64.75866954489672	
2936 DOUGHCHEE AVENUE	99705	-147.3454319357521	64.75815647285152	
2950 DOUGHCHEE AVENUE	99705	-147.3444250936623	64.75784053407153	
2435 SAN AUGUSTIN DRIVE	99705	-147.3441051093177	64.75793266732987	
2425 SAN AUGUSTIN DRIVE	99705	-147.344207603912	64.75865200432247	
239 NORTH SANTA CLAUS LANE	99705	-147.35400744269393	64.7563679938939	
235 NORTH SANTA CLAUS LANE	99705	-147.354011785431	64.75634540674116	
209 NORTH SANTA CLAUS LANE	99705	-147.35400274888983	64.75597699880934	
207 NORTH SANTA CLAUS LANE	99705	-147.35400219773996	64.75595201594881	
205 NORTH SANTA CLAUS LANE	99705	-147.3539956761201	64.75588135286706	
211 CROSS WAY	99705	-147.3547747675478	64.75587658578299	
220 PARK WAY	99705	-147.35487735546542	64.75637923141373	
354 PARK WAY	99705	-147.35883103347442	64.75648074530646	
471 NORTH SANTA CLAUS LANE	99705	-147.35644226180688	64.75956685828457	
451 NORTH N SANTA CLAUS LANE	99705	-147.35530311236639	64.75925671752272	
431 NORTH SANTA CLAUS LANE	99705	-147.35454433212553	64.75898150796111	
401 NORTH SANTA CLAUS LANE	99705	-147.35311451641996	64.75839012925897	
2453 HOMESTEAD DRIVE	99705	-147.3779800395183	64.75757871891393	
3365 BADGER ROAD	99705	-147.35079438494674	64.76093528084668	
2916 DRUM AVENUE	99705	-147.34917597715238	64.78093678831216	
2860 DRUM AVENUE	99705	-147.35331274520823	64.78092565183756	
2205 FLIGHT STREET	99705	-147.3382822663348	64.76835226441212	
2075 FREE-WRIGHT LANE	99705	-147.343048899139	64.77547036450527	
2961 MAURICE AVENUE	99705	-147.34410012652603	64.77549299389544	
2109 FREE-WRIGHT LANE	99705	-147.34311094780404	64.77318302216783	
2980 MAX LOOP	99705	-147.3429784649454	64.7747088398298	
2910 MAX LOOP	99705	-147.35024105901857	64.77375653547227	
2685 GARNET DRIVE	99705	-147.37439322623914	64.78310774027429	
3001 HURST ROAD	99705	-147.34048217671233	64.76179724484051	
2895 MAURICE AVENUE	99705	-147.35179304329498	64.77591801875337	
2975 PLACK ROAD	99705	-147.341698744303	64.77580705879761	
2975 MAX LOOP	99705	-147.34286447228519	64.77381752453428	
2965 MAX LOOP	99705	-147.34403567322406	64.77382236696911	
2970 MAX LOOP	99705	-147.34413783856195	64.77461167276066	
2960 MAX LOOP	99705	-147.34522163089918	64.77456271778891	
2940 MAX LOOP	99705	-147.34742619320804	64.77456763293024	
2957 SANTA PATRICIA COURT	99705	-147.34553762923852	64.7633105013823	
2117 ERMINE DRIVE	99705	-147.3307887106301	64.77293112208537	
2173 FREE-WRIGHT LANE	99705	-147.34476317232424	64.77153008684816	
2157 FREE-WRIGHT LANE	99705	-147.342812911438	64.77101903652672	
2691 REGAL AVENUE	99705	-147.37307385862698	64.7796136237454	
2893 PLACK ROAD	99705	-147.35222495018655	64.77649818489705	
2629 NORTH GOLDENROD CIRCLE	99705	-147.37909922696062	64.77565040101366	
2641 NORTH GOLDENROD CIRCLE	99705	-147.37812363628146	64.7755171350766	
2950 MAX LOOP	99705	-147.34617756548303	64.7746968407863	
1875 HOLLOWELL ROAD	99705	-147.34362605029875	64.78395999661772	
2051 KIMI STREET	99705	-147.35707411538402	64.77566050002555	
3047 SANDY ROAD	99705	-147.33470115187794	64.78101713018427	
363 PARK WAY	99705	-147.35966905390788	64.75689735172683	
367 PARK WAY	99705	-147.36060408442972	64.75684444334814	
369 PARK WAY	99705	-147.36132280976912	64.7570213352268	
360 PARK WAY	99705	-147.3596050150598	64.7564931919327	
2916 NIKOLAI AVENUE	99705	-147.34876513948768	64.78250612629402	
2890 MAX LOOP	99705	-147.3483665004354	64.77328082541153	
2404 OUTSIDE BOULEVARD	99705	-147.33049416774622	64.75926607452354	
2424 OUTSIDE BOULEVARD	99705	-147.33074291568707	64.758677385623	
2447 OUTSIDE BOULEVARD	99705	-147.3328717898834	64.75772013181148	
2441 OUTSIDE BOULEVARD	99705	-147.3324005874492	64.75780808592737	
2429 OUTSIDE BOULEVARD	99705	-147.33268244943852	64.75839686647524	
2382 OUTSIDE BOULEVARD	99705	-147.33065293679525	64.7603637613949	
2365 OUTSIDE BOULEVARD	99705	-147.3316160551977	64.76132998767932	
2455 SCHUTZEN STREET	99705	-147.3414530046409	64.75737775093319	
2450 SCHUTZEN STREET	99705	-147.34011454974208	64.75737029335076	
2420 SCHUTZEN STREET	99705	-147.3400761373087	64.75879052507554	
2414 SCHUTZEN STREET	99705	-147.34009344499742	64.75900046498427	
2406 SCHUTZEN STREET	99705	-147.33989545800264	64.75932461491136	
3087 DOUGHCHEE AVENUE	99705	-147.33108173442037	64.75670996819335	
3065 DOUGHCHEE AVENUE	99705	-147.333140642054	64.75674284348719	
3039 HURST ROAD	99705	-147.33600995878717	64.76165688102986	
2350 LORI LANE	99705	-147.3368270002252	64.7618987028594	
2364 LORI LANE	99705	-147.33679731996355	64.76116862265445	
2370 LORI LANE	99705	-147.33776312403057	64.76100507844683	
2353 SEA LYON DRIVE	99705	-147.34275972842292	64.7613395604221	
2376 SEA LYON DRIVE	99705	-147.34060662780325	64.76102842250455	
3052 SPRINGS BOULEVARD	99705	-147.33456808972477	64.76006556348352	
3046 SPRINGS BOULEVARD	99705	-147.33532240274295	64.75994658654886	
3040 SPRINGS BOULEVARD	99705	-147.33594179092222	64.76008642696179	
2988 SPRINGS BOULEVARD	99705	-147.34165739477143	64.75995866910777	
2401 SCHUTZEN STREET	99705	-147.34190197001948	64.75973700366244	
2411 SCHUTZEN STREET	99705	-147.34183616839053	64.75933441344988	
2437 SCHUTZEN STREET	99705	-147.34178062452656	64.75795872859565	
2443 SCHUTZEN STREET	99705	-147.34174439975848	64.75769027788341	
3011 SPRINGS BOULEVARD	99705	-147.33906495808793	64.75939275927472	
2450 HOMESTEAD DRIVE	99705	-147.37572441814288	64.75738960402896	
2446 HOMESTEAD DRIVE	99705	-147.37566301497253	64.75766872577297	
2415 SINGA STREET	99705	-147.3390780241001	64.75903494843246	
2443 SINGA STREET	99705	-147.33889960824374	64.75778835126714	
2451 SINGA STREET	99705	-147.33897650755927	64.75723759649597	
3037 SPRINGS BOULEVARD	99705	-147.33634134006152	64.75934455726696	
2444 SINGA STREET	99705	-147.33694342326737	64.75771755200824	
2448 SINGA STREET	99705	-147.33716512198805	64.75736421386434	
2453 STATEHOOD STREET	99705	-147.33607668821884	64.75727576203472	
2441 STATEHOOD STREET	99705	-147.33627777724428	64.75771819388542	
2406 STATEHOOD STREET	99705	-147.33428885654007	64.75967719036187	
2408 STATEHOOD STREET	99705	-147.33445178827427	64.75936003890776	
2416 STATEHOOD STREET	99705	-147.33417948446288	64.75903849537103	
2424 STATEHOOD STREET	99705	-147.33437838349892	64.75873148621737	
2452 STATEHOOD STREET	99705	-147.33420639830416	64.75730925777937	
2860 DOUGHCHEE AVENUE	99705	-147.34910891870825	64.76074811595593	
3330 BADGER ROAD	99705	-147.34653525233045	64.76205140651693	
3375 BADGER ROAD	99705	-147.3511144882283	64.76045739453686	
2678 LASALLE AVENUE	99705	-147.37418178126975	64.75832583973444	
2413 TANANA DRIVE	99705	-147.37257901795334	64.75923067355802	
2674 MOCKLER AVENUE	99705	-147.3752655040077	64.7596264168723	
2720 HURST ROAD	99705	-147.36565980994686	64.76472049338932	
358 FINELL DRIVE	99705	-147.35962557425646	64.75615685928209	
352 NORTH SANTA CLAUS LANE	99705	-147.35107576848438	64.75755321205462	
302 NORTH SANTA CLAUS LANE	99705	-147.3518891049093	64.75689939780669	
242 SANTA CLAUS LANE	99705	-147.3522666040386	64.75636398791427	
249 NORTH SANTA CLAUS LANE	99705	-147.35401337808852	64.7564678203947	
243 NORTH SANTA CLAUS LANE	99705	-147.35401336519857	64.75644280301447	
1991 DIXON ROAD	99705	-147.3328864307219	64.77859554470838	
1990 DIXON ROAD	99705	-147.33082369161272	64.77850635588199	
1970 DIXON ROAD	99705	-147.33099437766657	64.7790992395285	
1969 DIXON ROAD	99705	-147.3332798482179	64.77919152262248	
3087 SANDY ROAD	99705	-147.3306617180071	64.78076410600981	
3001 VICTORIA CIRCLE	99705	-147.33976208686153	64.77740361947922	
3025 VICTORIA CIRCLE	99705	-147.33698072473592	64.77757873139852	
3033 VICTORIA CIRCLE	99705	-147.33604915048147	64.7775078076814	
3039 VICTORIA CIRCLE	99705	-147.33499448785147	64.7777408747557	
3055 VICTORIA CIRCLE	99705	-147.33719956588777	64.77989589128948	
3059 VICTORIA CIRCLE	99705	-147.33870103049492	64.77995884957495	
3069 VICTORIA CIRCLE	99705	-147.34122079973292	64.78029040417942	
3026 VICTORIA CIRCLE	99705	-147.3373690635256	64.7781529556088	
3014 VICTORIA CIRCLE	99705	-147.33866240562523	64.77833129718351	
3000 VICTORIA CIRCLE	99705	-147.34011657057619	64.77832244492171	
2988 VICTORIA CIRCLE	99705	-147.34153098571934	64.77819450508382	
3040 SANDY ROAD	99705	-147.33669657642264	64.78199351564476	
1890 HOLLOWELL ROAD	99705	-147.34140313600065	64.78256177478399	
1868 HOLLOWELL ROAD	99705	-147.34087429791737	64.78360985719277	
2916 PLACK ROAD	99705	-147.348527501731	64.77732814498219	
2928 PLACK ROAD	99705	-147.34769288434626	64.77731928862958	
2960 PLACK ROAD	99705	-147.34510138406245	64.77747036683003	
1872 BLACKBURN WAY	99705	-147.35362109991277	64.7833684886797	
1854 BLACKBURN WAY	99705	-147.35339066729583	64.78413803130609	
1851 BLACKBURN WAY	99705	-147.3577571320495	64.78415109713028	
1871 BLACKBURN WAY	99705	-147.35692547899535	64.78361179301352	
1891 BLACKBURN WAY	99705	-147.35622711984587	64.78269934908167	
1987 BLACKBURN WAY	99705	-147.35521306051123	64.77831156352134	
2001 BLACKBURN WAY	99705	-147.3542220821535	64.77782524955941	
2013 BLACKBURN WAY	99705	-147.35366547788286	64.7775233047892	
1976 BLACKBURN WAY	99705	-147.3518094024994	64.77919238424536	
1974 BLACKBURN WAY	99705	-147.35267379522472	64.77914840490804	
1962 BLACKBURN WAY	99705	-147.3531906499923	64.77971501553708	
2879 DRUM AVENUE	99705	-147.35302632847092	64.78009363918262	
1965 ATNA COURT	99705	-147.34996291845562	64.77914397219553	
1970 ATNA COURT	99705	-147.34891382015448	64.7788558847813	
2906 NIKOLAI AVENUE	99705	-147.34990458589212	64.7826065271255	
1898 NATAZHAT COURT	99705	-147.34753161783013	64.78226685342182	
1884 NATAZHAT COURT	99705	-147.34737858188737	64.78295059491114	
1905 MOUNT WRANGELL STREET	99705	-147.3524667884982	64.78208791884516	
1884 BLACKBURN WAY	99705	-147.35359765518473	64.78300517665078	
2887 GARNET DRIVE	99705	-147.36179261434788	64.77810981102827	
2875 GARNET DRIVE	99705	-147.36255394075465	64.77913263431122	
2850 GARNET DRIVE	99705	-147.3598387371315	64.78014620461451	
2786 GARNET DRIVE	99705	-147.3633410676554	64.78297520560443	
2770 GARNET DRIVE	99705	-147.364095403611	64.78294109751083	
2725 GARNET DRIVE	99705	-147.37004933285985	64.78197104247934	
2741 GARNET DRIVE	99705	-147.36803357381018	64.78133198710948	
2795 GARNET DRIVE	99705	-147.36322111864604	64.78186080273898	
2750 REGAL AVENUE	99705	-147.36590651697463	64.78018257511535	
2730 REGAL AVENUE	99705	-147.36765567453182	64.78043531026712	
2710 REGAL AVENUE	99705	-147.37071458932394	64.78058689813132	
2751 REGAL AVENUE	99705	-147.36610497311034	64.77901203452026	
2905 GARNET DRIVE	99705	-147.36094333792153	64.77742277128216	
1977 PERIDOT STREET	99705	-147.3788809483275	64.77852492647632	
1979 PERIDOT STREET	99705	-147.3772401330986	64.77852003443357	
2636 BOULDER AVENUE	99705	-147.3779784326453	64.77771711289445	
1997 PERIDOT STREET	99705	-147.37679181653607	64.77782049416324	
2637 GARNET DRIVE	99705	-147.37835514452587	64.78281257841742	
1875 PERIDOT STREET	99705	-147.37717450452396	64.78330293586515	
2629 TOPAZ AVENUE	99705	-147.37941783946988	64.78095899660175	
2640 GARNET DRIVE	99705	-147.3785546932271	64.78349747676972	
2423 SCHUTZEN STREET	99705	-147.3417449795623	64.75873769508765	
2427 SCHUTZEN STREET	99705	-147.3417755919923	64.75850637767469	
2431 SCHUTZEN STREET	99705	-147.34175664827373	64.75821574180716	
2440 SCHUTZEN STREET	99705	-147.34026686345433	64.75773981875696	
2436 SCHUTZEN STREET	99705	-147.3400780642348	64.75824905464889	
2484 OUTSIDE BOULEVARD	99705	-147.3305927769475	64.75598031903674	
2467 OUTSIDE BOULEVARD	99705	-147.33272331027501	64.75650621130349	
2485 OUTSIDE BOULEVARD	99705	-147.3330120602209	64.7560054961791	
3055 HURST ROAD	99705	-147.3344794893994	64.76194389141179	
3047 HURST ROAD	99705	-147.3351940607459	64.76186785205431	
2365 LORI LANE	99705	-147.3387050525291	64.7613562352669	
2351 LORI LANE	99705	-147.3385326063493	64.76192590766654	
3009 HURST ROAD	99705	-147.33922016116392	64.76191377549401	
2349 SEA LYON DRIVE	99705	-147.34276658527176	64.76214282503707	
3034 SPRINGS BOULEVARD	99705	-147.3367565916068	64.76004437786851	
3026 SPRINGS BOULEVARD	99705	-147.33740244016738	64.76006200646007	
3008 SPRINGS BOULEVARD	99705	-147.3395854481533	64.75998339466976	
2419 SCHUTZEN STREET	99705	-147.34185929178543	64.75901625779893	
2426 SCHUTZEN STREET	99705	-147.3400777309393	64.75849975024627	
2426 HOMESTEAD DRIVE	99705	-147.37554548025102	64.75862557127053	
2418 HOMESTEAD DRIVE	99705	-147.37554227932645	64.75895611112374	
2427 SINGA STREET	99705	-147.33863861429953	64.75852642491647	
2439 SINGA STREET	99705	-147.33889393663657	64.75785777898803	
2426 SINGA STREET	99705	-147.33720546125505	64.75855208171458	
2434 SINGA STREET	99705	-147.33691337645578	64.75824206813562	
2439 STATEHOOD STREET	99705	-147.33629550159182	64.75795146543851	
2423 STATEHOOD STREET	99705	-147.3362940601518	64.75881393640705	
2428 STATEHOOD STREET	99705	-147.33433234075812	64.75851738754629	
2434 STATEHOOD STREET	99705	-147.3341102358699	64.75823546193325	
2440 STATEHOOD STREET	99705	-147.33397449675803	64.75799056889143	
2446 STATEHOOD STREET	99705	-147.33445596274683	64.75771398998931	
2435 ADRIANA WAY	99705	-147.3666240120671	64.75691347648443	
2413 ADRIANA WAY	99705	-147.3657941902443	64.75734146063745	
2420 TANANA DRIVE	99705	-147.37183154465663	64.75880819849245	
2392 HOMESTEAD DRIVE	99705	-147.37546921190838	64.75982935435368	
775 FINELL DRIVE	99705	-147.37443044370346	64.76180988549828	
2698 HURST ROAD	99705	-147.37492053155174	64.765898287901	
257 NORTH SANTA CLAUS LANE	99705	-147.35338642563264	64.75641095821334	
203 NORTH SANTA CLAUS LANE	99705	-147.35400003230248	64.75586050436189	
2980 GLIDE COURT	99705	-147.34084238369218	64.7687009263445	
2995 GLIDE COURT	99705	-147.34046978358208	64.76811358995833	
2265 FLIGHT STREET	99705	-147.33965728148814	64.76597514403984	
2285 FLIGHT STREET	99705	-147.33946981774386	64.76484882523857	
2295 FLIGHT STREET	99705	-147.33937338586622	64.76442888282659	
3005 RUDDER COURT	99705	-147.33972148595316	64.76305804881027	
3015 RUDDER COURT	99705	-147.33847573782026	64.76310871344235	
3085 PEWTER COURT	99705	-147.3311207741306	64.76328268192884	
2305 GRANITE DRIVE	99705	-147.33203454457612	64.7654745365589	
2285 GRANITE DRIVE	99705	-147.33167790033576	64.76642653916788	
2275 GRANITE DRIVE	99705	-147.33236887965325	64.76708749453688	
3350 SPINNER COURT	99705	-147.33510499021898	64.76529100569782	
3330 SPINNER COURT	99705	-147.33696608886285	64.76551389124344	
3320 SPINNER COURT	99705	-147.3378037830335	64.76560272209767	
3325 WING COURT	99705	-147.3377027436477	64.76652305522819	
3340 WING COURT	99705	-147.33512726728253	64.76764812543028	
3330 WING COURT	99705	-147.3366872286136	64.76726206945264	
3320 WING COURT	99705	-147.33774114510638	64.76739217791993	
2210 FLIGHT STREET	99705	-147.33664503728284	64.76826483738068	
2990 GLIDE COURT	99705	-147.34163843657996	64.7693043693264	
2961 AIRWAY DRIVE	99705	-147.34431124826284	64.76901729710204	
2111 VOYAGER STREET	99705	-147.33330546954724	64.77276667500479	
2123 VOYAGER STREET	99705	-147.33316063370782	64.77243212577413	
2165 VOYAGER STREET	99705	-147.3331920473463	64.77028557079966	
3033 TAXILANE A	99705	-147.33649224184688	64.77002171454347	
3045 TAXILANE A	99705	-147.3357079324109	64.77005113658512	
3046 TAXILANE B	99705	-147.33584756991866	64.7718097032097	
3032 TAXILANE B	99705	-147.33669158847607	64.77179452959405	
2942 HURST ROAD	99705	-147.3467351276919	64.76278754895277	
2960 HURST ROAD	99705	-147.3448736773381	64.76282283869334	
2035 ERMINE DRIVE	99705	-147.33104827683388	64.77604590328865	
2149 ERMINE DRIVE	99705	-147.33059065424408	64.770996978034	
2165 ERMINE DRIVE	99705	-147.33134718837857	64.77044534368856	
2081 VOYAGER STREET	99705	-147.33324987834348	64.7740520775531	
2099 VOYAGER STREET	99705	-147.33325909801331	64.77322465521205	
3031 TAXILANE C	99705	-147.33643115491694	64.77229089676784	
2920 BADGER ROAD	99705	-147.36379388957388	64.77650119292534	
2799 PLACK ROAD	99705	-147.36223046361505	64.77647133488027	
2936 BADGER ROAD	99705	-147.36328963424342	64.77603779752016	
1879 NATAZHAT COURT	99705	-147.34908725618078	64.78309248020884	
1872 MOUNT WRANGELL STREET	99705	-147.35019126589907	64.78382604924683	
1885 MOUNT WRANGELL STREET	99705	-147.35178471031904	64.78275004028015	
3041 TAXILANE C	99705	-147.3353291899708	64.77238812279046	
2070 FLIGHT STREET	99705	-147.33678465799932	64.77435058743373	
3047 SUPER CUB LANE	99705	-147.33521434563147	64.77446910989667	
3044 SUPER CUB LANE	99705	-147.33523824322654	64.77510010661351	
3032 SUPER CUB LANE	99705	-147.33672124288975	64.7750700129191	
3031 MAULE LANE	99705	-147.336697301826	64.77571248312864	
3010 MAULE LANE	99705	-147.33878481463034	64.77632442646402	
3000 MAULE LANE	99705	-147.34006282466532	64.7764140616123	
3001 MAULE LANE	99705	-147.34028624456386	64.77575052983046	
2051 FLIGHT STREET	99705	-147.33845026197815	64.77536465796928	
2113 FLIGHT STREET	99705	-147.33826441065992	64.77244262406309	
2131 FLIGHT STREET	99705	-147.3384721666359	64.77179682101229	
2145 FLIGHT STREET	99705	-147.33840382351352	64.77135516494208	
2159 FLIGHT STREET	99705	-147.3380222527441	64.77067209143081	
2104 FREE-WRIGHT LANE	99705	-147.34146163474287	64.77328949744235	
2940 MAURICE AVENUE	99705	-147.34636941112333	64.77625458960107	
2950 MAURICE AVENUE	99705	-147.34520542859886	64.77636603864573	
2960 MAURICE AVENUE	99705	-147.3441958354914	64.77626435400735	
2931 MAURICE AVENUE	99705	-147.34733666501518	64.77538866444048	
2925 MAURICE AVENUE	99705	-147.3484572691793	64.77545033041747	
2905 MAURICE AVENUE	99705	-147.34952810912498	64.77544318955	
3114 BADGER ROAD	99705	-147.34662947841258	64.77029494256102	
1877 MOUNT WRANGELL STREET	99705	-147.35203440689483	64.78315142248786	
1912 BLACKBURN WAY	99705	-147.3535641772272	64.78173631482456	
1911 BLACKBURN WAY	99705	-147.35586801140488	64.78167277731154	
1904 BLACKBURN WAY	99705	-147.3535185153678	64.78226614053531	
2830 GARNET DRIVE	99705	-147.35987592493902	64.78098890939182	
2806 GARNET DRIVE	99705	-147.36070018280856	64.78221201646379	
2710 GARNET DRIVE	99705	-147.37002198831706	64.78320569647715	
2696 GARNET DRIVE	99705	-147.37171798768162	64.78348295770041	
2680 GARNET DRIVE	99705	-147.37346851395444	64.7843114026964	
2695 GARNET DRIVE	99705	-147.37361481581385	64.78239115851355	
2711 GARNET DRIVE	99705	-147.3717697454289	64.78233263211044	
2890 BADGER ROAD	99705	-147.36828967822373	64.77826797814882	
2750 PLACK ROAD	99705	-147.36613186817107	64.77798976653584	
2770 REGAL AVENUE	99705	-147.3639373033306	64.7798974953596	
2629 BOULDER AVENUE	99705	-147.3793928912412	64.77724992968506	
2630 BOULDER AVENUE	99705	-147.37932945648149	64.7778092665455	
2013 PERIDOT STREET	99705	-147.37715261241755	64.77721188345821	
2637 BOULDER AVENUE	99705	-147.3777748628526	64.77716704129537	
2653 TOPAZ AVENUE	99705	-147.37709197562057	64.7809843296074	
2654 TOPAZ AVENUE	99705	-147.3774296268656	64.78154579217502	
2639 TOPAZ AVENUE	99705	-147.37811694375708	64.78098074805415	
2634 GARNET DRIVE	99705	-147.37976501890108	64.78305465586811	
1869 MOUNT WRANGELL STREET	99705	-147.3519990247157	64.78360820102095	
2886 GARNET DRIVE	99705	-147.3590417319395	64.7786342402577	
2711 REGAL AVENUE	99705	-147.37128137148915	64.77941472094513	
2731 REGAL AVENUE	99705	-147.3683763935687	64.77906514466599	
2440 OUTSIDE BOULEVARD	99705	-147.3312263641633	64.75781331205572	
2437 STATEHOOD STREET	99705	-147.3363101827144	64.75852433823029	
2705 NORTH GOLDENROD CIRCLE	99705	-147.37185615970006	64.77540852695786	
2716 PERIMETER DRIVE	99705	-147.37049511862207	64.75610039906906	
2720 PERIMETER DRIVE	99705	-147.3698498100242	64.75610221969043	
2726 PERIMETER DRIVE	99705	-147.36935747027167	64.75601530776962	
2730 PERIMETER DRIVE	99705	-147.3686807747041	64.75596192380233	
2760 PERIMETER DRIVE	99705	-147.36604178030512	64.75602029032709	
2768 PERIMETER DRIVE	99705	-147.3650732775347	64.7559879455985	
2774 PERIMETER DRIVE	99705	-147.363977410615	64.75597199136949	
2746 PARK WAY	99705	-147.36732444362113	64.75706072998629	
2750 PARK WAY	99705	-147.36684659047563	64.7568994263843	
2449 OLD RICHARDSON HIGHWAY	99705	-147.3661573405005	64.7576427190365	
2431 OLD RICHARDSON HIGHWAY	99705	-147.36851665147574	64.75844597207258	
2425 OLD RICHARDSON HIGHWAY	99705	-147.36934728044824	64.75857968215651	
2704 PERIMETER DRIVE	99705	-147.3716414044161	64.75600454358484	
2474 TANANA DRIVE	99705	-147.3717537568723	64.7564998732741	
2742 PERIMETER DRIVE	99705	-147.3674098598468	64.7559839082333	
2748 PERIMETER DRIVE	99705	-147.36697180472856	64.75595566385932	
2483 OLD RICHARDSON HIGHWAY	99705	-147.36306771445769	64.7562351727666	
2761 PARK WAY	99705	-147.36558076437055	64.75649578360041	
2727 PARK WAY	99705	-147.3686688231267	64.75695545797348	
2723 PARK WAY	99705	-147.36938297237828	64.75720637621944	
2719 PARK WAY	99705	-147.36979008901275	64.7573663870916	
2717 PARK WAY	99705	-147.3703810918231	64.7575889611513	
2440 TANANA DRIVE	99705	-147.37181932485376	64.75803781507398	
2456 TANANA DRIVE	99705	-147.3716563997071	64.7572781301964	
2712 PARK WAY	99705	-147.36992252588539	64.75827783531535	
2710 PARK WAY	99705	-147.3695665850629	64.75884996021496	
2684 PERIMETER DRIVE	99705	-147.37341179436697	64.75613157090298	
2678 PERIMETER DRIVE	99705	-147.37416606554126	64.75602193473543	
2451 TANANA DRIVE	99705	-147.3725596886379	64.75740724021693	
2441 TANANA DRIVE	99705	-147.37262908426783	64.75771659704712	
2435 TANANA DRIVE	99705	-147.37263530466254	64.75797359361029	
2683 LASALLE AVENUE	99705	-147.37364229901573	64.7580635794515	
2677 LASALLE AVENUE	99705	-147.37412386239473	64.75802573951641	
2415 OLD RICHARDSON HIGHWAY	99705	-147.37017881610024	64.7590600179756	
2423 TANANA DRIVE	99705	-147.37259987290508	64.75864996232629	
2417 TANANA DRIVE	99705	-147.37259797219852	64.75900044990263	
2681 MOCKLER AVENUE	99705	-147.3734436600553	64.75908185967958	
441 ANDREA DRIVE	99705	-147.36229300236639	64.7575393655304	
431 ANDREA DRIVE	99705	-147.3616925635563	64.75740482406282	
2745 PARK WAY	99705	-147.3674585622144	64.75670076523605	
2711 PARK WAY	99705	-147.3706231470129	64.7579409358465	
2709 PARK WAY	99705	-147.3707473456318	64.75817101526955	
2707 PARK WAY	99705	-147.37091070964019	64.75847988386239	
2705 PARK WAY	99705	-147.37099231337953	64.75878783560246	
2724 PARK WAY	99705	-147.36941451509563	64.75794032148617	
2726 PARK WAY	99705	-147.36932300730177	64.75764597677902	
2728 PARK WAY	99705	-147.36890255302714	64.75748153979252	
2732 PARK WAY	99705	-147.36846801746108	64.75736665126158	
2740 PARK WAY	99705	-147.36795602971776	64.75714109981067	
2439 OLD RICHARDSON HIGHWAY	99705	-147.36716182752676	64.75799515755058	
2433 OLD RICHARDSON HIGHWAY	99705	-147.36801866768354	64.75832717520917	
2471 TANANA DRIVE	99705	-147.37253626687928	64.75653311970532	
2479 TANANA DRIVE	99705	-147.37248321752242	64.75623773264277	
2690 KENAI WAY	99705	-147.37255829377582	64.75718191512314	
2686 KENAI WAY	99705	-147.37353429159168	64.75706981238558	
2674 KENAI WAY	99705	-147.37431740543815	64.75734295893876	
2669 LASALLE AVENUE	99705	-147.37477479958574	64.75789271136097	
2686 LASALLE AVENUE	99705	-147.37351685846562	64.75832085406795	
2690 LASALLE AVENUE	99705	-147.37302896531065	64.75843722715848	
2679 MOCKLER AVENUE	99705	-147.37438435957318	64.75928610337057	
2696 MOCKLER AVENUE	99705	-147.37228231523025	64.75971923439718	
2692 MOCKLER AVENUE	99705	-147.37346054163552	64.75957956508132	
2682 MOCKLER AVENUE	99705	-147.37410241502027	64.75961817210883	
2680 MOCKLER AVENUE	99705	-147.37473253150128	64.75963956391791	
2391 OLD RICHARDSON HIGHWAY	99705	-147.37563171057604	64.76062705235776	
2760 PLACK ROAD	99705	-147.36390350748536	64.77761911205299	
2270 PONY RUN	99705	-147.34994194378945	64.76717199991354	
765 FINELL DRIVE	99705	-147.37320558041193	64.76166994238244	
2360 SEA LYON DRIVE	99705	-147.34131422572713	64.76194148109944	
3050 SANDY ROAD	99705	-147.33470955416573	64.78207749206975	
2933 HORSESHOE WAY	99705	-147.34621596718796	64.76642385035238	
2910 GARNET DRIVE	99705	-147.35874745700187	64.77735501493916	
1945 PERIDOT STREET	99705	-147.37914677626875	64.78007277204449	
2084 FREE-WRIGHT LANE	99705	-147.34122206861957	64.77457164020723	
2265 PERIDOT STREET	99705	-147.37831703742663	64.76571659902986	
2426 TANANA DRIVE	99705	-147.3717619848029	64.75856602456037	
2434 TANANA DRIVE	99705	-147.3717155469689	64.75830838611918	
2890 DRUM AVENUE	99705	-147.35187671389542	64.78067224208087	
1860 MOUNT WRANGELL STREET	99705	-147.3502424148175	64.78422422746698	
2706 PARK WAY	99705	-147.3701824440073	64.75855094939402	
1955 PERIDOT STREET	99705	-147.37769690646135	64.77940976369437	
2840 HORSESHOE WAY	99705	-147.3569879560063	64.76678337242946	
2780 HORSESHOE WAY	99705	-147.35467877907362	64.76721766440663	
3068 BADGER ROAD	99705	-147.35136196607695	64.77214153318732	
3072 BADGER ROAD	99705	-147.35058227460294	64.7718572804531	
2760 HORSESHOE WAY	99705	-147.35500890607415	64.76685791315565	
2175 ERMINE DRIVE	99705	-147.33226918939525	64.76982564081604	
2710 SOUTH GOLDENROD CIRCLE	99705	-147.37160042098043	64.77443086547656	
2743 NORTH GOLDENROD CIRCLE	99705	-147.3704289960051	64.77458311980087	
2680 SOUTH GOLDENROD CIRCLE	99705	-147.37494919975683	64.77456929340647	
1898 BLACKBURN WAY	99705	-147.35368509679023	64.78261785648482	
2762 NORTH GOLDENROD CIRCLE	99705	-147.36894063972383	64.77369062310775	
2744 NORTH GOLDENROD CIRCLE	99705	-147.36864369555508	64.77456052245375	
2732 NORTH GOLDENROD CIRCLE	99705	-147.36883039536033	64.77538918459472	
2722 NORTH GOLDENROD CIRCLE	99705	-147.36927273708258	64.77603057776845	
2714 NORTH GOLDENROD CIRCLE	99705	-147.37030001782108	64.77620497290448	
2677 NORTH GOLDENROD CIRCLE	99705	-147.37398906143704	64.77555077681679	
2695 NORTH GOLDENROD CIRCLE	99705	-147.3731411456579	64.77547456765444	
2690 SOUTH GOLDENROD CIRCLE	99705	-147.37371355534984	64.7744467762774	
2691 SOUTH GOLDENROD CIRCLE	99705	-147.3731644318676	64.77367636757806	
2707 SOUTH GOLDENROD CIRCLE	99705	-147.3714863780053	64.77391742845418	
2711 SOUTH GOLDENROD CIRCLE	99705	-147.3717107698334	64.77393734039946	
2630 NORTH GOLDENROD CIRCLE	99705	-147.3793044157789	64.77653640277455	
2643 SOUTH GOLDENROD CIRCLE	99705	-147.37789475443168	64.77401312004702	
2642 SOUTH GOLDENROD CIRCLE	99705	-147.37849860465053	64.77479925671722	
2628 SOUTH GOLDENROD CIRCLE	99705	-147.37926457110783	64.77478778293023	
2698 NORTH GOLDENROD CIRCLE	99705	-147.3716457016317	64.77664104351123	
2692 NORTH GOLDENROD CIRCLE	99705	-147.37292455202308	64.77659331079477	
2680 NORTH GOLDENROD CIRCLE	99705	-147.37382267583718	64.77640428894094	
1866 BLACKBURN WAY	99705	-147.35372693146468	64.78380847827994	
2438 SCHUTZEN STREET	99705	-147.3402364843173	64.75793530148947	
2474 SCHUTZEN STREET	99705	-147.3400129696606	64.7563549251834	
2482 SCHUTZEN STREET	99705	-147.34012982957	64.75610924087842	
3090 PEWTER COURT	99705	-147.33097598784363	64.76388401814151	
2295 GRANITE DRIVE	99705	-147.33200630830373	64.76601624144817	
2910 MAURICE AVENUE	99705	-147.34946600701383	64.7762628230843	
2969 BADGER ROAD	99705	-147.36253329295363	64.77461151483311	
2900 MAX LOOP	99705	-147.3498423275686	64.77326999324785	
2955 MAX LOOP	99705	-147.34514040626058	64.77379962356397	
1944 DIXON ROAD	99705	-147.3310568995448	64.78008267756832	
2265 PONY RUN	99705	-147.35222877070208	64.7675773194034	
411 ANDREA DRIVE	99705	-147.36034652565147	64.75733884391006	
391 FINELL DRIVE	99705	-147.3597070538548	64.75731455771748	
2667 KENAI WAY	99705	-147.37549206992463	64.75678930874977	
2692 PERIMETER DRIVE	99705	-147.37292539428162	64.75595094499599	
2698 LASALLE AVENUE	99705	-147.372606407726	64.75832415877268	
2762 PARK WAY	99705	-147.36553440724217	64.75679256330122	
2473 OLD RICHARDSON HIGHWAY	99705	-147.36445866295074	64.7568176795641	
2484 HOMESTEAD DRIVE	99705	-147.37557507369124	64.75607603777108	
2480 HOMESTEAD DRIVE	99705	-147.37562722280964	64.75622675366337	
2470 HOMESTEAD DRIVE	99705	-147.37548405517333	64.75658162828576	
3021 SUPER CUB LANE	99705	-147.33845741000977	64.77440448006985	
2724 PARK WAY	99705	-147.36930140028244	64.75790456159474	
2855 HURST ROAD	99705	-147.3567934162421	64.76179764233991	
2929 BADGER ROAD	99705	-147.36729476886467	64.77550645670456	
2690 REGAL AVENUE	99705	-147.37275188412175	64.78077467104305	
2541 KALISPELL LOOP	99705	-147.37919758018143	64.77096999871624	
2633 KALISPELL LOOP	99705	-147.37917765276575	64.77196034645785	
2649 KALISPELL LOOP	99705	-147.37713228838854	64.77190967826918	
2255 PERIDOT STREET	99705	-147.3766740079403	64.76623022609034	
2305 PERIDOT STREET	99705	-147.37503337693346	64.76377066718118	
2455 HOMESTEAD DRIVE	99705	-147.3767366460419	64.75658180357678	
2399 SAN AUGUSTIN DRIVE	99705	-147.34497325429	64.75967235773464	
2385 SAN AUGUSTIN DRIVE	99705	-147.34583211436725	64.76008462749729	
301 NORTH SANTA CLAUS LANE	99705	-147.35535294219596	64.7577169502708	
2475 TANANA DRIVE	99705	-147.3723699772227	64.75634617928478	
2810 HURST ROAD	99705	-147.35906404734177	64.76271121028593	
3392 BADGER ROAD	99705	-147.34978737390296	64.75911366685521	
705 FINELL DRIVE	99705	-147.36117611705475	64.76123088520386	
703 FINELL DRIVE	99705	-147.36140838394044	64.760699551891	
701 FINELL DRIVE	99705	-147.36140957764619	64.76020297016488	
3340 BADGER ROAD	99705	-147.34713829070245	64.76133498839438	
2431 HOMESTEAD DRIVE	99705	-147.37676879219816	64.75827579930593	
2244 PERIDOT STREET	99705	-147.37483327559562	64.76651445024704	
2864 DOUGHCHEE AVENUE	99705	-147.34845668724702	64.76077583287099	
2817 HORSESHOE WAY	99705	-147.35892542878975	64.76749332717445	
2983 DOUGHCHEE AVENUE	99705	-147.34164830526746	64.75671444331505	
2419 HOMESTEAD DRIVE	99705	-147.377670090692	64.75913340012715	
2085 KIMI STREET	99705	-147.35670344269133	64.77380295150631	
2683 LASALLE AVENUE	99705	-147.37376780164215	64.75806492753819	
782 FINELL DRIVE	99705	-147.37528369792602	64.76268373663426	
2710 HURST ROAD	99705	-147.37161713724024	64.7654129801614	
320 NORTH SANTA CLAUS LANE	99705	-147.35140253578274	64.75712786394357	
2938 PLACK ROAD	99705	-147.34709818651936	64.77836502735097	
2681 MOCKLER AVENUE	99705	-147.37349471323208	64.75922286606607	
285 CROSS WAY	99705	-147.35658309554321	64.75609065309644	
285 CROSS WAY	99705	-147.3565805396629	64.75594566657263	
2299 PERIDOT STREET	99705	-147.37710488196748	64.7640097578947	
3045 VICTORIA CIRCLE	99705	-147.334319507233	64.77891263374093	
2825 ELVIRA AVENUE	99705	-147.358112047405	64.770447122659	
1875 HOLLOWELL ROAD	99705	-147.3430952397853	64.7839173234866	
2481 SCHUTZEN STREET	99705	-147.34167612448792	64.75606791886311	
2255 PONY RUN	99705	-147.35145236689846	64.76775844865028	
2255 PONY RUN	99705	-147.35121068310474	64.7677532892117	
2468 SCHUTZEN STREET	99705	-147.34015030098712	64.75662939717897	
2000 PERIDOT STREET	99705	-147.3749345868027	64.77751600173127	
2416 HOMESTEAD DRIVE	99705	-147.37554050859802	64.75917617575921	
2428 HOMESTEAD DRIVE	99705	-147.3756103962867	64.75841874156293	
2418 HOMESTEAD DRIVE	99705	-147.3753477705875	64.75895791471909	
2426 HOMESTEAD DRIVE	99705	-147.37535097388957	64.75862737486528	
2416 HOMESTEAD DRIVE	99705	-147.3753459982762	64.75917797935547	
2428 HOMESTEAD DRIVE	99705	-147.37541589141807	64.75842054523977	
2418 HOMESTEAD DRIVE	99705	-147.37512562387255	64.75896294133007	
2426 HOMESTEAD DRIVE	99705	-147.37512882988992	64.75863240147564	
2416 HOMESTEAD DRIVE	99705	-147.3751238497535	64.75918300596734	
2428 HOMESTEAD DRIVE	99705	-147.37519374913015	64.75842557194397	
2418 HOMESTEAD DRIVE	99705	-147.37493111505052	64.7589647443793	
2426 HOMESTEAD DRIVE	99705	-147.37493432344536	64.75863420452424	
2416 HOMESTEAD DRIVE	99705	-147.37492933934857	64.75918480901746	
2428 HOMESTEAD DRIVE	99705	-147.37499924417847	64.75842737507465	
3335 MAGNETO COURT	99705	-147.3369423896636	64.76293933614805	
310 PARK WAY	99705	-147.35774998324948	64.75634306284677	
310 PARK WAY	99705	-147.3577501757689	64.75638041959228	
310 PARK WAY	99705	-147.35764564224831	64.75634258152238	
310 PARK WAY	99705	-147.35764583462358	64.75637993826831	
2446 STATEHOOD STREET	99705	-147.33445440600227	64.75768244428707	
295 CROSS WAY	99705	-147.35752276619152	64.75589886460212	
295 CROSS WAY	99705	-147.3575138464784	64.75609136511649	
2905 PLACK ROAD	99705	-147.3495695575118	64.77675957297333	
2880 HURST ROAD	99705	-147.35170142955	64.76295880310744	
1992 HOLLOWELL ROAD	99705	-147.34110206632423	64.77727692054263	
330 PARK WAY	99705	-147.35844021882056	64.75631490233499	
330 PARK WAY	99705	-147.35844823917193	64.7563482406113	
330 PARK WAY	99705	-147.35843922515414	64.75639375468803	
330 PARK WAY	99705	-147.3584399665001	64.75643624557479	
2908 GLACIER STATE DRIVE	99705	-147.3482597474007	64.76951610688904	
2945 MAX LOOP	99705	-147.3471959935238	64.77389376239019	
2665 REGAL AVENUE	99705	-147.3749225370857	64.77979872662353	
2875 MAX LOOP	99705	-147.3456822951369	64.77320190341075	
2879 MAX LOOP	99705	-147.3448691729754	64.77320547594192	
1966 ATNA COURT	99705	-147.34719998529366	64.77913570350545	
3340 SPINNER COURT	99705	-147.3355278077357	64.76567755751893	
2930 HORSESHOE WAY	99705	-147.34711318916206	64.76718556835347	
2835 GARNET DRIVE	99705	-147.36307480047512	64.78083392040864	
3020 SANDY ROAD	99705	-147.33912960989468	64.78202719540914	
1947 DIXON ROAD	99705	-147.33281618990412	64.78015250117727	
2625 SOUTH GOLDENROD CIRCLE	99705	-147.37939333894192	64.77372499394728	
2410 SINGA STREET	99705	-147.33725928143454	64.75937631595562	
2881 ELVIRA AVENUE	99705	-147.35209439255405	64.77048643620648	
2400 DEWITT DRIVE	99705	-147.36157766641034	64.76385432233135	
2056 JACKSON STREET	99705	-147.35472780123803	64.77516777648064	
1991 TUNDRA ROSE COURT	99705	-147.34576753686875	64.781381199894	
2363 DEWITT DRIVE	99705	-147.36308244664943	64.76543812174846	
280 PARK WAY	99705	-147.35708262586132	64.75627955475686	
300 PARK WAY	99705	-147.35725839278481	64.75628413536846	
266 PARK WAY	99705	-147.35646116553505	64.75628259721373	
258 PARK WAY	99705	-147.3563224537399	64.75628530929643	
2979 BADGER ROAD	99705	-147.36074832631328	64.7741021610247	
2979 BADGER ROAD	99705	-147.3606664621314	64.7740673036335	
2979 BADGER ROAD	99705	-147.36058757503116	64.77402529783853	
2989 BADGER ROAD	99705	-147.35983204824421	64.77367214753833	
2989 BADGER ROAD	99705	-147.35985978315725	64.77362631570979	
2989 BADGER ROAD	99705	-147.35988787618626	64.77358760165748	
2985 BADGER ROAD	99705	-147.36257671304836	64.7735788402411	
2985 BADGER ROAD	99705	-147.3626447305612	64.77360385315976	
2985 BADGER ROAD	99705	-147.36272695482975	64.77364582723264	
2969 BADGER ROAD	99705	-147.361669690726	64.77443554340651	
2969 BADGER ROAD	99705	-147.36173150439436	64.77440364155082	
2969 BADGER ROAD	99705	-147.36180049286654	64.7743816435023	
2969 BADGER ROAD	99705	-147.36188928414984	64.77435519122967	
2969 BADGER ROAD	99705	-147.36241910240776	64.77466383812963	
2969 BADGER ROAD	99705	-147.3623046243105	64.77471046676142	
2969 BADGER ROAD	99705	-147.3621635980835	64.77476018759062	
2907 GLACIER STATE DRIVE	99705	-147.35042064024452	64.76887161618599	
2907 GLACIER STATE DRIVE	99705	-147.3503820818698	64.76890140233921	
2907 GLACIER STATE DRIVE	99705	-147.3504327120082	64.76893512474588	
3001 HURST ROAD	99705	-147.34049108341978	64.76202172873847	
3001 HURST ROAD	99705	-147.34074294622567	64.76203227180885	
3001 HURST ROAD	99705	-147.34074758618937	64.76192398326218	
3001 HURST ROAD	99705	-147.34073049181117	64.76180354663354	
2881 ELVIRA AVENUE	99705	-147.35197538423648	64.77048965679481	
2881 ELVIRA AVENUE	99705	-147.35185665397017	64.7704895685837	
2881 ELVIRA AVENUE	99705	-147.3516914116564	64.77049522794502	
2881 ELVIRA AVENUE	99705	-147.35157086701582	64.77049610526707	
2881 ELVIRA AVENUE	99705	-147.35132172469088	64.77049728966512	
2881 ELVIRA AVENUE	99705	-147.3514679278497	64.77049468502172	
2881 ELVIRA AVENUE	99705	-147.35139085097492	64.77049716794026	
2881 ELVIRA AVENUE	99705	-147.35105368636346	64.77042415773083	
2084 JACKSON STREET	99705	-147.35374075316776	64.77451899827875	
2084 JACKSON STREET	99705	-147.3534613405176	64.77443846282745	
2084 JACKSON STREET	99705	-147.3536610737935	64.7745387160659	
3114 BADGER ROAD	99705	-147.34669565173286	64.77032805054654	
3114 BADGER ROAD	99705	-147.34678314132896	64.77036476286212	
3114 BADGER ROAD	99705	-147.346859841949	64.77040822038056	
3114 BADGER ROAD	99705	-147.34668590565965	64.77028873326547	
3114 BADGER ROAD	99705	-147.34674999559823	64.7703247087316	
3114 BADGER ROAD	99705	-147.34683320224468	64.77036478310339	
3114 BADGER ROAD	99705	-147.34692296270615	64.77040242485705	
3114 BADGER ROAD	99705	-147.34677694306092	64.7702850584181	
3114 BADGER ROAD	99705	-147.3468611193359	64.77032227537674	
3114 BADGER ROAD	99705	-147.34696079378577	64.77035792775587	
3068 BADGER ROAD	99705	-147.3514434089958	64.77216832824907	
3068 BADGER ROAD	99705	-147.35128927650322	64.77211180977328	
3068 BADGER ROAD	99705	-147.3512145535827	64.77208590357004	
3068 BADGER ROAD	99705	-147.3511377141782	64.77215117177127	
3068 BADGER ROAD	99705	-147.35126439833854	64.77219274722393	
3068 BADGER ROAD	99705	-147.35178444876772	64.77186896667817	
3068 BADGER ROAD	99705	-147.3513590181992	64.77203806032888	
2692 MOCKLER AVENUE	99705	-147.37355572064837	64.75958153240713	
2692 MOCKLER AVENUE	99705	-147.3732687348577	64.75957991614072	
2692 MOCKLER AVENUE	99705	-147.3731519171169	64.75957886132018	
2692 MOCKLER AVENUE	99705	-147.3730602906175	64.75958113423118	
2371 DEWITT DRIVE	99705	-147.3634517360627	64.76495331232502	
2365 DEWITT DRIVE	99705	-147.36323733155143	64.76526720588693	
1853 BLACKBURN WAY	99705	-147.35663429616167	64.78419981866283	
1853 BLACKBURN WAY	99705	-147.3568528372692	64.78409669553598	
1853 BLACKBURN WAY	99705	-147.35707998400042	64.78423135187641	
2132 FREE-WRIGHT LANE	99705	-147.34179641243847	64.77199507891834	
2714 PARK WAY	99705	-147.36985504020015	64.75799929307979	
2881 ELVIRA AVENUE	99705	-147.35101432455937	64.77050375922258	
2881 ELVIRA AVENUE	99705	-147.35085601273136	64.77050520053047	
2881 ELVIRA AVENUE	99705	-147.35067233155704	64.77050772044582	
2881 ELVIRA AVENUE	99705	-147.35038007654458	64.77051284948261	
2881 ELVIRA AVENUE	99705	-147.35022820368613	64.77051567241978	
2881 ELVIRA AVENUE	99705	-147.35010648091028	64.77051771306627	
2451 SINGA STREET	99705	-147.33889638996718	64.75725516095655	
2876 MAX LOOP	99705	-147.34814258791394	64.7726953356018	
2872 MAX LOOP	99705	-147.3470367401351	64.77255107823139	
2868 MAX LOOP	99705	-147.34633152054172	64.7720738090546	
2969 BADGER ROAD	99705	-147.3630492102172	64.7740354676461	
2969 BADGER ROAD	99705	-147.36318447194122	64.77409214659455	
2969 BADGER ROAD	99705	-147.36333178984947	64.77416723106268	
2969 BADGER ROAD	99705	-147.36343813860992	64.77422417630049	
1983 BLACKBURN WAY	99705	-147.3553424380504	64.77888460332083	
2970 MAURICE AVENUE	99705	-147.3430629453334	64.7763295502815	
3042 BADGER ROAD	99705	-147.35176678734624	64.77259690750171	
441 NORTH SANTA CLAUS LANE	99705	-147.3556437271248	64.75889752915324	
2870 GARNET DRIVE	99705	-147.35868753112848	64.77928211780075	
2359 DEWITT DRIVE	99705	-147.36284249336222	64.76564257744577	
2359 DEWITT DRIVE	99705	-147.36268035522468	64.76566970421638	
2359 DEWITT DRIVE	99705	-147.3625546907469	64.76569222337707	
2359 DEWITT DRIVE	99705	-147.36239560135226	64.76571362461328	
3065 VICTORIA CIRCLE	99705	-147.34033941983	64.78014346458816	
320 NORTH SANTA CLAUS LANE	99705	-147.35135188643568	64.75722683956698	
3012 GLIDE COURT	99705	-147.3383650627122	64.76900661544313	
2174 FREE-WRIGHT LANE	99705	-147.34172848212683	64.77007165869446	
2174 FREE-WRIGHT LANE	99705	-147.3414667610417	64.77007896856023	
2176 FREE-WRIGHT LANE	99705	-147.34140081254813	64.7699054749236	
2176 FREE-WRIGHT LANE	99705	-147.34174153674272	64.7699057408829	
3445 VIRGINIA STREET	99705	-147.29243941205587	64.76160416389638	
3173 AIRWAY DRIVE	99705	-147.32165188286586	64.76924684769679	
3182 FOUR D COURT	99705	-147.32071083989814	64.76857343958363	
2024 OTTER DRIVE	99705	-147.32060773068886	64.77648981358271	
3201 PLACK ROAD	99705	-147.318496430534	64.77653946214595	
2067 OTTER DRIVE	99705	-147.32419462916982	64.77462911816191	
3160 SNOWSHOE AVENUE	99705	-147.32374175831754	64.77374676523326	
3165 SNOWSHOE AVENUE	99705	-147.32252138764125	64.7726565985652	
3149 SNOWSHOE AVENUE	99705	-147.32448363215562	64.77270011572757	
2168 ERMINE DRIVE	99705	-147.32686885158458	64.77041270423894	
2323 DAWSON ROAD	99705	-147.30923171442203	64.76346682816528	
3288 HURST ROAD	99705	-147.30982424490873	64.76277335067705	
2219 DAWSON ROAD	99705	-147.30991216091263	64.7677917964833	
2300 MILES STREET	99705	-147.31518603111815	64.76443151126935	
2302 MILES STREET	99705	-147.3152012875796	64.76427618832487	
2288 ARLENE DRIVE	99705	-147.31884174185885	64.76473249975264	
2284 ARLENE DRIVE	99705	-147.31904413197296	64.76498796701996	
2276 ARLENE DRIVE	99705	-147.31846489517534	64.76533309139045	
2270 ARLENE DRIVE	99705	-147.31856565867315	64.76550198458202	
3209 AIRWAY DRIVE	99705	-147.31774621130114	64.76933019253687	
3490 GREENSTONE ROAD	99705	-147.28858292705948	64.77444167928986	
3520 TIMBER VALLEY DRIVE	99705	-147.28466184670364	64.78162978220062	
2280 GRANITE DRIVE	99705	-147.3299159015905	64.76647803286812	
2200 GRANITE DRIVE	99705	-147.3262709800291	64.76917719991971	
1999 CYPRUS COURT	99705	-147.28292976130228	64.777838966249	
3535 WILDWOOD DRIVE	99705	-147.28353827905374	64.77823335759577	
1999 GREENWOOD STREET	99705	-147.2863672560349	64.77788397501118	
1985 GREENWOOD STREET	99705	-147.28646655324565	64.77838296889401	
3548 WILDWOOD DRIVE	99705	-147.28213102389913	64.77834767100894	
3530 WILDWOOD DRIVE	99705	-147.28430518565355	64.77923423916633	
3520 WILDWOOD DRIVE	99705	-147.2850905758595	64.7793944029303	
1955 GREENWOOD STREET	99705	-147.28670283820327	64.77951655799636	
1870 DAWSON ROAD	99705	-147.3073275772004	64.78350869507655	
1792 JESSICA LOOP	99705	-147.29535066713316	64.7824912022872	
1810 JESSICA LOOP	99705	-147.29531548195217	64.78205186297248	
1822 JESSICA LOOP	99705	-147.2952847498424	64.78115843410644	
1817 JESSICA LOOP	99705	-147.2969245896631	64.7816630287809	
1805 JESSICA LOOP	99705	-147.2975911537322	64.782122430425	
1945 GREENWOOD STREET	99705	-147.28637229764402	64.78004518357987	
3531 TIMBER VALLEY DRIVE	99705	-147.28441536824437	64.78060232373308	
3540 TIMBER VALLEY DRIVE	99705	-147.2824407287344	64.78066805082665	
1922 GREENWOOD STREET	99705	-147.28396933794733	64.78107273878418	
1936 SUNWOOD STREET	99705	-147.2887617199304	64.7806591913094	
1919 SUNWOOD STREET	99705	-147.29121971165662	64.78130946767102	
3414 PLACK ROAD	99705	-147.29595054508397	64.77737134611475	
2015 WHISPERING PINES STREET	99705	-147.30076276825793	64.7773070352045	
3399 VENUS DRIVE	99705	-147.30301074742613	64.77732064220558	
3385 VENUS DRIVE	99705	-147.3035299708571	64.77786666816012	
1992 DAWSON ROAD	99705	-147.3075981757934	64.77819129791186	
1930 DAWSON ROAD	99705	-147.3073316350759	64.78081331205003	
3312 SATURN WAY	99705	-147.30718318882504	64.78177209920914	
3322 SATURN WAY	99705	-147.3053713059063	64.78180249079021	
3334 SATURN WAY	99705	-147.30456038483754	64.78153211266684	
1888 JUPITER DRIVE	99705	-147.30117953185606	64.78275975429868	
1887 JUPITER DRIVE	99705	-147.30282857677634	64.78275219214535	
1923 JUPITER DRIVE	99705	-147.30221467599293	64.78123009339701	
1935 JUPITER DRIVE	99705	-147.30211724443234	64.78059994232592	
3350 MARS AVENUE	99705	-147.30330457179875	64.78358593618371	
3362 MARS AVENUE	99705	-147.30179585726324	64.78367804078034	
3374 MARS AVENUE	99705	-147.30075999645848	64.783667340161	
1797 JESSICA LOOP	99705	-147.29765196319235	64.78247174639489	
1771 JESSICA LOOP	99705	-147.29695591056736	64.78288347921277	
3371 DUNDEE LOOP	99705	-147.30228025348873	64.78430730075169	
3481 DURHAM CIRCLE	99705	-147.2855295832903	64.75918058555924	
3469 DURHAM CIRCLE	99705	-147.2847481015483	64.761443416021	
3467 DURHAM CIRCLE	99705	-147.28585878796454	64.76151703360496	
3465 DURHAM CIRCLE	99705	-147.28694204628485	64.76148688747203	
3463 DURHAM CIRCLE	99705	-147.28815209694207	64.76139450739694	
3461 DURHAM CIRCLE	99705	-147.28933823003078	64.76138365137611	
3464 DURHAM CIRCLE	99705	-147.28749640052487	64.76062270144196	
3466 DURHAM CIRCLE	99705	-147.28650709310767	64.76053256822185	
3482 DURHAM CIRCLE	99705	-147.28671554081077	64.7598552899824	
3486 DURHAM CIRCLE	99705	-147.28769899235488	64.75984675181135	
3483 HURST ROAD	99705	-147.2892390139582	64.76190968004582	
3507 HURST ROAD	99705	-147.28616122975507	64.76193592265805	
3523 HURST ROAD	99705	-147.28484692329016	64.76199655154979	
3545 PEDAL COURT	99705	-147.28262972358934	64.76082760937331	
2379 TIMBERPARK LOOP	99705	-147.2812985384856	64.76054717185698	
2389 TIMBERPARK LOOP	99705	-147.28154574895484	64.76010349818631	
2481 COLEEN CIRCLE	99705	-147.28388016100695	64.75599830142617	
2484 COLEEN CIRCLE	99705	-147.28225729726054	64.75608118684275	
2472 COLEEN CIRCLE	99705	-147.28229943234064	64.75662665054148	
3475 KERSTEN COURT	99705	-147.28936576440134	64.75842798642174	
3493 KERSTEN COURT	99705	-147.28820359903435	64.75849981166446	
3485 DURHAM CIRCLE	99705	-147.2876119750153	64.75919760092995	
3483 DURHAM CIRCLE	99705	-147.28654719123216	64.75925365642912	
2231 ARLENE DRIVE	99705	-147.31973451881998	64.76720414271252	
2290 GRANITE DRIVE	99705	-147.3297319420401	64.76599096582275	
2205 GRANITE DRIVE	99705	-147.32794011983307	64.7692834279911	
2215 GRANITE DRIVE	99705	-147.32805418785605	64.76876757257347	
2190 SHALE COURT	99705	-147.32977729165424	64.76879099384037	
2180 SHALE COURT	99705	-147.33031136283847	64.76934841665673	
2253 ARLENE DRIVE	99705	-147.32044761915432	64.76643205094831	
2265 ARLENE DRIVE	99705	-147.31984559970087	64.76577945955671	
2273 ARLENE DRIVE	99705	-147.32056150607124	64.76549460139248	
2240 STARLIT LANE	99705	-147.32505289747354	64.76648785975878	
2270 SLATE COURT	99705	-147.32593039316055	64.76518528710564	
2260 SLATE COURT	99705	-147.32624377168582	64.76563731465458	
2220 GRANITE DRIVE	99705	-147.32634866869677	64.76832294562946	
3115 PEWTER COURT	99705	-147.3282739201273	64.76380001730078	
3105 PEWTER COURT	99705	-147.32901199816163	64.7635225754349	
3095 PEWTER COURT	99705	-147.32994670925538	64.76340691013526	
2330 GRANITE DRIVE	99705	-147.32888458367344	64.76519372803622	
2310 GRANITE DRIVE	99705	-147.32982981800188	64.765411962071	
3206 HURST ROAD	99705	-147.3182196592901	64.76474711599536	
2252 ARLENE DRIVE	99705	-147.31773621721575	64.76637614020474	
3190 FOUR D COURT	99705	-147.3196579282677	64.76821194725208	
2172 OTTER DRIVE	99705	-147.32071094957354	64.76995635531902	
2164 OTTER DRIVE	99705	-147.32072716378048	64.77029567798286	
2148 OTTER DRIVE	99705	-147.31851053448065	64.7712726189553	
2130 OTTER DRIVE	99705	-147.32030481267984	64.77181296477568	
2110 OTTER DRIVE	99705	-147.31952051814193	64.77259914700954	
2068 OTTER DRIVE	99705	-147.3199208549114	64.7747655749696	
2034 OTTER DRIVE	99705	-147.31983023902959	64.77604186858647	
2152 ERMINE DRIVE	99705	-147.32823823120714	64.77089392701173	
2136 ERMINE DRIVE	99705	-147.3287387054708	64.77202499012695	
2110 ERMINE DRIVE	99705	-147.32851811028257	64.7728177980289	
2480 DAWSON ROAD	99705	-147.30725454743464	64.7559938411727	
2468 DAWSON ROAD	99705	-147.30718097055953	64.75655636899589	
3315 MAHLEN COURT	99705	-147.3051777489181	64.75847954895396	
3334 MAHLEN COURT	99705	-147.30487798726148	64.75911801663145	
3390 LINEMAN AVENUE	99705	-147.29880002676336	64.75618554807569	
2404 DAWSON ROAD	99705	-147.30704328161778	64.75950532578548	
2389 EIRE STREET	99705	-147.29599365739077	64.76025142579726	
2394 DAWSON ROAD	99705	-147.3078137218221	64.76013602057019	
3328 VIRGINIA STREET	99705	-147.30552372705736	64.76195861331476	
3338 VIRGINIA STREET	99705	-147.30444371774712	64.76205072133536	
3346 VIRGINIA STREET	99705	-147.30318293935306	64.7620842208427	
3358 VIRGINIA STREET	99705	-147.302320412065	64.762007529612	
2349 EDSSON AVENUE	99705	-147.3014600646977	64.76198143172961	
3420 VIRGINIA STREET	99705	-147.29583534651374	64.7620814873149	
3458 VIRGINIA STREET	99705	-147.29391619746426	64.76215075068139	
3419 VIRGINIA STREET	99705	-147.29537539633392	64.76138635762219	
2370 EDSSON AVENUE	99705	-147.30024232952016	64.76089659981913	
2363 EDSSON AVENUE	99705	-147.30128712210015	64.76133934060161	
2377 EDSSON AVENUE	99705	-147.3011614963226	64.76067080867718	
3357 VIRGINIA STREET	99705	-147.3023350322028	64.76084814566043	
2391 EDSSON AVENUE	99705	-147.30165218278947	64.760188066715	
2394 EDSSON AVENUE	99705	-147.29968032888337	64.7601218672915	
2405 EDSSON AVENUE	99705	-147.30154280039392	64.7595424671975	
2421 EDSSON AVENUE	99705	-147.301693474314	64.75916892211313	
2425 EDSSON AVENUE	99705	-147.3020781480576	64.75867111898657	
2440 EDSSON AVENUE	99705	-147.30045306204084	64.75754887375176	
3405 NEVIN AVENUE	99705	-147.29757675468298	64.7585745436052	
3409 NEVIN AVENUE	99705	-147.2971742503126	64.75788238257525	
2406 EIRE STREET	99705	-147.29445742997453	64.7595302428074	
2396 EIRE STREET	99705	-147.29440917136552	64.75987243575102	
2390 EIRE STREET	99705	-147.29437595882948	64.76026244741645	
2248 ONYX ROAD	99705	-147.28112820116186	64.76687549962367	
2238 ONYX ROAD	99705	-147.28085626343963	64.76732221671413	
2220 ONYX ROAD	99705	-147.28063341048565	64.76784489017838	
2239 ONYX ROAD	99705	-147.28222817703212	64.76689636376486	
2249 ONYX ROAD	99705	-147.28219189566508	64.76641984602784	
2275 ONYX ROAD	99705	-147.28206887945433	64.76526224406649	
2285 ONYX ROAD	99705	-147.28218699109658	64.76463873636852	
2312 FREEDOM DRIVE	99705	-147.28629074771968	64.76337349599174	
2306 FREEDOM DRIVE	99705	-147.28674617170168	64.76378733507397	
3511 SHARON ROAD	99705	-147.28632946163177	64.76443396844058	
3519 SHARON ROAD	99705	-147.2849915339631	64.76453634211549	
2390 EDSSON AVENUE	99705	-147.29787168198814	64.76023929073177	
2392 EDSSON AVENUE	99705	-147.29839270533955	64.75990674712266	
2140 TOPS STREET	99705	-147.29273406248043	64.77188521531887	
3260 PLATO WAY	99705	-147.31218833807853	64.78198023876777	
2035 TOPS STREET	99705	-147.29847741173364	64.7761508650278	
2040 TOPS STREET	99705	-147.2966588524378	64.77600824855786	
3464 YELLOWSTONE ROAD	99705	-147.2905673643159	64.77025386854345	
3482 YELLOWSTONE ROAD	99705	-147.2890304623313	64.77001184630518	
2050 MY COURT	99705	-147.292141021073	64.77587760605367	
2085 BLACKSTONE ROAD	99705	-147.29055188270422	64.77404299293268	
2021 TOPS STREET	99705	-147.29895931856183	64.77642542278572	
2082 TOPS STREET	99705	-147.29400273270494	64.774070591775	
3414 WEE COURT	99705	-147.2959338953661	64.77031646281318	
3553 BLOSSUM COURT	99705	-147.28141721793315	64.75914496736007	
3495 YELLOWSTONE ROAD	99705	-147.28795560599576	64.76949058788273	
2289 MILES STREET	99705	-147.31642428942078	64.76497942075575	
3177 FOUR D COURT	99705	-147.3221108042491	64.76747736077034	
2270 GRANITE DRIVE	99705	-147.32924203866	64.76686333259073	
2329 FREEDOM DRIVE	99705	-147.2878551986077	64.76281703274842	
3476 HURST ROAD	99705	-147.2901580443314	64.76300556722826	
2199 INDEPENDENCE CIRCLE WEST	99705	-147.29067915404272	64.7686873101617	
2187 INDEPENDENCE CIRCLE WEST	99705	-147.29069186843762	64.76927996928653	
3483 YELLOWSTONE ROAD	99705	-147.28938891391297	64.7694134252895	
2204 INDEPENDENCE CIRCLE EAST	99705	-147.2839940609552	64.76864131455716	
2210 INDEPENDENCE CIRCLE EAST	99705	-147.28383470703187	64.76809104250425	
2228 INDEPENDENCE CIRCLE EAST	99705	-147.28401487430455	64.76767442214624	
2236 INDEPENDENCE CIRCLE EAST	99705	-147.28401903063445	64.7671303405707	
2203 INDEPENDENCE CIRCLE EAST	99705	-147.285412198984	64.76859788857611	
2250 INDEPENDENCE CIRCLE WEST	99705	-147.28782140518348	64.76652649814184	
2238 INDEPENDENCE CIRCLE WEST	99705	-147.28902299196844	64.76685715390633	
2224 INDEPENDENCE CIRCLE WEST	99705	-147.2894184554624	64.76769148378382	
2212 INDEPENDENCE CIRCLE WEST	99705	-147.28930602225518	64.7680946095608	
3344 HURST ROAD	99705	-147.30365557122838	64.7631099569552	
3352 HURST ROAD	99705	-147.30221917170724	64.76285678252182	
3442 HURST ROAD	99705	-147.29350804057384	64.76278555194588	
2220 PLANTERS LANE	99705	-147.29926948885125	64.76774869655112	
3424 MOOSEWALK ROAD	99705	-147.29539651912603	64.76770130392723	
2222 GRANTHAM LANE	99705	-147.29424847236805	64.76791862585833	
3442 MOOSEWALK ROAD	99705	-147.29374140222092	64.76793407621058	
3450 MOOSEWALK ROAD	99705	-147.2928482797687	64.76771404716176	
3450 HURST ROAD	99705	-147.29265530215454	64.76290909004713	
3441 SHARON ROAD	99705	-147.29374413867637	64.7645449145636	
3320 SHARON ROAD	99705	-147.3065557391394	64.76566363695468	
3328 SHARON ROAD	99705	-147.30541111913834	64.76542460040375	
3336 SHARON ROAD	99705	-147.30438448767654	64.76538668630005	
3344 SHARON ROAD	99705	-147.3029694234598	64.7654104015993	
2241 PLANTERS LANE	99705	-147.30108225774143	64.76678346021122	
3345 MOOSEWALK ROAD	99705	-147.30309043643987	64.7666615953529	
3327 MOOSEWALK ROAD	99705	-147.3055562770154	64.76688133229207	
3336 MOOSEWALK ROAD	99705	-147.30458983797877	64.76767905919088	
3340 MOOSEWALK ROAD	99705	-147.30403530952404	64.7683220817243	
3352 MOOSEWALK ROAD	99705	-147.3031010724275	64.76781721391391	
3360 MOOSEWALK ROAD	99705	-147.30218110270917	64.7679594862977	
3390 SHARON ROAD	99705	-147.2992342988399	64.76501923513263	
3400 SHARON ROAD	99705	-147.29799120384465	64.76544413442569	
3406 SHARON ROAD	99705	-147.29702077637813	64.76530955153542	
3420 SHARON ROAD	99705	-147.29612388523418	64.7651925686976	
3454 SHARON ROAD	99705	-147.29197802725596	64.76522130141912	
3457 MOOSEWALK ROAD	99705	-147.2918897594777	64.76681801886883	
3449 MOOSEWALK ROAD	99705	-147.292780131452	64.76687013449951	
3441 MOOSEWALK ROAD	99705	-147.29365124626688	64.767037669446	
3393 MOOSEWALK ROAD	99705	-147.29871205358234	64.76704231628759	
2256 PLANTERS LANE	99705	-147.29909399365283	64.76617528656607	
2266 PLANTERS LANE	99705	-147.29916418127675	64.76561088345291	
2193 GRANTHAM LANE	99705	-147.29521500518604	64.76933848025459	
2053 BLACKSTONE ROAD	99705	-147.29048207443992	64.77523684350398	
2100 MY COURT	99705	-147.2907254117144	64.77459199759731	
2099 BLACKSTONE ROAD	99705	-147.29042622326332	64.77323058791276	
2025 MY COURT	99705	-147.2953060881061	64.77638507770848	
2035 MY COURT	99705	-147.29444868650722	64.77615356498525	
3542 REDSTONE ROAD	99705	-147.282377468952	64.77610262727259	
3526 REDSTONE ROAD	99705	-147.28369743932217	64.77627046550566	
3514 REDSTONE ROAD	99705	-147.28551905264123	64.77608446533891	
3502 REDSTONE ROAD	99705	-147.2872320176268	64.7761899641543	
2140 BLACKSTONE ROAD	99705	-147.28684989451415	64.77270787215447	
2172 BLACKSTONE ROAD	99705	-147.2842661583451	64.77214392546195	
2182 BLACKSTONE ROAD	99705	-147.2828430221138	64.77204947225127	
3657 GREENSTONE ROAD	99705	-147.28221980496363	64.77238865911603	
3516 GREENSTONE ROAD	99705	-147.28530993106713	64.77443618917971	
3528 GREENSTONE ROAD	99705	-147.28386955565827	64.77451875736776	
3542 GREENSTONE ROAD	99705	-147.28270442422877	64.77448248411588	
3515 REDSTONE ROAD	99705	-147.28549255900367	64.7754014734871	
3557 REDSTONE ROAD	99705	-147.2814951077333	64.77554802817706	
3571 REDSTONE ROAD	99705	-147.28070864122031	64.77484383509643	
2177 BLACKSTONE ROAD	99705	-147.28296354370485	64.77137005473304	
2055 MY COURT	99705	-147.29269962705663	64.77551122800078	
2150 TOPS STREET	99705	-147.29204418564703	64.77140806720767	
2120 TOPS STREET	99705	-147.29283333211956	64.77221602475191	
3445 OUR STREET	99705	-147.29409855086556	64.7720490912762	
3415 OUR STREET	99705	-147.29589774452788	64.77162472382076	
3405 OUR STREET	99705	-147.29680781745756	64.77132561566351	
3400 OUR STREET	99705	-147.298663789046	64.77164423528374	
3420 OUR STREET	99705	-147.29705275237222	64.77209351373774	
3430 OUR STREET	99705	-147.29642388401007	64.77240021615592	
2085 TOPS STREET	99705	-147.2960290729724	64.77414481042481	
3414 HER STREET	99705	-147.2969113656362	64.77387723239842	
3410 HIS COURT	99705	-147.29822508964924	64.77525566776868	
3390 HIS COURT	99705	-147.29900077480346	64.77501083130926	
3370 HIS COURT	99705	-147.29838030817064	64.77417071605875	
3415 HIS COURT	99705	-147.29686167841442	64.77511619203214	
2309 FREEDOM DRIVE	99705	-147.28815254492145	64.76357519790751	
2323 FREEDOM DRIVE	99705	-147.28799105023123	64.76298363558678	
2305 ROBINSON CIRCLE	99705	-147.29056588163837	64.7638970458664	
3471 SHARON ROAD	99705	-147.29066940700005	64.76444519201388	
3479 SHARON ROAD	99705	-147.28926546297924	64.76441861101692	
3466 SHARON ROAD	99705	-147.291199603895	64.76490845631045	
2213 INDEPENDENCE CIRCLE EAST	99705	-147.28543099081242	64.7680070328662	
2225 INDEPENDENCE CIRCLE EAST	99705	-147.2854132999749	64.76761329183617	
2187 PLANTERS LANE	99705	-147.30058102838896	64.76919727291055	
3361 YELLOWSTONE ROAD	99705	-147.30225239421534	64.76897735119205	
3353 YELLOWSTONE ROAD	99705	-147.30312248391007	64.76890212197243	
3424 SHARON ROAD	99705	-147.29545713680054	64.76513729996694	
3432 SHARON ROAD	99705	-147.29458004468358	64.76543124011349	
3440 SHARON ROAD	99705	-147.29360639132676	64.76528433853815	
3450 SHARON ROAD	99705	-147.29290384082415	64.76545266792974	
3433 MOOSEWALK ROAD	99705	-147.2944640011096	64.76691538332818	
3423 MOOSEWALK ROAD	99705	-147.29563109713254	64.76676500514087	
3415 MOOSEWALK ROAD	99705	-147.2963471558213	64.76683708193116	
2200 PLANTERS LANE	99705	-147.29857017195945	64.76833353242917	
2198 PLANTERS LANE	99705	-147.29923757619903	64.76873926730404	
2196 PLANTERS LANE	99705	-147.2992397055026	64.76883048609096	
2194 PLANTERS LANE	99705	-147.29919698968624	64.7691852391893	
3454 MOOSEWALK ROAD	99705	-147.29191370341974	64.7677198171401	
2196 GRANTHAM LANE	99705	-147.29417229878524	64.76895185022461	
2199 GRANTHAM LANE	99705	-147.2957680464761	64.7687541049143	
2239 INDEPENDENCE CIRCLE EAST	99705	-147.2854760597447	64.76698205425954	
2257 INDEPENDENCE CIRCLE EAST	99705	-147.28669158390753	64.76664304536928	
2202 INDEPENDENCE CIRCLE WEST	99705	-147.2891997557781	64.76864529241328	
3524 SHARON ROAD	99705	-147.2846822684801	64.76512707484993	
3540 SHARON ROAD	99705	-147.28377177358462	64.76513079125066	
3529 BLUE JAY WAY	99705	-147.28433193322658	64.76584327166084	
3534 BLUE JAY WAY	99705	-147.28348662173732	64.76620436510237	
2310 DAWSON ROAD	99705	-147.307612849669	64.76336668370548	
3320 HURST ROAD	99705	-147.3071518840524	64.76259609994649	
3338 HURST ROAD	99705	-147.30439431133297	64.76317707232363	
3325 SHARON ROAD	99705	-147.30555891490295	64.76404672368172	
2300 PLANTERS LANE	99705	-147.29868735523522	64.7643283498399	
3420 HURST ROAD	99705	-147.29617054733805	64.76313066899314	
3424 HURST ROAD	99705	-147.29518222029355	64.76272274042913	
3431 SHARON ROAD	99705	-147.29468611814892	64.76445920393243	
3428 HURST ROAD	99705	-147.29451516026094	64.7637187268578	
2253 PLANTERS LANE	99705	-147.30162456818206	64.7663799485388	
3319 MOOSEWALK ROAD	99705	-147.30644977378384	64.76684853738631	
2242 DAWSON ROAD	99705	-147.3076265578456	64.76704552332109	
2248 DAWSON ROAD	99705	-147.30779923806483	64.76642003013028	
2210 DAWSON ROAD	99705	-147.3072300065309	64.76920085753858	
1981 ROSEWOOD DRIVE	99705	-147.28117108308476	64.77941999931387	
3326 MOOSEWALK ROAD	99705	-147.3054733938676	64.76817866747608	
2209 PLANTERS LANE	99705	-147.3002321353665	64.76818667817342	
2157 BLACKSTONE ROAD	99705	-147.28562622523438	64.7715039601146	
2145 BLACKSTONE ROAD	99705	-147.2869691054289	64.77161282022152	
2021 BLACKSTONE ROAD	99705	-147.2899477358144	64.77636110032698	
2132 FLINTSTONE WAY	99705	-147.28923398334484	64.7714913246738	
3554 REDSTONE ROAD	99705	-147.2818851003914	64.77617925098617	
2020 BLACKSTONE ROAD	99705	-147.28853045430648	64.77628783165004	
2056 BLACKSTONE ROAD	99705	-147.2886585564729	64.77532998897811	
2092 BLACKSTONE ROAD	99705	-147.28856968742102	64.77341551316931	
2114 BLACKSTONE ROAD	99705	-147.2887152544066	64.77286126376602	
3503 GREENSTONE ROAD	99705	-147.28735712839656	64.77319592596344	
3515 GREENSTONE ROAD	99705	-147.2861402187699	64.77352463968579	
3535 GREENSTONE ROAD	99705	-147.2839761549318	64.77365383374425	
3506 GREENSTONE ROAD	99705	-147.287020031593	64.77446283884595	
3503 REDSTONE ROAD	99705	-147.28728133945776	64.77529819374135	
2171 BLACKSTONE ROAD	99705	-147.28390470379526	64.77151963913693	
2008 CYPRUS COURT	99705	-147.2820908064892	64.7772580800992	
1936 JUPITER DRIVE	99705	-147.30078318262326	64.78067268924666	
1910 JUPITER DRIVE	99705	-147.3007188715936	64.78178318411017	
1900 JUPITER DRIVE	99705	-147.301325264111	64.78235871139636	
3311 MARS AVENUE	99705	-147.30752721994025	64.78284466779093	
3321 MARS AVENUE	99705	-147.30644832476705	64.78283451801451	
3320 MARS AVENUE	99705	-147.30591923987717	64.78351630684217	
2011 CYPRUS COURT	99705	-147.28357511782121	64.77737098680464	
3525 WILDWOOD DRIVE	99705	-147.28535413757757	64.7787952587561	
1996 GREENWOOD STREET	99705	-147.28547504391943	64.77797236087548	
3556 WILDWOOD DRIVE	99705	-147.28113345829968	64.77807176241974	
3555 WILDWOOD DRIVE	99705	-147.281640738505	64.77769839872107	
2010 GREENWOOD STREET	99705	-147.28547245469932	64.77724280749261	
2011 GREENWOOD STREET	99705	-147.2863477649072	64.77730735072853	
3561 TIMBER VALLEY DRIVE	99705	-147.28157753965502	64.78025271119968	
3551 TIMBER VALLEY DRIVE	99705	-147.28236903587472	64.78010135560567	
3541 TIMBER VALLEY DRIVE	99705	-147.28352842896524	64.78021913141568	
1925 GREENWOOD STREET	99705	-147.285750810559	64.78092789353194	
1901 SUNWOOD STREET	99705	-147.29119854114353	64.78251162132749	
3470 PLACK ROAD	99705	-147.2907784967723	64.77863606895605	
3330 PLACK ROAD	99705	-147.30526305362426	64.77736733080842	
2012 DAWSON ROAD	99705	-147.30738460526254	64.77742619764844	
3370 VENUS DRIVE	99705	-147.3014839198009	64.77823883694985	
3321 VENUS DRIVE	99705	-147.30580745789408	64.77941689279105	
3335 VENUS DRIVE	99705	-147.30463487219131	64.77883550536342	
3310 VENUS DRIVE	99705	-147.3073055515508	64.77981183061735	
3324 VENUS DRIVE	99705	-147.30567232633572	64.77982654397393	
3339 SATURN WAY	99705	-147.30463553560884	64.78099605177943	
1950 JUPITER DRIVE	99705	-147.3010591562666	64.78005110762106	
3339 MARS AVENUE	99705	-147.30477247459788	64.78302464055284	
3288 PLATO WAY	99705	-147.30943173857062	64.78169786441232	
1750 JESSICA LOOP	99705	-147.2990361815596	64.78348478405444	
1762 JESSICA LOOP	99705	-147.2975024813432	64.78374537690233	
1768 JESSICA LOOP	99705	-147.29659022272318	64.78372216357104	
1834 JESSICA LOOP	99705	-147.29571350244734	64.78075023486142	
1842 JESSICA LOOP	99705	-147.29758216876246	64.78065314728053	
1856 JESSICA LOOP	99705	-147.29894948354817	64.78068246016986	
1859 JESSICA LOOP	99705	-147.29900003762975	64.78124694729323	
1839 JESSICA LOOP	99705	-147.29671829796104	64.78127814701874	
1753 JESSICA LOOP	99705	-147.29898412313167	64.78288549952556	
1896 WHISPERING PINES STREET	99705	-147.29900846308644	64.7824854944663	
1904 WHISPERING PINES STREET	99705	-147.29907346760007	64.78203992442873	
1916 WHISPERING PINES STREET	99705	-147.29917995763728	64.7816583479905	
1955 DAWSON ROAD	99705	-147.30970611590786	64.78024654494727	
3241 STOREY DRIVE	99705	-147.3144828738082	64.78420362454133	
3180 HOMER DRIVE	99705	-147.32056289103375	64.78028754051508	
3090 SANDY ROAD	99705	-147.32994188246238	64.78214082405528	
3252 HOMER DRIVE	99705	-147.31354707118632	64.78006022248569	
3269 PLATO WAY	99705	-147.31204778283055	64.78095336300765	
3253 PLATO WAY	99705	-147.3133068901068	64.78107432340971	
3183 PLATO WAY	99705	-147.3209286400638	64.78092166400987	
3180 PLATO WAY	99705	-147.3211897193929	64.78176854007381	
3194 PLATO WAY	99705	-147.31952833394195	64.7817449779952	
3212 PLATO WAY	99705	-147.31842802854575	64.78182367178759	
3224 PLATO WAY	99705	-147.31602256729707	64.78196351491783	
3463 PLACK ROAD	99705	-147.2912783596668	64.77663465990207	
2065 MY COURT	99705	-147.2924294682316	64.77506422071158	
2075 MY COURT	99705	-147.29239591571934	64.77466500282057	
2085 MY COURT	99705	-147.292156109152	64.77427085921641	
2030 MY COURT	99705	-147.29296620783668	64.77636591532179	
2170 TOPS STREET	99705	-147.29251504460797	64.77040236391913	
3425 WEE COURT	99705	-147.29522843009522	64.77010736725346	
3424 WEE COURT	99705	-147.2954341419794	64.77073025643918	
3434 WEE COURT	99705	-147.29399397319935	64.77071119731517	
3390 OUR STREET	99705	-147.29877260199035	64.77097126479883	
3440 OUR STREET	99705	-147.29537394846295	64.7725096542007	
3450 OUR STREET	99705	-147.29425579502887	64.77258959179916	
3425 HER STREET	99705	-147.29588125005742	64.77341176727212	
3384 HER STREET	99705	-147.2995038967773	64.77302593956954	
2045 TOPS STREET	99705	-147.29766822658144	64.77566053573928	
2445 MISSION ROAD	99705	-147.319065605617	64.75818012204097	
2419 MISSION ROAD	99705	-147.31573109803037	64.7600548462878	
2409 MISSION ROAD	99705	-147.31571561948007	64.76046042719236	
2403 MISSION ROAD	99705	-147.3140611287982	64.76021825386555	
2470 ARCTIC CACHE	99705	-147.30980641717326	64.75665570495043	
2459 DAWSON ROAD	99705	-147.30908502081473	64.75705156816711	
2458 ARCTIC CACHE	99705	-147.3101519137511	64.75721372682094	
2467 ARCTIC CACHE	99705	-147.31152474930187	64.75675983307387	
3217 JONY DAN LANE	99705	-147.3166376456407	64.75658921593738	
3209 JONY DAN LANE	99705	-147.3176090947522	64.75673844490224	
3203 JONY DAN LANE	99705	-147.3186040972801	64.75622990795627	
3234 JONY DAN LANE	99705	-147.31555792283112	64.7574688453992	
3254 JONY DAN LANE	99705	-147.3137982129933	64.75757984011912	
3251 SHADY LU LANE	99705	-147.3135309641367	64.75813768477147	
3275 TRANQUILITY COURT	99705	-147.31150404953488	64.75869085034735	
3285 TRANQUILITY COURT	99705	-147.30997600314566	64.75898217777899	
3260 TRANQUILITY COURT	99705	-147.3124672503156	64.75911070307089	
2489 MISSION ROAD	99705	-147.32369239461977	64.75631570700467	
2481 MISSION ROAD	99705	-147.3223759577574	64.75682662076593	
2455 MISSION ROAD	99705	-147.31997101904685	64.75769713802002	
2355 MISSION ROAD	99705	-147.31227505974272	64.76153762616295	
3194 BROOKVIEW LANE	99705	-147.31896450582394	64.76297053389985	
3170 BROOKVIEW LANE	99705	-147.32205983083153	64.7631461564297	
2255 OUTSIDE BOULEVARD	99705	-147.3199730238754	64.76136067037648	
2275 OUTSIDE BOULEVARD	99705	-147.32163325978883	64.76145778889503	
2297 OUTSIDE BOULEVARD	99705	-147.3241842677197	64.76152801322989	
2210 OUTSIDE BOULEVARD	99705	-147.31783516496327	64.76186260150756	
2296 OUTSIDE BOULEVARD	99705	-147.32548969567844	64.76070867056087	
2324 OUTSIDE BOULEVARD	99705	-147.3270384359386	64.7607840095339	
2342 OUTSIDE BOULEVARD	99705	-147.3284402977564	64.76079784250328	
2360 OUTSIDE BOULEVARD	99705	-147.32966322778464	64.76058810126413	
2266 ARLENE DRIVE	99705	-147.31835536408022	64.76588880517718	
3100 PEWTER COURT	99705	-147.32983261019456	64.76400176046994	
2031 OTTER DRIVE	99705	-147.32190981617478	64.77649066561588	
2160 TOPS STREET	99705	-147.29269898181937	64.77088484046428	
2058 TOPS STREET	99705	-147.29505930522083	64.77531147997502	
2074 TOPS STREET	99705	-147.2942803208976	64.7745337885326	
3375 VENUS DRIVE	99705	-147.30335790511083	64.77825593179388	
2410 EDSSON AVENUE	99705	-147.29959279202387	64.75940762443628	
2326 FREEDOM DRIVE	99705	-147.28619757548748	64.7631423928295	
3210 AIRWAY DRIVE	99705	-147.3172505008719	64.77005052927117	
3451 SHARON ROAD	99705	-147.29261184996406	64.76440586940402	
3233 HOMER DRIVE	99705	-147.31555007481046	64.77926752561201	
2428 EDSSON AVENUE	99705	-147.30022366069127	64.75873273051536	
2067 BLACKSTONE ROAD	99705	-147.29025589144058	64.77460260831059	
3395 OUR STREET	99705	-147.297293039042	64.77080327207501	
3270 HURST ROAD	99705	-147.31138768550852	64.76353287384951	
3270 HURST ROAD	99705	-147.31146033935164	64.76356863054673	
1905 JUPITER DRIVE	99705	-147.3026414634108	64.78237645979185	
1920 JUPITER DRIVE	99705	-147.301006580976	64.78113541160343	
1955 JUPITER DRIVE	99705	-147.30220333614943	64.78006512822758	
3345 SHARON ROAD	99705	-147.3029788784055	64.76394095529855	
3377 OUR STREET	99705	-147.29779441941716	64.77005398794063	
3541 REDSTONE ROAD	99705	-147.2830406544105	64.77538367728846	
3448 YELLOWSTONE ROAD	99705	-147.29212820456044	64.76981616335715	
3296 CACHE WAY	99705	-147.3090413881799	64.75818592502416	
3122 STEPP COURT	99705	-147.31378495028883	64.76514942390912	
3244 TRESTRAIL LOOP	99705	-147.31592768754936	64.76872243971688	
2149 TOPS STREET	99705	-147.29406409516812	64.77131264711319	
2134 OTTER DRIVE	99705	-147.31756440889745	64.77165752797525	
2069 BLACKSTONE ROAD	99705	-147.2900778953575	64.77444889564622	
2258 ARLENE DRIVE	99705	-147.3185737991199	64.76656553958925	
3228 TRESTRAIL LOOP	99705	-147.31576771553227	64.76763214109246	
3520 ROUTE 66	99705	-147.2865442973423	64.75752481285582	
2430 MCGONNELL WAY	99705	-147.29302256195425	64.75847233478683	
3325 SATURN WAY	99705	-147.30550664971818	64.78087448242673	
2450 MISSION ROAD	99705	-147.3186972661005	64.75744228706029	
3212 JONY DAN LANE	99705	-147.3173834872308	64.75764372670338	
3224 JONY DAN LANE	99705	-147.31662202049935	64.75753086073486	
3241 SHADY LU LANE	99705	-147.31452174616118	64.7584168635684	
3231 SHADY LU LANE	99705	-147.315442375079	64.75842100271319	
2436 MISSION ROAD	99705	-147.3166692426972	64.75821237789974	
2481 DAWSON ROAD	99705	-147.3091300300874	64.75602063135501	
3273 CACHE WAY	99705	-147.31123246165117	64.75751712276303	
2470 ROCKY ROAD	99705	-147.31498620603904	64.75640880421463	
3235 JONY DAN LANE	99705	-147.31600605986637	64.75653766361816	
3272 CACHE WAY	99705	-147.31114647296573	64.75819951319404	
3240 SHADY LU LANE	99705	-147.31428262209502	64.75910192942274	
2394 MISSION ROAD	99705	-147.31215514693025	64.75964553044369	
2367 DAWSON ROAD	99705	-147.3097251095256	64.76115318997013	
2347 DAWSON ROAD	99705	-147.30955131095098	64.76193602534916	
2350 MISSION ROAD	99705	-147.31094509456304	64.76209020294078	
2441 MISSION ROAD	99705	-147.31827208261547	64.75836925579098	
2437 MISSION ROAD	99705	-147.3173138218847	64.75881713373667	
2433 MISSION ROAD	99705	-147.31652886389162	64.7591175509656	
2429 MISSION ROAD	99705	-147.3166021239791	64.75995438992602	
2395 MISSION ROAD	99705	-147.3137564535239	64.76079424021849	
2373 MISSION ROAD	99705	-147.31296770037537	64.76104808313582	
3253 HURST ROAD	99705	-147.31368146494216	64.76196695986044	
3156 BROOKVIEW LANE	99705	-147.32353389939573	64.76302878360528	
3148 BROOKVIEW LANE	99705	-147.3247768754465	64.76289305770919	
3195 BROOKVIEW LANE	99705	-147.32014925151532	64.76191493600292	
3177 BROOKVIEW LANE	99705	-147.3217476251168	64.76202684776916	
3151 BROOKVIEW LANE	99705	-147.32365698087094	64.76197431744505	
2228 OUTSIDE BOULEVARD	99705	-147.3177277667234	64.76117925702722	
2246 OUTSIDE BOULEVARD	99705	-147.31898944391142	64.76053003715089	
2262 OUTSIDE BOULEVARD	99705	-147.3208628182109	64.76068247355923	
2278 OUTSIDE BOULEVARD	99705	-147.3225539362832	64.76059425725879	
2398 OUTSIDE BOULEVARD	99705	-147.33025191741376	64.75977121452071	
2339 OUTSIDE BOULEVARD	99705	-147.32975061571403	64.76176232474073	
2323 OUTSIDE BOULEVARD	99705	-147.3271349234864	64.76191343717407	
1969 DAWSON ROAD	99705	-147.30945080597434	64.77908506201427	
1871 DAWSON ROAD	99705	-147.30963183959832	64.7834978238746	
3250 HURST ROAD	99705	-147.31344319875626	64.76346690222871	
2271 DAWSON ROAD	99705	-147.30966030908684	64.76522761188527	
2307 MILES STREET	99705	-147.3163653465974	64.76402869871956	
3201 HURST ROAD	99705	-147.31885450412443	64.76406877706793	
3214 HURST ROAD	99705	-147.31718159190345	64.76432580319891	
3237 PLATO WAY	99705	-147.31455356879687	64.78110201571526	
3209 PLATO WAY	99705	-147.31787788626323	64.78101560912087	
3195 PLATO WAY	99705	-147.31935082645373	64.78098501721803	
3240 PLATO WAY	99705	-147.3148672789214	64.7817980910828	
2501 MISSION ROAD	99705	-147.32654956935883	64.75812014105887	
3174 FOUR D COURT	99705	-147.32181341593363	64.76836800442712	
3183 FOUR D COURT	99705	-147.32070891042113	64.76747251765651	
3191 FOUR D COURT	99705	-147.31938821693396	64.76768619986441	
2283 ARLENE DRIVE	99705	-147.32022584286258	64.76503794558798	
3164 HURST ROAD	99705	-147.3244173341087	64.76507018929564	
2222 STARLIT LANE	99705	-147.32397436263057	64.76803752406566	
2250 SLATE COURT	99705	-147.3263425967712	64.76607017755563	
2240 SLATE COURT	99705	-147.3263070078528	64.76660320939824	
2250 GRANITE DRIVE	99705	-147.32654819856978	64.76709597265365	
2240 GRANITE DRIVE	99705	-147.3259312494809	64.76747853374422	
2230 GRANITE DRIVE	99705	-147.32659797363007	64.76789848698259	
2260 GRANITE DRIVE	99705	-147.32791939001953	64.76724983180813	
2235 SLATE COURT	99705	-147.3279334324674	64.76662888802122	
2245 SLATE COURT	99705	-147.32817845172494	64.76618283430304	
2255 SLATE COURT	99705	-147.32815906547955	64.76560103533727	
2225 GRANITE DRIVE	99705	-147.32825507519672	64.76829315808075	
2255 GRANITE DRIVE	99705	-147.3285339091787	64.76778396819317	
2210 SHALE COURT	99705	-147.33004730370243	64.76803303663645	
2165 DAWSON ROAD	99705	-147.3104427211637	64.77040308953927	
3199 SNOWSHOE AVENUE	99705	-147.31931158084456	64.7729975874093	
3205 SNOWSHOE AVENUE	99705	-147.31838148497863	64.77293286530842	
3221 SNOWSHOE AVENUE	99705	-147.31726544342658	64.77286790579574	
2086 OTTER DRIVE	99705	-147.31823972109513	64.7738092820937	
3211 PLACK ROAD	99705	-147.31754188126857	64.77656127419274	
2035 OTTER DRIVE	99705	-147.3221105347695	64.77611573035809	
3155 PLACK ROAD	99705	-147.32360705401294	64.77615853994281	
3145 PLACK ROAD	99705	-147.3248954446487	64.7763045535577	
2129 OTTER DRIVE	99705	-147.323114735865	64.7720716573517	
2131 OTTER DRIVE	99705	-147.3232955489379	64.77202333286067	
2143 OTTER DRIVE	99705	-147.32258353454915	64.7710122653107	
2149 OTTER DRIVE	99705	-147.3219858217775	64.77085462054146	
2167 OTTER DRIVE	99705	-147.3231186293839	64.77006787043898	
2088 ERMINE DRIVE	99705	-147.32819408104749	64.77373205537148	
2048 ERMINE DRIVE	99705	-147.32899896518327	64.77532974756186	
2034 ERMINE DRIVE	99705	-147.32868433676896	64.77614253345054	
3488 DURHAM CIRCLE	99705	-147.28860355520482	64.7600014979761	
3490 DURHAM CIRCLE	99705	-147.28967313533266	64.76002616413973	
3494 DURHAM CIRCLE	99705	-147.29063216369332	64.75985108351142	
3475 HURST ROAD	99705	-147.29055797624864	64.76195464554206	
2343 TIMBERPARK LOOP	99705	-147.28138545406978	64.76204746105286	
2361 TIMBERPARK LOOP	99705	-147.28159477664272	64.76148753940039	
2474 NEWBY ROAD	99705	-147.2905244200087	64.75655037213093	
2469 COLEEN CIRCLE	99705	-147.2841194514451	64.75669624446888	
3501 KERSTEN COURT	99705	-147.28680169559567	64.7584740072505	
3533 KERSTEN COURT	99705	-147.28424682964013	64.75851112957571	
3489 DURHAM CIRCLE	99705	-147.28987274200549	64.75919885704994	
3487 DURHAM CIRCLE	99705	-147.28872524038457	64.75923008579547	
3477 DURHAM CIRCLE	99705	-147.28407705383793	64.75948721339051	
3475 DURHAM CIRCLE	99705	-147.28375321764676	64.76000044223632	
3471 DURHAM CIRCLE	99705	-147.28390085713158	64.76094291255295	
3459 DURHAM CIRCLE	99705	-147.2904843261024	64.76150480934002	
3458 DURHAM CIRCLE	99705	-147.29065581227914	64.76072935280224	
3460 DURHAM CIRCLE	99705	-147.2896426529813	64.76066871135704	
3462 DURHAM CIRCLE	99705	-147.28856823317471	64.76067923939007	
3548 PEDAL COURT	99705	-147.2825829308103	64.76120620402548	
2375 WILD FLOWER LANE	99705	-147.2956794099568	64.76073022357491	
3403 VIRGINIA STREET	99705	-147.29682052894427	64.76076096849837	
3399 VIRGINIA STREET	99705	-147.29827721798233	64.76103364702675	
2360 EDSSON AVENUE	99705	-147.29981614130313	64.76134176547045	
3339 VIRGINIA STREET	99705	-147.30425879187555	64.76127762814242	
3343 FUGARWE COURT	99705	-147.3037533597822	64.76004004756697	
3548 BLOSSUM COURT	99705	-147.28235451810303	64.75962019764478	
3545 BLOSSUM COURT	99705	-147.28273050055734	64.7592728927667	
2479 NEWBY ROAD	99705	-147.2925340621379	64.7564758898578	
3450 NEVIN AVENUE	99705	-147.2926772959511	64.75908204360275	
2405 NEWBY ROAD	99705	-147.29269611055233	64.7595788472365	
3416 LINEMAN AVENUE	99705	-147.29622655671662	64.75686583531783	
2460 DAWSON ROAD	99705	-147.30701380178897	64.75706034732586	
2456 DAWSON ROAD	99705	-147.3071134549395	64.75761229764848	
2436 DAWSON ROAD	99705	-147.30560550249933	64.7581148935809	
3303 MAHLEN COURT	99705	-147.3069222555622	64.75869681556726	
2376 DAWSON ROAD	99705	-147.3074735264003	64.76101506675322	
2352 DAWSON ROAD	99705	-147.30780839272612	64.76189836782001	
3318 VIRGINIA STREET	99705	-147.30675547023216	64.76189446662774	
2350 EDSSON AVENUE	99705	-147.3002748144508	64.7620038221904	
3390 VIRGINIA STREET	99705	-147.29899121829612	64.76210020381161	
3400 VIRGINIA STREET	99705	-147.29799402956627	64.7619217423438	
3408 VIRGINIA STREET	99705	-147.29714527132836	64.76201425068909	
3355 FUGARWE COURT	99705	-147.3025083236546	64.7599977178528	
2300 ONYX ROAD	99705	-147.28107243083244	64.76425659047199	
2286 ONYX ROAD	99705	-147.28114522110744	64.76488194961031	
2258 ONYX ROAD	99705	-147.2811335688648	64.76634457413675	
2194 ONYX ROAD	99705	-147.28106626101038	64.76881262205872	
2186 ONYX ROAD	99705	-147.28086523349566	64.76933064022057	
2437 EDSSON AVENUE	99705	-147.30224990676533	64.75819716248577	
2445 EDSSON AVENUE	99705	-147.3017467816241	64.75765951631939	
2447 MCGONNELL WAY	99705	-147.29456059594062	64.75757124321137	
2439 MCGONNELL WAY	99705	-147.29425661702956	64.75803472602315	
2427 MCGONNELL WAY	99705	-147.2943196108733	64.75847936947775	
3440 NEVIN AVENUE	99705	-147.29448548965988	64.75912696719692	
2395 EIRE STREET	99705	-147.2962626194096	64.75990367559075	
2405 EIRE STREET	99705	-147.29635454928155	64.75952145631736	
2415 EIRE STREET	99705	-147.29623890702854	64.75913915249235	
2183 ONYX ROAD	99705	-147.28220678309714	64.76920528485329	
2219 ONYX ROAD	99705	-147.28246106237927	64.76808327868451	
2303 ONYX ROAD	99705	-147.2821476502633	64.76404603928556	
2315 ONYX ROAD	99705	-147.28208346307892	64.76345423873649	
2329 ONYX ROAD	99705	-147.28255241350618	64.76284767573766	
3538 HURST ROAD	99705	-147.28391428081625	64.76298775210921	
3537 SHARON ROAD	99705	-147.28403372607798	64.76452222404501	
2299 FREEDOM DRIVE	99705	-147.28782287740842	64.7644196705003	
3449 YELLOWSTONE ROAD	99705	-147.29206018460727	64.76901280407272	
2140 FLINTSTONE WAY	99705	-147.289195211308	64.77109238932559	
2143 FLINTSTONE WAY	99705	-147.288556293323	64.7709561220713	
3526 YELLOWSTONE ROAD	99705	-147.28463724790006	64.77023444429109	
3530 YELLOWSTONE ROAD	99705	-147.28401980903436	64.77053651587633	
2325 PLANTERS LANE	99705	-147.30081017757092	64.7633346270423	
2335 PLANTERS LANE	99705	-147.30116207746067	64.76287592581306	
2281 DAWSON ROAD	99705	-147.30940906399996	64.76487476027893	
2313 DAWSON ROAD	99705	-147.3093419847286	64.76448774834185	
3493 DURHAM CIRCLE	99705	-147.29066355337974	64.75920471941647	
3355 SHARON ROAD	99705	-147.3021330427261	64.76432363950374	
2315 PLANTERS LANE	99705	-147.30049979097478	64.76384004595	
3500 YELLOWSTONE ROAD	99705	-147.28712822362093	64.77032907369853	
2351 GRANITE DRIVE	99705	-147.32770655049356	64.76414876808572	
3110 PEWTER COURT	99705	-147.3292704914466	64.7644308192286	
2331 GRANITE DRIVE	99705	-147.33017606966854	64.76463678989458	
3416 HURST ROAD	99705	-147.29756389412984	64.76372853449183	
2280 SLATE COURT	99705	-147.32690577288685	64.7647838606904	
3476 DURHAM CIRCLE	99705	-147.28566904088873	64.7600763131922	
2400 DAWSON ROAD	99705	-147.30516864481373	64.7599562533156	
2295 PLANTERS LANE	99705	-147.30073029790125	64.76440319931966	
2310 PLANTERS LANE	99705	-147.2988377429952	64.76381297030863	
2320 PLANTERS LANE	99705	-147.29872308712157	64.76335380223846	
2330 PLANTERS LANE	99705	-147.29870292966737	64.76285758389812	
2352 MISSION ROAD	99705	-147.31069619248913	64.76201903734008	
2354 MISSION ROAD	99705	-147.31095351213295	64.76179851899165	
2268 ARLENE DRIVE	99705	-147.31845991764305	64.76563797916207	
3150 SNOWSHOE AVENUE	99705	-147.3267758232665	64.77400713450412	
2068 ERMINE DRIVE	99705	-147.32715662645305	64.77441673865123	
3330 MARS AVENUE	99705	-147.30494705701472	64.78347372314077	
3305 SHARON ROAD	99705	-147.30764937845257	64.76353824402008	
2428 EDSSON AVENUE	99705	-147.29975866620973	64.7587282356975	
2428 EDSSON AVENUE	99705	-147.299363887521	64.75872427636834	
2428 EDSSON AVENUE	99705	-147.29892393063977	64.7587091396967	
2428 EDSSON AVENUE	99705	-147.29886559363226	64.75853636172113	
2428 EDSSON AVENUE	99705	-147.29885522193183	64.758320436147	
2428 EDSSON AVENUE	99705	-147.2988690168651	64.758144653492	
2428 EDSSON AVENUE	99705	-147.2994788796557	64.75822476905431	
2428 EDSSON AVENUE	99705	-147.29990634675246	64.75821152871265	
2428 EDSSON AVENUE	99705	-147.3003395972617	64.75820298345094	
2428 EDSSON AVENUE	99705	-147.29890592722745	64.75787134256174	
1997 WEST ATHENA CIRCLE	99705	-147.3242676724511	64.77739752801982	
3190 NORTH ATHENA CIRCLE	99705	-147.32074648215132	64.78370466294196	
1995 EAST ATHENA CIRCLE	99705	-147.30997544139865	64.77746559050057	
1983 EAST ATHENA CIRCLE	99705	-147.31006724493233	64.77847467917985	
1953 EAST ATHENA CIRCLE	99705	-147.3091968955032	64.7795608456401	
3166 SOUTH ATHENA CIRCLE	99705	-147.32250498829328	64.77833740951984	
3208 SOUTH ATHENA CIRCLE	99705	-147.31778740217842	64.77822704259417	
3226 SOUTH ATHENA CIRCLE	99705	-147.31638586605968	64.77854326050456	
3238 SOUTH ATHENA CIRCLE	99705	-147.31460415111397	64.77825536064586	
3252 SOUTH ATHENA CIRCLE	99705	-147.31335751648206	64.77823837450583	
1970 EAST ATHENA CIRCLE	99705	-147.31137297124315	64.77897160267462	
3182 SOUTH ATHENA CIRCLE	99705	-147.32098497151281	64.7784102258729	
3192 SOUTH ATHENA CIRCLE	99705	-147.3192057935878	64.7783745849751	
1931 EAST ATHENA CIRCLE	99705	-147.3099930565041	64.7809926149316	
1893 EAST ATHENA CIRCLE	99705	-147.31014325249092	64.7826429888752	
3268 NORTH ATHENA CIRCLE	99705	-147.3115695038766	64.78386259899678	
3254 NORTH ATHENA CIRCLE	99705	-147.3128945459175	64.78389373896786	
3240 NORTH ATHENA CIRCLE	99705	-147.31457896189036	64.78382416265877	
3226 NORTH ATHENA CIRCLE	99705	-147.31633209813697	64.78369744668466	
3200 NORTH ATHENA CIRCLE	99705	-147.31948139996612	64.78372542177999	
3170 NORTH ATHENA CIRCLE	99705	-147.32307680116324	64.78375137874629	
1905 WEST ATHENA CIRCLE	99705	-147.32492372594757	64.78204585988276	
1913 WEST ATHENA CIRCLE	99705	-147.32448860342598	64.78145731200125	
1923 WEST ATHENA CIRCLE	99705	-147.32446268896828	64.78069639204939	
1943 WEST ATHENA CIRCLE	99705	-147.32456611572144	64.78019927044589	
1955 WEST ATHENA CIRCLE	99705	-147.32433786716157	64.77967114805782	
1971 WEST ATHENA CIRCLE	99705	-147.32386862357527	64.77907917605681	
1985 WEST ATHENA CIRCLE	99705	-147.3247213941235	64.77845123959455	
1995 WEST ATHENA CIRCLE	99705	-147.3244938186606	64.77806836910094	
2010 WEST ATHENA CIRCLE	99705	-147.3223088110805	64.77743985088769	
3183 SOUTH ATHENA CIRCLE	99705	-147.32089105090515	64.77744733738614	
3227 SOUTH ATHENA CIRCLE	99705	-147.3164173142958	64.77758071714841	
3239 SOUTH ATHENA CIRCLE	99705	-147.31499853491655	64.77734438868217	
3255 SOUTH ATHENA CIRCLE	99705	-147.3130048225685	64.77730897675848	
3265 SOUTH ATHENA CIRCLE	99705	-147.31234975614322	64.77750905906798	
3580 ROUTE 66	99705	-147.28070953878344	64.75832700558445	
3560 ROUTE 66	99705	-147.28259937610937	64.75828537912415	
3554 ROUTE 66	99705	-147.28231157616105	64.7573583585132	
3480 ROUTE 66	99705	-147.28975532638464	64.75757182000741	
3513 ROUTE 66	99705	-147.28672212945705	64.75646597185819	
1976 WEST ATHENA CIRCLE	99705	-147.32210337194562	64.77915030145488	
1946 WEST ATHENA CIRCLE	99705	-147.3222786622032	64.7800483001789	
1932 WEST ATHENA CIRCLE	99705	-147.3221952712852	64.78076054342853	
1940 EAST ATHENA CIRCLE	99705	-147.31141419853932	64.78032635425693	
3269 NORTH ATHENA CIRCLE	99705	-147.31230927374054	64.78283770073018	
3241 NORTH ATHENA CIRCLE	99705	-147.31475448808249	64.78277644883072	
3225 NORTH ATHENA CIRCLE	99705	-147.31589578736657	64.78302853061867	
3213 NORTH ATHENA CIRCLE	99705	-147.31742820111722	64.78284536883044	
3203 NORTH ATHENA CIRCLE	99705	-147.31954177594406	64.7826470824662	
3181 NORTH ATHENA CIRCLE	99705	-147.320946394434	64.78264935812001	
1990 EAST ATHENA CIRCLE	99705	-147.3122133924456	64.77850516694237	
1903 WEST ATHENA CIRCLE	99705	-147.32533927233774	64.78219488590533	
3500 ROUTE 66	99705	-147.28815814521508	64.75731080811677	
3194 JUNE TURNAROUND	99705	-147.31981355752606	64.75627782819372	
3182 JUNE TURNAROUND	99705	-147.32094081647242	64.75630701508418	
3237 RALPH TURNAROUND	99705	-147.31478225997688	64.76077575758073	
3242 RALPH TURNAROUND	99705	-147.31485119106915	64.76164390409538	
3366 VENUS DRIVE	99705	-147.30168716238003	64.77904030467683	
1856 DAWSON ROAD	99705	-147.30759375454153	64.78427396337956	
3473 DURHAM CIRCLE	99705	-147.28353760414106	64.76045106069945	
2368 DAWSON ROAD	99705	-147.30764762038962	64.76150237486232	
2109 BLACKSTONE ROAD	99705	-147.28989085514795	64.77271087509149	
2045 MY COURT	99705	-147.29389086249176	64.77588980732678	
3404 HER STREET	99705	-147.29782008586744	64.77393139840567	
2203 ARLENE DRIVE	99705	-147.31918633028044	64.76859240244104	
3185 AIRWAY DRIVE	99705	-147.32047781971096	64.76914958309388	
3216 NORTH ATHENA CIRCLE	99705	-147.31807100949962	64.78377482703748	
3210 SOUTH ATHENA CIRCLE	99705	-147.31806465318382	64.77742225217885	
2046 TOPS STREET	99705	-147.2956846220659	64.77576355495947	
2066 TOPS STREET	99705	-147.29459713479065	64.77497609444869	
1965 WHISPERING PINES STREET	99705	-147.30115657811623	64.77947417977143	
3385 HURST ROAD	99705	-147.3000773042233	64.76215858621305	
2190 STARLIT LANE	99705	-147.32412020065652	64.76904469369887	
3380 VENUS DRIVE	99705	-147.30132330592744	64.77783902979995	
2450 EDSSON AVENUE	99705	-147.30000740977349	64.75716906341474	
2265 ONYX ROAD	99705	-147.2822387139802	64.76584285160884	
2111 ISABELLA LANE	99705	-147.31147628274724	64.7676737721199	
2477 MISSION ROAD	99705	-147.3213701734103	64.75717841352953	
3252 PLATO WAY	99705	-147.31333765435085	64.7816547840257	
3154 BACCHUS COURT	99705	-147.32361974784675	64.7832771615648	
3152 BACCHUS COURT	99705	-147.32469630730557	64.78350725931902	
3149 BACCHUS COURT	99705	-147.32491986357005	64.782780002425	
3155 BACCHUS COURT	99705	-147.32407928230117	64.78254891511503	
3257 HOMER DRIVE	99705	-147.31358196508313	64.77929229485967	
3213 HOMER DRIVE	99705	-147.31765253864617	64.77935106177802	
3199 HOMER DRIVE	99705	-147.31935767194545	64.77904869850259	
3196 HOMER DRIVE	99705	-147.3193068403556	64.78019390339057	
3210 HOMER DRIVE	99705	-147.3178684949274	64.78013018783088	
3222 HOMER DRIVE	99705	-147.31632788699667	64.78011745979352	
3226 HOMER DRIVE	99705	-147.31526809502262	64.78032697325303	
3460 HURST ROAD	99705	-147.29016466269556	64.76344601783453	
3343 SHARON ROAD	99705	-147.30373183969414	64.7643383462149	
3335 SHARON ROAD	99705	-147.30468351151515	64.7643661620194	
3430 HURST ROAD	99705	-147.2944001527684	64.76266443406584	
2308 ROBINSON CIRCLE	99705	-147.28942328914965	64.76386747689656	
3486 SHARON ROAD	99705	-147.28897685967442	64.76495047738861	
2281 FREEDOM DRIVE	99705	-147.28781467674733	64.76501874672626	
2278 FREEDOM DRIVE	99705	-147.28657352778833	64.76509116470383	
3516 SHARON ROAD	99705	-147.28573925866533	64.76511668774026	
3526 BLUE JAY WAY	99705	-147.28392716846153	64.76660085264926	
2254 INDEPENDENCE CIRCLE EAST	99705	-147.28569881335017	64.76623154588763	
2266 FREEDOM DRIVE	99705	-147.2867823705287	64.76575111718715	
2259 INDEPENDENCE CIRCLE WEST	99705	-147.28805773840585	64.76588658828081	
2211 INDEPENDENCE CIRCLE WEST	99705	-147.29065548715232	64.76817412723206	
3464 PENNY LANE	99705	-147.29127750440958	64.76619061623084	
3423 SHARON ROAD	99705	-147.29531587099876	64.76431870586326	
3417 SHARON ROAD	99705	-147.29630219550214	64.76427566975391	
3356 SHARON ROAD	99705	-147.30209255991363	64.7653826070854	
3372 SHARON ROAD	99705	-147.30083669614856	64.76529630312146	
2265 PLANTERS LANE	99705	-147.3014065443255	64.76588970622606	
3467 MOOSEWALK ROAD	99705	-147.29071988130295	64.76701602223326	
2223 INDEPENDENCE CIRCLE WEST	99705	-147.29080553376141	64.76763397466698	
3505 YELLOWSTONE ROAD	99705	-147.28687633047403	64.76948160459433	
3515 YELLOWSTONE ROAD	99705	-147.28557690685344	64.76945726635914	
2188 INDEPENDENCE CIRCLE EAST	99705	-147.2840396342173	64.76910922203773	
3556 YELLOWSTONE ROAD	99705	-147.28181672031278	64.76996123547751	
2391 NEWBY ROAD	99705	-147.29259868872188	64.75997422140236	
2375 NEWBY ROAD	99705	-147.29242342719022	64.76064960931963	
2361 NEWBY ROAD	99705	-147.29203029313126	64.76166395415825	
3453 VIRGINIA STREET	99705	-147.29287011389187	64.76179508738865	
3418 LINEMAN AVENUE	99705	-147.29581627412938	64.75698554018739	
2362 GRANITE DRIVE	99705	-147.32621265075323	64.7644267969351	
3236 MILES STREET	99705	-147.31555226962203	64.76363043507784	
3470 DURHAM CIRCLE	99705	-147.28556911365698	64.76063108735993	
2377 DAWSON ROAD	99705	-147.309644589852	64.76044897912904	
2465 NEWBY ROAD	99705	-147.29266785034068	64.7568702604812	
2200 GRANTHAM LANE	99705	-147.2942229048161	64.76812504686309	
3250 SHADY LU LANE	99705	-147.31267262843326	64.75908294624931	
3435 WEE COURT	99705	-147.29408487621384	64.77025054774055	
2121 BLACKSTONE ROAD	99705	-147.28958525354744	64.77221880321797	
3514 YELLOWSTONE ROAD	99705	-147.28604899394054	64.77019508660402	
3541 GREENSTONE ROAD	99705	-147.2828790138117	64.77325462765056	
3180 TRESTRAIL LOOP	99705	-147.3112461360817	64.76632371889852	
1900 WEST ATHENA CIRCLE	99705	-147.32256306277384	64.78254442737283	
2326 DAWSON ROAD	99705	-147.30680162581544	64.76291593948596	
3188 TRESTRAIL LOOP	99705	-147.31255482964468	64.76625502325895	
3275 TRESTRAIL LOOP	99705	-147.31105343722274	64.76853189372541	
2463 ARCTIC CACHE	99705	-147.3119385834175	64.75718724944703	
3160 TRESTRAIL LOOP	99705	-147.3091705793555	64.76641059809782	
2440 EDSSON AVENUE	99705	-147.29991343481802	64.75754173490272	
3183 TRESTRAIL LOOP	99705	-147.31215071235425	64.76719230146381	
3412 PLACK ROAD	99705	-147.2972935028034	64.77842992834212	
3408 PLACK ROAD	99705	-147.2970782825604	64.77728478813175	
3309 VENUS DRIVE	99705	-147.30713466281358	64.77919643896942	
3495 HURST ROAD	99705	-147.28742655992502	64.76186418818467	
3399 MOOSEWALK ROAD	99705	-147.29785608180958	64.76670757679702	
3208 PLACK ROAD	99705	-147.3180164957163	64.7773899127413	
3210 TRESTRAIL LOOP	99705	-147.31566449637535	64.76689511315104	
3458 VIRGINIA STREET	99705	-147.29387092869123	64.76182701874707	
3370 OUR STREET	99705	-147.29964560648958	64.7699843601581	
3285 TRESTRAIL LOOP	99705	-147.30957772162589	64.76856898997343	
3490 GREENSTONE ROAD	99705	-147.28840018272666	64.77438849028184	
3237 TRESTRAIL LOOP	99705	-147.31361742195352	64.7685573856603	
3440 PLACK ROAD	99705	-147.29379019688946	64.77778379807857	
3175 TRESTRAIL LOOP	99705	-147.31092635380875	64.76703105430187	
3221 TRESTRAIL LOOP	99705	-147.3138512105335	64.76757649395681	
3380 VENUS DRIVE	99705	-147.30129032437185	64.77777807447741	
1986 TIMBER TRAIL	99705	-147.32879758752148	64.77733863940642	
2310 ONYX ROAD	99705	-147.2807102465435	64.76378893406151	
3398 MOOSEWALK ROAD	99705	-147.29739402649423	64.76797135132115	
3367 VENUS DRIVE	99705	-147.30310858230402	64.7788338103591	
3367 VENUS DRIVE	99705	-147.30303088762957	64.77888352002736	
1776 JESSICA LOOP	99705	-147.29582180560837	64.7834510921829	
3340 VENUS DRIVE	99705	-147.30422669802996	64.78021449408111	
1978 DAWSON ROAD	99705	-147.30758870297777	64.77902351395582	
3189 HOMER DRIVE	99705	-147.32082565750318	64.7793614516756	
2054 OTTER DRIVE	99705	-147.31913355388278	64.77559649502017	
3505 ROUTE 66	99705	-147.2877553103756	64.75666592378114	
2402 DAWSON ROAD	99705	-147.30437355247952	64.75994538998894	
1918 TIMBER TRAIL	99705	-147.32870702565177	64.78050713840756	
2205 ONYX ROAD	99705	-147.28253452562006	64.76864898669234	
3336 MOOSEWALK ROAD	99705	-147.30448296091402	64.76767715030368	
3336 MOOSEWALK ROAD	99705	-147.3043497768071	64.76768330593752	
3336 MOOSEWALK ROAD	99705	-147.3042511705833	64.76767989944331	
3343 FUGARWE COURT	99705	-147.30376331020366	64.76007343057273	
3343 FUGARWE COURT	99705	-147.30377295176388	64.76010040768567	
3343 FUGARWE COURT	99705	-147.30377626719937	64.76013456137132	
3343 FUGARWE COURT	99705	-147.30359948893613	64.76020448060582	
3343 FUGARWE COURT	99705	-147.3036793842812	64.76020092991685	
3343 FUGARWE COURT	99705	-147.30381583311652	64.76019403356716	
2459 NEWBY ROAD	99705	-147.2925061284996	64.75731095657883	
3442 HURST ROAD	99705	-147.29350565442536	64.76267756431191	
3442 HURST ROAD	99705	-147.29356742037328	64.76269008158657	
3442 HURST ROAD	99705	-147.29383218290113	64.76276136073137	
2377 EDSSON AVENUE	99705	-147.30142451693638	64.76068274427874	
2377 EDSSON AVENUE	99705	-147.30171180849086	64.7606906686526	
2377 EDSSON AVENUE	99705	-147.30122736807579	64.7609304005755	
2377 EDSSON AVENUE	99705	-147.3014791831987	64.76094053504265	
1872 TIMBER TRAIL	99705	-147.328650743127	64.78258710845613	
3503 TIMBER VALLEY DRIVE	99705	-147.28831008694615	64.78170201622878	
3178 BROOKVIEW LANE	99705	-147.3208305849118	64.76302607103146	
3295 TRANQUILITY COURT	99705	-147.3090451487974	64.75924898557929	
3295 TRANQUILITY COURT	99705	-147.30907463867322	64.75939875047284	
3295 TRANQUILITY COURT	99705	-147.30909060667435	64.75954483689209	
3295 TRANQUILITY COURT	99705	-147.3090947987082	64.75972331075565	
3295 TRANQUILITY COURT	99705	-147.30910714938062	64.75988652052749	
3295 TRANQUILITY COURT	99705	-147.30910606756856	64.76004795038666	
3295 TRANQUILITY COURT	99705	-147.30925839979665	64.76016244824623	
3295 TRANQUILITY COURT	99705	-147.3095057936796	64.76021913536981	
3295 TRANQUILITY COURT	99705	-147.3098080480408	64.76021456754631	
3295 TRANQUILITY COURT	99705	-147.31009448021126	64.76015886452237	
3295 TRANQUILITY COURT	99705	-147.31019067217395	64.76003267773945	
3295 TRANQUILITY COURT	99705	-147.3101831297136	64.75987702204336	
3295 TRANQUILITY COURT	99705	-147.31019263688628	64.75970602366458	
3295 TRANQUILITY COURT	99705	-147.31017166411826	64.7595485872345	
3295 TRANQUILITY COURT	99705	-147.3101870876097	64.75940792078119	
2282 MILES STREET	99705	-147.31550873184855	64.76573834984991	
1971 GREENWOOD STREET	99705	-147.28649112896682	64.77889905660761	
1926 SUNWOOD STREET	99705	-147.28955344363538	64.78100111672227	
1958 TIMBER TRAIL	99705	-147.32869649528266	64.77878807400771	
3134 STEPP COURT	99705	-147.31442847402747	64.76591758793337	
3188 HURST ROAD	99705	-147.32182457804873	64.76563644222999	
1970 TIMBER TRAIL	99705	-147.32871316554818	64.77826083965697	
1298 ATIGUN STREET	99705	-147.45612780406907	64.81020908064133	
1289 ATIGUN STREET	99705	-147.45751880587662	64.81033983758364	
1299 ATIGUN STREET	99705	-147.45742512212666	64.80995845834076	
1301 ATIGUN STREET	99705	-147.45728573756313	64.80956372636865	
1288 ATIGUN STREET	99705	-147.4556348944032	64.81078305607153	
1268 ATIGUN STREET	99705	-147.45569855511596	64.81146964445657	
1279 ATIGUN STREET	99705	-147.45753997901477	64.81073170431638	
2014 MARQUISE COURT	99705	-147.44290702381917	64.80680901934863	
1289 BAGUETTE DRIVE	99705	-147.44451269137048	64.80980333029324	
1275 BAGUETTE DRIVE	99705	-147.44524804274408	64.81041493599399	
1340 SOLITAIRE COURT	99705	-147.44734208167085	64.80749918398647	
1362 TOOLIK DRIVE	99705	-147.45176450544415	64.8065354131771	
1306 TOOLIK DRIVE	99705	-147.4520440613734	64.80910527654056	
1316 TOOLIK DRIVE	99705	-147.45184124938376	64.80866447874588	
1326 TOOLIK DRIVE	99705	-147.45177221586985	64.80829802483055	
1310 ATIGUN STREET	99705	-147.45527260918746	64.80871839226167	
1330 ATIGUN STREET	99705	-147.45596222879547	64.80806836423974	
1346 ATIGUN STREET	99705	-147.4554930196053	64.80716884762327	
1335 ATIGUN STREET	99705	-147.4573532484382	64.80803010822687	
1349 ATIGUN STREET	99705	-147.45756331018362	64.80722732269459	
1365 ATIGUN STREET	99705	-147.4580620322353	64.80637247300517	
1375 ATIGUN STREET	99705	-147.45735696765237	64.8060809838144	
1710 HUFFMAN LANE	99705	-147.47464007194483	64.81018451959271	
2151 BADGER ROAD	99705	-147.4303894069659	64.8127055167642	
2091 HERMAN DRIVE	99705	-147.43341582021074	64.8087215242599	
2081 HERMAN DRIVE	99705	-147.43507323924175	64.80860381528012	
1989 BRADWAY ROAD	99705	-147.4456337909429	64.80527961523855	
1950 WILLIAM DOUGLAS COURT	99705	-147.4499058921492	64.80438190423006	
1960 WILLIAM DOUGLAS COURT	99705	-147.44852323351097	64.80443432631375	
1960 TRACY AVENUE	99705	-147.44745759673722	64.80289494971402	
1970 TRACY AVENUE	99705	-147.4466498722611	64.80287000199417	
1985 TRACY AVENUE	99705	-147.44457704167533	64.80250542738565	
1693 LUCKIES LANE	99705	-147.4766870271216	64.80165579450663	
1412 LUCKIES LANE	99705	-147.47472965406763	64.80404894546442	
1730 OTIS ROAD	99705	-147.47257110055818	64.80329653028593	
1741 BRADWAY ROAD	99705	-147.47036875529588	64.80403500353499	
1815 BRADWAY ROAD	99705	-147.46271356521552	64.80542476492441	
1819 BRADWAY ROAD	99705	-147.4626949637679	64.80508174706743	
1889 BRADWAY ROAD	99705	-147.45493986052503	64.8051307927155	
1393 HITE STREET	99705	-147.45388597773814	64.80521072932893	
1428 HITE STREET	99705	-147.4531670093647	64.80363612370654	
1410 HITE STREET	99705	-147.4530431598559	64.80425248945963	
1931 BRADWAY ROAD	99705	-147.45200485013402	64.80509304625735	
1961 BRADWAY ROAD	99705	-147.44902752641514	64.80542102550527	
1995 TRACY AVENUE	99705	-147.44310126152266	64.80265223829099	
1884 TUNNELS ROAD	99705	-147.4559794895796	64.79719350983724	
1868 TUNNELS ROAD	99705	-147.45783184805813	64.79751598895008	
1831 TUNNELS ROAD	99705	-147.4618498030928	64.79632170951771	
1851 TUNNELS ROAD	99705	-147.4602878417	64.79630500265208	
1969 TUNNELS ROAD	99705	-147.447376155655	64.79641605231194	
1591 BENN LANE	99705	-147.4424436231229	64.7961861958044	
1943 TUNNELS ROAD	99705	-147.44989362722183	64.79622437075906	
1675 BENN LANE	99705	-147.44579490075546	64.79284480013605	
1689 BENN LANE	99705	-147.44829622950837	64.7920953869042	
1749 BRADWAY ROAD	99705	-147.4709083701999	64.80525502111502	
1777 BRADWAY ROAD	99705	-147.46726731230277	64.80548731942437	
1783 BRADWAY ROAD	99705	-147.4692977137319	64.8053805406164	
1799 BRADWAY ROAD	99705	-147.46436502493015	64.80542626717941	
1411 HITE STREET	99705	-147.45430943245165	64.80431131268818	
1431 HITE STREET	99705	-147.4543881269874	64.80326737439555	
1448 HITE STREET	99705	-147.45303576559368	64.80259833882415	
1425 MILO STREET	99705	-147.4515376047647	64.80346048493429	
1445 MILO STREET	99705	-147.45160603628514	64.80289671164803	
1945 WILLIAM DOUGLAS COURT	99705	-147.44942065603993	64.80379611097841	
1955 WILLIAM DOUGLAS COURT	99705	-147.44865370030342	64.803880746136	
1965 WILLIAM DOUGLAS COURT	99705	-147.4474272489309	64.80390721050614	
1976 TRACY AVENUE	99705	-147.4452928833217	64.80299237409757	
1945 TRACY AVENUE	99705	-147.4495810855325	64.80247470946611	
1480 MILO STREET	99705	-147.45298005800123	64.80133822345547	
1547 BENN LANE	99705	-147.44572140525057	64.79812722533985	
1553 BENN LANE	99705	-147.44254110637257	64.79803406181757	
1976 TUNNELS ROAD	99705	-147.4465963716447	64.79694198304058	
1859 TUNNELS ROAD	99705	-147.4583599619826	64.79644552338809	
1915 TUNNELS ROAD	99705	-147.45271633444563	64.79625942101205	
1230 BURGESS AIRSTRIP ROAD	99705	-147.4384147771231	64.81273704093896	
2127 NOAH COURT	99705	-147.4305234724989	64.81009306743047	
2124 NOAH COURT	99705	-147.4307909453453	64.810859634976	
1996 TRAVIS COURT	99705	-147.44290485079367	64.80473206663562	
1988 TRAVIS COURT	99705	-147.44376930382185	64.80468165952259	
1313 TOOLIK DRIVE	99705	-147.45294270312755	64.8088087242463	
1248 ATIGUN STREET	99705	-147.45567102602504	64.81208582535488	
1302 ATIGUN STREET	99705	-147.45599666327487	64.80958610877805	
1305 TOOLIK DRIVE	99705	-147.4530838847415	64.80953525917118	
1968 TRAVIS COURT	99705	-147.4453776531676	64.80468487452983	
2005 BRADWAY ROAD	99705	-147.4441173170286	64.80524622079085	
1385 BENN LANE	99705	-147.44321347055387	64.8053053943527	
1356 TOOLIK DRIVE	99705	-147.45194546207918	64.80685837873438	
1330 TOOLIK DRIVE	99705	-147.45189970241472	64.8081127802279	
1656 BENN LANE	99705	-147.4411386241583	64.79290534436586	
1405 MILO STREET	99705	-147.4515345272482	64.80453881421155	
1983 TUNNELS ROAD	99705	-147.44571872099803	64.79645346859907	
1652 BENN LANE	99705	-147.44092408901693	64.79334545003566	
1204 CARAT LOOP	99705	-147.44283801550148	64.8095836488371	
2009 STORMIN NORMAN AVENUE	99705	-147.4409843137482	64.7918153957331	
1269 ATIGUN STREET	99705	-147.45731217893038	64.81119192148257	
1295 TOOLIK DRIVE	99705	-147.45336452892738	64.81012734356418	
1239 ATIGUN STREET	99705	-147.45722126496673	64.8123392721337	
1249 ATIGUN STREET	99705	-147.4575295125217	64.81195703994815	
1259 ATIGUN STREET	99705	-147.45754615614166	64.8115677379381	
1240 TOOLIK DRIVE	99705	-147.45176475333315	64.81253940273298	
2004 MARQUISE COURT	99705	-147.44387726664502	64.80682451668285	
1358 CARAT LOOP	99705	-147.44690026025836	64.80673662357087	
1370 CARAT LOOP	99705	-147.44731796367373	64.80615228502909	
1363 CARAT LOOP	99705	-147.4486998919317	64.80655279324614	
1375 CARAT LOOP	99705	-147.44914838839279	64.80609851714597	
1370 TOOLIK DRIVE	99705	-147.45166080009548	64.80613482964357	
1375 TOOLIK DRIVE	99705	-147.4538533583684	64.80608446143722	
1339 TOOLIK DRIVE	99705	-147.45328882272008	64.80769580622149	
1349 TOOLIK DRIVE	99705	-147.4541408932386	64.80724887502382	
1366 ATIGUN STREET	99705	-147.4552838392604	64.8063910980742	
1303 ATIGUN STREET	99705	-147.45731764786942	64.80927377242784	
1315 ATIGUN STREET	99705	-147.45760349511772	64.80879495763074	
2095 BRADWAY ROAD	99705	-147.43377498930096	64.80478728514233	
2111 BRADWAY ROAD	99705	-147.4302353643578	64.80100634237618	
1391 SCOUGAL ROAD	99705	-147.4362106487666	64.8053575633013	
1421 SCOUGAL ROAD	99705	-147.43690880732893	64.80429138911127	
1401 SCOUGAL ROAD	99705	-147.43613363211637	64.80495711004488	
2115 BRADWAY ROAD	99705	-147.43152220968304	64.80511490463506	
1411 SCOUGAL ROAD	99705	-147.43614678922017	64.80468126016747	
1975 WILLIAM DOUGLAS COURT	99705	-147.44616101870443	64.80383133427476	
1990 TRACY AVENUE	99705	-147.44273069800008	64.80295201100574	
1279 CARAT LOOP	99705	-147.44876266558398	64.80979451944857	
1280 CARAT LOOP	99705	-147.44758032348903	64.80964147485037	
1290 CARAT LOOP	99705	-147.44660017811492	64.80917034416495	
1315 CARAT LOOP	99705	-147.4462153471383	64.80811786761306	
1305 CARAT LOOP	99705	-147.44671606795254	64.80862835154048	
1270 TOOLIK DRIVE	99705	-147.45188562201798	64.81098118735744	
1260 TOOLIK DRIVE	99705	-147.45189095835707	64.81138663407255	
1250 TOOLIK DRIVE	99705	-147.4519157068544	64.81184642566686	
1406 BENN LANE	99705	-147.44115756021145	64.80459966597185	
1410 BENN LANE	99705	-147.44145188903295	64.80415922021767	
1415 BENN LANE	99705	-147.44229945266503	64.80381463520177	
1446 BENN LANE	99705	-147.4411384694004	64.80267419851225	
1300 TOOLIK DRIVE	99705	-147.45185307646827	64.80958869125043	
1290 TOOLIK DRIVE	99705	-147.4519152579854	64.81001465986394	
1280 TOOLIK DRIVE	99705	-147.45186682315517	64.81061735949905	
1245 TOOLIK DRIVE	99705	-147.45332168408052	64.8124850883026	
1255 TOOLIK DRIVE	99705	-147.45321595913484	64.81193408292437	
1300 CARAT LOOP	99705	-147.44535094670402	64.8087009580925	
1310 CARAT LOOP	99705	-147.4450633972547	64.8081469986137	
1320 CARAT LOOP	99705	-147.44541310965334	64.8076782320163	
1330 CARAT LOOP	99705	-147.44603193697043	64.80727418270695	
1330 SOLITAIRE COURT	99705	-147.44827255534392	64.80786485591946	
1265 TOOLIK DRIVE	99705	-147.45311706320425	64.81136866327053	
1275 TOOLIK DRIVE	99705	-147.45314833414824	64.81076642526739	
1693 HUFFMAN LANE	99705	-147.4769751333923	64.80985849063954	
1963 WILLIAM DOUGLAS COURT	99705	-147.44794314783357	64.80378330259745	
1964 WILLIAM DOUGLAS COURT	99705	-147.44806367909672	64.80451608380511	
1950 TRACY AVENUE	99705	-147.44890269649184	64.80308325044315	
1940 TRACY AVENUE	99705	-147.44946971145416	64.80302987732291	
1431 SCOUGAL ROAD	99705	-147.4387626983019	64.80433535182097	
1975 TRACY AVENUE	99705	-147.44552892354838	64.80242491877301	
1215 SANDUSKY STREET	99705	-147.43442073517124	64.81187917280468	
2070 AARON AVENUE	99705	-147.43462766870806	64.79464092691494	
2008 AARON AVENUE	99705	-147.44073085455443	64.79451702991874	
1433 SECLUDED DRIVE	99705	-147.43014168461485	64.80371490627438	
2007 MARQUISE COURT	99705	-147.442810204836	64.80617105846689	
1972 TRACY AVENUE	99705	-147.44579648507622	64.803117330244	
2021 AARON AVENUE	99705	-147.43937963231983	64.79373976127245	
2036 AARON AVENUE	99705	-147.4384120104887	64.79460725731228	
2039 AARON AVENUE	99705	-147.4378070259857	64.79381335804423	
2044 AARON AVENUE	99705	-147.43707933576334	64.79461799987806	
2150 AARON AVENUE	99705	-147.43194339016918	64.79460152924577	
2022 AARON AVENUE	99705	-147.43958488343665	64.79461491891848	
2057 AARON AVENUE	99705	-147.43609375493597	64.79381839036971	
2031 AARON AVENUE	99705	-147.4386355675155	64.79379739408054	
1976 SUNLIT FIELDS COURT	99705	-147.43999456915955	64.79837411789612	
1974 SUNLIT FIELDS COURT	99705	-147.43998657456066	64.79822426987077	
1972 SUNLIT FIELDS COURT	99705	-147.43996824179717	64.79807452298702	
1970 SUNLIT FIELDS COURT	99705	-147.43994638444386	64.797858665779	
1971 SUNLIT FIELDS COURT	99705	-147.44000863271646	64.79733441595549	
1973 SUNLIT FIELDS COURT	99705	-147.4400006384157	64.79718456790992	
1975 SUNLIT FIELDS COURT	99705	-147.43998230634844	64.79703482100608	
1977 SUNLIT FIELDS COURT	99705	-147.43996044982282	64.79681896376904	
2000 SUNLIT FIELDS COURT	99705	-147.43681470052695	64.79804523246143	
2000 SUNLIT FIELDS COURT	99705	-147.4367068663578	64.7979624938971	
2000 SUNLIT FIELDS COURT	99705	-147.43659973657375	64.79789297697249	
2000 SUNLIT FIELDS COURT	99705	-147.4364818000196	64.79781474579251	
2001 SUNLIT FIELDS COURT	99705	-147.4363843387288	64.7973438659549	
2001 SUNLIT FIELDS COURT	99705	-147.43649312742622	64.79725021302315	
2001 SUNLIT FIELDS COURT	99705	-147.43660214780317	64.79716096667525	
2001 SUNLIT FIELDS COURT	99705	-147.43673090287896	64.79705389096529	
1583 PARTOW LANE	99705	-147.43891858817747	64.79840922640872	
1587 PARTOW LANE	99705	-147.43890149744524	64.79822566483524	
1591 PARTOW LANE	99705	-147.4388837453308	64.7980296527341	
1595 PARTOW LANE	99705	-147.43888805799534	64.79783654196208	
1582 PARTOW LANE	99705	-147.43801995444247	64.7984054750469	
1586 PARTOW LANE	99705	-147.43801763764597	64.79822488368715	
1590 PARTOW LANE	99705	-147.43800702502733	64.79802568905825	
1594 PARTOW LANE	99705	-147.43801847904484	64.79782939497221	
1603 BRONCO LANE	99705	-147.43891526715237	64.79738785925429	
1607 BRONCO LANE	99705	-147.43889817927473	64.79720429763394	
1611 BRONCO LANE	99705	-147.4388877265753	64.79700821567988	
1615 BRONCO LANE	99705	-147.4388923709367	64.79682132923666	
1602 BRONCO LANE	99705	-147.43800986616685	64.7973935154608	
1606 BRONCO LANE	99705	-147.4380065526418	64.79719425013049	
1610 BRONCO LANE	99705	-147.43800340711024	64.79699809740113	
1614 BRONCO LANE	99705	-147.4380024171402	64.7968424052282	
1919 TUNNELS ROAD	99705	-147.45177768929773	64.79613410612322	
1309 TOOLIK DRIVE	99705	-147.45354397462097	64.8091664060517	
1732 OTIS ROAD	99705	-147.47065625507912	64.80271508579665	
1777 BRADWAY ROAD	99705	-147.46649396430237	64.80554067934452	
1777 BRADWAY ROAD	99705	-147.46796970079316	64.80551935269105	
1777 BRADWAY ROAD	99705	-147.46616825088643	64.80540360269944	
1777 BRADWAY ROAD	99705	-147.46776000110592	64.80548062391918	
1777 BRADWAY ROAD	99705	-147.46571828030613	64.80544328299654	
1350 TOOLIK DRIVE	99705	-147.45150608140403	64.80724189794407	
1499 SECLUDED DRIVE	99705	-147.43079350146365	64.80038417837781	
1534 SECLUDED DRIVE	99705	-147.43195107175177	64.79892414723707	
1544 SECLUDED DRIVE	99705	-147.4333479404529	64.79881881374153	
1554 SECLUDED DRIVE	99705	-147.43451669056586	64.79880752842698	
1534 SECLUDED DRIVE	99705	-147.4318394775968	64.79883811372572	
1511 SECLUDED DRIVE	99705	-147.43135888457192	64.80002551461116	
1995 MARQUISE COURT	99705	-147.44460579943637	64.80638716630091	
1266 FLORICE DRIVE	99705	-147.39516342642787	64.80937133401085	
2522 BABY BELL DRIVE	99705	-147.4039694195377	64.79981870247722	
2488 BABY BELL DRIVE	99705	-147.4019635998245	64.8001419728112	
2462 BABY BELL DRIVE	99705	-147.40155445239398	64.79964052765976	
2444 BABY BELL DRIVE	99705	-147.40171258324904	64.79899792890768	
2390 PAYTON AVENUE	99705	-147.40439382509467	64.79766457249167	
2400 PAYTON AVENUE	99705	-147.40348647670424	64.79779595220644	
2374 BADGER ROAD	99705	-147.40372797872354	64.80826604015654	
2364 BADGER ROAD	99705	-147.40362706385434	64.80865279996235	
1321 HARTZOG LOOP	99705	-147.42442557219542	64.81065424553707	
1261 HARTZOG LOOP	99705	-147.4208270544204	64.81097727399695	
1247 HARTZOG LOOP	99705	-147.42024265286713	64.81150063149114	
1239 HARTZOG LOOP	99705	-147.42076106098256	64.81231517786453	
1303 ROMA STREET	99705	-147.42605407001292	64.80916408788526	
1369 ROMA STREET	99705	-147.4254139293155	64.80636046574433	
1298 HARTZOG LOOP	99705	-147.4223141498951	64.80961338773281	
1302 HARTZOG LOOP	99705	-147.42351507412533	64.80951780067682	
1306 HARTZOG LOOP	99705	-147.42525797898787	64.80957786023521	
1308 HARTZOG LOOP	99705	-147.42563609732474	64.80989302417551	
1348 HARTZOG LOOP	99705	-147.42647227490943	64.81168643844836	
2181 BADGER ROAD	99705	-147.42699903175114	64.81244301334128	
1371 HARTZOG LOOP	99705	-147.42496283707135	64.81257649895686	
2215 BADGER ROAD	99705	-147.42356424413302	64.81245710042529	
2208 TOIVO COURT	99705	-147.4247295515112	64.81167750441782	
2218 TOIVO COURT	99705	-147.422312851841	64.81155010276471	
2205 TOIVO COURT	99705	-147.42415571796036	64.81118272691373	
2406 BRADWAY ROAD	99705	-147.40280649725102	64.80619555798349	
2567 LISA ANN DRIVE	99705	-147.38549099589915	64.79691879826368	
2154 NOAH COURT	99705	-147.42795474364212	64.81025933352109	
2159 BADGER ROAD	99705	-147.42945732840474	64.81133095734472	
1229 DEJA VU LANE	99705	-147.4280108885005	64.81228428010111	
1245 DEJA VU LANE	99705	-147.42797229577167	64.81132009673111	
1275 BECKY STREET	99705	-147.42270041192685	64.80810885908969	
1374 BECKY STREET	99705	-147.41951014365097	64.80621497165063	
1362 BECKY STREET	99705	-147.41977586750957	64.8065660885078	
1354 BECKY STREET	99705	-147.41974423537272	64.8068725760348	
1344 BECKY STREET	99705	-147.41962094320573	64.80744031143257	
1310 ROMA STREET	99705	-147.42422010216316	64.80897902072982	
2174 BRADWAY ROAD	99705	-147.42733976336748	64.80683248373104	
2151 NOAH COURT	99705	-147.4294885352422	64.81004686461175	
1320 HARTZOG LOOP	99705	-147.4263031886625	64.81050891500198	
1330 HARTZOG LOOP	99705	-147.42600488783225	64.81093927251709	
1340 HARTZOG LOOP	99705	-147.4267395011058	64.81135441127606	
2225 BADGER ROAD	99705	-147.42238813006287	64.81273479990523	
1359 HARTZOG LOOP	99705	-147.4248565336453	64.81220717637436	
1311 HARTZOG LOOP	99705	-147.4237065417736	64.81008970270436	
1307 HARTZOG LOOP	99705	-147.42308743243464	64.81017041190754	
1301 HARTZOG LOOP	99705	-147.42201668563	64.81009358321049	
1281 HARTZOG LOOP	99705	-147.42082798719278	64.81022427617489	
1271 HARTZOG LOOP	99705	-147.42133146380056	64.81075897321244	
1319 ROMA STREET	99705	-147.42613317417815	64.80843983229174	
1335 ROMA STREET	99705	-147.4258293411251	64.80806635662701	
1345 ROMA STREET	99705	-147.4259015816229	64.80772944700549	
1359 ROMA STREET	99705	-147.42558782489886	64.80727133808253	
1333 BECKY STREET	99705	-147.4212606042503	64.80770906981267	
1345 BECKY STREET	99705	-147.4212602994133	64.8073334228089	
1353 BECKY STREET	99705	-147.4212184564929	64.8069093264529	
1326 BECKY STREET	99705	-147.4196419855228	64.8082301351374	
1314 BECKY STREET	99705	-147.41928710987278	64.80872548918663	
1300 BECKY STREET	99705	-147.42023077502813	64.80894649371324	
1312 HARTZOG LOOP	99705	-147.42568158597877	64.8102146995477	
1290 BECKY STREET	99705	-147.42121232731478	64.80918536476045	
1280 BECKY STREET	99705	-147.42212131009785	64.80888586640583	
2148 NOAH COURT	99705	-147.42775556126446	64.81081999404384	
2134 NOAH COURT	99705	-147.4294935297901	64.81084620475158	
2530 MARIGOLD ROAD	99705	-147.39030328008522	64.79222549969134	
2355 RIDDLE COURT	99705	-147.40837373365326	64.79534478723897	
2360 RIDDLE COURT	99705	-147.40678937695026	64.79606165786264	
2354 RIDDLE COURT	99705	-147.40827740800896	64.79606461351236	
2340 RIDDLE COURT	99705	-147.4095377568705	64.796022505476	
2350 PAYTON AVENUE	99705	-147.40827557423785	64.79756648438864	
2395 PAYTON AVENUE	99705	-147.4043874470824	64.79680541049807	
1807 CHRISTINE DRIVE	99705	-147.38554844493237	64.7866351517395	
1800 CHRISTINE DRIVE	99705	-147.38277275510566	64.78655008567769	
1770 CHRISTINE DRIVE	99705	-147.3820943329073	64.78802555842827	
1760 CHRISTINE DRIVE	99705	-147.38198217240725	64.78849827332732	
2005 CHRISTINE DRIVE	99705	-147.38194740139537	64.78929342731074	
2340 PAYTON AVENUE	99705	-147.4094087336098	64.79764158767169	
2365 PAYTON AVENUE	99705	-147.40743351936587	64.79677416588952	
2355 PAYTON AVENUE	99705	-147.4086723187656	64.79684708265778	
2345 PAYTON AVENUE	99705	-147.40929972409694	64.79684073483165	
2425 BABY BELL DRIVE	99705	-147.4029687407016	64.79837347362577	
2435 BABY BELL DRIVE	99705	-147.40189022791435	64.79841075447641	
2469 BABY BELL DRIVE	99705	-147.4004404565059	64.79986726779732	
2342 RIDDLE COURT	99705	-147.4091725472985	64.79594606100423	
2300 BLUE SPARKLE DRIVE	99705	-147.41662100061708	64.8017608451742	
1850 CHRISTINE DRIVE	99705	-147.38301292970428	64.78556128086514	
1785 CHRISTINE DRIVE	99705	-147.38442096720684	64.78756251030161	
1775 CHRISTINE DRIVE	99705	-147.38443531826573	64.78799196070501	
1790 CHRISTINE DRIVE	99705	-147.38202823562713	64.78693699817097	
1780 CHRISTINE DRIVE	99705	-147.38231256288623	64.7875636243944	
2390 STALEY AVENUE	99705	-147.4049632282949	64.80284082970162	
2395 STALEY AVENUE	99705	-147.4049393633103	64.80219844782488	
2370 RIDDLE COURT	99705	-147.40562531826893	64.79602134495748	
2380 RIDDLE COURT	99705	-147.40459014921615	64.79596477652818	
2586 LUCILLE AVENUE	99705	-147.38379598811375	64.80890582855424	
2574 LUCILLE AVENUE	99705	-147.38545489559166	64.80899803711141	
2548 LUCILLE AVENUE	99705	-147.3881419673518	64.80902911823681	
2585 MILLER LANE	99705	-147.38360195223663	64.8096271867752	
1295 JACQUELYN LANE	99705	-147.3915902735485	64.8096962875854	
1267 JACQUELYN LANE	99705	-147.3922204242859	64.8107089236789	
1250 JACQUELYN LANE	99705	-147.38930746492582	64.8112803370121	
2560 MILLER LANE	99705	-147.38731572100374	64.81159434725195	
2607 COUNSELL LANE	99705	-147.38137163000326	64.81217215313373	
1220 NORDALE ROAD	99705	-147.41069458222847	64.81266881993359	
1247 CANDLE LITE LOOP	99705	-147.4082023508661	64.81165688146694	
2354 BADGER ROAD	99705	-147.40748037452366	64.81087918703142	
2373 BADGER ROAD	99705	-147.40626690138134	64.80785507204104	
2361 BADGER ROAD	99705	-147.4073679425626	64.80907129707767	
1380 BENSHOOF DRIVE	99705	-147.39187880667436	64.80606852964173	
1366 BENSHOOF DRIVE	99705	-147.39406705347966	64.80703986425361	
1310 BENSHOOF DRIVE	99705	-147.40033653380485	64.80930691831747	
1302 BENSHOOF DRIVE	99705	-147.40116970616896	64.80989534564918	
2434 BRADWAY ROAD	99705	-147.40007585287688	64.80613285721519	
2422 BRADWAY ROAD	99705	-147.40120790987677	64.80636569893643	
2447 GOLF COURT	99705	-147.3990810901875	64.8072651170959	
2424 GOLF COURT	99705	-147.40113294150115	64.80795776161283	
1321 BENSHOOF DRIVE	99705	-147.40117547127332	64.80853648076413	
1276 CANDLE LITE LOOP	99705	-147.404037412203	64.8106724824945	
1268 CANDLE LITE LOOP	99705	-147.40495604479557	64.8108627867398	
1260 CANDLE LITE LOOP	99705	-147.4058056754595	64.81120150628188	
1250 CANDLE LITE LOOP	99705	-147.406577023837	64.81152058319094	
2359 BADGER ROAD	99705	-147.40797217267638	64.80954992164902	
1260 HARTZOG LOOP	99705	-147.41885814042604	64.8111717601024	
1274 HARTZOG LOOP	99705	-147.4192396661031	64.81036080295513	
1282 HARTZOG LOOP	99705	-147.41928924964853	64.81008904296051	
1294 HARTZOG LOOP	99705	-147.4196401207206	64.80954226170539	
2343 BADGER ROAD	99705	-147.40980455182188	64.81128869053151	
2368 BRADWAY ROAD	99705	-147.40666857430463	64.80612336515445	
2362 BRADWAY ROAD	99705	-147.40742442960118	64.80608628419071	
2358 BRADWAY ROAD	99705	-147.4085227048494	64.8063912838523	
1316 WOLL ROAD	99705	-147.4096166450722	64.80851068634502	
1310 WOLL ROAD	99705	-147.40968517482824	64.80921050031978	
2328 DASSEL COURT	99705	-147.41110364116267	64.80910301266228	
2316 DASSEL COURT	99705	-147.41304698180517	64.80869565951637	
2310 BRADWAY ROAD	99705	-147.41341700247327	64.80638300712086	
2298 BRADWAY ROAD	99705	-147.41436443965935	64.80690706290066	
2289 PTARMIGAN WAY	99705	-147.41568721553767	64.8072896343728	
2269 PTARMIGAN WAY	99705	-147.41818765739407	64.80743868808976	
2292 PTARMIGAN WAY	99705	-147.41511371642866	64.80794018975209	
1329 ARCTIC FOX DRIVE	99705	-147.41655265976343	64.80798079961352	
2277 WEST WEASEL COURT	99705	-147.4168443835143	64.80881536207077	
2265 WEST WEASEL COURT	99705	-147.4179871178095	64.80871877844811	
1275 ARCTIC FOX DRIVE	99705	-147.41673329022458	64.81064000776135	
2293 EAST WALRUS COURT	99705	-147.41534668250176	64.81131845238663	
2294 EAST WALRUS COURT	99705	-147.41523377331646	64.81177531124402	
1230 ARCTIC FOX DRIVE	99705	-147.41536747940276	64.81243041736981	
1305 ALOHA STREET	99705	-147.38160113225453	64.80913513175949	
1280 JACQUELYN LANE	99705	-147.38978081926976	64.81034737520763	
2549 MILLER LANE	99705	-147.3883375528198	64.81010943700588	
2577 MILLER LANE	99705	-147.38583601477242	64.81006763888985	
2570 MILLER LANE	99705	-147.3856023223126	64.81152325639115	
2580 MILLER LANE	99705	-147.38372381886393	64.81117088188488	
2600 MILLER LANE	99705	-147.38280094837788	64.8109976870302	
2614 MILLER LANE	99705	-147.38119254372072	64.81117182170108	
2600 COUNSELL LANE	99705	-147.38274349411347	64.81270982098292	
2563 COUNSELL LANE	99705	-147.38682973291068	64.81220706830575	
2554 COUNSELL LANE	99705	-147.3879835910785	64.81263962998813	
2441 TOPEKA DRIVE	99705	-147.40128745477045	64.81256706067114	
1244 CANDLE LITE LOOP	99705	-147.40730167174223	64.81177075539523	
1234 CANDLE LITE LOOP	99705	-147.40797911629988	64.81211529191135	
1232 CANDLE LITE LOOP	99705	-147.40926577232878	64.8127078493426	
1277 CANDLE LITE LOOP	99705	-147.40622985314852	64.81048998785032	
1283 CANDLE LITE LOOP	99705	-147.40591096356852	64.81007078759141	
2387 BADGER ROAD	99705	-147.40603327100825	64.80646972271461	
2385 BADGER ROAD	99705	-147.40598190548133	64.80660828709685	
2381 BADGER ROAD	99705	-147.40604875091105	64.80752273601061	
2355 BADGER ROAD	99705	-147.40888941651045	64.81038821997855	
1356 WOLL ROAD	99705	-147.40904599624844	64.80685606129616	
1346 WOLL ROAD	99705	-147.40944109782376	64.80742342696422	
1328 WOLL ROAD	99705	-147.40890585995717	64.80817180059535	
2331 DASSEL COURT	99705	-147.410899743032	64.80873130498108	
1348 BENSHOOF DRIVE	99705	-147.39723982887176	64.80772979561576	
2470 BRADWAY ROAD	99705	-147.39649141126014	64.80633864703245	
2464 BRADWAY ROAD	99705	-147.3972975508671	64.80613897362726	
2452 BRADWAY ROAD	99705	-147.39822650041845	64.80618839055658	
2442 BRADWAY ROAD	99705	-147.39924319880015	64.80625659248652	
2439 GOLF COURT	99705	-147.39991467482946	64.80724995207196	
2429 GOLF COURT	99705	-147.40111015819875	64.80724599094583	
2421 GOLF COURT	99705	-147.40134175589998	64.80720757262094	
2418 GOLF COURT	99705	-147.4023943803435	64.80789069767405	
1225 HARTZOG LOOP	99705	-147.42071259934207	64.81263913171276	
1238 HARTZOG LOOP	99705	-147.4192962338287	64.81220345087733	
1311 BENSHOOF DRIVE	99705	-147.40282625707388	64.80897632606737	
2408 RADEMAKER COURT	99705	-147.40315937693444	64.81037214721259	
2306 PTARMIGAN WAY	99705	-147.41381791044864	64.80798631574909	
2264 WEST WEASEL COURT	99705	-147.4180893294874	64.80915999730748	
2278 WEST WEASEL COURT	99705	-147.41716133780994	64.80938769313434	
2306 EAST WEASEL COURT	99705	-147.41424181028015	64.80943232494083	
1261 ARCTIC FOX DRIVE	99705	-147.4168115538508	64.81129349551007	
2265 WEST WALRUS COURT	99705	-147.41794148437532	64.81139110487561	
2303 EAST WALRUS COURT	99705	-147.4140091165736	64.81119416727232	
2303 BADGER ROAD	99705	-147.41392946213344	64.8124193520513	
1371 WOLL ROAD	99705	-147.41077713644566	64.80627818706687	
1367 WOLL ROAD	99705	-147.41073693642747	64.80680101785651	
2322 BRADWAY ROAD	99705	-147.41210569074258	64.80628279986904	
2320 BRADWAY ROAD	99705	-147.41223925509485	64.8069426713313	
2335 PTARMIGAN WAY	99705	-147.41107446525797	64.80756206525393	
2315 PTARMIGAN WAY	99705	-147.41251290173614	64.80736822478127	
2415 BABY BELL DRIVE	99705	-147.40406630359382	64.79839696996967	
2375 RIDDLE COURT	99705	-147.40599039158343	64.79530490165186	
2385 RIDDLE COURT	99705	-147.40499935393774	64.79533827699214	
2395 RIDDLE COURT	99705	-147.40397567112254	64.79530065874206	
1295 ALOHA STREET	99705	-147.3811672181506	64.81014120121648	
2495 BRADWAY ROAD	99705	-147.3945483313818	64.80529290031266	
1435 ITTA DRIVE	99705	-147.399497916963	64.80369962496893	
1445 ITTA DRIVE	99705	-147.39827453226005	64.80319439181879	
1500 ITTA DRIVE	99705	-147.39440685503288	64.80075857582699	
1510 ITTA DRIVE	99705	-147.39367606584977	64.80022135424761	
2291 BLUE SPARKLE DRIVE	99705	-147.41804811114986	64.80191482817267	
2468 TOPEKA DRIVE	99705	-147.39695458642012	64.81264117461238	
1430 SECLUDED DRIVE	99705	-147.4277390077825	64.8038061429306	
2539 BABY BELL DRIVE	99705	-147.40550650544574	64.79955635665085	
2529 BABY BELL DRIVE	99705	-147.40516103908843	64.79997179522314	
2519 BABY BELL DRIVE	99705	-147.40485149826156	64.80047381798117	
2509 BABY BELL DRIVE	99705	-147.40419533864343	64.80092327555062	
2506 BABY BELL DRIVE	99705	-147.40325319207426	64.80037283643773	
2459 BABY BELL DRIVE	99705	-147.4001256303497	64.79940288211539	
2449 BABY BELL DRIVE	99705	-147.39975191305723	64.79873997993691	
2460 TOPEKA DRIVE	99705	-147.39813921241878	64.81273443926096	
2460 CADDIS COURT	99705	-147.39653751336422	64.80189092269207	
1255 JACQUELYN LANE	99705	-147.3915093399634	64.81130866327275	
2511 CLYDESDALE DRIVE	99705	-147.38146024035157	64.79352549856387	
2465 SHARPTAIL COURT	99705	-147.3956077890793	64.80373984834415	
2425 BRADWAY ROAD	99705	-147.4015574868186	64.80525004008263	
1405 ITTA DRIVE	99705	-147.40165328213104	64.80537320878875	
1415 ITTA DRIVE	99705	-147.4002833272766	64.80489071991084	
2455 CADDIS COURT	99705	-147.3973329528136	64.80087025958345	
1267 BECKY STREET	99705	-147.42347567084764	64.80815030832224	
1226 FLORICE DRIVE	99705	-147.39477893383977	64.81240584639728	
2503 BABY BELL DRIVE	99705	-147.40355953672523	64.80129226284895	
2499 BABY BELL DRIVE	99705	-147.4026139011041	64.80121394251937	
2491 BABY BELL DRIVE	99705	-147.40135277635463	64.80076695664678	
2481 BABY BELL DRIVE	99705	-147.40078774630652	64.80026091156893	
1436 SECLUDED DRIVE	99705	-147.42806249456288	64.80340188520063	
1262 FLORICE DRIVE	99705	-147.39381360125859	64.81041552152377	
2376 BADGER ROAD	99705	-147.40358371765637	64.80770248895617	
2600 CARRIE LYNN DRIVE	99705	-147.38245360154608	64.8004973447836	
1582 MADELINE STREET	99705	-147.4022073312439	64.79676564779928	
1584 MADELINE STREET	99705	-147.40208593989905	64.7967348184924	
1588 MADELINE STREET	99705	-147.40226993970123	64.79650527867067	
1590 MADELINE STREET	99705	-147.40235604416196	64.79646761190745	
1576 MADELINE STREET	99705	-147.4030136820385	64.79658906510667	
1578 MADELINE STREET	99705	-147.4028998446226	64.79663798952362	
1240 FLORICE DRIVE	99705	-147.39481454422435	64.81199931265593	
2270 MOONLIGHT DRIVE	99705	-147.41926547739544	64.80062342977858	
1246 FLORICE ROAD	99705	-147.394737029283	64.8114971611376	
2255 MOONLIGHT DRIVE	99705	-147.42196008053608	64.80106081385657	
2267 MOONLIGHT DRIVE	99705	-147.42112419310095	64.80068590165564	
2370 PAYTON AVENUE	99705	-147.4063774331789	64.79751840363504	
2380 PAYTON AVENUE	99705	-147.40537950341422	64.79749145071429	
2385 PAYTON AVENUE	99705	-147.40564265702147	64.79684256113242	
2375 PAYTON AVENUE	99705	-147.40647746537115	64.79676740018368	
2441 BABY BELL DRIVE	99705	-147.40095272855763	64.79840665675901	
2495 BABY BELL DRIVE	99705	-147.40174481737648	64.80112738498774	
2424 BABY BELL DRIVE	99705	-147.40300523145996	64.7989678247891	
2412 BABY BELL DRIVE	99705	-147.40418550128058	64.79922179392486	
2445 CADDIS COURT	99705	-147.39857903681803	64.80078288601726	
2360 PAYTON AVENUE	99705	-147.40735727405973	64.79759695369614	
1281 BENSHOOF DRIVE	99705	-147.4054759419348	64.80902633569116	
2591 BADGER ROAD	99705	-147.38820702934325	64.78932386834606	
2581 BADGER ROAD	99705	-147.388292574924	64.7896420700066	
1688 PALOMINO DRIVE	99705	-147.3821855642449	64.79167525583945	
1684 PALOMINO DRIVE	99705	-147.38095353571276	64.79192619824293	
1682 PALOMINO DRIVE	99705	-147.38038097498517	64.79215828555867	
1830 WILLEDA STREET	99705	-147.3925146910879	64.78540339611335	
1786 WILLEDA STREET	99705	-147.39293217226336	64.78733665955761	
1807 SARAH LEE LANE	99705	-147.3918869697769	64.78655367848131	
1819 SARAH LEE LANE	99705	-147.3915775791586	64.78603273892485	
1717 CHRISTINE DRIVE	99705	-147.38466519897528	64.79044279734939	
1795 CHRISTINE DRIVE	99705	-147.38477907722987	64.7872313360374	
1811 CHRISTINE DRIVE	99705	-147.38551053567573	64.78625546557213	
1817 CHRISTINE DRIVE	99705	-147.3852991440235	64.78582416193785	
1825 CHRISTINE DRIVE	99705	-147.38513050339805	64.78547359769874	
1964 CHRISTINE DRIVE	99705	-147.380407431225	64.78911972452767	
1956 CHRISTINE DRIVE	99705	-147.38025951573962	64.7886600637723	
2605 BADGER ROAD	99705	-147.38894512239574	64.78841931816325	
2599 BADGER ROAD	99705	-147.38826159913674	64.78886973201863	
2628 CLYDESDALE DRIVE	99705	-147.38103742994252	64.7966491889895	
2562 CLYDESDALE DRIVE	99705	-147.38682883896314	64.79596477165096	
1890 CHRISTINE DRIVE	99705	-147.38083403233378	64.78623690142209	
1870 CHRISTINE DRIVE	99705	-147.38150549732293	64.78591284188535	
2565 BADGER ROAD	99705	-147.38848501265343	64.79027996208934	
2549 BADGER ROAD	99705	-147.3889988099645	64.7909001767906	
1850 WILLEDA STREET	99705	-147.3925357709573	64.7844995900546	
2609 BADGER ROAD	99705	-147.3882565394704	64.78738466070007	
2633 BADGER ROAD	99705	-147.3889034445027	64.78689246089814	
2641 BADGER ROAD	99705	-147.38945802200473	64.78596610926971	
2649 BADGER ROAD	99705	-147.38965301323017	64.78542207756412	
2532 LIONS ROAD	99705	-147.38979612425214	64.78451189406942	
1729 CHRISTINE DRIVE	99705	-147.38437679190727	64.7899633024492	
1751 CHRISTINE DRIVE	99705	-147.38480787113184	64.7890467079043	
1761 CHRISTINE DRIVE	99705	-147.38414324488534	64.78852239981167	
1835 CHRISTINE DRIVE	99705	-147.38406455412556	64.78486458839048	
1855 CHRISTINE DRIVE	99705	-147.3823220007251	64.78465192104593	
1865 CHRISTINE DRIVE	99705	-147.38116943576554	64.78477598297427	
1871 CHRISTINE DRIVE	99705	-147.38067439596182	64.78539411912124	
1991 CHRISTINE DRIVE	99705	-147.38101058505586	64.78990981197353	
2007 CHRISTINE DRIVE	99705	-147.38203338627497	64.79002414522387	
1710 CHRISTINE DRIVE	99705	-147.38227828960393	64.79054825992671	
2610 CLYDESDALE DRIVE	99705	-147.38217828319642	64.7964928519995	
2600 CLYDESDALE DRIVE	99705	-147.38307054421304	64.7963556953881	
2584 CLYDESDALE DRIVE	99705	-147.38431197355965	64.79612168172294	
2572 CLYDESDALE DRIVE	99705	-147.3857688388223	64.7960410389857	
2522 BADGER ROAD	99705	-147.38993838360088	64.79382020408842	
2544 CLYDESDALE DRIVE	99705	-147.38738437608728	64.79380313163803	
2536 CLYDESDALE DRIVE	99705	-147.38661934034036	64.79322779427089	
2570 REPP ROAD	99705	-147.3858217577111	64.79248401558081	
2518 CLYDESDALE DRIVE	99705	-147.38317210579962	64.79276768269419	
2528 CLYDESDALE DRIVE	99705	-147.3850108975251	64.79276425564856	
2571 CLYDESDALE DRIVE	99705	-147.38583409217156	64.79534112197926	
2581 CLYDESDALE DRIVE	99705	-147.3839570555744	64.79558743519145	
2614 ARABIAN COURT	99705	-147.38114612698655	64.79503590791897	
2612 ARABIAN COURT	99705	-147.38142235223	64.7949872186797	
2600 ARABIAN COURT	99705	-147.38273429267514	64.7948532681907	
2615 LISA ANN DRIVE	99705	-147.3806260112155	64.79778751595974	
2575 CARRIE LYNN DRIVE	99705	-147.38458185194165	64.79933533625419	
2563 CARRIE LYNN DRIVE	99705	-147.38513194878894	64.79875221223095	
2572 CARRIE LYNN DRIVE	99705	-147.38689112439388	64.80005304764714	
2609 LISA ANN DRIVE	99705	-147.38192310735892	64.79753197320271	
2601 LISA ANN DRIVE	99705	-147.3829100908575	64.79727846204038	
2549 LISA ANN DRIVE	99705	-147.38738589978541	64.79693078962282	
2545 LISA ANN DRIVE	99705	-147.38828175027533	64.79697132544445	
2539 LISA ANN DRIVE	99705	-147.38943235646272	64.79720946255038	
2529 LISA ANN DRIVE	99705	-147.3903102260743	64.79714019864127	
2519 LISA ANN DRIVE	99705	-147.3914309612426	64.79714190172429	
2516 LISA ANN DRIVE	99705	-147.39140614545644	64.79786390644934	
2526 LISA ANN DRIVE	99705	-147.39026183403135	64.7978213972837	
2538 LISA ANN DRIVE	99705	-147.3891114861889	64.79772788496055	
2548 CARRIE LYNN DRIVE	99705	-147.38806542444578	64.79753453078463	
2539 LUCINDA COURT	99705	-147.38943850409555	64.79888068284092	
2527 LUCINDA COURT	99705	-147.39104579817135	64.79848279596101	
2510 LUCINDA COURT	99705	-147.3923225264502	64.79876263320062	
2518 LUCINDA COURT	99705	-147.39194592799078	64.7991912297277	
2580 LISA ANN DRIVE	99705	-147.384598645578	64.79794188051967	
2590 LISA ANN DRIVE	99705	-147.3835116179766	64.79793877174617	
2602 LISA ANN DRIVE	99705	-147.38265121746636	64.79810539324143	
2610 LISA ANN DRIVE	99705	-147.3817046265621	64.79835573541374	
2614 LISA ANN DRIVE	99705	-147.3808017102935	64.7984221949957	
2422 POPPY DRIVE	99705	-147.40144160256136	64.7906982032545	
2492 SUNFLOWER LOOP	99705	-147.39563093274674	64.79001533011994	
2476 SUNFLOWER LOOP	99705	-147.39599762070924	64.78918118815622	
2462 SUNFLOWER LOOP	99705	-147.3971094306213	64.78920674172805	
2448 SUNFLOWER LOOP	99705	-147.39852915570097	64.7893036466874	
2560 SHAVANO LANE	99705	-147.38828485316475	64.80151696199964	
2537 SHAVANO LANE	99705	-147.38973026648705	64.80106653219372	
2509 STONEMAN LANE	99705	-147.3912227358895	64.80080450385562	
2570 SHAVANO LANE	99705	-147.38726748927516	64.80141347846416	
2544 STONEMAN LANE	99705	-147.38839751503414	64.80246272521586	
2536 STONEMAN LANE	99705	-147.38948663667452	64.80249511757737	
1434 BENSHOOF DRIVE	99705	-147.38862142720188	64.80405342906299	
2529 TEE COURT	99705	-147.3896570812196	64.80400846490082	
1400 BENSHOOF DRIVE	99705	-147.39029837363105	64.80496618509615	
1840 WOLL ROAD	99705	-147.40952778506409	64.78622914064586	
2505 MARIGOLD ROAD	99705	-147.39282396672743	64.79157498600853	
2453 SUNFLOWER LOOP	99705	-147.39807261296195	64.78846407694617	
2439 SUNFLOWER LOOP	99705	-147.39941957198434	64.78845827688184	
2425 SUNFLOWER LOOP	99705	-147.40078228105622	64.78840067905529	
2413 SUNFLOWER LOOP	99705	-147.40228389570706	64.78830600659516	
2349 SUNFLOWER LOOP	99705	-147.40912667328521	64.78874790184108	
2339 SUNFLOWER LOOP	99705	-147.40872256155293	64.78959090315661	
1740 WOLL ROAD	99705	-147.40907027705285	64.78975032652885	
2382 POPPY DRIVE	99705	-147.40604388219305	64.79091229974604	
2400 POPPY DRIVE	99705	-147.40462978301528	64.79049709246107	
2410 POPPY DRIVE	99705	-147.40313891862934	64.79068217219663	
2370 SUNFLOWER LOOP	99705	-147.40652846429413	64.78876492998354	
1660 FOXGLOVE STREET	99705	-147.4050940270394	64.79386266817914	
1664 FOXGLOVE STREET	99705	-147.404455764513	64.79326707023526	
2355 ASTER DRIVE	99705	-147.4073801332732	64.79305992441985	
1735 WOLL ROAD	99705	-147.4120238034928	64.79022562588979	
2491 BUSTER BROWN LANE	99705	-147.3952426260734	64.79543193616067	
2491 BUSTER BROWN LANE	99705	-147.39533862166445	64.7953515050394	
2354 SUNFLOWER LOOP	99705	-147.40746047374628	64.788957091535	
2340 SUNFLOWER LOOP	99705	-147.40755776168834	64.78970188192768	
2451 POPPY DRIVE	99705	-147.39845029292493	64.79003739328292	
2461 POPPY DRIVE	99705	-147.3970367651268	64.78995857855297	
2383 MARIGOLD ROAD	99705	-147.40586119911615	64.79168327922216	
2397 MARIGOLD ROAD	99705	-147.4037290040517	64.7916203690368	
2475 MARIGOLD ROAD	99705	-147.39557773057743	64.79173948937611	
2412 MARIGOLD ROAD	99705	-147.40237716661957	64.79239059594495	
2426 MARIGOLD ROAD	99705	-147.40148838474107	64.79235625933396	
2450 MARIGOLD ROAD	99705	-147.3991622520053	64.79228669165575	
1642 WOLL ROAD	99705	-147.40954449819367	64.79381228986908	
2418 ASTER DRIVE	99705	-147.40166698788448	64.79462278693242	
2436 ASTER DRIVE	99705	-147.40044364812826	64.7946698250689	
2454 ASTER DRIVE	99705	-147.3980636672071	64.79455326920541	
2470 ASTER DRIVE	99705	-147.3964127531163	64.7947244062869	
2518 ASTER DRIVE	99705	-147.39150927284533	64.79350336919408	
2521 BADGER ROAD	99705	-147.39081264557757	64.79306716104736	
2525 BADGER ROAD	99705	-147.3905819893223	64.79286001817877	
2531 ASTER DRIVE	99705	-147.39254683101402	64.79246458758647	
2450 COLUMBINE DRIVE	99705	-147.39849155192405	64.79376750395225	
2468 COLUMBINE DRIVE	99705	-147.396536178166	64.79352415361771	
2486 COLUMBINE DRIVE	99705	-147.39432151007324	64.79295546503225	
2490 MARIGOLD ROAD	99705	-147.3942382126896	64.79236675246952	
2413 ASTER DRIVE	99705	-147.40227251181034	64.79388725884398	
1670 POODLE LANE	99705	-147.41993400601874	64.79279835115838	
2320 MOONLIGHT DRIVE	99705	-147.41408592688472	64.79976084367918	
2314 MOONLIGHT DRIVE	99705	-147.41503338776496	64.79983869213937	
2310 MOONLIGHT DRIVE	99705	-147.41613047552966	64.79992268391263	
2300 MOONLIGHT DRIVE	99705	-147.41705325023548	64.80004530140542	
1410 RIC DRIVE	99705	-147.40418247346602	64.8043187908052	
1390 RIC DRIVE	99705	-147.4048750064025	64.80458563943789	
1380 RIC DRIVE	99705	-147.4058792275048	64.80458077162932	
1370 RIC DRIVE	99705	-147.40706273259954	64.80449693401513	
2380 STALEY AVENUE	99705	-147.40653092656274	64.80299328467088	
2370 STALEY AVENUE	99705	-147.40749798668128	64.80303609042117	
2360 STALEY AVENUE	99705	-147.40844467098967	64.80309737268239	
2385 STALEY AVENUE	99705	-147.4060747341825	64.8020402644715	
2338 LONG SHADOW DRIVE	99705	-147.41109808139223	64.80364041052329	
2334 LONG SHADOW DRIVE	99705	-147.41206621948433	64.80346351137675	
2330 LONG SHADOW DRIVE	99705	-147.41292511049258	64.80323168090695	
2313 EVENING GLOW COURT	99705	-147.41774976552657	64.80324239856594	
2311 EVENING GLOW COURT	99705	-147.41651484609835	64.80286056169027	
2295 LONG SHADOW DRIVE	99705	-147.41810867603476	64.80273788347694	
2305 LONG SHADOW DRIVE	99705	-147.4171838901444	64.8025436318716	
2315 LONG SHADOW DRIVE	99705	-147.4153544565054	64.80186522904675	
2332 BLUE SPARKLE DRIVE	99705	-147.4109127352784	64.80213023331402	
2328 BLUE SPARKLE DRIVE	99705	-147.41180601447832	64.80201373331803	
2322 BLUE SPARKLE DRIVE	99705	-147.41272095127633	64.80187050490073	
2316 BLUE SPARKLE DRIVE	99705	-147.4142023929238	64.8016108111809	
2319 BLUE SPARKLE DRIVE	99705	-147.41369030803145	64.80073636942558	
2323 BLUE SPARKLE DRIVE	99705	-147.412847988435	64.80107674145219	
2327 BLUE SPARKLE DRIVE	99705	-147.4121232428896	64.80116226205935	
2331 BLUE SPARKLE DRIVE	99705	-147.41090132367833	64.80112707976761	
2313 MOONLIGHT DRIVE	99705	-147.41601055157335	64.7990690635423	
2509 LISA ANN DRIVE	99705	-147.3934448457191	64.79751932896428	
2505 LISA ANN DRIVE	99705	-147.39308111028438	64.79802342790434	
2512 LISA ANN DRIVE	99705	-147.39274104388926	64.79834587853647	
2545 CARRIE LYNN DRIVE	99705	-147.3860930657339	64.79763818349737	
2555 CARRIE LYNN DRIVE	99705	-147.38559096368814	64.79822718894955	
2317 MOONLIGHT DRIVE	99705	-147.41522508514925	64.79889402366659	
2510 BADGER ROAD	99705	-147.39154110424175	64.79479883933612	
2502 BADGER ROAD	99705	-147.39033075452545	64.79594993740842	
2556 CLYDESDALE DRIVE	99705	-147.38869124512152	64.79537206373033	
2560 REPP ROAD	99705	-147.38591098124138	64.791875295771	
1689 PALOMINO DRIVE	99705	-147.38394125687398	64.79183262119282	
1681 PALOMINO DRIVE	99705	-147.3827127119914	64.79217475262429	
2504 CLYDESDALE DRIVE	99705	-147.38236360410986	64.79263575112346	
2593 CLYDESDALE DRIVE	99705	-147.3829078780594	64.7957040208465	
2605 CLYDESDALE DRIVE	99705	-147.38173004572448	64.7958672313746	
2615 CLYDESDALE DRIVE	99705	-147.38100320455973	64.79594562359014	
2586 ARABIAN COURT	99705	-147.3838501497274	64.79479311964789	
2591 ARABIAN COURT	99705	-147.38381330970458	64.79431864496755	
2603 ARABIAN COURT	99705	-147.38234828944408	64.79413373219192	
2611 ARABIAN COURT	99705	-147.3811658871481	64.79428037499797	
1665 PALOMINO DRIVE	99705	-147.38043385684136	64.7929668002053	
2591 LISA ANN DRIVE	99705	-147.3837840529287	64.79721793661729	
2583 LISA ANN DRIVE	99705	-147.38452569014217	64.79703579944984	
2551 LISA ANN DRIVE	99705	-147.38652449125348	64.7967319681152	
2511 LISA ANN DRIVE	99705	-147.39277877540493	64.79733586473039	
2560 CARRIE LYNN DRIVE	99705	-147.38701019762857	64.79852557343413	
2513 TEE COURT	99705	-147.39188731157503	64.80403285268305	
1392 BENSHOOF DRIVE	99705	-147.39108745165262	64.80539645318922	
2481 SUNFLOWER LOOP	99705	-147.39408727301844	64.78843170469241	
2487 SUNFLOWER LOOP	99705	-147.39412855838862	64.78929175355435	
2551 LUCINDA COURT	99705	-147.3884179792295	64.7987601798058	
2524 LUCINDA COURT	99705	-147.39128963988068	64.79953299725092	
2530 LUCINDA COURT	99705	-147.39040188751468	64.79968245847782	
2540 LUCINDA COURT	99705	-147.3892098743665	64.7997082857498	
2566 LUCINDA COURT	99705	-147.38707475400298	64.79929775750657	
2615 CARRIE LYNN DRIVE	99705	-147.38058426909734	64.79974578840768	
2605 CARRIE LYNN DRIVE	99705	-147.38155590079393	64.79960289125741	
2595 CARRIE LYNN DRIVE	99705	-147.38253717138247	64.79946121503104	
2585 CARRIE LYNN DRIVE	99705	-147.38359262514493	64.79920804934224	
2594 CARRIE LYNN DRIVE	99705	-147.38344827123277	64.7999745308456	
2624 CARRIE LYNN DRIVE	99705	-147.38019982609637	64.80065771242948	
2554 SHAVANO LANE	99705	-147.38799072418237	64.8012081738831	
2571 SHAVANO LANE	99705	-147.38645444874155	64.80110496055252	
2593 STONEMAN LANE	99705	-147.38582555943577	64.80263409063281	
2491 SUNFLOWER LOOP	99705	-147.39410440521422	64.78988631574362	
2437 POPPY DRIVE	99705	-147.39974493704923	64.7901468299842	
2411 MARIGOLD ROAD	99705	-147.402016127244	64.7916509113417	
2427 MARIGOLD ROAD	99705	-147.4008184922841	64.79164028337213	
2441 MARIGOLD ROAD	99705	-147.39917133691281	64.79157046985038	
2370 ASTER DRIVE	99705	-147.4084702818861	64.79452059009905	
2501 SUNFLOWER LOOP	99705	-147.39448498349776	64.79023606537946	
2535 MARIGOLD ROAD	99705	-147.38963242852157	64.79170306774017	
2477 SUNFLOWER LOOP	99705	-147.39542882065808	64.7884496697892	
2465 SUNFLOWER LOOP	99705	-147.39694004550233	64.78847321201509	
2401 SUNFLOWER LOOP	99705	-147.40348363067292	64.78853605601017	
2387 SUNFLOWER LOOP	99705	-147.405714453573	64.78808889202115	
2377 SUNFLOWER LOOP	99705	-147.40671270767817	64.78811944745618	
2361 SUNFLOWER LOOP	99705	-147.40812701923144	64.78805093742206	
2355 SUNFLOWER LOOP	99705	-147.40871986044357	64.78821379724096	
2301 SUNFLOWER LOOP	99705	-147.40898932948508	64.79084969142382	
2300 SUNFLOWER LOOP	99705	-147.40762638831913	64.79077805050105	
2366 POPPY DRIVE	99705	-147.40739164667127	64.79041666530742	
2374 POPPY DRIVE	99705	-147.4057373050172	64.79025812116679	
2434 POPPY DRIVE	99705	-147.4001697114707	64.79077575065881	
2448 POPPY DRIVE	99705	-147.39856259452844	64.79076988821797	
2464 POPPY DRIVE	99705	-147.3970920143773	64.79075202716815	
2476 POPPY DRIVE	99705	-147.3956995202447	64.79076951478888	
2426 SUNFLOWER LOOP	99705	-147.4017034725385	64.78919215194009	
2410 SUNFLOWER LOOP	99705	-147.40274970603758	64.78912253340334	
2400 SUNFLOWER LOOP	99705	-147.4040638251186	64.7890285388747	
2382 SUNFLOWER LOOP	99705	-147.40568933279164	64.78885975150052	
2399 POPPY DRIVE	99705	-147.40438265927895	64.79000931373108	
2409 POPPY DRIVE	99705	-147.40320757069588	64.79019117914767	
2421 POPPY DRIVE	99705	-147.4011922198243	64.79012486899539	
2372 ASTER DRIVE	99705	-147.40699777106937	64.79453840205628	
1460 RIC DRIVE	99705	-147.40285224465532	64.80255640685942	
1440 RIC DRIVE	99705	-147.4034634683692	64.80301843528625	
1430 RIC DRIVE	99705	-147.40353911948992	64.80361454601433	
1420 RIC DRIVE	99705	-147.4040593457809	64.80391956335295	
1360 RIC DRIVE	99705	-147.40822659949686	64.80449432675024	
1350 RIC DRIVE	99705	-147.40928755590005	64.80449257110511	
1355 RIC DRIVE	99705	-147.4094235537285	64.8038392391402	
2384 ASTER DRIVE	99705	-147.40591272075503	64.79465064270461	
2400 ASTER DRIVE	99705	-147.40418570670454	64.79458390045433	
2488 ASTER DRIVE	99705	-147.39524197022595	64.79457755065681	
2490 ASTER DRIVE	99705	-147.39450042687477	64.79457016047229	
2509 BADGER ROAD	99705	-147.3933330149792	64.79460169330049	
2513 BADGER ROAD	99705	-147.39203501793162	64.7940062783304	
2519 ASTER DRIVE	99705	-147.39247139801682	64.79284383709833	
2497 ASTER DRIVE	99705	-147.39385497119056	64.79358791354876	
2487 ASTER DRIVE	99705	-147.39479223813677	64.79382730584629	
2469 ASTER DRIVE	99705	-147.39673385726218	64.79404632025648	
2424 COLUMBINE DRIVE	99705	-147.4001689744702	64.79401126984617	
2477 COLUMBINE DRIVE	99705	-147.39622854110848	64.79247919123216	
2455 COLUMBINE DRIVE	99705	-147.39794874545387	64.79275766801115	
2441 COLUMBINE DRIVE	99705	-147.39955698385512	64.7930070155767	
2427 COLUMBINE DRIVE	99705	-147.40082874231496	64.79303653548972	
1676 FOXGLOVE STREET	99705	-147.40372906428658	64.79267659896927	
1673 FOXGLOVE STREET	99705	-147.4057528286237	64.79250410970413	
1659 FOXGLOVE STREET	99705	-147.40590941163293	64.7930844274985	
2371 ASTER DRIVE	99705	-147.40670750978018	64.7937833582746	
2487 BADGER ROAD	99705	-147.3957473926262	64.79602577856869	
1673 POODLE LANE	99705	-147.42150413034827	64.79255659761124	
1655 POODLE LANE	99705	-147.42112559425848	64.79330188187039	
1635 POODLE LANE	99705	-147.42127919123743	64.79447416373877	
1674 POODLE LANE	99705	-147.42004427234767	64.79246860342846	
1365 RIC DRIVE	99705	-147.40851371683885	64.80361749079775	
2301 BRADWAY ROAD	99705	-147.4129196676455	64.80453390147234	
2185 BRADWAY ROAD	99705	-147.42626790052063	64.8052523272028	
2195 BRADWAY ROAD	99705	-147.42562573211364	64.80479524612963	
2350 STALEY AVENUE	99705	-147.40948616356522	64.80283218779851	
2345 STALEY AVENUE	99705	-147.40954758214116	64.80207381212807	
2365 STALEY AVENUE	99705	-147.40775774251145	64.80183636010601	
2326 LONG SHADOW DRIVE	99705	-147.41394504674395	64.8036427310933	
2322 EVENING GLOW COURT	99705	-147.41451545989395	64.80324758028088	
2320 EVENING GLOW COURT	99705	-147.4161827022245	64.80359502146253	
2316 EVENING GLOW COURT	99705	-147.41731395073685	64.80358801782651	
2331 LONG SHADOW DRIVE	99705	-147.41116275443815	64.80273849737861	
2327 LONG SHADOW DRIVE	99705	-147.41227616294972	64.80263309912624	
2323 LONG SHADOW DRIVE	99705	-147.4132013251064	64.80227331923054	
2319 LONG SHADOW DRIVE	99705	-147.41452238127889	64.80216504330778	
2312 BLUE SPARKLE DRIVE	99705	-147.41503301282663	64.80134001831378	
2303 BLUE SPARKLE DRIVE	99705	-147.4174506313728	64.80111902336965	
2309 BLUE SPARKLE DRIVE	99705	-147.41633879403582	64.8007224352251	
2313 BLUE SPARKLE DRIVE	99705	-147.41497865956146	64.8006530482796	
1495 WOLL ROAD	99705	-147.41124970902035	64.80047617141372	
2336 MOONLIGHT DRIVE	99705	-147.41117469926394	64.7998164701768	
2328 MOONLIGHT DRIVE	99705	-147.41200123119887	64.7997459179228	
2324 MOONLIGHT DRIVE	99705	-147.4130312804624	64.79977161521411	
2301 MOONLIGHT DRIVE	99705	-147.4180849703271	64.79935334528493	
2305 MOONLIGHT DRIVE	99705	-147.41809206239398	64.79884964061783	
2309 MOONLIGHT DRIVE	99705	-147.41685950935218	64.79911566100888	
2331 MOONLIGHT DRIVE	99705	-147.41146385743244	64.79899701807311	
2335 MOONLIGHT DRIVE	99705	-147.41071451226003	64.79898380040467	
2205 BRADWAY ROAD	99705	-147.4243599664553	64.80537107132902	
2213 BRADWAY ROAD	99705	-147.42373012478717	64.80520489039216	
2245 BRADWAY ROAD	99705	-147.42042898637712	64.80544347897755	
2259 BRADWAY ROAD	99705	-147.41915860298002	64.80486409948935	
2319 MOONLIGHT DRIVE	99705	-147.41435300824827	64.79887135751918	
2323 MOONLIGHT DRIVE	99705	-147.413355526494	64.79895410135272	
2327 MOONLIGHT DRIVE	99705	-147.41236809530798	64.79889324247661	
1401 SECLUDED DRIVE	99705	-147.42936220506107	64.80475340757229	
2225 BRADWAY ROAD	99705	-147.42244177591712	64.80506699719834	
2227 BRADWAY ROAD	99705	-147.42211816699924	64.80480086569484	
2235 BRADWAY ROAD	99705	-147.42134328640537	64.80476292712302	
1405 RIC DRIVE	99705	-147.40602651898382	64.80389972497674	
2375 DANO COURT	99705	-147.40773857060987	64.80064368654033	
2375 BABY BELL DRIVE	99705	-147.4081489017987	64.79900787461246	
2446 ASTER DRIVE	99705	-147.40038808935432	64.79526665172067	
2350 DANO COURT	99705	-147.40891439486953	64.80138724901882	
2350 BABY BELL DRIVE	99705	-147.40921445418692	64.7997342487246	
2370 BABY BELL DRIVE	99705	-147.4079400710861	64.79967494077185	
2380 BABY BELL DRIVE	99705	-147.40730722270877	64.79952557523801	
2390 BABY BELL DRIVE	99705	-147.40593995736583	64.7989756298382	
2405 BABY BELL DRIVE	99705	-147.40516744539218	64.79838535882958	
1555 FAYE LANE	99705	-147.4089707582876	64.7982267619592	
2370 DANO COURT	99705	-147.4081457798215	64.80129134994075	
2345 DANO COURT	99705	-147.40939232976262	64.80066457522541	
2395 BABY BELL DRIVE	99705	-147.40618648109316	64.798434541039	
1545 FAYE LANE	99705	-147.40726225732612	64.79851804675852	
2345 BABY BELL DRIVE	99705	-147.40936739181095	64.79923894483858	
1550 FAYE LANE	99705	-147.40914645813203	64.79865503844964	
1361 ROMA STREET	99705	-147.4253106656356	64.80681941983936	
1795 WILLEDA STREET	99705	-147.39456176937088	64.78690409450286	
2161 BADGER ROAD	99705	-147.42888071488912	64.81271572658832	
2325 BADGER ROAD	99705	-147.41134593615828	64.81192124317519	
2395 BADGER ROAD	99705	-147.40475071646506	64.80549482567478	
2489 BADGER ROAD	99705	-147.3958915334812	64.79587026777402	
1372 BECKY STREET	99705	-147.4198835321721	64.80624643884781	
1441 BENSHOOF DRIVE	99705	-147.38901931967774	64.80316964402513	
2541 CLYDESDALE DRIVE	99705	-147.38561242934222	64.79377787329504	
2551 CLYDESDALE DRIVE	99705	-147.38599348186816	64.79423515593597	
2561 CLYDESDALE DRIVE	99705	-147.3856307727655	64.7949840308672	
1230 CANDLE LITE LOOP	99705	-147.40882654025467	64.81253511583193	
1316 ARCTIC FOX DRIVE	99705	-147.41546497706508	64.80886790794376	
2521 CLYDESDALE DRIVE	99705	-147.38349606718128	64.79330278549217	
2531 CLYDESDALE DRIVE	99705	-147.38484427141955	64.79344236128179	
1272 HARTZOG LOOP	99705	-147.4192745470381	64.81050018392853	
2410 RIDDLE COURT	99705	-147.40193914010115	64.79561048285618	
2405 RIDDLE COURT	99705	-147.402728983387	64.79515492027662	
2220 OWNBY ROAD	99705	-147.4224041492266	64.79160363082426	
2490 STONEMAN LANE	99705	-147.39270776772736	64.80060955202362	
2440 CADDIS COURT	99705	-147.3994434688854	64.80193810892189	
2450 CADDIS COURT	99705	-147.39785153982427	64.80147955709309	
1455 ITTA DRIVE	99705	-147.3976099713028	64.80289216830892	
1475 ITTA DRIVE	99705	-147.39757301932286	64.80224995634394	
1485 ITTA DRIVE	99705	-147.3967074373529	64.8019223338106	
2518 STONEMAN LANE	99705	-147.39278906659627	64.80235322703649	
1460 ITTA DRIVE	99705	-147.39472863407434	64.80326117459586	
1480 ITTA DRIVE	99705	-147.39453856639233	64.80204811986829	
1470 ITTA DRIVE	99705	-147.39416416547306	64.80264937688374	
2357 BADGER ROAD	99705	-147.409015060741	64.80989449356913	
2305 EAST POLAR BEAR COURT	99705	-147.41421715218206	64.80977430331421	
2306 EAST POLAR BEAR COURT	99705	-147.41389045617998	64.81033661102903	
2294 EAST POLAR BEAR COURT	99705	-147.41530527702415	64.81052482983426	
2265 WEST POLAR BEAR COURT	99705	-147.41770139295275	64.81002830749752	
2262 WEST POLAR BEAR COURT	99705	-147.41785046176764	64.81059173571	
2280 WEST POLAR BEAR COURT	99705	-147.41679980030764	64.81013125316976	
2384 BADGER ROAD	99705	-147.40288494464565	64.80688732208664	
2380 BADGER ROAD	99705	-147.4034050049203	64.80750876894518	
2375 POPPY DRIVE	99705	-147.40598112368187	64.78968907953464	
2365 RIDDLE COURT	99705	-147.40702131785176	64.79525259464738	
2485 SHARPTAIL COURT	99705	-147.3938958131081	64.80417877485758	
1530 ITTA DRIVE	99705	-147.39517076391783	64.79946460026473	
1540 ITTA DRIVE	99705	-147.39585803887297	64.79916614872093	
2460 BADGER ROAD	99705	-147.39658819160766	64.79812644475025	
2385 DANO COURT	99705	-147.4068620751649	64.80061252765344	
2603 COUNSELL LANE	99705	-147.38203068712951	64.81227135122978	
1408 SECLUDED DRIVE	99705	-147.42763524129086	64.80437633756709	
2242 MOONLIGHT DRIVE	99705	-147.42115829949662	64.8019036887364	
2455 BRADWAY ROAD	99705	-147.3978240056203	64.80535822694259	
1420 ITTA DRIVE	99705	-147.39885669829462	64.80511180532243	
1430 ITTA DRIVE	99705	-147.39781444160033	64.80471586239948	
2460 SHARPTAIL COURT	99705	-147.3964523770331	64.80428967542335	
1545 ITTA DRIVE	99705	-147.39731497359656	64.79923466273924	
2255 BRADWAY ROAD	99705	-147.41920672339373	64.80375011237234	
2305 EAST WEASEL COURT	99705	-147.41405072165904	64.80862509438514	
1440 NYMPH COURT	99705	-147.40108276640186	64.8033124139747	
1450 NYMPH COURT	99705	-147.39996684911358	64.80259705046882	
1490 ITTA DRIVE	99705	-147.39364082830963	64.8012157297945	
1250 HARTZOG LOOP	99705	-147.41876554403174	64.81155771282486	
2305 PTARMIGAN WAY	99705	-147.41383871322896	64.80754277788733	
2334 PTARMIGAN WAY	99705	-147.4106456199563	64.80807601118228	
2326 PTARMIGAN WAY	99705	-147.41189398017326	64.80796737997028	
2316 PTARMIGAN WAY	99705	-147.41263740854066	64.80805701468758	
2319 EVENING GLOW COURT	99705	-147.41535820928303	64.80264799698833	
2266 MOONLIGHT DRIVE	99705	-147.4198129677365	64.80105053962014	
1307 JACQUELYN LANE	99705	-147.39127956011566	64.80909396439587	
2250 MOONLIGHT DRIVE	99705	-147.4204664022687	64.80147405660696	
2277 MOONLIGHT DRIVE	99705	-147.42019787348494	64.80012662880236	
2511 BADGER ROAD	99705	-147.39329653768328	64.7945144711583	
2371 BRADWAY ROAD	99705	-147.40741499682025	64.80514798647528	
2368 MARIGOLD ROAD	99705	-147.40909829017866	64.79251638262477	
2245 MOONLIGHT DRIVE	99705	-147.42356777017656	64.8016703965614	
2285 MOONLIGHT DRIVE	99705	-147.41912915709707	64.79969957016765	
1444 SECLUDED DRIVE	99705	-147.42771970550146	64.80252144172658	
2531 LUCILLE AVENUE	99705	-147.38974601343847	64.80838871610294	
2249 MOONLIGHT DRIVE	99705	-147.4228850064899	64.80126643604501	
1396 WOLL ROAD	99705	-147.40967637949052	64.80494767882703	
2130 STARFOX DRIVE	99705	-147.42362077097602	64.80078647779834	
2103 STARFOX DRIVE	99705	-147.42638411628786	64.8012272755771	
2150 STARFOX DRIVE	99705	-147.42272647060244	64.80057861992664	
2598 CARRIE LYNN DRIVE	99705	-147.38312851659092	64.80028423884745	
2155 STARFOX DRIVE	99705	-147.42159432388297	64.80002545351913	
2141 STARFOX DRIVE	99705	-147.42335888829422	64.80006552474273	
2131 STARFOX DRIVE	99705	-147.42448224710586	64.80024822488035	
1440 BENSHOOF DRIVE	99705	-147.38579092803036	64.80321053092744	
1388 BENSHOOF DRIVE	99705	-147.38909570186678	64.80527670371129	
1438 BENSHOOF DRIVE	99705	-147.38614015629054	64.80362988350039	
2485 SHARPTAIL COURT	99705	-147.3939022773768	64.80410477389054	
2611 MILLER LANE	99705	-147.38133610874988	64.81054736760919	
2117 STARFOX DRIVE	99705	-147.4254582684601	64.80055612900642	
2486 LIONS ROAD	99705	-147.39532094671162	64.78436487635491	
1535 ITTA DRIVE	99705	-147.3965445915697	64.80005047519268	
2366 BRADWAY ROAD	99705	-147.40699820680817	64.806247834772	
1265 FLORICE DRIVE	99705	-147.3979607111725	64.81040318785163	
2364 BADGER ROAD	99705	-147.4045837698253	64.80875230081323	
2364 BADGER ROAD	99705	-147.405404629916	64.80881020609381	
2574 CARRIE LYNN DRIVE	99705	-147.3854101825171	64.79978480714854	
2111 STARFOX DRIVE	99705	-147.4262457134701	64.80087017869954	
2114 STARFOX DRIVE	99705	-147.42468893549236	64.80119586833541	
2095 STARFOX DRIVE	99705	-147.42654849930133	64.8017608294724	
2100 STARFOX DRIVE	99705	-147.42484246977907	64.80175050024506	
2190 AARON AVENUE	99705	-147.42988196614593	64.79457391767329	
1680 CRAZY FRANK STREET	99705	-147.42808639373104	64.79451998062738	
1690 CRAZY FRANK STREET	99705	-147.42790207909226	64.7940129744439	
2609 LUCILLE AVENUE	99705	-147.3809848083101	64.80828901573192	
2259 SCHUT ROAD	99705	-147.40883483538545	64.78744630522637	
2269 SCHUT ROAD	99705	-147.40785532406616	64.78741543485313	
2279 SCHUT ROAD	99705	-147.40592400213973	64.7869116245346	
2285 SCHUT ROAD	99705	-147.40567186620868	64.78735580003415	
2259 SCHUT ROAD	99705	-147.40932071786077	64.78731811638625	
2269 SCHUT ROAD	99705	-147.40770471951092	64.7870275947901	
1771 DALLAS DRIVE	99705	-147.4168912935829	64.79213086913803	
1773 DALLAS DRIVE	99705	-147.4173774096579	64.79214398515977	
1775 DALLAS DRIVE	99705	-147.41800763263907	64.7921446625687	
1777 DALLAS DRIVE	99705	-147.41828010973637	64.7919269879274	
1785 DALLAS DRIVE	99705	-147.41756996989392	64.7917109044835	
1564 MADELINE STREET	99705	-147.4018821593872	64.79707861375522	
2136 KESSEL RUN	99705	-147.42318813739323	64.79942477529687	
1520 ITTA DRIVE	99705	-147.39446149247394	64.79990385225504	
2154 KESSEL RUN	99705	-147.42036374796743	64.7994469427358	
2159 KESSEL RUN	99705	-147.4209363382283	64.79851909800844	
1715 DALLAS DRIVE	99705	-147.41415035598425	64.79428614445877	
1685 DALLAS DRIVE	99705	-147.4111534219791	64.79432391219801	
2521 SUNFLOWER LOOP	99705	-147.3906299526239	64.79115300410618	
2309 OWNBY ROAD	99705	-147.4114379759094	64.79176764771722	
2309 OWNBY ROAD	99705	-147.411445135489	64.79169161567809	
2309 OWNBY ROAD	99705	-147.41143367464147	64.79162145792613	
2309 OWNBY ROAD	99705	-147.41141449901647	64.791552798279	
1735 DALLAS DRIVE	99705	-147.4167928625392	64.79425392799132	
1720 DALLAS DRIVE	99705	-147.41546979316047	64.79368079417837	
1690 DALLAS DRIVE	99705	-147.4111850800802	64.79378839237744	
2380 DANO COURT	99705	-147.40652520085615	64.80128148791363	
1760 DALLAS DRIVE	99705	-147.4152648358296	64.79307708208246	
2420 PAYTON AVENUE	99705	-147.40248225654952	64.79757277093026	
2227 STITT COURT	99705	-147.4122538123408	64.79261977316317	
2150 KESSEL RUN	99705	-147.42140768409803	64.79946476088809	
2130 KESSEL RUN	99705	-147.42418062380378	64.7994619326717	
2556 BADGER ROAD	99705	-147.38692364433942	64.79087808767999	
1729 DALLAS DRIVE	99705	-147.41570947227734	64.79449458765302	
2558 CLYDESDALE DRIVE	99705	-147.38776077076187	64.79565267963842	
1700 DALLAS DRIVE	99705	-147.41237406412336	64.79372878982961	
2231 STITT COURT	99705	-147.41116483536922	64.79269922823919	
1739 DALLAS DRIVE	99705	-147.41705419453248	64.79388687988029	
2245 BRADWAY ROAD	99705	-147.4201288767081	64.80498956318962	
2120 KESSEL RUN	99705	-147.42516875020465	64.7997550045526	
2116 KESSEL RUN	99705	-147.42648861022116	64.8001041698925	
1747 DALLAS DRIVE	99705	-147.41746347916495	64.79348073248525	
2221 STITT COURT	99705	-147.41348550142342	64.79242698160334	
1790 DALLAS DRIVE	99705	-147.41560146908841	64.79162652383687	
1441 SECLUDED DRIVE	99705	-147.42954676063638	64.80260389178932	
1594 MADELINE STREET	99705	-147.40196677880942	64.79609893540702	
1594 MADELINE STREET	99705	-147.40196372269116	64.79604009229558	
2131 KESSEL RUN	99705	-147.42341250673556	64.79853255578928	
2581 LUCILLE AVENUE	99705	-147.38228421036416	64.8083158675342	
2577 LUCILLE AVENUE	99705	-147.3830528990192	64.8083158336705	
2571 LUCILLE AVENUE	99705	-147.38387407759518	64.80851032137053	
2567 LUCILLE AVENUE	99705	-147.38442064617615	64.80834997875861	
2563 LUCILLE AVENUE	99705	-147.38504242545082	64.80835272845023	
2559 LUCILLE AVENUE	99705	-147.38564483899907	64.80837479437139	
2555 LUCILLE AVENUE	99705	-147.38625088416376	64.80837483716437	
2551 LUCILLE AVENUE	99705	-147.3867082541939	64.808516796729	
2545 LUCILLE AVENUE	99705	-147.38741296737294	64.80837261722965	
2541 LUCILLE AVENUE	99705	-147.38822827822545	64.80836927252716	
2375 DANO COURT	99705	-147.40794161616552	64.80066098978959	
2375 DANO COURT	99705	-147.4083006944012	64.80069105729224	
2375 DANO COURT	99705	-147.40810937338867	64.80067435485097	
2370 DANO COURT	99705	-147.40798180294925	64.8012864949493	
2370 DANO COURT	99705	-147.40776621102245	64.80128497767353	
2370 DANO COURT	99705	-147.4076136646367	64.80127502904634	
1440 NYMPH COURT	99705	-147.40094238041274	64.80331160197507	
1440 NYMPH COURT	99705	-147.40074241839784	64.803321796082	
1440 NYMPH COURT	99705	-147.40063368684002	64.80331926049061	
2440 CADDIS COURT	99705	-147.39929721033093	64.80195278088087	
2440 CADDIS COURT	99705	-147.39914011374808	64.80197325204551	
2440 CADDIS COURT	99705	-147.3990095378799	64.80198967446168	
2455 CADDIS COURT	99705	-147.39724097712238	64.80083622906952	
2455 CADDIS COURT	99705	-147.397110007447	64.80079117083869	
2455 CADDIS COURT	99705	-147.39696604839193	64.80075335668552	
1535 ITTA DRIVE	99705	-147.3965721433305	64.80000178950452	
1535 ITTA DRIVE	99705	-147.39658582139947	64.79994326364829	
1535 ITTA DRIVE	99705	-147.39659652725365	64.7998918877481	
2491 BUSTER BROWN LANE	99705	-147.39506797759086	64.79528568101618	
2167 KESSEL RUN	99705	-147.41939994434347	64.79901461739108	
1488 SECLUDED DRIVE	99705	-147.42919028591785	64.80022149113806	
1705 DALLAS DRIVE	99705	-147.4128337386021	64.79438935701144	
1460 SECLUDED DRIVE	99705	-147.42782880609974	64.8018429729764	
1460 SECLUDED DRIVE	99705	-147.4278240985188	64.80175399778662	
1460 SECLUDED DRIVE	99705	-147.42781212014629	64.8016591574409	
1470 SECLUDED DRIVE	99705	-147.42779281966477	64.80129435905327	
1470 SECLUDED DRIVE	99705	-147.42778873995394	64.80121724703588	
1470 SECLUDED DRIVE	99705	-147.42777801726842	64.80114613393783	
1480 SECLUDED DRIVE	99705	-147.4274873793371	64.80078394384931	
1480 SECLUDED DRIVE	99705	-147.42748141813735	64.80067124226774	
1480 SECLUDED DRIVE	99705	-147.42750407020517	64.80057310194786	
2095 WAYLONSON COURT	99705	-147.42920781596067	64.79882152319435	
2378 MARIGOLD ROAD	99705	-147.40690490277038	64.79257478880896	
1710 DALLAS DRIVE	99705	-147.41379221877926	64.79354081322134	
2345 PAYTON AVENUE	99705	-147.40941384719608	64.7968510462422	
2345 PAYTON AVENUE	99705	-147.40909460282444	64.79649514710526	
2097 WAYLONSON COURT	99705	-147.42815289036804	64.79878143002004	
2242 OWNBY ROAD	99705	-147.41931779288106	64.79182238485666	
1371 BECKY STREET	99705	-147.42157276329942	64.8063433201105	
1245 FLORICE DRIVE	99705	-147.39820274064263	64.81144540640491	
1247 FLORICE DRIVE	99705	-147.39657736285645	64.81104052334783	
1767 DALLAS DRIVE	99705	-147.41673839468226	64.79258293126813	
1435 RIC DRIVE	99705	-147.4051062528306	64.80325055670356	
1931 BADGER ROAD	99705	-147.45178912506208	64.82527585385003	
2475 NARCISSUS WAY	99705	-147.39884094397124	64.82835557541553	
1118 WILLIAMS ROAD	99705	-147.44514900802537	64.81754021713495	
1122 WILLIAMS ROAD	99705	-147.4452160558942	64.81715066477834	
1137 DESPERADO STREET	99705	-147.4445433408937	64.81674213825248	
1147 DESPERADO STREET	99705	-147.44457970640835	64.8162249399528	
2027 BADGER ROAD	99705	-147.44271378720768	64.81757219072219	
2021 BADGER ROAD	99705	-147.44264033523413	64.81785036451711	
1126 STOBIE ROAD	99705	-147.45128838898864	64.81697058579896	
1137 STOBIE ROAD	99705	-147.45426524062285	64.81642860760006	
1141 STOBIE ROAD	99705	-147.45493612042634	64.81643434852315	
1893 HOLMES ROAD	99705	-147.4551146272235	64.81964683978583	
1917 HOLMES ROAD	99705	-147.45367424895824	64.81950970408397	
1969 HOLMES ROAD	99705	-147.44774857192215	64.81976664691602	
1975 HOLMES ROAD	99705	-147.44685317301278	64.81981366572059	
1995 HOLMES ROAD	99705	-147.44287987107234	64.81987653252757	
2000 GERONIMO AVENUE	99705	-147.44307584974942	64.81955322779514	
1133 RUSSELL COURT	99705	-147.44986255210162	64.81690219190887	
1135 WILLIAMS ROAD	99705	-147.4471872862771	64.81670902895488	
1125 WILLIAMS ROAD	99705	-147.4469057478157	64.81709235953944	
1117 WILLIAMS ROAD	99705	-147.44727208859877	64.81758246073441	
2010 HOLMES ROAD	99705	-147.44370273568296	64.82057968228811	
2000 KENDALL AVENUE	99705	-147.44452576983903	64.82709267897826	
1986 KENDALL AVENUE	99705	-147.44559514801387	64.82762492598201	
1964 KENDALL AVENUE	99705	-147.448367209449	64.82660805902195	
1896 BADGER ROAD	99705	-147.4550975255498	64.82760551294479	
1913 KENDALL AVENUE	99705	-147.45302537266988	64.82584495418499	
1909 KENDALL AVENUE	99705	-147.45361855716408	64.82567319558743	
1990 HOLMES ROAD	99705	-147.44418311467953	64.82059526446668	
1838 ALDER STREET	99705	-147.46160765403002	64.82535123940958	
1805 KENDALL AVENUE	99705	-147.46466016290572	64.82569396271364	
1787 KENDALL AVENUE	99705	-147.46672407931078	64.82585104562568	
1773 KENDALL AVENUE	99705	-147.46858331816532	64.82566388222517	
1774 KENDALL AVENUE	99705	-147.46775292987502	64.82653252928499	
908 MATTIE STREET	99705	-147.46510225692418	64.82706981488144	
1787 BOBANNA LANE	99705	-147.4666667924118	64.82704777038211	
1775 BOBANNA LANE	99705	-147.4675569926249	64.82718217636427	
2006 KENDALL AVENUE	99705	-147.44457912318305	64.82815419586832	
847 KEELING ROAD	99705	-147.45404013495158	64.82970428499438	
839 KEELING ROAD	99705	-147.45380843588188	64.83080721439481	
817 KEELING ROAD	99705	-147.45186966333696	64.83096779498123	
1995 PERSINGER DRIVE	99705	-147.4448721926732	64.82941294241087	
2011 PERSINGER DRIVE	99705	-147.44307089655646	64.82917653159522	
1908 ENDECOTT AVENUE	99705	-147.45394076441536	64.824114811093	
1922 ENDECOTT AVENUE	99705	-147.4522696149391	64.82411279703916	
1934 ENDECOTT AVENUE	99705	-147.45083020691797	64.8240298189281	
1955 BADGER ROAD	99705	-147.4491733124212	64.8242335308943	
1970 ENDECOTT AVENUE	99705	-147.44648967670307	64.82421506988149	
1986 ENDECOTT AVENUE	99705	-147.44526389340382	64.82395566133091	
1984 BADGER ROAD	99705	-147.44540284925574	64.82356123524127	
2009 ENDECOTT AVENUE	99705	-147.44430954499464	64.82354847902015	
1969 ALDER STREET	99705	-147.44677771956265	64.82461386340702	
1977 ALDER STREET	99705	-147.4453600742302	64.82464504470758	
1989 ALDER STREET	99705	-147.4446074600928	64.82468261464888	
1928 BADGER ROAD	99705	-147.4488769254838	64.82525782216851	
1967 KENDALL AVENUE	99705	-147.44718134941053	64.82577431701044	
1953 KENDALL AVENUE	99705	-147.44901239879252	64.82582410336143	
1935 KENDALL AVENUE	99705	-147.45043243079814	64.82582744750961	
2026 KENDALL AVENUE	99705	-147.4414528895668	64.82624165008659	
1891 KENDALL AVENUE	99705	-147.45568898781178	64.82567116911773	
1870 KENDALL AVENUE	99705	-147.45796396066672	64.82642846106795	
1848 HOLMES ROAD	99705	-147.45990669634259	64.82120723304146	
857 MARY DRIVE	99705	-147.46294940020607	64.82925088540615	
870 MARY DRIVE	99705	-147.46278462864248	64.82891404350674	
866 MARY DRIVE	99705	-147.4617035004821	64.82883118515464	
1881 LOOSE MOOSE LOOP	99705	-147.46207057508903	64.83076028453182	
1879 LOOSE MOOSE LOOP	99705	-147.46239660293688	64.83055576416557	
1877 LOOSE MOOSE LOOP	99705	-147.46260656102032	64.83041184111137	
1875 LOOSE MOOSE LOOP	99705	-147.46291748785384	64.83021807054153	
1964 LOOSE MOOSE LOOP	99705	-147.46002124272647	64.8314883258042	
1978 LOOSE MOOSE LOOP	99705	-147.46083377948702	64.83179534725814	
1832 HOLMES ROAD	99705	-147.46210574986765	64.82071821087433	
1826 HOLMES ROAD	99705	-147.46212896335177	64.82156484782388	
1833 ENDECOTT AVENUE	99705	-147.4618125449156	64.82326927351642	
876 MATTIE STREET	99705	-147.4653389541662	64.82851679024031	
877 MATTIE STREET	99705	-147.46690146394124	64.82837785990479	
855 MATTIE STREET	99705	-147.46587812268487	64.82995636542806	
851 MATTIE STREET	99705	-147.46677149409823	64.83007088467426	
829 CLOUD ROAD	99705	-147.44325279253295	64.83043484461784	
807 CLOUD ROAD	99705	-147.4432779839551	64.83142505862993	
769 KEELING ROAD	99705	-147.45188425998373	64.83352086671604	
741 KEELING ROAD	99705	-147.45122449196128	64.83443045637478	
1896 PERSINGER DRIVE	99705	-147.45528047969802	64.83368502551558	
1870 PERSINGER DRIVE	99705	-147.4572951005604	64.83429475215699	
1951 LOOSE MOOSE LOOP	99705	-147.4575532287773	64.83182958889584	
1967 LOOSE MOOSE LOOP	99705	-147.45892159098716	64.83217034638767	
1971 LOOSE MOOSE LOOP	99705	-147.4593654868759	64.83227048687614	
1925 LOOSE MOOSE LOOP	99705	-147.45685174408072	64.83082037081905	
1921 LOOSE MOOSE LOOP	99705	-147.45684794094586	64.8307125170094	
1909 LOOSE MOOSE LOOP	99705	-147.45743950137648	64.83007287338921	
1854 BADGER ROAD	99705	-147.45814460493003	64.82916530722483	
1870 BOBANNA LANE	99705	-147.4575958662621	64.82775433694151	
1877 BADGER ROAD	99705	-147.458842376558	64.82833552879693	
1915 PERSINGER DRIVE	99705	-147.45367455714805	64.83175433982593	
893 MATTIE STREET	99705	-147.46652456482798	64.82759836851847	
1858 LOOSE MOOSE LOOP	99705	-147.46355649803587	64.83174744282776	
1854 LOOSE MOOSE LOOP	99705	-147.464137721709	64.83186080301705	
2126 LOOSE MOOSE LOOP	99705	-147.4700813364224	64.83287799241262	
2090 LOOSE MOOSE LOOP	99705	-147.4700068063334	64.83369703964307	
786 LANDING ROAD	99705	-147.45997770888792	64.83262511558745	
817 LANDING ROAD	99705	-147.46383845980986	64.83106677015198	
1800 BADGER ROAD	99705	-147.46554489461545	64.83109917292659	
2060 LOOSE MOOSE LOOP	99705	-147.46905471705423	64.83343559400443	
1784 BADGER ROAD	99705	-147.466968242295	64.83144764090834	
2125 LOOSE MOOSE LOOP	99705	-147.47179589995991	64.83276864392275	
2115 LOOSE MOOSE LOOP	99705	-147.47179425316293	64.83329971892333	
2093 LOOSE MOOSE LOOP	99705	-147.47153523142208	64.83377565609793	
2085 LOOSE MOOSE LOOP	99705	-147.47132386232087	64.83435274459178	
2041 LOOSE MOOSE LOOP	99705	-147.46594245130362	64.83361994018509	
2019 LOOSE MOOSE LOOP	99705	-147.46344332368693	64.83353946805994	
2040 LOOSE MOOSE LOOP	99705	-147.4663426152205	64.8330142285076	
2054 LOOSE MOOSE LOOP	99705	-147.4679668855737	64.83316226603878	
771 LANDING ROAD	99705	-147.46135593966406	64.83315526703146	
1720 BADGER ROAD	99705	-147.4730007464839	64.83394981688082	
1666 BADGER ROAD	99705	-147.47901977984938	64.83333661242085	
689 KEELING ROAD	99705	-147.45702998758145	64.83686092975367	
1980 ROGGE AVENUE	99705	-147.44582394340878	64.82169672754313	
1960 ROGGE AVENUE	99705	-147.44705054583872	64.82164735014348	
1950 ROGGE AVENUE	99705	-147.44928257013243	64.82177952002785	
721 KEELING ROAD	99705	-147.45543046869705	64.8360214675523	
1931 BADGER ROAD	99705	-147.45152447102612	64.82521863148222	
1931 BADGER ROAD	99705	-147.4515406177118	64.8250690094242	
1931 BADGER ROAD	99705	-147.45233837648797	64.82523534524753	
1963 ENDECOTT AVENUE	99705	-147.44885906826386	64.82353742166549	
1810 KENDALL AVENUE	99705	-147.46383041968267	64.82632305831163	
1848 KENDALL AVENUE	99705	-147.45978582375787	64.8264866256675	
740 NORDALE ROAD	99705	-147.39541785798488	64.83752350259688	
2224 BADGER ROAD	99705	-147.4231995385076	64.81353879080055	
2143 BADGER ROAD	99705	-147.43119122200605	64.81276258852014	
2145 SANBORN COURT	99705	-147.42898369511306	64.81486454246281	
2130 SANBORN COURT	99705	-147.43016186500446	64.81669747018942	
1189 SANDUSKY COURT	99705	-147.4333499229579	64.81475035851935	
2030 HAYDON COURT	99705	-147.43935130928938	64.81702945032534	
2050 HAYDON COURT	99705	-147.4362684093583	64.81684349742362	
1067 ACORN CIRCLE	99705	-147.43928456998987	64.81983325567818	
1073 ACORN CIRCLE	99705	-147.43904182996147	64.81955412061367	
1081 ACORN CIRCLE	99705	-147.43891416968322	64.81909915574239	
1093 ACORN CIRCLE	99705	-147.4400889657663	64.81881846008982	
863 MATTIE STREET	99705	-147.4668548339606	64.82893119781043	
854 MATTIE STREET	99705	-147.46471884021827	64.8294524697259	
857 MATTIE STREET	99705	-147.46641263913486	64.8296223737337	
1848 BADGER ROAD	99705	-147.46001557780062	64.82934410120008	
1840 BADGER ROAD	99705	-147.46095600155493	64.83011820622063	
1871 PERSINGER DRIVE	99705	-147.45801353285137	64.83326252287706	
1905 PERSINGER DRIVE	99705	-147.4548799921124	64.83198216018708	
1941 LOOSE MOOSE LOOP	99705	-147.4567847079445	64.83169947999193	
1943 LOOSE MOOSE LOOP	99705	-147.45746686769942	64.83149915851673	
1938 LOOSE MOOSE LOOP	99705	-147.4584232162797	64.831296931599	
1956 LOOSE MOOSE LOOP	99705	-147.45931966350835	64.83136851130534	
1939 LOOSE MOOSE LOOP	99705	-147.45694260639345	64.8311877469008	
1935 LOOSE MOOSE LOOP	99705	-147.45717718454137	64.830981135278	
1902 LOOSE MOOSE LOOP	99705	-147.45928873873223	64.83042611153508	
1906 LOOSE MOOSE LOOP	99705	-147.4591951703907	64.83048599070248	
1924 LOOSE MOOSE LOOP	99705	-147.45851581064215	64.83088973940121	
1852 BADGER ROAD	99705	-147.4576672061117	64.82957377213074	
1856 BOBANNA LANE	99705	-147.4590519057476	64.82767140608101	
1836 BOBANNA LANE	99705	-147.4614022819611	64.8277798551111	
1824 BOBANNA LANE	99705	-147.46275964633983	64.82777470384423	
1814 BOBANNA LANE	99705	-147.46374215741076	64.82793762150679	
864 MATTIE STREET	99705	-147.46520058944765	64.82887273668165	
824 LANDING ROAD	99705	-147.46303145814426	64.83088275310149	
1708 BADGER ROAD	99705	-147.47491948513778	64.83314883670445	
1825 PERSINGER DRIVE	99705	-147.46187002961742	64.83417296830565	
1694 BADGER ROAD	99705	-147.4765244358023	64.83334517241985	
1883 LOOSE MOOSE LOOP	99705	-147.46187886933882	64.83044699659919	
1898 LOOSE MOOSE LOOP	99705	-147.45963113468923	64.83078919342336	
1894 LOOSE MOOSE LOOP	99705	-147.4599284835222	64.83089605480309	
1888 LOOSE MOOSE LOOP	99705	-147.46087594074683	64.83075131201244	
1880 LOOSE MOOSE LOOP	99705	-147.46153786591393	64.83101437465388	
807 LANDING ROAD	99705	-147.46307016017718	64.8316182930589	
793 LANDING ROAD	99705	-147.46247284227238	64.83213211529771	
1850 LOOSE MOOSE LOOP	99705	-147.4645623853958	64.83190250679797	
1836 LOOSE MOOSE LOOP	99705	-147.46658552376542	64.83223927006026	
1832 LOOSE MOOSE LOOP	99705	-147.46666943804863	64.83225893098476	
1820 LOOSE MOOSE LOOP	99705	-147.46805699963667	64.83243268050347	
1803 LOOSE MOOSE LOOP	99705	-147.4690216015565	64.83191194345763	
1725 BADGER ROAD	99705	-147.4726288724658	64.8271727639186	
1733 BADGER ROAD	99705	-147.47107048285426	64.82662488197838	
2081 LOOSE MOOSE LOOP	99705	-147.46975344922265	64.83452799344904	
2055 LOOSE MOOSE LOOP	99705	-147.46805805197116	64.83405776478682	
2049 LOOSE MOOSE LOOP	99705	-147.4669926712563	64.83392691487622	
2009 LOOSE MOOSE LOOP	99705	-147.46232057038097	64.83340893177228	
2000 LOOSE MOOSE LOOP	99705	-147.46306892646234	64.83234284213978	
2022 LOOSE MOOSE LOOP	99705	-147.46522004398258	64.83251183092824	
2026 LOOSE MOOSE LOOP	99705	-147.46539845321396	64.83290190244023	
1674 BADGER ROAD	99705	-147.4778644897132	64.83334332497296	
2217 BADGER ROAD	99705	-147.4233129911698	64.81282940924878	
2231 BADGER ROAD	99705	-147.42178571114133	64.81287251532353	
1162 ACORN CIRCLE	99705	-147.43563448655388	64.81953208348389	
1130 ACORN CIRCLE	99705	-147.43543697379863	64.81865375704179	
2145 PEEDE ROAD	99705	-147.42859697868707	64.81866311598195	
2185 PEEDE ROAD	99705	-147.42516051076802	64.81872341609339	
2239 PEEDE ROAD	99705	-147.42158343772144	64.81860606778355	
2251 PEEDE ROAD	99705	-147.41967327346484	64.81898159764866	
1065 CLOVERLEAF DRIVE	99705	-147.4176225162248	64.81990911555894	
1115 CLOVERLEAF DRIVE	99705	-147.41822456807105	64.81807275003831	
1125 CLOVERLEAF DRIVE	99705	-147.4177725151293	64.81776957855062	
1135 CLOVERLEAF DRIVE	99705	-147.417160778597	64.81742738406149	
1195 CLOVERLEAF DRIVE	99705	-147.41242671411868	64.81596125706422	
1117 ACORN CIRCLE	99705	-147.43677521544163	64.81783443659103	
1125 ACORN CIRCLE	99705	-147.4357407700375	64.81801060747331	
1133 ACORN CIRCLE	99705	-147.43464957515536	64.81818731899169	
1176 ACORN CIRCLE	99705	-147.4352150787453	64.81991540695627	
2093 BADGER ROAD	99705	-147.43620489041672	64.81278548899874	
1201 LADESSA LOOP	99705	-147.4287048475075	64.81351532712401	
1181 SANDUSKY COURT	99705	-147.43312414297586	64.81473463090983	
2120 BADGER ROAD	99705	-147.4334343941189	64.81654937768268	
2094 BADGER ROAD	99705	-147.4362848493288	64.81478275338027	
2060 BADGER ROAD	99705	-147.4379593855573	64.81468709052831	
2065 HAYDON COURT	99705	-147.4361918926985	64.81560818467206	
2055 HAYDON COURT	99705	-147.43784772299435	64.81544923457594	
1109 ACORN CIRCLE	99705	-147.43817079249666	64.81804858044472	
1085 LOLLA MAE STREET	99705	-147.4141176336762	64.81897119495699	
2376 PEEDE ROAD	99705	-147.40686485771315	64.82137621356934	
1030 NUNLEY LANE	99705	-147.39888092985052	64.82156621569456	
994 NUNLEY LANE	99705	-147.39876664164152	64.82237926401783	
964 NUNLEY LANE	99705	-147.397971032339	64.82318525046823	
998 MEADOW RUE AVENUE	99705	-147.4009239314504	64.82320414802795	
987 MEADOW RUE AVENUE	99705	-147.4030802693217	64.82372597845904	
1095 LOLLA MAE STREET	99705	-147.41365312759748	64.81836201908321	
1080 CLOVERLEAF DRIVE	99705	-147.4155732960007	64.81946991766611	
1070 CLOVERLEAF DRIVE	99705	-147.41543957266248	64.81989468918133	
1205 CLOVERLEAF DRIVE	99705	-147.4118211835337	64.81566290056415	
1200 CLOVERLEAF DRIVE	99705	-147.41139201220352	64.81677777738498	
1120 LOLLA MAE STREET	99705	-147.41181370828087	64.81728911631345	
1060 LOLLA MAE STREET	99705	-147.4119838858797	64.81984935303876	
1075 LOLLA MAE STREET	99705	-147.4139949558777	64.81943565461634	
1211 NORDALE ROAD	99705	-147.41486953161467	64.81458383347963	
2540 WHITMAN ROAD	99705	-147.38904743331955	64.82372810338795	
2555 WHITMAN ROAD	99705	-147.39176405240167	64.82291968941249	
969 AGNES LANE	99705	-147.39187455677092	64.82436454400187	
2500 WHITMAN ROAD	99705	-147.3941523926827	64.82439956072868	
930 HOWARD COURT	99705	-147.39615941817937	64.82572492064007	
925 HOWARD COURT	99705	-147.3962954395026	64.82708244581234	
929 HOWARD COURT	99705	-147.39751138172355	64.82673498777426	
986 CLINE ROAD	99705	-147.39483671061612	64.82359448532586	
989 CLINE ROAD	99705	-147.39675334810826	64.82308397489784	
1003 CLINE ROAD	99705	-147.3965719446587	64.8225949553473	
1021 CLINE ROAD	99705	-147.39658933427606	64.82183488363512	
770 NORDALE ROAD	99705	-147.38944633108	64.83130404632178	
2448 PEEDE ROAD	99705	-147.39850743358662	64.82084155551374	
964 MEADOW RUE AVENUE	99705	-147.40064726273093	64.82414081008142	
2435 WHITMAN ROAD	99705	-147.40115627780287	64.82434856634178	
2432 WHITMAN ROAD	99705	-147.40050021293004	64.82636427348281	
850 NORDALE ROAD	99705	-147.40913685383788	64.82948099217795	
819 SHASTA DRIVE	99705	-147.40477098608477	64.82955543578448	
825 SHASTA DRIVE	99705	-147.40384773241362	64.83054971854887	
831 SHASTA DRIVE	99705	-147.40292619712793	64.83003752323224	
914 NORDALE ROAD	99705	-147.40730399387934	64.82702134575746	
930 NORDALE ROAD	99705	-147.4070583649715	64.8263834348512	
944 NORDALE ROAD	99705	-147.4093223445621	64.82508494262511	
966 NORDALE ROAD	99705	-147.40939346005317	64.82457991547953	
2309 PRAGUE CIRCLE	99705	-147.41350157433632	64.82084449508149	
2321 PRAGUE CIRCLE	99705	-147.4118234273167	64.8208957059092	
2332 PRAGUE CIRCLE	99705	-147.41170876537282	64.82175667608885	
1028 DAKOTA STREET	99705	-147.41367819715873	64.82168554702325	
2309 TONGAS CIRCLE	99705	-147.41378242964194	64.8240291273723	
2321 TONGAS CIRCLE	99705	-147.41172211238336	64.8243537459633	
2320 TONGAS CIRCLE	99705	-147.41170899760394	64.82530454276666	
950 DAKOTA STREET	99705	-147.41366213792153	64.82522017802829	
2319 RAVENBELL STREET	99705	-147.41176339502212	64.82858720185318	
2328 RAVENBELL STREET	99705	-147.41138741921299	64.82947250834019	
2230 RAVENBELL STREET	99705	-147.42126294867262	64.82932350352526	
840 BORDA STREET	99705	-147.4220926457258	64.83020233476776	
837 BORDA STREET	99705	-147.42467999328292	64.83049453968414	
869 BORDA STREET	99705	-147.42396082004555	64.82864841657893	
965 BORDA STREET	99705	-147.42369721435088	64.82466481784867	
991 BORDA STREET	99705	-147.42375502866796	64.82326135342491	
1017 BORDA STREET	99705	-147.42361410389074	64.8224400909294	
919 DAKOTA STREET	99705	-147.41660696424836	64.82653292330613	
2140 WAXWING COURT	99705	-147.4309225154407	64.8252065572747	
2150 WAXWING COURT	99705	-147.42852065515055	64.82479356511695	
2075 WAXWING COURT	99705	-147.4354660908701	64.82447354135071	
2039 ENDECOTT AVENUE	99705	-147.44029847449352	64.82362373494537	
2024 LEVADO AVENUE	99705	-147.4402475395325	64.82268208113014	
935 DAKOTA STREET	99705	-147.41550952363497	64.8260240579239	
2234 JOHANNA COURT	99705	-147.41986812826147	64.82416579328195	
2253 JOHANNA COURT	99705	-147.41970848145715	64.82326985738658	
2263 JOHANNA COURT	99705	-147.41840704855758	64.82297130823754	
2273 JOHANNA COURT	99705	-147.41677766251829	64.82347230626736	
761 NORDALE ROAD	99705	-147.41119000065763	64.83373336259523	
779 NORDALE ROAD	99705	-147.41162478459054	64.83280849587382	
824 CLOUD ROAD	99705	-147.4404184562347	64.83050175371294	
836 CLOUD ROAD	99705	-147.4390925529862	64.82991754385293	
2040 PERSINGER DRIVE	99705	-147.43952959452108	64.8291785153655	
2025 PERSINGER DRIVE	99705	-147.44167975776702	64.8288450391074	
760 HICKMAN AVENUE	99705	-147.4286953623797	64.83367595198949	
790 HICKMAN AVENUE	99705	-147.42904311520672	64.83209899276952	
820 HICKMAN AVENUE	99705	-147.42891908809705	64.83075268543352	
2111 MURIE LANE	99705	-147.43131772800655	64.83068490130792	
2128 MURIE LANE	99705	-147.43244164399783	64.83192008938214	
2118 MURIE LANE	99705	-147.43490130830338	64.83187144085979	
843 POLLY WAY	99705	-147.43532096202478	64.8292201057213	
2095 RUST AVENUE	99705	-147.4341530273917	64.82691074605084	
2125 RUST AVENUE	99705	-147.43243770728222	64.82697061709712	
900 CROSSFOX COURT	99705	-147.42889895221128	64.82690717436294	
939 BORDA STREET	99705	-147.42409789560003	64.82547549850503	
907 DAKOTA STREET	99705	-147.4163871481448	64.82713226862143	
889 DAKOTA STREET	99705	-147.4160176400042	64.82785321235839	
2100 WAXWING COURT	99705	-147.43383101069122	64.82525900220283	
2120 WAXWING COURT	99705	-147.43237703480278	64.82525771006843	
2070 KOCH AVENUE	99705	-147.43632940911172	64.82234609356495	
2200 PERSINGER DRIVE	99705	-147.43753835062765	64.82139775042701	
2062 PEEDE ROAD	99705	-147.43696439323804	64.82059714971648	
2096 PEEDE ROAD	99705	-147.4337745552859	64.82072067961334	
2104 PEEDE ROAD	99705	-147.432163810901	64.82083931899805	
2156 PEEDE ROAD	99705	-147.4286042666823	64.82261522792228	
2090 KOCH AVENUE	99705	-147.43396226453817	64.82231287401298	
1001 LUIS COURT	99705	-147.43428468270147	64.82331096194045	
1005 LUIS COURT	99705	-147.43319592328197	64.82327861612124	
1073 MEADOW RUE AVENUE	99705	-147.40242365762018	64.81933190693061	
2320 NATION CIRCLE	99705	-147.412041733966	64.8268643631607	
980 BORDA STREET	99705	-147.4218851444178	64.82348655688374	
1828 KENDALL AVENUE	99705	-147.46239852084446	64.82643962693024	
2370 PEEDE ROAD	99705	-147.40766280705392	64.82090296565337	
2485 PEEDE ROAD	99705	-147.3941189715947	64.8199079105149	
2487 PEEDE ROAD	99705	-147.39444714366286	64.81937818387873	
2596 WHITMAN ROAD	99705	-147.38294120510153	64.82269418831959	
1125 LOLLA MAE STREET	99705	-147.41359917823064	64.81751104046278	
840 SHASTA DRIVE	99705	-147.40119842819962	64.82975874171247	
1065 LADESSA LOOP	99705	-147.41798838175944	64.81594708184704	
617 NORDALE ROAD	99705	-147.4124142683503	64.84017579217021	
650 NORDALE ROAD	99705	-147.40933001935142	64.83867177440406	
738 NORDALE ROAD	99705	-147.40778099829424	64.83532828189956	
2130 PORTER AVENUE	99705	-147.43070468305368	64.83505594425236	
721 CLOUD ROAD	99705	-147.4397284853506	64.83645306908636	
655 CLOUD ROAD	99705	-147.43542322679332	64.83852422057382	
1193 WINTERGREEN LANE	99705	-147.38532656905704	64.81415671099914	
1081 VINCENT COURT	99705	-147.38336561340108	64.81878763404941	
1205 VINCENT COURT	99705	-147.38395233351028	64.81844983194603	
1080 ICHABOD STREET	99705	-147.39046035285457	64.81936462116072	
1132 ICHABOD STREET	99705	-147.39006426031	64.81673727561446	
1131 ICHABOD STREET	99705	-147.3922102572491	64.816711559567	
1123 ICHABOD STREET	99705	-147.39224737972236	64.81711477911989	
1209 WINTERGREEN LANE	99705	-147.38565640257926	64.81353635978078	
2550 KATHY LEE LANE	99705	-147.38543237020522	64.81314218905354	
2430 KATHY LEE LANE	99705	-147.38873712928574	64.81332735347313	
1210 WINTERGREEN LANE	99705	-147.38390728281928	64.81329733342461	
1201 ZINSKI LANE	99705	-147.38207842011056	64.81358299196664	
2613 PEEDE ROAD	99705	-147.3812630555543	64.81989345765021	
1068 VINCENT COURT	99705	-147.38268268015526	64.81974837746786	
1078 VINCENT COURT	99705	-147.38265912331215	64.81932310022168	
1067 VINCENT COURT	99705	-147.38402930419986	64.81977176039555	
1148 VINCENT COURT	99705	-147.38115295306537	64.81697031417393	
1156 VINCENT COURT	99705	-147.3822602411433	64.8169985600771	
1166 VINCENT COURT	99705	-147.38322692336345	64.8168829309892	
1176 VINCENT COURT	99705	-147.38415232221212	64.81702979959796	
1091 VINCENT COURT	99705	-147.382396972626	64.81835230577038	
1187 WINTERGREEN LANE	99705	-147.38536387047225	64.81453700381309	
1115 ICHABOD STREET	99705	-147.39229325831423	64.81746362965218	
1075 ICHABOD STREET	99705	-147.39238288784074	64.81945501221789	
1067 ICHABOD STREET	99705	-147.39248805786838	64.81994299315127	
1121 FLORICE DRIVE	99705	-147.395867775565	64.81708343941553	
2437 PEEDE ROAD	99705	-147.39888544773603	64.81981083343045	
1066 ELIZ STREET	99705	-147.3967134953635	64.81989971555407	
1074 ELIZ STREET	99705	-147.39666752540452	64.81955842583262	
1082 ELIZ STREET	99705	-147.3968580331172	64.81926807606642	
1111 MEADOW RUE AVENUE	99705	-147.40235999465185	64.81783881018195	
1101 MEADOW RUE AVENUE	99705	-147.40235590817264	64.81815520990588	
1095 MEADOW RUE AVENUE	99705	-147.40249066806496	64.81852957828792	
1065 MEADOW RUE AVENUE	99705	-147.4021999550368	64.81983356205203	
2604 WHITMAN ROAD	99705	-147.38197335585505	64.8224066948533	
2580 WHITMAN ROAD	99705	-147.3859362223558	64.82281346051505	
2565 WHITMAN ROAD	99705	-147.3907433243165	64.82256100741962	
929 AGNES LANE	99705	-147.39017703064317	64.82619722901507	
1101 ACORN CIRCLE	99705	-147.4394023707105	64.81821332948866	
1141 ACORN CIRCLE	99705	-147.43297993548939	64.81801902396687	
1149 ACORN CIRCLE	99705	-147.4333264005548	64.81873329594792	
1157 ACORN CIRCLE	99705	-147.43308968012562	64.81921492947718	
1171 ACORN CIRCLE	99705	-147.43314621630833	64.8197462733205	
1112 ACORN CIRCLE	99705	-147.4368362811935	64.81882202289889	
1084 ACORN CIRCLE	99705	-147.43751464568982	64.81914646477475	
1076 ACORN CIRCLE	99705	-147.43672076191208	64.81954184614706	
1064 ACORN CIRCLE	99705	-147.43648159346455	64.81986950090375	
1075 CLOVERLEAF DRIVE	99705	-147.41839307806833	64.81955572734788	
1085 CLOVERLEAF DRIVE	99705	-147.41778024095615	64.81923278444751	
1095 CLOVERLEAF DRIVE	99705	-147.4177993095045	64.81884882838612	
1105 CLOVERLEAF DRIVE	99705	-147.41785777988338	64.81848212734732	
1155 CLOVERLEAF DRIVE	99705	-147.41547888612385	64.81699130179787	
1165 CLOVERLEAF DRIVE	99705	-147.414937105472	64.81669297383758	
1175 CLOVERLEAF DRIVE	99705	-147.41420568444397	64.81643068114698	
1185 CLOVERLEAF DRIVE	99705	-147.4133292393035	64.81617307791996	
1100 LOLLA MAE STREET	99705	-147.41180629198487	64.81816110674508	
1090 LOLLA MAE STREET	99705	-147.41179759166076	64.81857206751816	
1080 LOLLA MAE STREET	99705	-147.4117223969484	64.81899828178803	
1070 LOLLA MAE STREET	99705	-147.41173805378708	64.81935840958796	
1100 CLOVERLEAF DRIVE	99705	-147.41501737822688	64.8185733638683	
1090 CLOVERLEAF DRIVE	99705	-147.41533659430507	64.81901126122838	
960 AGNES LANE	99705	-147.38903630207997	64.82455273747048	
860 NORDALE ROAD	99705	-147.40816739579816	64.82835703577405	
874 NORDALE ROAD	99705	-147.40960381231986	64.82819067092592	
896 NORDALE ROAD	99705	-147.4072675123438	64.82772901338656	
986 NORDALE ROAD	99705	-147.4084862518991	64.82364478102267	
1024 NORDALE ROAD	99705	-147.40921790073918	64.82213142478291	
1052 NORDALE ROAD	99705	-147.40929873180872	64.8207024480383	
944 AGNES LANE	99705	-147.3873818901449	64.82518452838191	
931 HOWARD COURT	99705	-147.39759526596288	64.8259992932137	
1050 CLINE ROAD	99705	-147.39428961846997	64.82068918128675	
1026 CLINE ROAD	99705	-147.39471887247814	64.82176198483923	
1039 CLINE ROAD	99705	-147.39557090844224	64.82120886304023	
1041 CLINE ROAD	99705	-147.39555841736149	64.82096765017619	
1049 CLINE ROAD	99705	-147.3955170188806	64.82071440366148	
2474 PEEDE ROAD	99705	-147.3963796008292	64.82056898379794	
2426 PEEDE ROAD	99705	-147.40116556451412	64.82039819185972	
2414 PEEDE ROAD	99705	-147.40257462247044	64.82056480334145	
2394 PEEDE ROAD	99705	-147.40487284266752	64.82063906099462	
2362 PEEDE ROAD	99705	-147.40780624222685	64.82038668766602	
1016 MEADOW RUE AVENUE	99705	-147.40067790236105	64.82220644147611	
1002 MEADOW RUE AVENUE	99705	-147.40058292599238	64.82270169439143	
1015 MEADOW RUE AVENUE	99705	-147.40256111928892	64.82238019362028	
1035 MEADOW RUE AVENUE	99705	-147.4023260333575	64.82130159197298	
830 SHASTA DRIVE	99705	-147.40130492549994	64.83043528219856	
861 SHASTA DRIVE	99705	-147.40369700666974	64.82869627529057	
838 NORDALE ROAD	99705	-147.40741347257162	64.83039494387423	
837 SHASTA DRIVE	99705	-147.40263372528074	64.82937359393479	
1010 DAKOTA STREET	99705	-147.4141996446752	64.82261786970369	
968 BORDA STREET	99705	-147.4224295050835	64.82474725659154	
940 BORDA STREET	99705	-147.4223988883329	64.82530362370774	
906 BORDA STREET	99705	-147.42207427192463	64.82715452542425	
892 BORDA STREET	99705	-147.42136614602683	64.82760482188306	
2325 PETERSBURG CIRCLE	99705	-147.4119486308991	64.82246606505826	
2324 PETERSBURG CIRCLE	99705	-147.41182928805927	64.82321994971163	
2310 PETERSBURG CIRCLE	99705	-147.41361389686995	64.82327034604994	
930 DAKOTA STREET	99705	-147.41355413455264	64.82583068954928	
2323 NATION CIRCLE	99705	-147.41189657173	64.82606254821805	
900 DAKOTA STREET	99705	-147.41359546758454	64.82720306816096	
886 DAKOTA STREET	99705	-147.41401515583857	64.82804929188725	
2288 RAVENBELL STREET	99705	-147.41562225310156	64.82959513964762	
2270 RAVENBELL STREET	99705	-147.4179224286449	64.82997439698923	
2250 RAVENBELL STREET	99705	-147.42025141760405	64.83055699452287	
891 BORDA STREET	99705	-147.4246737390935	64.8278369597903	
2190 REMINGTON CIRCLE	99705	-147.42491280572017	64.82456754542181	
2188 REMINGTON CIRCLE	99705	-147.42654472264886	64.82433586694317	
2187 REMINGTON CIRCLE	99705	-147.42659468244386	64.8234803598769	
2201 REMINGTON CIRCLE	99705	-147.4256346098345	64.82309254924861	
1049 BORDA STREET	99705	-147.42373458120022	64.82074591071361	
1048 BORDA STREET	99705	-147.42232081124598	64.82072884656844	
1000 BORDA STREET	99705	-147.42243658219613	64.8228305258902	
972 BORDA STREET	99705	-147.4223942748344	64.82419464733006	
949 DAKOTA STREET	99705	-147.41570499883775	64.82541999857297	
925 CROSSFOX COURT	99705	-147.42961116998106	64.82557218897435	
915 CROSSFOX COURT	99705	-147.43074363914087	64.82614550199439	
905 CROSSFOX COURT	99705	-147.43097834702607	64.82665020437882	
2070 WAXWING COURT	99705	-147.43607379272459	64.82539074622152	
2145 WAXWING COURT	99705	-147.42844703132482	64.82420916942631	
2135 WAXWING COURT	99705	-147.43011625865267	64.82409430956159	
967 DAKOTA STREET	99705	-147.41559514475136	64.82439909590335	
2278 JOHANNA COURT	99705	-147.4154597240402	64.82435176975497	
2274 JOHANNA COURT	99705	-147.41704792289082	64.82416036946077	
2240 JOHANNA COURT	99705	-147.41821595260083	64.82451123163172	
993 DAKOTA STREET	99705	-147.41548935977147	64.82325544522811	
1011 DAKOTA STREET	99705	-147.41544355561808	64.82247082694914	
1025 DAKOTA STREET	99705	-147.41564497705397	64.8218491998085	
1051 DAKOTA STREET	99705	-147.41546059081662	64.82061064819588	
2310 CONTENTMENT COURT	99705	-147.4148896451956	64.83134736509464	
2320 CONTENTMENT COURT	99705	-147.416864734684	64.83145686480667	
812 CLOUD ROAD	99705	-147.43996278584206	64.8314288331629	
2035 PERSINGER DRIVE	99705	-147.438710752109	64.82772097356852	
2072 PERSINGER DRIVE	99705	-147.4370330611281	64.82797856370418	
2118 RENO LANE	99705	-147.4338170549973	64.83377356494734	
2128 RENO LANE	99705	-147.43279138464456	64.83388083921734	
2097 RENO LANE	99705	-147.43128019504437	64.83298488778851	
842 HICKMAN AVENUE	99705	-147.42863587026815	64.82982758997349	
880 HICKMAN AVENUE	99705	-147.42898787752355	64.82849737696098	
869 HICKMAN AVENUE	99705	-147.43084563128838	64.82815279181536	
853 HICKMAN AVENUE	99705	-147.4321163538647	64.8295825361047	
875 POLLY WAY	99705	-147.43374082184874	64.82816829084885	
2065 RUST AVENUE	99705	-147.43657992671012	64.82663647455108	
2075 RUST AVENUE	99705	-147.43612282930738	64.82603772768239	
2085 RUST AVENUE	99705	-147.43443240286865	64.82609064988753	
2115 WAXWING COURT	99705	-147.43228815670523	64.82406377963419	
2004 BADGER ROAD	99705	-147.44111066126018	64.8207086695168	
2145 PERSINGER DRIVE	99705	-147.43778980296648	64.82395536176493	
2150 PERSINGER DRIVE	99705	-147.436503101349	64.82330658692285	
2166 PERSINGER DRIVE	99705	-147.43644435431906	64.82297437727038	
2140 PEEDE ROAD	99705	-147.43042193624842	64.82148754775538	
2150 PEEDE ROAD	99705	-147.42813221014646	64.82143747192741	
2110 KOCH AVENUE	99705	-147.4332321325885	64.82135232786295	
2144 PEEDE ROAD	99705	-147.43045392253342	64.82334767477845	
637 NORDALE ROAD	99705	-147.41116939733416	64.83919721598494	
2550 LEE LANE	99705	-147.38831239646123	64.81526101038753	
2551 LEE LANE	99705	-147.38867083225367	64.81451113327314	
2420 KATHY LEE LANE	99705	-147.3922328365338	64.813405646082	
2597 LEE LANE	99705	-147.3839972072046	64.81458897454377	
1194 WINTERGREEN LANE	99705	-147.38382427603997	64.81416440481696	
1206 WINTERGREEN LANE	99705	-147.38348532834627	64.81377661038127	
2603 MUSKEG LANE	99705	-147.38145372186784	64.81616307003381	
2080 PORTER AVENUE	99705	-147.43417041728915	64.83571347886667	
637 CLOUD ROAD	99705	-147.43039183259873	64.83928449816378	
581 CLOUD ROAD	99705	-147.42402686388607	64.83903183358893	
2630 LEE LANE	99705	-147.38101240588952	64.81499301228831	
2570 LEE LANE	99705	-147.38644617789322	64.81521427892966	
2601 MUSKEG LANE	99705	-147.3820839034858	64.81604820159922	
1089 ELIZ STREET	99705	-147.3983685523546	64.81893145626499	
1088 ELIZ STREET	99705	-147.39656672705837	64.81891578868436	
1096 ELIZ STREET	99705	-147.39671416574515	64.81857667806399	
1131 MEADOW RUE AVENUE	99705	-147.40232591843994	64.81689592673109	
1125 MEADOW RUE AVENUE	99705	-147.40269730844926	64.81722021357788	
1119 MEADOW RUE AVENUE	99705	-147.4032145068187	64.81752200693978	
2571 MUSKEG LANE	99705	-147.38597471664752	64.81621736066718	
2565 MUSKEG LANE	99705	-147.38718920504775	64.81634196160324	
1077 VINCENT COURT	99705	-147.3839565493699	64.81932332805322	
1195 VINCENT COURT	99705	-147.38406591295492	64.81765749914254	
1155 VINCENT COURT	99705	-147.38228527512928	64.8175245226076	
1146 VINCENT COURT	99705	-147.38126461379542	64.81762940436977	
1113 VINCENT COURT	99705	-147.3813229183503	64.81855770051469	
1100 ICHABOD STREET	99705	-147.38965119642782	64.81821572263371	
1108 ICHABOD STREET	99705	-147.38936734686305	64.81780187864224	
2393 GREER ROAD	99705	-147.40415003665208	64.81279444394286	
1116 ICHABOD STREET	99705	-147.390101408916	64.81745760272426	
1124 ICHABOD STREET	99705	-147.39002165144524	64.81711694070506	
1107 ICHABOD STREET	99705	-147.39237268836462	64.81778105710896	
1099 ICHABOD STREET	99705	-147.39228842861144	64.81820765203226	
1091 ICHABOD STREET	99705	-147.39221850007416	64.818538093238	
1083 ICHABOD STREET	99705	-147.3921801681243	64.81892871328921	
1111 FLORICE DRIVE	99705	-147.3961983480798	64.81761084193772	
1101 FLORICE DRIVE	99705	-147.3968149312234	64.81805384180706	
1111 ELIZ STREET	99705	-147.39840801066234	64.81801893587797	
2405 PEEDE ROAD	99705	-147.40369033640465	64.8196864220245	
1090 MEADOW RUE AVENUE	99705	-147.40068889262423	64.8189567597279	
1110 MEADOW RUE AVENUE	99705	-147.3996302736719	64.81718046141208	
1226 HARTZOG LOOP	99705	-147.41933720825304	64.81275313787532	
2271 BADGER ROAD	99705	-147.41741267650366	64.8128157073635	
1990 ROGGE AVENUE	99705	-147.44451665553444	64.82163025391762	
730 CLOUD ROAD	99705	-147.43984330344546	64.8352113792129	
729 CLOUD ROAD	99705	-147.44142606799397	64.83697010741139	
635 SILVER LINING DRIVE	99705	-147.43896846870805	64.83993605874177	
645 NIMBUS COURT	99705	-147.44125926368355	64.83919234584651	
1073 JEFFREY DRIVE	99705	-147.38817883730655	64.81971685540553	
2193 PEEDE ROAD	99705	-147.43159156131279	64.81854676814903	
1186 VINCENT COURT	99705	-147.38515141260007	64.81749020351917	
1110 FLORICE DRIVE	99705	-147.39439432578612	64.81757647073	
1867 BOBANNA LANE	99705	-147.45815566118284	64.82704069904497	
1179 LADESSA LOOP	99705	-147.42770968002435	64.81478858134389	
1065 LOLLA MAE STREET	99705	-147.41360553089294	64.81987043238776	
1202 VINCENT COURT	99705	-147.38516807505314	64.81834679466098	
1198 VINCENT COURT	99705	-147.38521692629655	64.81804428273006	
1192 VINCENT COURT	99705	-147.38516669877245	64.81775279241359	
1170 SALINA STREET	99705	-147.40379906652484	64.81526294904536	
2046 LOOSE MOOSE LOOP	99705	-147.46709806758463	64.83315163930182	
1110 LOLLA MAE STREET	99705	-147.41175647744157	64.81768435624028	
2406 LINDSBORG DRIVE	99705	-147.40268990202773	64.81605643520679	
2401 TOPEKA DRIVE	99705	-147.40442796149546	64.81461542196563	
2460 LINDSBORG DRIVE	99705	-147.39791838163237	64.81610859877992	
1800 LOOSE MOOSE LOOP	99705	-147.4688642159437	64.83273804894341	
1100 VINCENT COURT	99705	-147.38137468032278	64.81932793694064	
609 NORDALE ROAD	99705	-147.41178144207697	64.8408409013744	
2261 EAST SITKA COURT	99705	-147.41815884275425	64.82107573973806	
1105 JEFFREY DRIVE	99705	-147.38763817567713	64.81799788904065	
1210 FLORICE DRIVE	99705	-147.39440428100446	64.81346194032153	
1160 FLORICE DRIVE	99705	-147.3944047253513	64.81505719998994	
620 WRIDGE WAY	99705	-147.4174942363876	64.8401619276394	
903 SHASTA DRIVE	99705	-147.40231692109154	64.82720219346717	
1080 HERFORD COURT	99705	-147.40518830863354	64.81923735325257	
1100 HERFORD COURT	99705	-147.40460455673326	64.81860264021795	
1131 JEFFREY DRIVE	99705	-147.38802986468352	64.81746005111819	
1206 VINCENT COURT	99705	-147.3853779950907	64.81880525162578	
2014 BUSH HAWK COURT	99705	-147.43755848044196	64.83415098986457	
2017 BUSH HAWK COURT	99705	-147.43784710658298	64.83274652582249	
778 CLOUD ROAD	99705	-147.44124304615747	64.833262389687	
2011 BUSH HAWK COURT	99705	-147.43940007564828	64.8328643283463	
1840 DEW DROP COURT	99705	-147.45965834004593	64.83544808446912	
1128 JEFFREY DRIVE	99705	-147.38643597612614	64.81707615904436	
1133 JEFFREY DRIVE	99705	-147.3882739004249	64.81685425782675	
1119 JEFFREY DRIVE	99705	-147.38837974974132	64.81777101851567	
1110 JEFFREY DRIVE	99705	-147.38656775543132	64.81840687712686	
2415 TOPEKA DRIVE	99705	-147.40264042646862	64.81414383463185	
2425 TOPEKA DRIVE	99705	-147.40163926965033	64.81387880059424	
2422 TOPEKA DRIVE	99705	-147.40162930935358	64.81457615830661	
1118 JEFFREY DRIVE	99705	-147.38647759578654	64.81782601003145	
2461 LINDSBORG DRIVE	99705	-147.39704365473654	64.81496683405561	
2375 LINDSBORG DRIVE	99705	-147.4053828060216	64.81534640375644	
2596 LEE LANE	99705	-147.38464690810838	64.81518358090096	
700 YUKEEN DRIVE	99705	-147.46178129115972	64.8374059463089	
697 YUKEEN DRIVE	99705	-147.46422081403946	64.83765828966544	
630 WRIDGE WAY	99705	-147.42006371961037	64.83886353845884	
607 NORDALE ROAD	99705	-147.411790613941	64.84090176758488	
650 SILVER LINING DRIVE	99705	-147.43933870158352	64.83859929682227	
730 MINERVA COURT	99705	-147.4790156009855	64.83503466983704	
1092 ICHABOD STREET	99705	-147.39003404254132	64.81856210547122	
899 AGNES LANE	99705	-147.38951911770886	64.82781222151402	
2148 PORTER AVENUE	99705	-147.42767797699204	64.83496588072398	
665 CARLSON LANE	99705	-147.4794869581386	64.83783226578862	
695 FELIZ STREET	99705	-147.47636501125808	64.83667159287954	
654 FELIZ STREET	99705	-147.47420626103843	64.83887473609045	
664 FELIZ STREET	99705	-147.47428192515164	64.83847419388256	
620 GOLDENWOOD DRIVE	99705	-147.47243298023776	64.84095790436523	
630 GOLDENWOOD DRIVE	99705	-147.47214828132596	64.84063030934699	
642 GOLDENWOOD DRIVE	99705	-147.4717790225963	64.84022055998847	
599 GOLDENWOOD DRIVE	99705	-147.475031627235	64.84080210840891	
611 FELIZ STREET	99705	-147.47800912557224	64.84048135691302	
627 FELIZ STREET	99705	-147.47706512783859	64.83990117397579	
588 PLEASURE DRIVE	99705	-147.47963511048113	64.84109510941066	
1795 PERSINGER DRIVE	99705	-147.46652584572124	64.83514824428497	
1777 PERSINGER DRIVE	99705	-147.4683004956813	64.83534598453828	
1757 PERSINGER DRIVE	99705	-147.4705173567702	64.83568715324375	
1737 PERSINGER DRIVE	99705	-147.47230252758126	64.83530680204471	
670 KEELING ROAD	99705	-147.44952279708497	64.83745493956056	
665 KEELING ROAD	99705	-147.4522195665076	64.83801874064227	
690 KEELING ROAD	99705	-147.44798181444278	64.8370967443387	
685 KEELING ROAD	99705	-147.45219661538545	64.83719655897599	
731 KEELING ROAD	99705	-147.45188978133115	64.83512502878985	
730 KEELING ROAD	99705	-147.44796947178227	64.83500561124511	
654 GOLDENWOOD DRIVE	99705	-147.47096057271284	64.83948764068141	
638 FELIZ STREET	99705	-147.47485885055127	64.83944301981774	
622 FELIZ STREET	99705	-147.47473506043428	64.84008485421994	
602 KEELING ROAD	99705	-147.44999860694915	64.84070542167117	
630 KEELING ROAD	99705	-147.44786824751597	64.83970371543602	
656 KEELING ROAD	99705	-147.4471599913868	64.83849870766969	
694 KEELING ROAD	99705	-147.44375344815026	64.8367468336566	
702 KEELING ROAD	99705	-147.44561458757192	64.83588268924872	
717 KEELING ROAD	99705	-147.45181622574094	64.83603044379302	
1667 HAMMOCK AVENUE	99705	-147.4794176621727	64.83868583356059	
1691 HAMMOCK AVENUE	99705	-147.47718668010316	64.83903557750881	
1674 HAMMOCK AVENUE	99705	-147.4784361722167	64.8397421621909	
701 CARLSON LANE	99705	-147.47849393298705	64.83660237783145	
1712 PERSINGER DRIVE	99705	-147.4748168457182	64.83654046226101	
1730 PERSINGER DRIVE	99705	-147.47263583024053	64.83676022476597	
1750 PERSINGER DRIVE	99705	-147.47026670223087	64.83658262147244	
1772 PERSINGER DRIVE	99705	-147.4681182415921	64.83608233243824	
1713 PERSINGER DRIVE	99705	-147.47436285311827	64.83531730161059	
722 MINERVA COURT	99705	-147.47832070293168	64.83542831178171	
711 COLD SNAP COURT	99705	-147.46838007673676	64.83770552869338	
729 KEELING ROAD	99705	-147.45528044973582	64.83526842165047	
1130 STOBIE ROAD	99705	-147.4538079451216	64.81682181805546	
1935 HOLMES ROAD	99705	-147.45102001701346	64.81974344004404	
1915 HOLMES ROAD	99705	-147.45217385847343	64.81893002677205	
1945 HOLMES ROAD	99705	-147.44968223666513	64.81980822557951	
1957 HOLMES ROAD	99705	-147.44870305372302	64.81980756769138	
1970 GERONIMO AVENUE	99705	-147.44740748243748	64.8192038255708	
1120 STOBIE ROAD	99705	-147.45114376884996	64.8173328055894	
1116 STOBIE ROAD	99705	-147.4518543969879	64.81804773738725	
1110 STOBIE ROAD	99705	-147.45357550111572	64.81808772463836	
1960 GERONIMO AVENUE	99705	-147.4490526392997	64.81924132886198	
1992 BADGER ROAD	99705	-147.4441443917549	64.82290163384612	
1994 BADGER ROAD	99705	-147.4431964676374	64.82287587555506	
2008 LEVADO AVENUE	99705	-147.44191985147023	64.82288067214171	
1946 BADGER ROAD	99705	-147.44802622954134	64.82469078185947	
1089 RUSSELL COURT	99705	-147.44924434492808	64.81884048202853	
1113 RUSSELL COURT	99705	-147.44945188227524	64.81796343956734	
1111 WILLIAMS ROAD	99705	-147.44717074435468	64.81792373536602	
2005 GERONIMO AVENUE	99705	-147.44366514258664	64.81879446589986	
1990 PONCHO VILLA AVENUE	99705	-147.4454726516694	64.81829163605182	
2009 BADGER ROAD	99705	-147.44345836288386	64.81840841012774	
2039 BADGER ROAD	99705	-147.44281679558787	64.81584419040362	
1138 DESPERADO STREET	99705	-147.44331144520532	64.81677591051935	
2031 BADGER ROAD	99705	-147.44282214957036	64.81722777932295	
1116 DESPERADO STREET	99705	-147.44290618940633	64.81758725373753	
2002 BADGER ROAD	99705	-147.44148790420468	64.82116853403362	
2000 BADGER ROAD	99705	-147.44092070064178	64.8217733498823	
1998 BADGER ROAD	99705	-147.44220392937672	64.82216762430421	
1921 ENDECOTT AVENUE	99705	-147.45284151563206	64.8221659090759	
1870 HOLMES ROAD	99705	-147.45849801281895	64.82094808761143	
1019 HAGGARTY STREET	99705	-147.45813117630956	64.82222612621386	
1009 HAGGARTY STREET	99705	-147.45807220397572	64.82266766993983	
999 HAGGARTY STREET	99705	-147.45808899941505	64.82298679324495	
1911 ENDECOTT AVENUE	99705	-147.45346159001468	64.82328077126817	
1868 ENDECOTT AVENUE	99705	-147.4579153011143	64.8240537378037	
1882 ENDECOTT AVENUE	99705	-147.45667231896724	64.82405772244334	
1896 ENDECOTT AVENUE	99705	-147.45489751615526	64.82400690281584	
1927 ENDECOTT AVENUE	99705	-147.45120905757952	64.82317103443266	
1995 BADGER ROAD	99705	-147.44727140039802	64.82278840371282	
2011 KENDALL AVENUE	99705	-147.44241622294885	64.82575795373765	
961 MATTIE STREET	99705	-147.4665297273229	64.8246283927017	
1771 ALDER STREET	99705	-147.46808256816362	64.8246574123423	
1854 ALDER STREET	99705	-147.4591867119483	64.82519791753047	
1853 KENDALL AVENUE	99705	-147.46005365029856	64.82571604967343	
1835 KENDALL AVENUE	99705	-147.46143944986645	64.82574024028314	
1997 KENDALL AVENUE	99705	-147.4439533309064	64.82576185547009	
1983 KENDALL AVENUE	99705	-147.44594189969993	64.82572706353172	
2014 KENDALL AVENUE	99705	-147.44282440779054	64.82632509973472	
2012 KENDALL AVENUE	99705	-147.44288485605549	64.82703941460437	
1998 KENDALL AVENUE	99705	-147.4442410777536	64.82647205047712	
1958 KENDALL AVENUE	99705	-147.4482714524318	64.82716875857905	
1950 KENDALL AVENUE	99705	-147.44993461812726	64.82714655010759	
1938 KENDALL AVENUE	99705	-147.4511723192355	64.82686539925233	
1905 KENDALL AVENUE	99705	-147.45374566063808	64.82564299112981	
1897 KENDALL AVENUE	99705	-147.45491377866006	64.82581785010854	
1883 KENDALL AVENUE	99705	-147.45670239534059	64.8258045204598	
1879 KENDALL AVENUE	99705	-147.45711250497655	64.82576386143435	
1888 KENDALL AVENUE	99705	-147.45585224192047	64.82633542536954	
1898 KENDALL AVENUE	99705	-147.45503512249633	64.8264908166215	
1897 BADGER ROAD	99705	-147.45606795376983	64.8269043856372	
1812 HOLMES ROAD	99705	-147.46372011207313	64.82085856651464	
1814 HOLMES ROAD	99705	-147.46346294780258	64.82083990622824	
1760 HOLMES ROAD	99705	-147.46867606970662	64.82318526278083	
1769 ENDECOTT AVENUE	99705	-147.4688268320478	64.82312655344225	
1772 ENDECOTT AVENUE	99705	-147.46784232760615	64.82403300685962	
1788 ENDECOTT AVENUE	99705	-147.4665146994536	64.8240522196187	
1802 ENDECOTT AVENUE	99705	-147.46503572975524	64.82425332882647	
1821 ALDER STREET	99705	-147.4627431548827	64.82461519282683	
1805 ALDER STREET	99705	-147.46456961271076	64.82461659875534	
1815 KENDALL AVENUE	99705	-147.46354187430896	64.82570459007411	
1788 KENDALL AVENUE	99705	-147.4667397998244	64.82639221574642	
918 MATTIE STREET	99705	-147.46525564214033	64.8264565326736	
1829 BOBANNA LANE	99705	-147.46271687977676	64.8270023386791	
852 KEELING ROAD	99705	-147.45139415852043	64.82952162787225	
854 KEELING ROAD	99705	-147.45250903484478	64.82934413241726	
860 KEELING ROAD	99705	-147.45350823479748	64.82862412906421	
832 KEELING ROAD	99705	-147.45151213065512	64.83043774751062	
842 KEELING ROAD	99705	-147.4523120724107	64.830104387398	
1955 PERSINGER DRIVE	99705	-147.4491194276131	64.82897233162204	
1977 PERSINGER DRIVE	99705	-147.44668298306686	64.82934791014452	
1960 PERSINGER DRIVE	99705	-147.44638863021194	64.83058086750852	
1948 PERSINGER DRIVE	99705	-147.44799148181474	64.83173887434404	
1944 PERSINGER DRIVE	99705	-147.44793793141193	64.83182387131046	
795 KEELING ROAD	99705	-147.45104495809358	64.83213646635176	
777 KEELING ROAD	99705	-147.45313650697955	64.83297036936737	
820 SHASTA DRIVE	99705	-147.40225775412023	64.83081586335528	
1809 ENDECOTT AVENUE	99705	-147.4644467829285	64.82352490924669	
645 CLOUD ROAD	99705	-147.43258456653322	64.83908050465472	
2470 NARCISSUS WAY	99705	-147.3985692917648	64.83025152541401	
2540 KATHY LEE LANE	99705	-147.38728966167386	64.81320986560462	
2115 MURIE LANE	99705	-147.4345884171331	64.83062027883201	
1228 CANDLE LITE LOOP	99705	-147.40951384592634	64.81286319692268	
1855 HOLMES ROAD	99705	-147.46002493179705	64.81950682362854	
690 FELIZ STREET	99705	-147.47445714331505	64.83749961833855	
1135 LADESSA LOOP	99705	-147.42364964728344	64.81661211383849	
1055 LADESSA LOOP	99705	-147.41672132284046	64.81562333164149	
2008 ENDECOTT AVENUE	99705	-147.44400304209177	64.82398705368344	
2320 LINDSBORG DRIVE	99705	-147.40907769140463	64.81642395240813	
1855 PERSINGER DRIVE	99705	-147.4596060455029	64.83371973633602	
866 NORDALE ROAD	99705	-147.40929711994636	64.8287702123079	
1054 MEADOW RUE AVENUE	99705	-147.40138153260114	64.82049872981946	
1770 ALDER STREET	99705	-147.46810173743805	64.82524583737221	
1822 DEW DROP COURT	99705	-147.45992060290254	64.83629228894644	
955 MEADOW RUE AVENUE	99705	-147.40494949733912	64.82484041383793	
955 MEADOW RUE AVENUE	99705	-147.40467839766225	64.82599801799917	
955 MEADOW RUE AVENUE	99705	-147.40213845849462	64.82408828359276	
606 WRIDGE WAY	99705	-147.41750982721047	64.84095406638977	
616 WRIDGE WAY	99705	-147.41696405344877	64.84078070692216	
2195 WEST SITKA COURT	99705	-147.42629004491363	64.82088991303043	
2252 EAST SITKA COURT	99705	-147.41964102290663	64.82193886675608	
2240 EAST SITKA COURT	99705	-147.4209966350414	64.821778826385	
2230 EAST SITKA COURT	99705	-147.422280337873	64.8217350966553	
2265 EAST STEPHEN CIRCLE	99705	-147.41821076639854	64.82553886806446	
2262 EAST STEPHEN CIRCLE	99705	-147.41832318150378	64.82680646062076	
2240 EAST STEPHEN CIRCLE	99705	-147.4209848051195	64.82712910306589	
2211 WEST SITKA COURT	99705	-147.4253168204327	64.82090261293982	
955 MEADOW RUE AVENUE	99705	-147.40357549806546	64.8252319705203	
2212 WEST STEPHEN CIRCLE	99705	-147.42364267101877	64.82639091887172	
2206 WEST STEPHEN CIRCLE	99705	-147.42519416918566	64.82672322204246	
2171 WEST STEPHEN CIRCLE	99705	-147.4267176159663	64.82665133847976	
2201 WEST STEPHEN CIRCLE	99705	-147.4264874225314	64.82561957795475	
2209 WEST STEPHEN CIRCLE	99705	-147.42523144621003	64.82558356169717	
2202 WEST SITKA COURT	99705	-147.4253522143708	64.82226638974917	
2190 WEST SITKA COURT	99705	-147.42641982795328	64.82186811279284	
2241 EAST SITKA COURT	99705	-147.42086135511886	64.82101916304978	
2251 EAST SITKA COURT	99705	-147.4197608851113	64.82096500251306	
1087 JEFFREY DRIVE	99705	-147.38858229572324	64.81932591342532	
2539 PEEDE ROAD	99705	-147.38960094229168	64.81979404503822	
1094 JEFFREY DRIVE	99705	-147.38678730606702	64.81878535933485	
637 GOLDENWOOD DRIVE	99705	-147.47316970120735	64.83998112412836	
1995 PONCHO VILLA AVENUE	99705	-147.44507504443044	64.8178429199597	
1881 BOBANNA LANE	99705	-147.45653664763185	64.82721202786443	
611 NORDALE ROAD	99705	-147.41450495428782	64.84089336388509	
1209 ZINSKI LANE	99705	-147.38160149037301	64.81303488245078	
2045 HAYDON COURT	99705	-147.4392488168126	64.81568130054248	
1120 CLOVERLEAF DRIVE	99705	-147.41554268034534	64.81794747814148	
924 HOWARD COURT	99705	-147.3944277316765	64.82607540517488	
910 SHASTA DRIVE	99705	-147.40136021113892	64.82677436658359	
800 CLOUD ROAD	99705	-147.4400806150304	64.83207934972425	
910 CROSSFOX COURT	99705	-147.42863955948812	64.82626502684357	
585 NIMBUS COURT	99705	-147.4412931919622	64.841025460729	
1085 LADESSA LOOP	99705	-147.4192492366732	64.81616379985245	
1805 PERSINGER DRIVE	99705	-147.46479771751493	64.83484853232866	
1864 ALDER STREET	99705	-147.4579909211611	64.82518513176223	
2429 PEEDE ROAD	99705	-147.40027173511845	64.81971509284787	
1881 BOBANNA LANE	99705	-147.45653167654487	64.8271259573011	
1881 BOBANNA LANE	99705	-147.45652980990388	64.82704220791636	
1881 BOBANNA LANE	99705	-147.45653517958016	64.8269448037629	
1881 BOBANNA LANE	99705	-147.45652622542153	64.82682829649367	
1881 BOBANNA LANE	99705	-147.45729160481585	64.8271207716748	
1881 BOBANNA LANE	99705	-147.4572897358147	64.82703702230465	
1881 BOBANNA LANE	99705	-147.45729510274407	64.82693961812964	
1881 BOBANNA LANE	99705	-147.4572861453038	64.82682311091325	
1881 BOBANNA LANE	99705	-147.45729657832763	64.82720684220747	
1163 VINCENT COURT	99705	-147.38312502463938	64.81772242955103	
1079 HERFORD COURT	99705	-147.4082671602925	64.81967326646958	
2651 LEE LANE	99705	-147.38124841708702	64.81448556982654	
2432 TOPEKA DRIVE	99705	-147.40003395280758	64.81445661706448	
2433 TOPEKA DRIVE	99705	-147.400058878494	64.81332582594857	
1165 LADESSA LOOP	99705	-147.42623243135452	64.81616661637143	
2245 EAST STEPHEN CIRCLE	99705	-147.41985144016036	64.82573683849999	
729 YUKEEN DRIVE	99705	-147.4642905401223	64.83615302582358	
714 COLD SNAP COURT	99705	-147.46616992319383	64.8376277216692	
1125 LADESSA LOOP	99705	-147.42244812173763	64.81648683046853	
1115 LADESSA LOOP	99705	-147.4212604212997	64.8165986064817	
2442 TOPEKA DRIVE	99705	-147.39856321019275	64.81370160717971	
2372 PEEDE ROAD	99705	-147.40739293518868	64.82090587984801	
1034 MEADOW RUE AVENUE	99705	-147.3998138034553	64.82106005161927	
1032 MEADOW RUE AVENUE	99705	-147.40120677160624	64.82152058460447	
2051 BADGER ROAD	99705	-147.44658414894488	64.81521041851514	
680 SILVER LINING DRIVE	99705	-147.43889259933826	64.83781455434288	
2070 BETH ANNE DRIVE	99705	-147.4363480864847	64.8403552964389	
1146 RUSSELL COURT	99705	-147.44774700655805	64.81615437737867	
2135 LOOSE MOOSE LOOP	99705	-147.47025136581655	64.8322927308945	
2417 LINDSBORG DRIVE	99705	-147.4023240935527	64.81523187856702	
2257 PORTER AVENUE	99705	-147.4175614567675	64.83375735409713	
1143 RUSSELL COURT	99705	-147.44992689501612	64.81618488438885	
1975 ROGGE AVENUE	99705	-147.44625794165648	64.82099077611976	
2289 PORTER AVENUE	99705	-147.41319193211706	64.83409045722598	
709 YUKEEN DRIVE	99705	-147.4642075935982	64.83704613578311	
1924 HOLMES ROAD	99705	-147.45189106370603	64.8208889869246	
778 NORDALE ROAD	99705	-147.40961176103517	64.83290394323961	
741 YUKEEN DRIVE	99705	-147.46425481903006	64.83562667359931	
2441 LINDSBORG DRIVE	99705	-147.40085877652203	64.81530344030638	
1817 DEW DROP COURT	99705	-147.46170968766145	64.83582556954207	
1080 JEFFREY DRIVE	99705	-147.3864433748528	64.81978813523845	
1922 HOLMES ROAD	99705	-147.4513836299897	64.82163699086809	
1812 DEW DROP COURT	99705	-147.4621564673377	64.83660362043386	
915 SMILEY LANE	99705	-147.43609611191658	64.82142351886309	
1997 BADGER ROAD	99705	-147.44511453647496	64.82217269408117	
1926 HOLMES ROAD	99705	-147.45172993252373	64.82074076925973	
1918 HOLMES ROAD	99705	-147.453375744702	64.82157435460022	
989 HAGGARTY STREET	99705	-147.4580221532513	64.82356681253201	
1891 ENDECOTT AVENUE	99705	-147.45592089883746	64.82328866184407	
1010 HAGGARTY STREET	99705	-147.45597260251964	64.8225467378527	
1018 HAGGARTY STREET	99705	-147.45564206791252	64.82220551215119	
1819 ENDECOTT AVENUE	99705	-147.4635520931018	64.82356331432746	
1793 ENDECOTT AVENUE	99705	-147.46599740076377	64.82324783113309	
1820 ENDECOTT AVENUE	99705	-147.46336728827106	64.82397478699832	
1852 ENDECOTT AVENUE	99705	-147.45984363950572	64.82415469751783	
1853 ALDER STREET	99705	-147.45920478701083	64.82465675860612	
1835 ALDER STREET	99705	-147.46096885872672	64.82456922521718	
1786 ALDER STREET	99705	-147.46681268986165	64.82515625845897	
948 MATTIE STREET	99705	-147.46488069180896	64.8253396597039	
1822 ALDER STREET	99705	-147.46333364636658	64.82515918411134	
892 AGNES LANE	99705	-147.38824620546313	64.82774058886298	
888 AGNES LANE	99705	-147.38820141173875	64.82806014002544	
866 AGNES LANE	99705	-147.3883620313195	64.82876015426041	
1100 NORDALE ROAD	99705	-147.40807509091613	64.818017509606	
2383 GREER ROAD	99705	-147.40336234649442	64.81331860190032	
1171 LADESSA LOOP	99705	-147.4282260934689	64.8165607868423	
664 CLOUD ROAD	99705	-147.4351961371626	64.83720326945587	
920 CROSSFOX COURT	99705	-147.42836534397205	64.82561726757059	
1150 FLORICE DRIVE	99705	-147.39478803155714	64.81567838666952	
1106 HERFORD COURT	99705	-147.40488997661058	64.81691896610096	
2400 LINDSBORG DRIVE	99705	-147.4044445025584	64.81620476454111	
1218 FLORICE DRIVE	99705	-147.3948084563605	64.81301565873649	
744 COLD SNAP COURT	99705	-147.46612712523455	64.83616693553297	
728 COLD SNAP COURT	99705	-147.46594045998015	64.83670823365065	
698 COLD SNAP COURT	99705	-147.46608533550554	64.83841055064111	
2011 PORTER AVENUE	99705	-147.44347765443885	64.83391807639768	
659 KEELING ROAD	99705	-147.45360377142552	64.83873318854849	
681 YUKEEN DRIVE	99705	-147.46427954997583	64.83846763143512	
1841 DEW DROP COURT	99705	-147.4618483429117	64.83522737330199	
1844 DEW DROP COURT	99705	-147.4601037691941	64.8347710045779	
2468 LINDSBORG DRIVE	99705	-147.3961318935215	64.8159057719534	
2451 LINDSBORG DRIVE	99705	-147.3985980128837	64.81492879063397	
2277 RAVENBELL STREET	99705	-147.41676534290474	64.82868427740165	
2452 LINDSBORG DRIVE	99705	-147.39904375399624	64.81597611059425	
611 NORDALE ROAD	99705	-147.41415639285105	64.84089667947667	
694 COLD SNAP COURT	99705	-147.4662464002573	64.83913816387013	
674 YUKEEN DRIVE	99705	-147.46215353513824	64.83821533863659	
704 YUKEEN DRIVE	99705	-147.46062231408067	64.8371225517362	
2245 RAVENBELL STREET	99705	-147.42037905379806	64.82846553096147	
2129 PERSINGER DRIVE	99705	-147.4385803998491	64.82699385212614	
1095 JEFFREY DRIVE	99705	-147.38838424409036	64.81857326904372	
1090 NORDALE ROAD	99705	-147.4084914651706	64.8186001711913	
1075 HERFORD COURT	99705	-147.40692039839197	64.81969506958374	
1153 DESPERADO STREET	99705	-147.44456546573397	64.81604352979662	
2361 LINDSBORG DRIVE	99705	-147.40714185811677	64.81557909756752	
605 NIMBUS COURT	99705	-147.44136650792834	64.8399874461775	
647 YUKEEN DRIVE	99705	-147.46404446887198	64.83961204406208	
660 YUKEEN DRIVE	99705	-147.46172416468997	64.83912710107307	
1765 YEANAN DRIVE	99705	-147.46463947909098	64.84014523959266	
1759 YEANAN DRIVE	99705	-147.4663926599224	64.84020807757408	
1795 ANNIE COURT	99705	-147.4620870737073	64.8399733281237	
1798 ANNIE COURT	99705	-147.4617037890265	64.8406180471428	
800 SHASTA DRIVE	99705	-147.40950210101423	64.83163573054551	
2008 LEVADO AVENUE	99705	-147.44210266168844	64.82288118792343	
650 YUKEEN DRIVE	99705	-147.45950302638963	64.8391495767923	
1804 ANNIE COURT	99705	-147.4599679538976	64.84075790034947	
1803 ANNIE COURT	99705	-147.46025333638977	64.83998761880194	
892 AGNES LANE	99705	-147.38822336194477	64.82774080222609	
888 AGNES LANE	99705	-147.38822230344525	64.82805994489772	
1835 HOLMES ROAD	99705	-147.46145035015107	64.81894617001231	
1084 JEFFREY DRIVE	99705	-147.38563609978883	64.81957229124298	
892 SHASTA DRIVE	99705	-147.40060599206564	64.82759999442005	
2490 NARCISSUS WAY	99705	-147.39687681013564	64.82953287519366	
1089 HERFORD COURT	99705	-147.40745898406848	64.81904231750843	
625 GOLDENWOOD DRIVE	99705	-147.47372935460078	64.8404356698948	
1000 NORDALE ROAD	99705	-147.40888089423535	64.82308949359114	
1000 NORDALE ROAD	99705	-147.40887363654312	64.82303924895838	
1000 NORDALE ROAD	99705	-147.40886879785862	64.82299095434495	
1000 NORDALE ROAD	99705	-147.40887748563975	64.82293562571073	
1185 FLORICE DRIVE	99705	-147.3967957661842	64.81446382076497	
2002 BUSH HAWK COURT	99705	-147.43955137647606	64.83408454161119	
1200 FLORICE DRIVE	99705	-147.394656663373	64.81408833870219	
605 SILVER LINING DRIVE	99705	-147.43832117525182	64.84048407441384	
1070 HERFORD COURT	99705	-147.40481749554297	64.81971217236352	
2112 PORTER AVENUE	99705	-147.42979373522618	64.83697525336709	
1122 NORDALE ROAD	99705	-147.40890075878605	64.81758112390315	
2495 WHITMAN ROAD	99705	-147.39717415447421	64.82412529594355	
701 COLD SNAP COURT	99705	-147.47057742094393	64.83815709958631	
857 KEELING ROAD	99705	-147.4551859012497	64.82901295850175	
1095 LADESSA LOOP	99705	-147.41985084207778	64.81665884213379	
1951 ROGGE AVENUE	99705	-147.44904805968517	64.82105041452918	
2485 NARCISSUS WAY	99705	-147.39679828882956	64.8289877641409	
660 CLOUD ROAD	99705	-147.43313792000808	64.83753271900262	
660 CLOUD ROAD	99705	-147.43295447180057	64.83759303733324	
656 CLOUD ROAD	99705	-147.43220054737853	64.83801014880194	
656 CLOUD ROAD	99705	-147.43199145589193	64.8379577956342	
1002 HAGGARTY STREET	99705	-147.45609183294195	64.8228969841809	
843 KEELING ROAD	99705	-147.45400418125973	64.83030203569506	
2406 PEEDE ROAD	99705	-147.40328194568173	64.82074806971401	
2489 FREEMAN ROAD	99705	-147.39459206979822	64.84054077051026	
2469 FREEMAN ROAD	99705	-147.3983647288554	64.83908815016544	
2429 FREEMAN ROAD	99705	-147.4027426511237	64.8402718166555	
1054 MEADOW RUE AVENUE	99705	-147.4013875392804	64.82054994832619	
1054 MEADOW RUE AVENUE	99705	-147.40139027691959	64.82060262242031	
1054 MEADOW RUE AVENUE	99705	-147.40101801452818	64.8207742011891	
1986 ENDECOTT AVENUE	99705	-147.44540660254785	64.82395617279857	
1986 ENDECOTT AVENUE	99705	-147.4452920375077	64.82410636712882	
1986 ENDECOTT AVENUE	99705	-147.44541023795514	64.82410711695091	
1024 NORDALE ROAD	99705	-147.40906123754505	64.82211961645156	
1814 ENDECOTT AVENUE	99705	-147.46380510576907	64.82399041584215	
1857 HOLMES ROAD	99705	-147.45927979694758	64.81943343048164	
2340 LINDSBORG DRIVE	99705	-147.40742753601282	64.81614048604473	
1105 HERFORD COURT	99705	-147.40551060662787	64.81807902804736	
1111 HERFORD COURT	99705	-147.40524979758226	64.81760839184415	
2286 PORTER AVENUE	99705	-147.4126216721408	64.83501812063729	
685 KEELING ROAD	99705	-147.45195555460026	64.83717280096447	
742 MINERVA COURT	99705	-147.47886436126439	64.83450318847662	
1148 CLOVERLEAF DRIVE	99705	-147.41489120266158	64.81763795881831	
2211 WEST STEPHEN CIRCLE	99705	-147.4242218998622	64.8258809222266	
1129 OLD MARKEY STREET	99705	-147.47711634672208	64.81949779305229	
1026 NORDALE ROAD	99705	-147.4087581596411	64.82118291648777	
1024 NORDALE ROAD	99705	-147.40937201660432	64.821177571284	
662 FELIZ STREET	99705	-147.47504008019345	64.83849309248573	
2056 PORTER AVENUE	99705	-147.43809235701053	64.83522930290658	
1984 GERONIMO AVENUE	99705	-147.44552139948203	64.81926738021144	
2355 GREER ROAD	99705	-147.4066329657942	64.81465928830053	
928 AGNES LANE	99705	-147.38815273925738	64.82596214824713	
2319 GREER ROAD	99705	-147.40909404382043	64.81505614036209	
2319 GREER ROAD	99705	-147.40875044186183	64.81503803356318	
2323 GREER ROAD	99705	-147.408870217157	64.8155710159133	
2386 PEEDE ROAD	99705	-147.40465032441855	64.82182334534134	
2369 GREER ROAD	99705	-147.40510728497048	64.81382150980201	
1120 VINCENT COURT	99705	-147.3802561521586	64.81786025528469	
1211 LADESSA LOOP	99705	-147.42787308523873	64.81346350199124	
2552 BEDFORD LOOP	99705	-147.38184125710794	64.841106834102	
2542 BEDFORD LOOP	99705	-147.3830926448595	64.84108332997327	
3157 NATE CIRCLE	99705	-147.32659152453004	64.78718862222935	
3165 NATE CIRCLE	99705	-147.32667023802063	64.78759252241043	
2681 JULIE LANE	99705	-147.3742714457598	64.7886442976533	
624 FLORENCE STREET	99705	-147.36499146783353	64.8393593289243	
1755 BLACKBURN WAY	99705	-147.36393155163105	64.78500421482558	
3379 DUNDEE LOOP	99705	-147.30107543172258	64.78441747971694	
1294 BROCK ROAD	99705	-147.3639329379992	64.80947088856755	
2642 WHITMAN ROAD	99705	-147.37839146969748	64.82256958935217	
765 BLALOCK ROAD	99705	-147.3787191430338	64.83302219399779	
2859 JANEL AVENUE	99705	-147.3550114452592	64.83502550103212	
2867 JANEL AVENUE	99705	-147.35424096545478	64.83503974407549	
3077 DEHMER ROAD	99705	-147.33646935299083	64.83924864030348	
3072 DEHMER ROAD	99705	-147.33492097448686	64.83965207481157	
3060 DEHMER ROAD	99705	-147.33442905786254	64.84020994862672	
3052 DEHMER ROAD	99705	-147.33405459028472	64.84071232664101	
2925 FREEMAN ROAD	99705	-147.3472942148908	64.84106080436811	
601 CARL CROSMAN WAY	99705	-147.3537861907453	64.84018477830048	
704 ESTELLA STREET	99705	-147.35217716148628	64.83630656354147	
684 ESTELLA STREET	99705	-147.35183152498476	64.83702496672664	
689 ESTELLA STREET	99705	-147.35328700723238	64.83713549617617	
2842 JANEL AVENUE	99705	-147.357248361384	64.83597799201415	
2832 JANEL AVENUE	99705	-147.358872719862	64.83587306307649	
2826 JANEL AVENUE	99705	-147.35896431107292	64.8358160437614	
2794 JANEL AVENUE	99705	-147.36224576134933	64.83609252913661	
2775 JANEL AVENUE	99705	-147.3642179873935	64.83509319053603	
2783 JANEL AVENUE	99705	-147.36339698845345	64.83504573961132	
2791 JANEL AVENUE	99705	-147.36250634169383	64.83535815101324	
2799 JANEL AVENUE	99705	-147.36160730455012	64.83533948298724	
2849 JANEL AVENUE	99705	-147.35607983999518	64.83492119077182	
642 FLORENCE STREET	99705	-147.36507319318778	64.83893652776115	
640 FLORENCE STREET	99705	-147.3650905560541	64.8388938907825	
593 FLORENCE STREET	99705	-147.3670717995767	64.84101768020847	
609 FLORENCE STREET	99705	-147.36690749692553	64.8405960793064	
1844 DAWSON ROAD	99705	-147.3075762392342	64.78476906325012	
1838 DAWSON ROAD	99705	-147.307464014187	64.7851668380505	
3355 DUNDEE LOOP	99705	-147.3044345348995	64.78444274228247	
3363 DUNDEE LOOP	99705	-147.30302487340768	64.78443346005837	
3387 DUNDEE LOOP	99705	-147.30072270797714	64.78479903147152	
3427 DUNDEE LOOP	99705	-147.30081198961682	64.7873893415123	
3435 DUNDEE LOOP	99705	-147.30090390244283	64.78791336317121	
3443 DUNDEE LOOP	99705	-147.30121370225046	64.78821532086242	
2823 VILLALOBOS AVENUE	99705	-147.35896703399823	64.836895148558	
2876 VILLALOBOS AVENUE	99705	-147.35346311983707	64.83785205378938	
2866 VILLALOBOS AVENUE	99705	-147.35482192912247	64.8377758641371	
2856 VILLALOBOS AVENUE	99705	-147.3555789321001	64.83775234076283	
630 BOTTLES STREET	99705	-147.3603642204567	64.83955938887067	
622 BOTTLES STREET	99705	-147.3607719533435	64.8399401166957	
614 BOTTLES STREET	99705	-147.36069693432128	64.84022095294239	
606 BOTTLES STREET	99705	-147.3607207597632	64.8406903183682	
613 BOTTLES STREET	99705	-147.3628577772592	64.84032997556426	
627 BOTTLES STREET	99705	-147.36260941263407	64.83967904804825	
643 BOTTLES STREET	99705	-147.36317956816188	64.83900961010669	
653 BOTTLES STREET	99705	-147.36288162827145	64.83859095030355	
654 FLORENCE STREET	99705	-147.36511977311307	64.83857623719432	
1831 MOUNT WRANGELL STREET	99705	-147.3519545737387	64.78504639819087	
3424 DUNDEE LOOP	99705	-147.3028240886209	64.78697067551278	
1931 CHRISTINE DRIVE	99705	-147.3776506017188	64.78712258663731	
1981 CHRISTINE DRIVE	99705	-147.37976088275835	64.78992287295972	
1761 BROCK ROAD	99705	-147.37685979443427	64.78855566769586	
1745 BROCK ROAD	99705	-147.37696942997542	64.78922717103342	
3222 NATE CIRCLE	99705	-147.33433455253524	64.78647377646486	
2645 MILLER LANE	99705	-147.37795794539534	64.81032863674808	
631 FLORENCE STREET	99705	-147.36743898836212	64.83937923126057	
677 FLORENCE STREET	99705	-147.36740217281766	64.83733394875992	
687 FLORENCE STREET	99705	-147.36694689973677	64.83700241751262	
695 FLORENCE STREET	99705	-147.36643780970144	64.8366259834256	
705 FLORENCE STREET	99705	-147.36703568948565	64.83617012130773	
650 BLALOCK ROAD	99705	-147.37372483099458	64.83917973807675	
2715 FREEMAN ROAD	99705	-147.37035790532138	64.84060656949116	
2665 FREEMAN ROAD	99705	-147.37262382950317	64.84088944661427	
1357 BROCK ROAD	99705	-147.37814835048897	64.80674706347499	
2626 MILLER LANE	99705	-147.37956889644235	64.81098650818413	
2641 COUNSELL LANE	99705	-147.3784222468398	64.81173682039756	
1377 BROCK ROAD	99705	-147.3780655057098	64.80596900591554	
2641 MUSKEG LANE	99705	-147.37756980179728	64.81629795971863	
1129 BROCK ROAD	99705	-147.37730925184118	64.81699330784208	
1095 BROCK ROAD	99705	-147.37749595470464	64.81853269244166	
1075 BROCK ROAD	99705	-147.37710985581822	64.81937363806948	
1206 ZINSKI LANE	99705	-147.37960463594376	64.81315145237869	
1155 BROCK ROAD	99705	-147.37704256745653	64.81590646511172	
1165 BROCK ROAD	99705	-147.3770829789892	64.81541444147588	
2640 LEE LANE	99705	-147.37899081439994	64.8153773616625	
2622 WHITMAN ROAD	99705	-147.37853898820345	64.82346346950007	
2874 JANEL AVENUE	99705	-147.3534183579018	64.83585163236965	
2850 JANEL AVENUE	99705	-147.35625383999667	64.83598205373141	
2776 JANEL AVENUE	99705	-147.36406547280728	64.8359461538327	
2768 JANEL AVENUE	99705	-147.36539790171057	64.83604738582795	
3031 DEHMER ROAD	99705	-147.33804864759105	64.84103964348812	
3051 DEHMER ROAD	99705	-147.33787409799973	64.8403366265213	
3067 DEHMER ROAD	99705	-147.33719082037206	64.83975253985362	
2963 FREEMAN ROAD	99705	-147.34433355044948	64.8404446821128	
2985 FREEMAN ROAD	99705	-147.34112913482335	64.83978445785888	
642 CARL CROSMAN WAY	99705	-147.34965132552932	64.83871416283242	
736 ESTELLA STREET	99705	-147.3516161125585	64.83469497766352	
724 ESTELLA STREET	99705	-147.35228877601358	64.8354899528522	
716 ESTELLA STREET	99705	-147.35228687828425	64.83567708885818	
730 FLORENCE STREET	99705	-147.36516516203966	64.83533158162862	
660 BLALOCK ROAD	99705	-147.37588124966996	64.83768823906676	
2807 JANEL AVENUE	99705	-147.3605400453269	64.83505410414816	
2825 JANEL AVENUE	99705	-147.35894256829135	64.83486062989023	
731 ESTELLA STREET	99705	-147.353155385217	64.83483583512235	
2869 VILLALOBOS AVENUE	99705	-147.354376646244	64.83708945198273	
2785 VILLALOBOS AVENUE	99705	-147.36306082527042	64.83712563331821	
2896 VILLALOBOS AVENUE	99705	-147.35148288062197	64.83800519064074	
2886 VILLALOBOS AVENUE	99705	-147.35268803417944	64.83782193361131	
2824 VILLALOBOS AVENUE	99705	-147.35910811794423	64.83764468836516	
2816 VILLALOBOS AVENUE	99705	-147.35993689078407	64.83805490566378	
605 BOTTLES STREET	99705	-147.36341313786497	64.84072625887215	
661 BOTTLES STREET	99705	-147.36276332670442	64.83818163768035	
2788 VILLALOBOS AVENUE	99705	-147.3629385772057	64.83779570747615	
670 FLORENCE STREET	99705	-147.36518368918718	64.8377995502877	
662 FLORENCE STREET	99705	-147.36488021030945	64.83811383101082	
614 FLORENCE STREET	99705	-147.36475215236263	64.84024422455843	
602 FLORENCE STREET	99705	-147.36531151114283	64.84071596566878	
594 FLORENCE STREET	99705	-147.36518153805414	64.84111168399878	
641 FLORENCE STREET	99705	-147.36684059175292	64.83890635230205	
653 FLORENCE STREET	99705	-147.36722790505897	64.83847616434203	
661 FLORENCE STREET	99705	-147.36648187137823	64.83806035104335	
669 FLORENCE STREET	99705	-147.3671598836779	64.83780551291838	
731 FLORENCE STREET	99705	-147.36729519127294	64.83506232303827	
1319 BROCK ROAD	99705	-147.3771080812045	64.80844569323814	
1295 BROCK ROAD	99705	-147.3776790292365	64.80963117373112	
2631 LEE LANE	99705	-147.37924270942466	64.81426992551093	
1070 OAK CREST COURT	99705	-147.37894896273832	64.81988739169957	
1090 OAK CREST COURT	99705	-147.3789328626979	64.81894784940243	
1089 OAK CREST COURT	99705	-147.3800912049519	64.81897032952301	
1069 OAK CREST COURT	99705	-147.38004117011465	64.8198636327332	
1104 VINCENT COURT	99705	-147.37907063825202	64.81821477943106	
1122 VINCENT COURT	99705	-147.37923275326958	64.81737410034283	
3347 DUNDEE LOOP	99705	-147.30474927968805	64.78494320783908	
3395 DUNDEE LOOP	99705	-147.30067591595596	64.78524187041747	
3403 DUNDEE LOOP	99705	-147.30100603526483	64.78574757030984	
3411 DUNDEE LOOP	99705	-147.30094386338598	64.78626114793256	
3419 DUNDEE LOOP	99705	-147.3007355246414	64.7867273510752	
3346 DUNDEE LOOP	99705	-147.3035937134331	64.7851767120189	
3338 DUNDEE LOOP	99705	-147.3040650494012	64.7856356036574	
3330 DUNDEE LOOP	99705	-147.3049804172577	64.78585277645624	
3317 REPP ROAD	99705	-147.30727855609862	64.79074390289617	
3335 REPP ROAD	99705	-147.3063131578809	64.79027179809201	
3265 STOREY DRIVE	99705	-147.31265035805043	64.78452500902918	
3233 STOREY DRIVE	99705	-147.31551114781217	64.78448171861136	
3171 STOREY DRIVE	99705	-147.32246255146248	64.78459625017672	
3175 REPP ROAD	99705	-147.32253765386827	64.7905421215128	
3177 REPP ROAD	99705	-147.32247986810987	64.79066206717764	
3259 REPP ROAD	99705	-147.31057169405221	64.78850643727387	
3263 REPP ROAD	99705	-147.31093828342384	64.78879604024388	
3165 STOREY DRIVE	99705	-147.32336946240963	64.78457491029518	
3155 STOREY DRIVE	99705	-147.3247576472724	64.78433496723378	
3147 STOREY DRIVE	99705	-147.32475727909883	64.78493420841443	
3109 STOREY DRIVE	99705	-147.3225782514738	64.78729456745359	
1789 TINA MARIE COURT	99705	-147.31919231101728	64.787553272375	
3134 STOREY DRIVE	99705	-147.32335522264114	64.78623231586505	
3164 STOREY DRIVE	99705	-147.3233386080471	64.78540914637911	
3174 STOREY DRIVE	99705	-147.32207084331029	64.78540851054665	
3184 STOREY DRIVE	99705	-147.32131116857695	64.78534115022835	
3276 STOREY DRIVE	99705	-147.3111850438065	64.78524526072897	
3294 STOREY DRIVE	99705	-147.30917589268012	64.78566578695843	
1779 SESAME STREET	99705	-147.32465120550043	64.78818414808626	
1771 SESAME STREET	99705	-147.32248632261286	64.78801575666105	
1725 SESAME STREET	99705	-147.32189579130946	64.78971918698392	
1721 SESAME STREET	99705	-147.3221697501795	64.790027868926	
2942 BEAR AVENUE	99705	-147.34640046729223	64.7880794065951	
3081 ZULU COURT	99705	-147.33170024459614	64.78929611321294	
2948 BEAR AVENUE	99705	-147.34598826930832	64.78827946904482	
1753 HOLLOWELL ROAD	99705	-147.3428941237268	64.7890401168179	
1747 HOLLOWELL ROAD	99705	-147.34285632576132	64.78924465436661	
1739 HOLLOWELL ROAD	99705	-147.3439798181347	64.78971153470097	
1735 HOLLOWELL ROAD	99705	-147.34305388329028	64.7897136261368	
1752 HOLLOWELL ROAD	99705	-147.34132636228074	64.78908133506916	
2991 ARCTURUS COURT	99705	-147.3414514162996	64.78970127221473	
3001 ARCTURUS COURT	99705	-147.34073187554102	64.78987034472055	
3011 ARCTURUS COURT	99705	-147.33934490489926	64.7897248488089	
1750 COACHMAN LANE	99705	-147.33472242063775	64.78884725264737	
1755 COACHMAN LANE	99705	-147.33659368698315	64.78853219777021	
3075 REPP ROAD	99705	-147.33260889448871	64.79051913293924	
1759 POOL STREET	99705	-147.33188433864152	64.78874910661949	
3068 FINLEY COURT	99705	-147.33284597048305	64.78877165400732	
1787 HOLLOWELL ROAD	99705	-147.3437935159731	64.78720275046551	
1784 HOLLOWELL ROAD	99705	-147.3408352978684	64.786423196447	
1940 CHRISTINE DRIVE	99705	-147.38010186023914	64.78814070301209	
2830 BEAR AVENUE	99705	-147.35803802633293	64.78872091840246	
700 BLALOCK ROAD	99705	-147.3757049644932	64.83595821323503	
654 CARL CROSMAN WAY	99705	-147.34966667743853	64.83794053386382	
1227 BROCK ROAD	99705	-147.3774226688469	64.81276525040089	
1211 BROCK ROAD	99705	-147.37829307547725	64.81352800851639	
1201 BROCK ROAD	99705	-147.37737880600415	64.81391881315938	
2626 LISA ANN DRIVE	99705	-147.37939296862666	64.7984467136349	
3079 NATE CIRCLE	99705	-147.33188315554528	64.78455877609007	
3089 NATE CIRCLE	99705	-147.3308793289544	64.78456418053968	
3099 NATE CIRCLE	99705	-147.33009336963178	64.78453883272456	
2648 LEE LANE	99705	-147.37719111854113	64.81501027704236	
2650 MILLER LANE	99705	-147.3774890096022	64.81095651975967	
1245 BROCK ROAD	99705	-147.37750826175838	64.8116970690687	
1233 BROCK ROAD	99705	-147.37811105696497	64.81242776348228	
1604 BROCK ROAD	99705	-147.36699613023623	64.79571155059283	
1830 OSBORN COURT	99705	-147.3473871717743	64.78561114027738	
1365 WILLIS COURT	99705	-147.3770982585669	64.80474741079809	
1850 OSBORN COURT	99705	-147.34739622398558	64.78433423862644	
2643 LEE LANE	99705	-147.37793076545654	64.81432201523488	
3213 NATE CIRCLE	99705	-147.33362741692224	64.78720981049835	
3111 REPP ROAD	99705	-147.32754929207107	64.79108148479834	
2841 JANEL AVENUE	99705	-147.35700111145403	64.83504627181198	
3418 DUNDEE LOOP	99705	-147.3030116090463	64.78656308373107	
3410 DUNDEE LOOP	99705	-147.30294783768147	64.78616264984478	
1821 OSBORN COURT	99705	-147.34860812519523	64.78735405486682	
2745 BEAR AVENUE	99705	-147.3663602707777	64.7870853520162	
1310 ALOHA STREET	99705	-147.37968700819857	64.80844595407592	
719 FLORENCE STREET	99705	-147.37015697329693	64.83580378155456	
2630 MUSKEG LANE	99705	-147.37769292268652	64.81738898681033	
3189 NATE CIRCLE	99705	-147.3298858580674	64.78713932203077	
3197 NATE CIRCLE	99705	-147.33088587625062	64.78709081054795	
1303 BROCK ROAD	99705	-147.37820047241462	64.80886837000381	
1827 OSBORN COURT	99705	-147.348776192466	64.78632246373357	
3201 NATE CIRCLE	99705	-147.33198642515305	64.78710907529417	
3207 NATE CIRCLE	99705	-147.3328193349595	64.78710128682171	
3208 NATE CIRCLE	99705	-147.3324542095591	64.78648431417027	
3210 NATE CIRCLE	99705	-147.33331864315593	64.78643857215924	
3204 NATE CIRCLE	99705	-147.33153351587396	64.7864876467257	
3355 REPP ROAD	99705	-147.30343597134646	64.7910280281552	
3185 NATE CIRCLE	99705	-147.32903923644236	64.78710985421722	
1360 WILLIS COURT	99705	-147.37716064276987	64.80523719468951	
1830 MOUNT WRANGELL STREET	99705	-147.34977043549156	64.78567928553176	
3066 NATE CIRCLE	99705	-147.3326455954392	64.78541389686535	
3076 NATE CIRCLE	99705	-147.33174655667864	64.78536307866473	
3086 NATE CIRCLE	99705	-147.3307192563398	64.78533226468484	
3106 NATE CIRCLE	99705	-147.3288965652084	64.78533845223325	
1735 BROCK ROAD	99705	-147.376912997835	64.78968647618919	
2930 BEAR AVENUE	99705	-147.3481398017065	64.78885983169081	
3096 NATE CIRCLE	99705	-147.32978091784616	64.7853670711	
3109 NATE CIRCLE	99705	-147.329091221303	64.7845522506643	
3069 NATE CIRCLE	99705	-147.33289597001067	64.78453291791529	
713 FLORENCE STREET	99705	-147.3673603969155	64.83581511610426	
721 FLORENCE STREET	99705	-147.36669022765955	64.83551581481854	
3400 DUNDEE LOOP	99705	-147.30238709351528	64.7856765479346	
1794 PERTH COURT	99705	-147.30564027265217	64.78635831670093	
3205 STOREY DRIVE	99705	-147.3184454123487	64.78465465141257	
3199 STOREY DRIVE	99705	-147.31949709088332	64.78461409845754	
3191 STOREY DRIVE	99705	-147.32039348931013	64.78457877719121	
3181 STOREY DRIVE	99705	-147.32127957748776	64.78456191308933	
3141 STOREY DRIVE	99705	-147.3247155284569	64.78551777440644	
3133 STOREY DRIVE	99705	-147.32481453561925	64.78635392498809	
3125 STOREY DRIVE	99705	-147.3247021399019	64.78688311284243	
3117 STOREY DRIVE	99705	-147.32374565913736	64.78719570982507	
3077 STOREY DRIVE	99705	-147.31783532636032	64.7861476276277	
3076 STOREY DRIVE	99705	-147.31998668614307	64.78635331001459	
3098 STOREY DRIVE	99705	-147.32109826079017	64.78648057359169	
3106 STOREY DRIVE	99705	-147.32211656961516	64.786418069875	
3198 STOREY DRIVE	99705	-147.31977542190575	64.78538407148247	
3206 STOREY DRIVE	99705	-147.31846192622402	64.78545625030762	
3226 STOREY DRIVE	99705	-147.3167347887123	64.78527094632209	
3236 STOREY DRIVE	99705	-147.3153650403233	64.785406554058	
3266 STOREY DRIVE	99705	-147.31220918997641	64.7856077855016	
1774 SESAME STREET	99705	-147.3205218713768	64.78832568921486	
1756 SESAME STREET	99705	-147.31830058520654	64.78894751433067	
1753 SESAME STREET	99705	-147.3220972581917	64.78908274486082	
1773 SESAME STREET	99705	-147.32511089291438	64.78909344302258	
3193 REPP ROAD	99705	-147.32008098990448	64.79081078515651	
3205 REPP ROAD	99705	-147.31878308425377	64.79100267704908	
3213 REPP ROAD	99705	-147.31751104130362	64.79101047470762	
3245 REPP ROAD	99705	-147.3139717873757	64.79055590747532	
3049 REPP ROAD	99705	-147.3344216778001	64.79102574284765	
1711 COACHMAN LANE	99705	-147.3348781991934	64.79063522182936	
1719 COACHMAN LANE	99705	-147.3348961830375	64.79034261367322	
1710 POOL STREET	99705	-147.33026687969846	64.79082971386751	
1720 POOL STREET	99705	-147.33013075985923	64.79046339701085	
1812 HOLLOWELL ROAD	99705	-147.3410792475903	64.78527492622594	
2954 BEAR AVENUE	99705	-147.3458348344092	64.7884707205266	
2970 BEAR AVENUE	99705	-147.34347477541996	64.78798657267204	
1763 HOLLOWELL ROAD	99705	-147.34292898791813	64.7882996973146	
1759 HOLLOWELL ROAD	99705	-147.34312108135694	64.78864950036045	
1762 HOLLOWELL ROAD	99705	-147.34026878714616	64.78848391049698	
1780 BLACKBURN WAY	99705	-147.36170045339298	64.786191106156	
1750 BLACKBURN WAY	99705	-147.3644087343947	64.78610143381108	
2887 BEAR AVENUE	99705	-147.35392239417655	64.78659874891223	
2801 BEAR AVENUE	99705	-147.36149279758976	64.78733180537107	
1756 HOLLOWELL ROAD	99705	-147.33990028580294	64.78877823468386	
3021 ARCTURUS COURT	99705	-147.3374286719172	64.78950429185663	
3019 REPP ROAD	99705	-147.33745474434969	64.79079056826792	
1730 POOL STREET	99705	-147.33037318677276	64.78991496028785	
1740 POOL STREET	99705	-147.33032679666928	64.7893485898409	
1740 COACHMAN LANE	99705	-147.33273768654755	64.7890943405954	
1726 COACHMAN LANE	99705	-147.33334328502207	64.7898774365303	
1731 POOL STREET	99705	-147.3315467742937	64.78992459768538	
1851 MOUNT WRANGELL STREET	99705	-147.35185139085362	64.78464044277399	
1801 MOUNT WRANGELL STREET	99705	-147.3521306494283	64.78659984196558	
2715 BEAR AVENUE	99705	-147.36964905696618	64.7871507396679	
2705 BEAR AVENUE	99705	-147.3710976746073	64.78712852222297	
2670 BEAR AVENUE	99705	-147.37531584196276	64.78799255917885	
2680 BEAR AVENUE	99705	-147.37437884997672	64.7879430826062	
2690 BEAR AVENUE	99705	-147.37321817111314	64.7878603403295	
2702 BEAR AVENUE	99705	-147.37216447373999	64.78783444901254	
2708 BEAR AVENUE	99705	-147.37097993468163	64.78801606779537	
1853 BONA STREET	99705	-147.36843194224446	64.78438264912974	
2723 SAMANTHA COURT	99705	-147.36976005146175	64.78463229705159	
2710 SAMANTHA COURT	99705	-147.37078581559612	64.78519739600316	
2699 NATALIE AVENUE	99705	-147.3720865600443	64.78576141463316	
2691 NATALIE AVENUE	99705	-147.3733751385514	64.78577377546927	
2665 NATALIE AVENUE	99705	-147.37486179130775	64.78584149452278	
2682 NATALIE AVENUE	99705	-147.37417705216038	64.78639218404	
1807 BONA STREET	99705	-147.36841844302015	64.78656729818461	
1791 BONA STREET	99705	-147.36826885804564	64.78720842105032	
2775 BEAR AVENUE	99705	-147.3645432363627	64.7871815257669	
2770 BEAR AVENUE	99705	-147.364505265195	64.78805624799078	
2790 BEAR AVENUE	99705	-147.36056001916808	64.78889046468306	
2711 RAINBOW TROUT COURT	99705	-147.37096558605063	64.78863355961	
2701 JULIE LANE	99705	-147.37218451319765	64.78864272594592	
2691 JULIE LANE	99705	-147.37319654729887	64.78868229293523	
2671 JULIE LANE	99705	-147.37538105688586	64.78862409553713	
2710 RAINBOW TROUT COURT	99705	-147.3709473073576	64.7893073276998	
2720 RAINBOW TROUT COURT	99705	-147.36968438304052	64.78928549189037	
2734 RAINBOW TROUT COURT	99705	-147.3687113041505	64.7893663540069	
1744 BONA STREET	99705	-147.36665383498533	64.78906283664291	
1728 QUINCY COURT	99705	-147.36454664735214	64.79015298936949	
2733 SALMON COURT	99705	-147.3682762644705	64.7901211882426	
2721 SALMON COURT	99705	-147.36935488580224	64.79010292770647	
2670 TERRY LANE	99705	-147.3753805643053	64.79067872734738	
2680 TERRY LANE	99705	-147.37430279162848	64.79067777514048	
2690 TERRY LANE	99705	-147.37308982276127	64.79069994191126	
2702 TERRY LANE	99705	-147.37215006727635	64.79073119274351	
2851 REPP ROAD	99705	-147.35647061560599	64.79101003193838	
2849 REPP ROAD	99705	-147.35842216949317	64.79082628443221	
2909 REPP ROAD	99705	-147.34856816526462	64.79072094994574	
2921 REPP ROAD	99705	-147.34859315907167	64.79077389152827	
2652 GARNET DRIVE	99705	-147.3772928549352	64.78433734820025	
1681 MUSTANG CIRCLE	99705	-147.37907683656556	64.79181207751404	
1893 CHRISTINE DRIVE	99705	-147.37806091038968	64.7855368025889	
1909 CHRISTINE DRIVE	99705	-147.37754545862697	64.78666401320659	
1939 CHRISTINE DRIVE	99705	-147.3778843279551	64.78764448435798	
1941 CHRISTINE DRIVE	99705	-147.3779798038817	64.78822314793481	
2651 REPP ROAD	99705	-147.37761462335118	64.79079005695183	
1685 MUSTANG CIRCLE	99705	-147.37814030839226	64.79172641913641	
1650 PALOMINO DRIVE	99705	-147.37760782174666	64.7934110393373	
1642 PALOMINO DRIVE	99705	-147.37779200576537	64.7938018232637	
1634 PALOMINO DRIVE	99705	-147.37767260844518	64.79429834270351	
1624 PALOMINO DRIVE	99705	-147.3771724388571	64.79486511696149	
2658 CLYDESDALE DRIVE	99705	-147.377347677141	64.79683181303145	
2648 CLYDESDALE DRIVE	99705	-147.37847736426016	64.79683315751306	
2638 CLYDESDALE DRIVE	99705	-147.37986854173892	64.7967849796195	
1839 BONA STREET	99705	-147.3683511725242	64.78517264095343	
2729 NATALIE AVENUE	99705	-147.3682881536113	64.7858052268046	
2690 NATALIE AVENUE	99705	-147.37304745565993	64.78636848591421	
2698 NATALIE AVENUE	99705	-147.3720355459123	64.78636952643346	
2710 NATALIE AVENUE	99705	-147.37122577143276	64.78631600685466	
2712 NATALIE AVENUE	99705	-147.36956914071703	64.78659053005251	
1836 BLACKBURN WAY	99705	-147.35444812498355	64.78550203284895	
1826 BLACKBURN WAY	99705	-147.35647295404567	64.7860377534578	
1816 BLACKBURN WAY	99705	-147.35838066981015	64.78602648222393	
1850 BONA STREET	99705	-147.36594868713487	64.78511266523363	
1831 BLACKBURN WAY	99705	-147.3587769512561	64.78447296688351	
2871 BEAR AVENUE	99705	-147.355010061099	64.78715973067055	
2835 BEAR AVENUE	99705	-147.35806998453114	64.78740392133415	
2890 BEAR AVENUE	99705	-147.3519756920352	64.78854498757295	
2699 BEAR AVENUE	99705	-147.37208383516588	64.78723004205378	
2691 BEAR AVENUE	99705	-147.3732121370502	64.78721129525931	
2681 BEAR AVENUE	99705	-147.37422280028215	64.78719389803804	
2671 BEAR AVENUE	99705	-147.37528184737502	64.78719239360241	
2724 BEAR AVENUE	99705	-147.36971618233324	64.78783927250933	
1771 BONA STREET	99705	-147.36829024604697	64.78814813300043	
2733 RAINBOW TROUT COURT	99705	-147.3685450275649	64.78862293733332	
2721 RAINBOW TROUT COURT	99705	-147.36974619721514	64.78871749795262	
2670 JULIE LANE	99705	-147.37532200196708	64.78939688449599	
2680 JULIE LANE	99705	-147.3742596595933	64.78931533388597	
2690 JULIE LANE	99705	-147.37315374657345	64.7892759873252	
2702 JULIE LANE	99705	-147.3719774888217	64.78932247441382	
1718 BONA STREET	99705	-147.36675217929786	64.79046293056751	
1720 QUINCY COURT	99705	-147.364490828449	64.79007085701726	
2711 SALMON COURT	99705	-147.37063643359457	64.79012737867066	
2691 TERRY LANE	99705	-147.37327541535095	64.79015572732143	
2681 TERRY LANE	99705	-147.3742944973154	64.79013230410587	
2671 TERRY LANE	99705	-147.37531597852936	64.79017600529943	
2710 SALMON COURT	99705	-147.3709380061607	64.79084804544026	
2722 SALMON COURT	99705	-147.36934880821406	64.79075112732335	
2734 SALMON COURT	99705	-147.36845043397457	64.79075320794941	
2801 REPP ROAD	99705	-147.36279047152163	64.78984761703057	
2929 REPP ROAD	99705	-147.34870204001757	64.79076379419811	
1930 CHRISTINE DRIVE	99705	-147.38001142913365	64.78741905858305	
1910 CHRISTINE DRIVE	99705	-147.37956090170886	64.7866472409599	
1971 CHRISTINE DRIVE	99705	-147.37899766995142	64.78969183046722	
2631 REPP ROAD	99705	-147.37982097380873	64.79091894899658	
1686 MUSTANG CIRCLE	99705	-147.37716631760975	64.79212296900936	
2635 ARABIAN COURT	99705	-147.37925724992107	64.79457990807276	
1637 PALOMINO DRIVE	99705	-147.37915953427733	64.79404836478159	
1645 PALOMINO DRIVE	99705	-147.37906865113646	64.79379524278139	
1655 PALOMINO DRIVE	99705	-147.37921871765127	64.79329683291395	
2625 LISA ANN DRIVE	99705	-147.37983725188423	64.79790454590783	
1676 MUSTANG CIRCLE	99705	-147.37786825905738	64.79244495228754	
1670 PALOMINO DRIVE	99705	-147.3785037809075	64.79258865347911	
1660 PALOMINO DRIVE	99705	-147.37794496824787	64.79296632679906	
1626 PALOMINO DRIVE	99705	-147.37779863137874	64.79475724605219	
1612 PALOMINO DRIVE	99705	-147.37780114171073	64.79528917189299	
1604 PALOMINO DRIVE	99705	-147.3780401469383	64.7957331137855	
1596 PALOMINO DRIVE	99705	-147.37855772322715	64.79624947181101	
1603 PALOMINO DRIVE	99705	-147.37963548498428	64.79556034081622	
2628 ARABIAN COURT	99705	-147.379074662248	64.79504964390033	
2654 CARRIE LYNN DRIVE	99705	-147.37722926658873	64.8008336439696	
1471 BROCK ROAD	99705	-147.3770730801684	64.80191104243205	
1526 KATY JILL COURT	99705	-147.3774901162635	64.7993027869495	
1527 KATY JILL COURT	99705	-147.3795025792919	64.799209329496	
1521 KATY JILL COURT	99705	-147.3795848644122	64.79967497732054	
2629 CARRIE LYNN DRIVE	99705	-147.3795161890538	64.80019551042722	
1455 BROCK ROAD	99705	-147.37695909323713	64.80228030266788	
1463 BROCK ROAD	99705	-147.3787195641337	64.80172735550784	
1595 PALOMINO DRIVE	99705	-147.37988197612083	64.79618157710898	
2651 LISA ANN DRIVE	99705	-147.37703747268895	64.79784024634631	
2645 LISA ANN DRIVE	99705	-147.37804309364486	64.7978455862666	
2633 LISA ANN DRIVE	99705	-147.37887308666816	64.79787763774189	
2640 LISA ANN DRIVE	99705	-147.37828697768043	64.79838103641153	
2652 LISA ANN DRIVE	99705	-147.37715364434902	64.79837866782327	
1506 KATY JILL COURT	99705	-147.37751557589735	64.80028811203731	
1516 KATY JILL COURT	99705	-147.3775601896816	64.79984137729646	
2630 CARRIE LYNN DRIVE	99705	-147.37923833161005	64.80079380413508	
2636 CARRIE LYNN DRIVE	99705	-147.37799687565914	64.80076719634276	
1449 BROCK ROAD	99705	-147.37799754260854	64.8025398168939	
2855 BEAR AVENUE	99705	-147.3561419126918	64.78735753609321	
2815 BEAR AVENUE	99705	-147.35974417228545	64.7871486287923	
1797 HOLLOWELL ROAD	99705	-147.34369902008208	64.78609478901228	
1420 PEMBROKE COURT	99705	-147.37876429713577	64.8038172753332	
1410 PEMBROKE COURT	99705	-147.37710398518368	64.80400376903107	
3221 REPP ROAD	99705	-147.31837266976052	64.78968890437677	
1820 MOUNT WRANGELL STREET	99705	-147.35011957632875	64.78612410325115	
2670 NATALIE AVENUE	99705	-147.37533729840644	64.78638784818946	
1855 OSBORN COURT	99705	-147.3490169931153	64.78438942876949	
1290 ALOHA STREET	99705	-147.37991078526335	64.81007499876075	
3200 NATE CIRCLE	99705	-147.33062204194025	64.78653388428172	
3188 NATE CIRCLE	99705	-147.32966120630778	64.78652908745671	
2919 FREEMAN ROAD	99705	-147.34874152325577	64.84090198599174	
2923 FREEMAN ROAD	99705	-147.34859069433065	64.84040146258134	
2620 MUSKEG LANE	99705	-147.37752487699365	64.8179906139129	
1760 POOL STREET	99705	-147.33006096394666	64.78887513177632	
1768 POOL STREET	99705	-147.33008042581088	64.7886895639318	
1778 POOL STREET	99705	-147.3307414912092	64.78842643810955	
1790 TINA MARIE COURT	99705	-147.3179824181664	64.78743021727306	
3050 NATE CIRCLE	99705	-147.33449715293762	64.78522467828485	
3056 NATE CIRCLE	99705	-147.3336577811404	64.78528287243066	
3059 NATE CIRCLE	99705	-147.33367957465524	64.78462727502657	
3051 NATE CIRCLE	99705	-147.33473898518244	64.78472574547578	
3025 NATE CIRCLE	99705	-147.33755356115046	64.78565065567327	
3019 NATE CIRCLE	99705	-147.337791071729	64.7861564938539	
3011 NATE CIRCLE	99705	-147.3378623337095	64.78670185297814	
3005 NATE CIRCLE	99705	-147.33775549811278	64.78718489926717	
3026 NATE CIRCLE	99705	-147.33589936043307	64.78710699917042	
3217 NATE CIRCLE	99705	-147.33473423356398	64.78714167448841	
3032 NATE CIRCLE	99705	-147.33599632181102	64.78648449685343	
3038 NATE CIRCLE	99705	-147.33610350833746	64.78608538736854	
3044 NATE CIRCLE	99705	-147.33551937317483	64.78553960837081	
3045 NATE CIRCLE	99705	-147.33554412584482	64.7847411419276	
3041 NATE CIRCLE	99705	-147.33704330850895	64.78452703805311	
3029 NATE CIRCLE	99705	-147.33714659915762	64.78516697897675	
2784 JANEL AVENUE	99705	-147.36358568642643	64.83600341244004	
2831 JANEL AVENUE	99705	-147.35797314961204	64.83531465832192	
3450 DUNDEE LOOP	99705	-147.30332801956376	64.78842486936024	
3430 DUNDEE LOOP	99705	-147.3026733236027	64.78764690936089	
1803 BLACKBURN WAY	99705	-147.36008407741696	64.78497148374448	
2910 BEAR AVENUE	99705	-147.3497301465632	64.78823180867542	
3246 STOREY DRIVE	99705	-147.31438563896558	64.78563962423345	
2870 BEAR AVENUE	99705	-147.35458277449948	64.78845447552588	
1306 ALOHA STREET	99705	-147.37976802160557	64.80884533449483	
1851 DAWSON ROAD	99705	-147.3093545905208	64.78470875338043	
3285 STOREY DRIVE	99705	-147.31017014553302	64.78457385589412	
3271 STOREY DRIVE	99705	-147.31134803218944	64.78458711419394	
3215 STOREY DRIVE	99705	-147.31741926711132	64.78461846713897	
2634 COUNSELL LANE	99705	-147.379193351276	64.8122893254746	
656 BOTTLES STREET	99705	-147.3611101828798	64.83792668979814	
1825 OSBORN COURT	99705	-147.34867847366164	64.7867971113962	
1824 OSBORN COURT	99705	-147.34755868265538	64.78726858682549	
1823 OSBORN COURT	99705	-147.34915365005918	64.78719676990484	
1821 MOUNT WRANGELL STREET	99705	-147.3524466762107	64.78588354319572	
2889 BEAR AVENUE	99705	-147.35266312426225	64.78723844345632	
1788 DAWSON ROAD	99705	-147.30738482919625	64.78774632890232	
3149 NATE CIRCLE	99705	-147.32670843120013	64.78665898238837	
1733 POOL STREET	99705	-147.33143067695258	64.78968804592112	
3131 NATE CIRCLE	99705	-147.32620847019612	64.78583563200495	
3143 NATE CIRCLE	99705	-147.32632085501362	64.78624821960963	
3123 NATE CIRCLE	99705	-147.32662441323853	64.78479670084407	
3119 NATE CIRCLE	99705	-147.32726185261367	64.78443187856423	
3136 NATE CIRCLE	99705	-147.3274148348116	64.785872950971	
2780 BEAR AVENUE	99705	-147.36232336338125	64.7885012416432	
626 FLORENCE STREET	99705	-147.36523852826258	64.83939266830299	
2710 NATALIE AVENUE	99705	-147.37101193380738	64.78631370851474	
640 BLALOCK ROAD	99705	-147.3755005013245	64.84051329038519	
3325 DUNDEE LOOP	99705	-147.3064410080154	64.7861159155615	
3335 DUNDEE LOOP	99705	-147.30598478780962	64.78568175199035	
2862 JANEL AVENUE	99705	-147.35412554068833	64.83631776683491	
2831 VILLALOBOS AVENUE	99705	-147.35803364421042	64.83698049321343	
1740 POOL STREET	99705	-147.33037892178984	64.78918475259336	
740 ESTELLA STREET	99705	-147.31705231469712	64.83468279983745	
3127 NATE CIRCLE	99705	-147.326341667388	64.78511730968945	
3460 DUNDEE LOOP	99705	-147.30464667940183	64.78835545127022	
3440 DUNDEE LOOP	99705	-147.30295463895513	64.78811761532029	
1751 COACHMAN LANE	99705	-147.33669276674007	64.78953807631056	
2949 REPP ROAD	99705	-147.34548173610506	64.79089113892152	
1206 ZINSKI LANE	99705	-147.37963744732426	64.81319387677098	
1206 ZINSKI LANE	99705	-147.37967189724867	64.81326833297747	
1206 ZINSKI LANE	99705	-147.37969932200477	64.81331436836112	
1206 ZINSKI LANE	99705	-147.37963966625944	64.81350957765831	
1206 ZINSKI LANE	99705	-147.3796558217179	64.81393434535572	
601 CARL CROSMAN WAY	99705	-147.35447363997437	64.84032569421018	
635 CARL CROSMAN WAY	99705	-147.35194857650373	64.83890539417784	
3225 STOREY DRIVE	99705	-147.31648340693235	64.7846913374883	
3071 FINLEY COURT	99705	-147.3320379221065	64.7879091160567	
2849 VILLALOBOS AVENUE	99705	-147.35628645013063	64.8370097363145	
1961 CHRISTINE DRIVE	99705	-147.37882984398288	64.78919583103902	
1961 CHRISTINE DRIVE	99705	-147.37883778497988	64.7892641240177	
1951 CHRISTINE DRIVE	99705	-147.37867199124125	64.788720628355	
1951 CHRISTINE DRIVE	99705	-147.37867993168578	64.78878892134753	
1746 BLACKBURN WAY	99705	-147.365938961139	64.78623275990837	
738 ESTELLA STREET	99705	-147.3419362484297	64.83602654790036	
3693 HELENSDALE AVENUE	99705	-147.26678906201633	64.7543634938701	
2650 LANCELOT DRIVE EAST	99705	-147.23280857306705	64.748338776798	
4002 LANCELOT DRIVE NORTH	99705	-147.23440777302787	64.75108452886927	
3992 LANCELOT DRIVE NORTH	99705	-147.23518309186477	64.75118713931684	
3982 LANCELOT DRIVE NORTH	99705	-147.23620435651733	64.7512278320162	
3972 LANCELOT DRIVE NORTH	99705	-147.23738766869468	64.75115432019479	
2651 LANCELOT DRIVE WEST	99705	-147.23770667379728	64.74842742290963	
3998 HOLLENBECK AVENUE	99705	-147.2343219690905	64.74825812923106	
3980 HOLLENBECK AVENUE	99705	-147.23657188913862	64.74821092672276	
2641 LANCELOT DRIVE EAST	99705	-147.23453605839688	64.74886573397639	
2626 CAMELIARD COURT	99705	-147.26661798982525	64.74970444940676	
3758 AUNE COURT	99705	-147.26009916065976	64.75303414179565	
3766 AUNE COURT	99705	-147.25919398441386	64.75309633489864	
3774 AUNE COURT	99705	-147.2584123544339	64.7528305579318	
3725 HELENSDALE AVENUE	99705	-147.2650902983872	64.75394590367844	
3705 HELENSDALE AVENUE	99705	-147.26584551827085	64.75418378167922	
3745 GRETAS LANE	99705	-147.26177386500052	64.75056239882514	
3729 GRETAS LANE	99705	-147.26294506849356	64.75042739507805	
2625 NELLIE COURT	99705	-147.2615252330034	64.74974104566725	
2626 MATT DRIVE	99705	-147.26323147930685	64.74975363966178	
3777 AUNE COURT	99705	-147.25843746049108	64.75211463837448	
3769 AUNE COURT	99705	-147.2591069486011	64.75208388539998	
3761 AUNE COURT	99705	-147.26000162085157	64.75204262238931	
3753 AUNE COURT	99705	-147.26084498032614	64.752076945939	
3709 AUNE COURT	99705	-147.26494319947773	64.7520746852949	
3701 AUNE COURT	99705	-147.26535740712305	64.75237586452057	
3706 AUNE COURT	99705	-147.26544328187146	64.75265320000128	
3712 AUNE COURT	99705	-147.2649814059556	64.75307976715953	
3750 AUNE COURT	99705	-147.26094471872162	64.75304285518635	
3766 LYLE AVENUE	99705	-147.2591495109109	64.74857365798927	
3756 LYLE AVENUE	99705	-147.2608068418121	64.74843328880777	
3760 LYLE AVENUE	99705	-147.260764563869	64.74876384860926	
3740 LYLE AVENUE	99705	-147.26187358355207	64.74874333575896	
2612 HOUGHTON HILL DRIVE	99705	-147.2686226787347	64.75020360709942	
2625 CAMELIARD COURT	99705	-147.26757294481376	64.74957874157582	
3679 HELENSDALE AVENUE	99705	-147.2684950581104	64.75436860184165	
3710 HELENSDALE AVENUE	99705	-147.26575871091623	64.75497505219293	
3720 HELENSDALE AVENUE	99705	-147.2642643502681	64.75492785320176	
3730 HELENSDALE AVENUE	99705	-147.26346890079068	64.75453821651509	
3740 HELENSDALE AVENUE	99705	-147.2626543368238	64.75418863953679	
3790 HELENSDALE AVENUE	99705	-147.25869439564366	64.75481972141922	
2525 RONNIE COURT	99705	-147.27267169779316	64.7535782136322	
2545 ROXANNE STREET	99705	-147.27255750310633	64.75294954839501	
2555 ROXANNE STREET	99705	-147.27265359605113	64.75252616781896	
2605 HOUGHTON HILL DRIVE	99705	-147.267804226499	64.75086632546495	
2593 HOUGHTON HILL DRIVE	99705	-147.2673734586301	64.75140713368282	
2581 HOUGHTON HILL DRIVE	99705	-147.26750191392014	64.7518166500071	
2550 ELTHAM PARK COURT	99705	-147.26779340709524	64.75295420046254	
2533 ELTHAM PARK COURT	99705	-147.26845358377125	64.75333367741175	
2618 NOATAK DRIVE	99705	-147.27647521667856	64.75016581574938	
2592 NOATAK DRIVE	99705	-147.27620723046778	64.75090578064524	
2584 NOATAK DRIVE	99705	-147.27625096346347	64.75161870694109	
2566 NOATAK DRIVE	99705	-147.2760470837588	64.75210532968944	
2521 NOATAK DRIVE	99705	-147.2781687802342	64.75423418667275	
3580 NULATO DRIVE	99705	-147.27842167007856	64.75351745725672	
3585 HOONAH DRIVE	99705	-147.2786677566887	64.75085018592549	
3568 HOONAH DRIVE	99705	-147.28001454704346	64.75165986415459	
2513 HOUGHTON HILL DRIVE	99705	-147.27081976767056	64.75442838022843	
2529 HOUGHTON HILL DRIVE	99705	-147.27099357098774	64.75402848367216	
3983 LANCELOT DRIVE NORTH	99705	-147.23584163448166	64.75055972918433	
3743 LYLE AVENUE	99705	-147.26224046071755	64.74734837104091	
2609 HOUGHTON HILL DRIVE	99705	-147.26924153130724	64.75070688222883	
3664 LAURANCE ROAD	99705	-147.27000421077497	64.73402927973272	
2811 EDDIE LANE	99705	-147.2649838188671	64.7410801912648	
2635 LANCELOT DRIVE WEST	99705	-147.23828122059712	64.74891359501733	
2688 GORDON ROAD	99705	-147.23967125454524	64.74679281118715	
2694 GORDON ROAD	99705	-147.23962378086108	64.74648506633505	
2702 GORDON ROAD	99705	-147.23952263829364	64.7461191083426	
2710 GORDON ROAD	99705	-147.2397279243591	64.7457689762886	
2718 GORDON ROAD	99705	-147.23998628032635	64.74518608752037	
2631 LANCELOT DRIVE EAST	99705	-147.23460756349766	64.74923017417693	
2617 LANCELOT DRIVE EAST	99705	-147.2348410583619	64.75004864010103	
2603 LANCELOT DRIVE EAST	99705	-147.23452831213194	64.75060086271597	
2604 LANCELOT DRIVE WEST	99705	-147.23655094018795	64.7504481548514	
2654 GORDON ROAD	99705	-147.2398437598583	64.74824700021566	
2644 GORDON ROAD	99705	-147.24002223484516	64.7487620927925	
2634 GORDON ROAD	99705	-147.23987373386404	64.74920713151832	
2640 LANCELOT DRIVE EAST	99705	-147.2326173018528	64.7490327184673	
2628 LANCELOT DRIVE EAST	99705	-147.2330091474709	64.74945776586604	
2618 LANCELOT DRIVE EAST	99705	-147.2330942493935	64.74994758740979	
2606 LANCELOT DRIVE EAST	99705	-147.23310130569706	64.75046547812322	
2610 LANCELOT DRIVE WEST	99705	-147.23841227064491	64.7511603407527	
2607 LANCELOT DRIVE WEST	99705	-147.23801068428244	64.75045794637202	
2615 LANCELOT DRIVE WEST	99705	-147.23810922100807	64.75007754127354	
2625 LANCELOT DRIVE WEST	99705	-147.2382904233819	64.74938888930181	
3967 HOLLENBECK AVENUE	99705	-147.23802628595402	64.74742767542298	
3975 HOLLENBECK AVENUE	99705	-147.23705097005154	64.74757655799864	
3991 HOLLENBECK AVENUE	99705	-147.23484666383465	64.74766511403409	
2688 GAIN STREET	99705	-147.2354328679976	64.74679464395356	
3613 LAURANCE ROAD	99705	-147.27561939969448	64.73310546767185	
3751 LAURANCE ROAD	99705	-147.2583503225738	64.73260567878614	
3781 CHRISTIE DRIVE	99705	-147.2588826891558	64.73749629129502	
3779 CHRISTIE DRIVE	99705	-147.25912924203652	64.73750198045691	
2766 NELSON ROAD	99705	-147.25467913813756	64.74319189449722	
2813 NELSON ROAD	99705	-147.25983247385506	64.74133704718389	
2590 ROXANNE STREET	99705	-147.27072445891528	64.75117786420141	
2681 NELSON ROAD	99705	-147.2603945106531	64.74645475366633	
3693 HELENSDALE AVENUE	99705	-147.26696609580398	64.75434686515186	
2785 EDDIE LANE	99705	-147.2653074567992	64.74225094985448	
2616 LANCELOT DRIVE WEST	99705	-147.23615318503548	64.7501333600764	
2626 LANCELOT DRIVE WEST	99705	-147.2365636205397	64.74967691339783	
2634 LANCELOT DRIVE WEST	99705	-147.2363928098952	64.74923022009901	
2644 LANCELOT DRIVE WEST	99705	-147.236600568828	64.74877880565295	
2614 GORDON ROAD	99705	-147.23939446820373	64.7500303203741	
2606 GORDON ROAD	99705	-147.23971498080846	64.75054113716054	
2586 GORDON ROAD	99705	-147.24006104847308	64.75142125147693	
2680 GORDON ROAD	99705	-147.23963075654163	64.74710944137884	
3950 TRENT AVENUE	99705	-147.239990663249	64.74452773908672	
3960 TRENT AVENUE	99705	-147.2387845955518	64.74509299154683	
3962 TRENT AVENUE	99705	-147.23875528568968	64.74527849932508	
2756 GORDON ROAD	99705	-147.24008650368373	64.74392967219384	
2751 SILVER STREET	99705	-147.24489932431533	64.74479845443437	
2743 SILVER STREET	99705	-147.24596552632337	64.74479065741319	
2737 SILVER STREET	99705	-147.24709451733608	64.74476426987702	
2729 SILVER STREET	99705	-147.24837453813163	64.74461484375895	
2681 SILVER STREET	99705	-147.24889791471793	64.74695310961508	
2673 SILVER STREET	99705	-147.24780637142015	64.74732804864708	
2665 SILVER STREET	99705	-147.2476306350568	64.74771357156493	
2795 GORDON ROAD	99705	-147.24417314171487	64.74203200095164	
2783 GORDON ROAD	99705	-147.2437795819434	64.74252282647538	
2765 GORDON ROAD	99705	-147.24154716428697	64.74275087089704	
3895 ISMO DRIVE	99705	-147.24559190091117	64.74303737797419	
3887 ISMO DRIVE	99705	-147.24644958835881	64.74305894721941	
3879 ISMO DRIVE	99705	-147.24722862576382	64.74295959314945	
3873 ISMO DRIVE	99705	-147.24805690098793	64.74301054797033	
3888 ISMO DRIVE	99705	-147.2462082320071	64.74391128726462	
3894 ISMO DRIVE	99705	-147.245391011906	64.74389725646029	
3906 ISMO DRIVE	99705	-147.2446401505271	64.74376734924824	
3916 ISMO DRIVE	99705	-147.24362545259658	64.74380564861583	
3924 ISMO DRIVE	99705	-147.2426849015352	64.74378414282947	
2666 SILVER STREET	99705	-147.2460838748821	64.74771801159208	
3651 ANTON AVENUE	99705	-147.27033552523847	64.73473491080748	
3659 ANTON AVENUE	99705	-147.26904677867236	64.73471546314515	
3686 ANTON AVENUE	99705	-147.26705159926001	64.73519231817538	
2930 IRENE MAE STREET	99705	-147.26710449786546	64.73575474523436	
3675 MCVEY AVENUE	99705	-147.2688093993571	64.73626811641505	
2922 CECILE STREET	99705	-147.27072970169445	64.73616894063156	
2746 SILVER STREET	99705	-147.24574641308502	64.74552077286522	
2754 SILVER STREET	99705	-147.24484338308665	64.7454782655133	
2707 AMBERWOOD COURT	99705	-147.2442851275909	64.74593462061297	
2710 AMBERWOOD COURT	99705	-147.24354758821303	64.74592746483677	
3915 SABRINA COURT	99705	-147.2436262301585	64.74648235778137	
3911 SABRINA COURT	99705	-147.2446990614321	64.74677162244092	
3908 SABRINA COURT	99705	-147.24363994523978	64.74701240154789	
3930 SABRINA COURT	99705	-147.24177121697187	64.74700451299864	
3831 LYLE AVENUE	99705	-147.2525177905344	64.7469525101325	
2760 NELSON ROAD	99705	-147.25444297379929	64.7433588389043	
2800 NELSON ROAD	99705	-147.2565795945383	64.74143610322598	
2874 NELSON ROAD	99705	-147.2568653903258	64.73827093938029	
2961 NELSON ROAD	99705	-147.25895556739337	64.73460812162418	
3752 CHRISTIE DRIVE	99705	-147.26328206934727	64.73756533145173	
3750 CHRISTIE DRIVE	99705	-147.26351437732737	64.73739654246667	
3763 CHRISTIE DRIVE	99705	-147.2604170954342	64.73727317885573	
3765 CHRISTIE DRIVE	99705	-147.26051013903106	64.7371199398233	
3767 CHRISTIE DRIVE	99705	-147.26059375492719	64.7369957517319	
3761 SILVERLEAF AVENUE	99705	-147.2600536735488	64.73895809463913	
3762 SILVERLEAF AVENUE	99705	-147.26028388798392	64.73976809979706	
3698 LAURANCE ROAD	99705	-147.26661429046897	64.73405093310961	
3688 LAURANCE ROAD	99705	-147.2677740641346	64.73406218219134	
3676 LAURANCE ROAD	99705	-147.2688052739269	64.73403975061969	
2932 CECILE STREET	99705	-147.27081811075183	64.73572828434682	
2799 TEMPLETON STREET	99705	-147.26752343415967	64.7418980538268	
2677 NELSON ROAD	99705	-147.25889208106497	64.74705906204616	
3751 LYLE AVENUE	99705	-147.25987625338158	64.74781300948793	
3757 LYLE AVENUE	99705	-147.2600312970932	64.74718697406625	
2785 DAGAN CIRCLE	99705	-147.27637061705602	64.74758048618553	
2946 CECILE STREET	99705	-147.2706397825766	64.73521648019373	
2912 SEAVY DRIVE	99705	-147.27374182984437	64.73670092608192	
2906 SEAVY DRIVE	99705	-147.27394400898217	64.73718063332666	
3643 FROSTY AVENUE	99705	-147.2718591074495	64.7371912473654	
2911 CECILE STREET	99705	-147.2719961801138	64.73672375168832	
2921 CECILE STREET	99705	-147.27207898655314	64.73627901110511	
2898 CECILE STREET	99705	-147.27050826914908	64.73727711726411	
2890 CECILE STREET	99705	-147.27044738910044	64.73770218291955	
3624 FROSTY AVENUE	99705	-147.27348372494214	64.73768580013899	
2872 SEAVY DRIVE	99705	-147.273665360371	64.73842554242027	
3649 SILVERLEAF AVENUE	99705	-147.27226837349485	64.7397838989582	
3655 SILVERLEAF AVENUE	99705	-147.27129730760194	64.73953734493622	
3661 SILVERLEAF AVENUE	99705	-147.27011799580555	64.73910243001619	
3675 SILVERLEAF AVENUE	99705	-147.26910714962762	64.73897978411856	
2826 WOLFPACK STREET	99705	-147.26695223687642	64.74054031716616	
2829 WOLFPACK STREET	99705	-147.2685324271458	64.7404698782377	
2841 WOLFPACK STREET	99705	-147.26844529295008	64.74004779739992	
3686 SILVERLEAF AVENUE	99705	-147.269384162805	64.73966626864679	
3652 SILVERLEAF AVENUE	99705	-147.27127642796964	64.74031154896683	
2794 EDDIE LANE	99705	-147.2629883190276	64.74197993986881	
2806 EDDIE LANE	99705	-147.26312617997692	64.7414898319282	
2797 EDDIE LANE	99705	-147.26496579962267	64.74206421645292	
2805 TEMPLETON STREET	99705	-147.26766647836047	64.74121770606736	
2775 DAGAN CIRCLE	99705	-147.27687623626016	64.7468772219127	
2765 DAGAN CIRCLE	99705	-147.27685059121728	64.74630085402835	
2755 DAGAN CIRCLE	99705	-147.27611439634367	64.74546820293101	
2780 DAGAN CIRCLE	99705	-147.27867459054644	64.74746135693401	
3610 SILVERLEAF AVENUE	99705	-147.27613366731603	64.740226372153	
2853 MARATHON WAY	99705	-147.28020129598016	64.7392737460564	
2864 SOCCER COURT	99705	-147.27561404354915	64.73850678815256	
3927 ISMO DRIVE	99705	-147.24228613344619	64.74301376571964	
3919 ISMO DRIVE	99705	-147.24311598705327	64.74306539159967	
3911 ISMO DRIVE	99705	-147.24395634125835	64.74299140449088	
3903 ISMO DRIVE	99705	-147.24480397303208	64.74325389922186	
3863 ISMO DRIVE	99705	-147.24884524030472	64.74304550593915	
3864 ISMO DRIVE	99705	-147.2488584451439	64.74377315399784	
3872 ISMO DRIVE	99705	-147.2480478767009	64.74378735904081	
3880 ISMO DRIVE	99705	-147.24703132618217	64.74398517311523	
2747 GORDON ROAD	99705	-147.24175035316625	64.74408053700022	
2781 SILVER STREET	99705	-147.24166283373836	64.74476106216068	
2771 SILVER STREET	99705	-147.24247872895154	64.74482851566735	
2765 SILVER STREET	99705	-147.24373497967147	64.74481956108151	
2721 SILVER STREET	99705	-147.24863466417227	64.74499879020787	
2715 SILVER STREET	99705	-147.24835558931179	64.74550543297683	
2707 SILVER STREET	99705	-147.2484953400002	64.74597466750242	
2695 SILVER STREET	99705	-147.2482966684076	64.74645149723817	
2678 SILVER STREET	99705	-147.24636515475962	64.7473194244451	
2684 SILVER STREET	99705	-147.246795997417	64.74689376122357	
2698 SILVER STREET	99705	-147.2467091962149	64.74641699246351	
2708 SILVER STREET	99705	-147.24669077669174	64.74604086275556	
2720 SILVER STREET	99705	-147.2468090689571	64.74551972498696	
2716 AMBERWOOD COURT	99705	-147.24290478260275	64.7454781209153	
2782 SILVER STREET	99705	-147.24172135094372	64.74540187014692	
2705 GORDON ROAD	99705	-147.24143760246312	64.74582882594152	
3927 SABRINA COURT	99705	-147.24167782083487	64.7464521428334	
2663 GORDON ROAD	99705	-147.24149907654922	64.74762288780364	
3921 LYLE AVENUE	99705	-147.2425391113709	64.74761939942636	
3913 LYLE AVENUE	99705	-147.24365623594295	64.74768409032552	
2820 NELSON ROAD	99705	-147.25610915927425	64.74017081323906	
2822 NELSON ROAD	99705	-147.2564524672484	64.74018065042237	
3830 KINDRED SPIRIT LANE	99705	-147.2517898006304	64.74015510558655	
3723 CHRISTIE DRIVE	99705	-147.26234156227957	64.73565042765217	
3741 CHRISTIE DRIVE	99705	-147.26145029785235	64.73675943532612	
3761 CHRISTIE DRIVE	99705	-147.26033520145972	64.73739893930427	
3695 SILVERLEAF AVENUE	99705	-147.26675496238596	64.73894727331248	
3694 SILVERLEAF AVENUE	99705	-147.26727097681044	64.73953967098858	
2840 WOLFPACK STREET	99705	-147.26736936476817	64.73994497043432	
2811 NELSON ROAD	99705	-147.25981471873138	64.74120740938977	
2767 NELSON ROAD	99705	-147.2589620812609	64.74329609214972	
3745 SILVERLEAF AVENUE	99705	-147.2613568802279	64.73893724406983	
3721 SILVERLEAF AVENUE	99705	-147.26412153157233	64.73902697707015	
3736 SILVERLEAF AVENUE	99705	-147.2625567502216	64.73987944929951	
3654 LAURANCE ROAD	99705	-147.27158689023412	64.73406547456744	
3630 LAURANCE ROAD	99705	-147.2738161374164	64.73400716983839	
3633 ANTON AVENUE	99705	-147.2733743169064	64.73471171083482	
3645 ANTON AVENUE	99705	-147.27201499929672	64.73478003585306	
2920 IRENE MAE STREET	99705	-147.26690790788868	64.73624704653356	
2910 IRENE MAE STREET	99705	-147.26733117059737	64.73669237382168	
2900 IRENE MAE STREET	99705	-147.26699962755586	64.73710092851505	
2933 IRENE MAE STREET	99705	-147.26853886772037	64.7356920292401	
3640 ANTON AVENUE	99705	-147.27220558300934	64.73521282612712	
3630 ANTON AVENUE	99705	-147.2736075666001	64.73522833088539	
2932 SEAVY DRIVE	99705	-147.27378372863737	64.7357856205922	
2922 SEAVY DRIVE	99705	-147.27369169655373	64.7362531179211	
2931 CECILE STREET	99705	-147.27209482854454	64.73585977959243	
3670 MCVEY AVENUE	99705	-147.26870350310384	64.7367411458804	
2908 CECILE STREET	99705	-147.2703579957443	64.73679291017325	
2889 IRENE MAE STREET	99705	-147.26905101691165	64.73735108119999	
2850 IRENE MAE STREET	99705	-147.27093317648692	64.73863752133289	
2862 IRENE MAE STREET	99705	-147.26979519771706	64.73838624471277	
2876 IRENE MAE STREET	99705	-147.26807433838468	64.73817932815922	
2886 IRENE MAE STREET	99705	-147.26682434563446	64.7380866389147	
3685 SILVERLEAF AVENUE	99705	-147.2678319836078	64.73883066428574	
2755 NELSON ROAD	99705	-147.25929955109154	64.74402713582234	
3590 SILVERLEAF AVENUE	99705	-147.27806379958312	64.73991053887606	
3580 SILVERLEAF AVENUE	99705	-147.27899833545646	64.7397862737488	
2835 MARATHON WAY	99705	-147.28020926046779	64.73997393035603	
2760 EDDIE LANE	99705	-147.2635796856696	64.74330250161346	
2803 EDDIE LANE	99705	-147.26459037209773	64.7414708703107	
2787 TEMPLETON STREET	99705	-147.26747901384735	64.7423578934033	
3676 BUMPY ROAD	99705	-147.26936502685007	64.74128181779798	
2818 SEAVY DRIVE	99705	-147.2719328142946	64.74104289331375	
2790 SEAVY DRIVE	99705	-147.27196510681205	64.74199778946556	
3763 LYLE AVENUE	99705	-147.2589729514864	64.74771823500885	
3701 LYLE AVENUE	99705	-147.26530400184944	64.74679885046105	
3691 LYLE AVENUE	99705	-147.2673111808398	64.74749432512914	
2745 DAGAN CIRCLE	99705	-147.27642216615996	64.74506570297632	
2735 DAGAN CIRCLE	99705	-147.27790098351045	64.74490565892914	
2725 DAGAN CIRCLE	99705	-147.27912515432072	64.74472035480595	
2670 DAGAN CIRCLE	99705	-147.28010520164148	64.74750802364913	
2690 DAGAN CIRCLE	99705	-147.2799381899919	64.74622180464543	
2720 DAGAN CIRCLE	99705	-147.27921942193123	64.7455403583552	
2770 DAGAN CIRCLE	99705	-147.2786347523567	64.74611941613438	
3045 ERNA COURT	99705	-147.2669160908293	64.73061783869268	
3055 ERNA COURT	99705	-147.2662961529114	64.73023061028287	
3050 ERNA COURT	99705	-147.26540669887308	64.73052338226542	
3719 BUMPY ROAD	99705	-147.26447827866	64.74045143700144	
2905 NELSON ROAD	99705	-147.2591885960521	64.73689231013216	
3079 NUTTALL LANE	99705	-147.27772241966636	64.72928308863528	
2621 LANCELOT DRIVE EAST	99705	-147.23463082700025	64.74956643203669	
2596 GORDON ROAD	99705	-147.2401615144934	64.75095568785159	
2927 NELSON ROAD	99705	-147.25919105442136	64.73634884771084	
3828 CARRIAGE COURT	99705	-147.25199680369516	64.73780994320965	
2840 IRENE MAE STREET	99705	-147.2721003260143	64.7390545796931	
3845 LYLE AVENUE	99705	-147.25093379675786	64.74700024723151	
3811 LYLE AVENUE	99705	-147.25512843302178	64.74722440647949	
3839 LYLE AVENUE	99705	-147.25073417106702	64.74726638919348	
3855 LYLE AVENUE	99705	-147.2500219584403	64.74695589220013	
3849 LYLE AVENUE	99705	-147.24989205121173	64.74760291125412	
3809 LYLE AVENUE	99705	-147.25520013928335	64.74750458026215	
3819 LYLE AVENUE	99705	-147.25503994814986	64.7466851495261	
3825 LYLE AVENUE	99705	-147.25434293363483	64.74679518790869	
3823 LYLE AVENUE	99705	-147.25392078529904	64.74711287168434	
2681 GAIN STREET	99705	-147.23731305067022	64.74619699698694	
3065 AMANDA LOOP	99705	-147.2644188921305	64.73116703668407	
3905 BRANCH AVENUE	99705	-147.24454559625696	64.75137085785863	
3913 BRANCH AVENUE	99705	-147.24360338055496	64.75111591544126	
3923 BRANCH AVENUE	99705	-147.2424332952741	64.75095892511388	
2591 GORDON ROAD	99705	-147.2414201046917	64.75114778205936	
2609 SILVER STREET	99705	-147.2472107075917	64.75018997513887	
2591 SILVER STREET	99705	-147.2474617070975	64.75079327994983	
2605 GORDON ROAD	99705	-147.24219683604056	64.7503306381066	
3910 TILLESON WAY	99705	-147.24421265927225	64.75020045076255	
3916 LYLE AVENUE	99705	-147.24335217866297	64.74846252324161	
3906 LYLE AVENUE	99705	-147.2446234317162	64.7484114181403	
3894 LYLE AVENUE	99705	-147.24567265219062	64.748411825112	
2642 SILVER STREET	99705	-147.24573787557873	64.74887482446154	
2588 SILVER STREET	99705	-147.2457704379195	64.75129485806404	
3871 BRANCH AVENUE	99705	-147.24767647451958	64.75132906719098	
3861 KENSINGTON AVENUE	99705	-147.24881249297778	64.75268860492191	
2558 TANGO DRIVE	99705	-147.2474814709979	64.75258765758417	
3922 KENSINGTON AVENUE	99705	-147.2429588909415	64.75335748795347	
3846 KENSINGTON AVENUE	99705	-147.2512031817074	64.75336991025135	
3832 KENSINGTON AVENUE	99705	-147.25244731657347	64.75341936502478	
3820 KENSINGTON AVENUE	99705	-147.253568000371	64.75327102684821	
2588 GOLD STREET	99705	-147.2492824845408	64.75125319016288	
2642 GOLD STREET	99705	-147.24936565773604	64.7488873135366	
2651 GOLD STREET	99705	-147.2511914598396	64.74839751395055	
2631 GOLD STREET	99705	-147.25087227649084	64.7493476654387	
2596 DIAMOND STREET	99705	-147.2523717394465	64.7506854127878	
2610 DIAMOND STREET	99705	-147.2528624861429	64.7503451046372	
2622 DIAMOND STREET	99705	-147.2525156552655	64.74978024965579	
2630 DIAMOND STREET	99705	-147.2521026038639	64.74930423523672	
2633 DIAMOND STREET	99705	-147.25461135920094	64.74922682140817	
2623 DIAMOND STREET	99705	-147.25479314223082	64.74963809084564	
2613 DIAMOND STREET	99705	-147.2547119383755	64.7499334369443	
2605 DIAMOND STREET	99705	-147.25451894579342	64.7504874006383	
2604 NELSON ROAD	99705	-147.2569342511045	64.7504336840006	
2616 NELSON ROAD	99705	-147.25690455039282	64.7500114394863	
2624 NELSON ROAD	99705	-147.25671622951455	64.74953493123547	
2630 NELSON ROAD	99705	-147.2567330234848	64.7490633031525	
3900 BRANCH AVENUE	99705	-147.24528267524678	64.75186253466809	
3888 BRANCH AVENUE	99705	-147.24633097557341	64.75194273944875	
3866 BRANCH AVENUE	99705	-147.24887421435838	64.75197415134794	
3810 BRANCH AVENUE	99705	-147.25430414560662	64.75206599536223	
3800 BRANCH AVENUE	99705	-147.25581123005088	64.75177788914932	
3788 BRANCH AVENUE	99705	-147.25705418565994	64.75192344293573	
3789 KENSINGTON AVENUE	99705	-147.2568164875158	64.75265356181208	
3845 KENSINGTON AVENUE	99705	-147.25115698218852	64.75263441817391	
3810 KENSINGTON AVENUE	99705	-147.25443574979013	64.75336212918835	
3809 BLESSING AVENUE	99705	-147.2543337326235	64.75426825230052	
3821 BLESSING AVENUE	99705	-147.25328200651273	64.75428211154474	
3831 BLESSING AVENUE	99705	-147.2523274863395	64.75428975147244	
3845 BLESSING AVENUE	99705	-147.25092150949536	64.7542332907408	
3851 BLESSING AVENUE	99705	-147.2500823381245	64.75425885310815	
3909 BLESSING AVENUE	99705	-147.24381188942738	64.75428415471721	
3921 BLESSING AVENUE	99705	-147.2428321743362	64.75418436643807	
3931 BLESSING AVENUE	99705	-147.24167099410928	64.7542667934955	
3932 BLESSING AVENUE	99705	-147.24164990203607	64.75500721209401	
3878 BLESSING AVENUE	99705	-147.24766789206467	64.75480900095295	
3866 BLESSING AVENUE	99705	-147.2486700995599	64.75493902998849	
3854 BLESSING AVENUE	99705	-147.24980680158322	64.75487065080758	
3846 BLESSING AVENUE	99705	-147.25100925306162	64.75481437197114	
3790 BLESSING AVENUE	99705	-147.25689483420544	64.75476736355785	
2599 GOLD STREET	99705	-147.25089801889297	64.75083368833366	
3841 BRANCH AVENUE	99705	-147.25142245613483	64.7512213578821	
2586 DIAMOND STREET	99705	-147.25232839283728	64.7512720658101	
2644 DIAMOND STREET	99705	-147.25288552658284	64.74890541655668	
3830 LYLE AVENUE	99705	-147.2527455650314	64.74826990473983	
3810 LYLE AVENUE	99705	-147.25497687776448	64.74827408154977	
3911 TILLESON WAY	99705	-147.24360428835885	64.74919479723003	
3919 TILLESON WAY	99705	-147.24264945071332	64.74991475154958	
2645 GORDON ROAD	99705	-147.2417553499623	64.74860424915549	
3924 LYLE AVENUE	99705	-147.2424570050438	64.74848463823521	
2630 SILVER STREET	99705	-147.24587677107388	64.74929849173941	
2620 SILVER STREET	99705	-147.24577593959927	64.74982082198844	
2610 SILVER STREET	99705	-147.24631276078193	64.75022134408343	
2590 SILVER STREET	99705	-147.24553896491338	64.7508205951315	
3876 LYLE AVENUE	99705	-147.24796930735457	64.74832544259853	
2641 SILVER STREET	99705	-147.24775936391518	64.74882715332734	
2629 SILVER STREET	99705	-147.24756946874552	64.74923055385696	
2617 SILVER STREET	99705	-147.24728792382638	64.74984129964037	
2598 GOLD STREET	99705	-147.24930338839656	64.75073682118952	
2610 GOLD STREET	99705	-147.24949183721426	64.75025928258896	
2620 GOLD STREET	99705	-147.2489740856689	64.74981617107476	
2630 GOLD STREET	99705	-147.24937799306142	64.74932801919863	
2619 GOLD STREET	99705	-147.25096095269274	64.74985622659518	
2609 GOLD STREET	99705	-147.2508635433532	64.75038897426397	
2641 DIAMOND STREET	99705	-147.25472931597218	64.74884877567388	
3789 BLESSING AVENUE	99705	-147.2568856902936	64.75423451688191	
3799 BLESSING AVENUE	99705	-147.25556635730166	64.75415313850802	
3863 BLESSING AVENUE	99705	-147.24880536713522	64.7542165926087	
3877 BLESSING AVENUE	99705	-147.24732332548888	64.7542548788544	
3887 BLESSING AVENUE	99705	-147.2461570541362	64.75427571659971	
2597 DIAMOND STREET	99705	-147.25424488969506	64.7508729945069	
3809 BRANCH AVENUE	99705	-147.2547905295704	64.75135750554651	
3791 BRANCH AVENUE	99705	-147.25707144066723	64.75127632128691	
2596 NELSON ROAD	99705	-147.2570102901865	64.75080049209777	
2644 NELSON ROAD	99705	-147.25693080631729	64.74881056246467	
3790 LYLE AVENUE	99705	-147.25718723625275	64.74822575333802	
3932 BRANCH AVENUE	99705	-147.2417757547709	64.75195307789468	
3922 BRANCH AVENUE	99705	-147.242589888128	64.7519650530673	
3910 BRANCH AVENUE	99705	-147.2440146372412	64.7518506976201	
3852 BRANCH AVENUE	99705	-147.25004221261034	64.75208418216889	
3844 BRANCH AVENUE	99705	-147.25098205438485	64.75199259958859	
3832 BRANCH AVENUE	99705	-147.25239103815386	64.75198992582406	
3799 KENSINGTON AVENUE	99705	-147.25587480661042	64.7525219298752	
3809 KENSINGTON AVENUE	99705	-147.2544432731575	64.75276804027983	
3821 KENSINGTON AVENUE	99705	-147.2533381572183	64.75269939084666	
3831 KENSINGTON AVENUE	99705	-147.25257819784204	64.75261465790616	
3887 KENSINGTON AVENUE	99705	-147.2464939915165	64.75280510064503	
3911 KENSINGTON AVENUE	99705	-147.24390161380734	64.75262464770596	
2557 GORDON ROAD	99705	-147.2415992888686	64.7526287422072	
3888 KENSINGTON AVENUE	99705	-147.24659421121117	64.75361647275413	
2540 TANGO DRIVE	99705	-147.2475266892316	64.75349762939953	
3854 KENSINGTON AVENUE	99705	-147.24994113577537	64.75342007577227	
3800 KENSINGTON AVENUE	99705	-147.2557099242524	64.75341398780688	
3788 KENSINGTON AVENUE	99705	-147.25696744396473	64.75343741950421	
3899 BLESSING AVENUE	99705	-147.2453424859562	64.75399787210831	
3742 AUNE COURT	99705	-147.26164592625452	64.753164436642	
2535 NELSON ROAD	99705	-147.25907920675337	64.7536266567981	
3785 HELENSDALE AVENUE	99705	-147.25888286354095	64.75411074219336	
3765 HELENSDALE AVENUE	99705	-147.26031092565944	64.75356567984885	
3745 HELENSDALE AVENUE	99705	-147.26313790987308	64.75362652716068	
3735 HELENSDALE AVENUE	99705	-147.26417268584257	64.75379635355075	
3922 BLESSING AVENUE	99705	-147.24284985739465	64.75496479207649	
3910 BLESSING AVENUE	99705	-147.24400319068033	64.7549147738904	
3832 BLESSING AVENUE	99705	-147.25228915942304	64.75480443696306	
3822 BLESSING AVENUE	99705	-147.25339224557104	64.75485415186495	
3810 BLESSING AVENUE	99705	-147.25439181080876	64.75494123037049	
3800 BLESSING AVENUE	99705	-147.25566167373597	64.7547392853921	
3708 LYLE AVENUE	99705	-147.26600366384795	64.74859312065838	
2602 HOUGHTON HILL DRIVE	99705	-147.26679954655407	64.75049514885502	
2620 NELLIE COURT	99705	-147.25914990593	64.74996020335126	
3775 GRETAS LANE	99705	-147.25878363168803	64.7504612887796	
3763 GRETAS LANE	99705	-147.25980021132364	64.75048710381748	
2605 MATT DRIVE	99705	-147.26531718137522	64.75038352196724	
3728 GRETAS LANE	99705	-147.2629890160762	64.75137149457294	
3750 GRETAS LANE	99705	-147.2614395789492	64.75110996547866	
3760 GRETAS LANE	99705	-147.26041250865498	64.75122158266423	
3768 GRETAS LANE	99705	-147.25878587171619	64.75117681861181	
3745 AUNE COURT	99705	-147.2616462955996	64.7520405021352	
3737 AUNE COURT	99705	-147.26247098421086	64.75206908709659	
3729 AUNE COURT	99705	-147.26335350618075	64.75213814721741	
3721 AUNE COURT	99705	-147.26421626429604	64.75210819371837	
3718 AUNE COURT	99705	-147.26426818846048	64.75284720339538	
3726 AUNE COURT	99705	-147.26338567680315	64.75280428149239	
3734 AUNE COURT	99705	-147.26253610015405	64.7528607514406	
2520 HOUGHTON HILL DRIVE	99705	-147.26987108308776	64.75424318306074	
3666 HELENSDALE AVENUE	99705	-147.269516256761	64.75491090084819	
3750 HELENSDALE AVENUE	99705	-147.2620815017413	64.754848037144	
3760 HELENSDALE AVENUE	99705	-147.26091739229662	64.75493317003878	
3770 HELENSDALE AVENUE	99705	-147.2606423674553	64.75425431195305	
3780 HELENSDALE AVENUE	99705	-147.2595607286496	64.75486049697497	
3650 LYLE AVENUE	99705	-147.27118707144368	64.74823253961192	
3640 LYLE AVENUE	99705	-147.27247270578798	64.74825371684464	
2540 ROXANNE STREET	99705	-147.27141729684757	64.7529830782703	
2560 ROXANNE STREET	99705	-147.27110552976924	64.75251513271873	
2615 HOUGHTON HILL DRIVE	99705	-147.27011089825845	64.7507453462322	
2569 HOUGHTON HILL DRIVE	99705	-147.26820832753785	64.75214536145835	
2561 HOUGHTON HILL DRIVE	99705	-147.26879366787662	64.75230708965863	
2553 HOUGHTON HILL DRIVE	99705	-147.2694054356174	64.7529545990767	
2538 HOUGHTON HILL DRIVE	99705	-147.26952206745972	64.75369959260264	
3601 KALTAG DRIVE	99705	-147.2769887603255	64.74874271984554	
3613 KALTAG DRIVE	99705	-147.27577754963693	64.7487773776812	
2632 NOATAK DRIVE	99705	-147.2761441330144	64.74955086201228	
2520 NOATAK DRIVE	99705	-147.27653600293885	64.75419659148717	
2512 NOATAK DRIVE	99705	-147.27642666042266	64.7546995962057	
2507 NOATAK DRIVE	99705	-147.27804355769132	64.75505417657112	
3587 KALTAG DRIVE	99705	-147.2779032810471	64.74830385341454	
3571 HOONAH DRIVE	99705	-147.2799264096078	64.75075566895858	
3569 NULATO DRIVE	99705	-147.28000736028503	64.75263733304078	
3585 NULATO DRIVE	99705	-147.27865955121962	64.75282887295886	
3725 DUBIA ROAD	99705	-147.26351916544272	64.75564137990878	
3641 DUBIA ROAD	99705	-147.2720351179799	64.7554678659247	
3791 DUBIA ROAD	99705	-147.25653975407724	64.75562055235498	
2855 MARATHON WAY	99705	-147.28017966447734	64.73911169145192	
2860 MARATHON WAY	99705	-147.27893784641145	64.73893168876339	
3591 SILVERLEAF AVENUE	99705	-147.27788572006358	64.73942925817322	
3609 SILVERLEAF AVENUE	99705	-147.27620469508335	64.73980293180544	
3601 BIATHALON AVENUE	99705	-147.2767668982183	64.73784234536089	
3617 BIATHALON AVENUE	99705	-147.2755535337915	64.73784764765222	
3581 MANDEVILLE LOOP	99705	-147.27763372851118	64.73617807763834	
3614 LAURANCE ROAD	99705	-147.27587824836948	64.73426966224352	
3607 JOGGERS COURT	99705	-147.27551220052544	64.73476114053145	
2909 SEAVY DRIVE	99705	-147.27550793765764	64.7370532486099	
2919 SEAVY DRIVE	99705	-147.27553405887363	64.73641359408634	
3595 JOGGERS COURT	99705	-147.27746480335654	64.73486812684028	
3572 MANDEVILLE LOOP	99705	-147.28016219631178	64.73616287194962	
3582 MANDEVILLE LOOP	99705	-147.27920723820483	64.73601201520108	
3571 JOAN AVENUE	99705	-147.280182057814	64.73169697236821	
3020 MIKE LANE	99705	-147.27861718410955	64.73198210692581	
3589 JOAN AVENUE	99705	-147.27646646692207	64.73173091726774	
3062 PROBERT DRIVE	99705	-147.2800575018119	64.73112357695017	
3092 PROBERT DRIVE	99705	-147.27766875494862	64.73112955256578	
3622 RON CIRCLE	99705	-147.2740292357055	64.73073441266594	
2860 SOCCER COURT	99705	-147.2759046372896	64.7391752773537	
2865 SOCCER COURT	99705	-147.27678382878867	64.73856334756067	
3588 BIATHALON AVENUE	99705	-147.27813936800808	64.73843966983196	
3573 BIATHALON AVENUE	99705	-147.2797088722921	64.73775989012435	
3591 BIATHALON AVENUE	99705	-147.27852704750126	64.73779569460352	
3608 JOGGERS COURT	99705	-147.27549229574325	64.73549790937368	
3602 JOGGERS COURT	99705	-147.27661596202597	64.73542363231088	
3600 JOGGERS COURT	99705	-147.2775895009215	64.73570246685041	
3591 JOGGERS COURT	99705	-147.2791050946676	64.73492316754255	
3585 MANDEVILLE LOOP	99705	-147.277659906718	64.73654785872947	
3591 MANDEVILLE LOOP	99705	-147.27774894089825	64.73694654451916	
3597 MANDEVILLE LOOP	99705	-147.27784057045656	64.73726641181426	
3577 MANDEVILLE LOOP	99705	-147.2799904422606	64.73532973663461	
3588 MANDEVILLE LOOP	99705	-147.27957097862782	64.73663361678773	
3594 MANDEVILLE LOOP	99705	-147.2797644032891	64.73718044521108	
3564 JOAN AVENUE	99705	-147.28039309733168	64.73248572558019	
3110 NUTTALL LANE	99705	-147.2722869261389	64.72799101576503	
3080 NUTTALL LANE	99705	-147.27357183663432	64.72900834007129	
3066 NUTTALL LANE	99705	-147.27315185558817	64.72979756637606	
3025 RICHARDSON HIGHWAY	99705	-147.26912084313827	64.72904737458848	
3632 RON CIRCLE	99705	-147.27268588629067	64.73038077382604	
3570 KALTAG DRIVE	99705	-147.27970418245198	64.74976710683895	
2989 AMANDA LOOP	99705	-147.2708107336657	64.73304695497289	
2995 AMANDA LOOP	99705	-147.27066501302457	64.73280363758057	
3005 AMANDA LOOP	99705	-147.2705811289733	64.73232598776521	
3015 AMANDA LOOP	99705	-147.27064452320136	64.73205939463996	
3055 AMANDA LOOP	99705	-147.26605379738697	64.73096167513384	
3085 AMANDA LOOP	99705	-147.26223247063535	64.73175259102656	
3045 AMANDA LOOP	99705	-147.26738165496343	64.7309448003087	
3095 AMANDA LOOP	99705	-147.2616694437221	64.73201037701334	
2990 AMANDA LOOP	99705	-147.2691315871464	64.73319728332446	
3000 AMANDA LOOP	99705	-147.26949361395688	64.73267297312752	
3021 AMANDA LOOP	99705	-147.2700467240154	64.7316825712074	
3027 AMANDA LOOP	99705	-147.2693377091162	64.73140669431827	
3010 AMANDA LOOP	99705	-147.2694133712036	64.73226724832904	
3724 BIRCH DELL DRIVE	99705	-147.26205470640545	64.74554240676017	
3620 KALTAG DRIVE	99705	-147.27247663505239	64.7489513914392	
3640 SILVERLEAF AVENUE	99705	-147.27261596683624	64.74054175859482	
2733 PJ LANE	99705	-147.25924306799223	64.74466746647217	
2731 PJ LANE	99705	-147.2588994477242	64.7447153203418	
2878 SEAVY DRIVE	99705	-147.27408790584198	64.73826190622589	
2876 SEAVY DRIVE	99705	-147.27251727891743	64.73825428990872	
2725 PJ LANE	99705	-147.258781638592	64.74516922440826	
3100 PROBERT DRIVE	99705	-147.27534394049647	64.73093776366719	
3098 PROBERT DRIVE	99705	-147.27575966238211	64.73108395296362	
3758 CHRISTIE DRIVE	99705	-147.2641688713342	64.73754316498211	
3760 CHRISTIE DRIVE	99705	-147.26404336340644	64.73767062193548	
2624 NELLIE COURT	99705	-147.25916910056335	64.74922063717563	
2530 RONNIE COURT	99705	-147.27176818096865	64.75346329408093	
3764 CHRISTIE DRIVE	99705	-147.26517989292236	64.73764785947685	
3762 CHRISTIE DRIVE	99705	-147.26484410311318	64.73765024929085	
2615 NELLIE COURT	99705	-147.26127110770906	64.75018295394375	
3740 BIRCH DELL DRIVE	99705	-147.25897262668565	64.74588805181135	
2727 PJ LANE	99705	-147.25914672121306	64.74512922014883	
2570 ROXANNE STREET	99705	-147.27094089123185	64.75198303793364	
2580 ROXANNE STREET	99705	-147.269577466484	64.75138156639588	
3565 ROUTE 66	99705	-147.28011021430802	64.75577046573224	
3591 ROUTE 66	99705	-147.27783239065693	64.75562219301597	
3900 KENSINGTON AVENUE	99705	-147.24521837262435	64.75342255652922	
3820 BRANCH AVENUE	99705	-147.2533987736528	64.75207941396378	
3694 HELENSDALE AVENUE	99705	-147.2669361807894	64.755009342259	
4010 AMANDA LOOP	99705	-147.26286563623933	64.73317591379835	
3030 AMANDA LOOP	99705	-147.2673294911397	64.73160962052458	
3570 AMANDA LOOP	99705	-147.2624317102956	64.73274242457693	
2747 NELSON ROAD	99705	-147.2658389360235	64.74287471063444	
2907 NELSON ROAD	99705	-147.25918423236232	64.73676858483665	
2925 NELSON ROAD	99705	-147.25919307824884	64.7364752180358	
3843 DUBIA ROAD	99705	-147.25227925072556	64.7558285637194	
3574 ERIN DRIVE	99705	-147.27921246385006	64.72764245281759	
3572 ERIN DRIVE	99705	-147.28054038256067	64.72824432084069	
3689 ANTON AVENUE	99705	-147.26689103092	64.73466326147499	
3821 LYLE AVENUE	99705	-147.25385107965067	64.74751554818603	
3837 LYLE AVENUE	99705	-147.25072346596625	64.74762207546549	
3851 LYLE AVENUE	99705	-147.2500284969091	64.74729697950436	
2645 HOUGHTON HILL DRIVE	99705	-147.27123323369437	64.74896191096417	
2623 NELSON ROAD	99705	-147.25809499620385	64.74962090051287	
3082 PROBERT DRIVE	99705	-147.27845336293367	64.73107495279001	
3668 LYLE AVENUE	99705	-147.2684456907535	64.74895408558922	
2994 SEBASTIAN COURT	99705	-147.26591251835748	64.73162162328381	
2810 EDDIE LANE	99705	-147.26316623996436	64.74113985954222	
2500 HOUGHTON HILL DRIVE	99705	-147.2669854367091	64.7556059853942	
3950 TRENT AVENUE	99705	-147.23969266758832	64.74452453374153	
2621 LANCELOT DRIVE EAST	99705	-147.2346153703664	64.74971734947148	
3887 BLESSING AVENUE	99705	-147.24610806815693	64.75427422884366	
2588 GOLD STREET	99705	-147.2490602424147	64.75127942758486	
2620 GOLD STREET	99705	-147.24934281301648	64.74985275091893	
3809 BLESSING AVENUE	99705	-147.25471942312333	64.75426499002721	
2644 NELSON ROAD	99705	-147.2569530161077	64.74864980628827	
3916 ISMO DRIVE	99705	-147.24342557483197	64.74380922423214	
2539 ELTHAM PARK COURT	99705	-147.2670930531323	64.75382615308293	
3864 LYLE AVENUE	99705	-147.24901456031773	64.7484159949974	
2650 GOLD STREET	99705	-147.24920380319702	64.74847106034699	
3740 BIRCH DELL DRIVE	99705	-147.25858243402305	64.74592222350738	
2981 SEBASTIAN COURT	99705	-147.26746584131863	64.73300766397554	
2981 SEBASTIAN COURT	99705	-147.2670485725454	64.73311188081843	
3745 HORUS COURT	99705	-147.2506308532361	64.74337098989685	
3735 HORUS COURT	99705	-147.25063673351676	64.74297679511659	
2730 NELSON ROAD	99705	-147.25444212846003	64.74410815470982	
3729 HORUS COURT	99705	-147.25002696170787	64.74213373335571	
3755 HORUS COURT	99705	-147.25058633380573	64.74417315999858	
3751 HORUS COURT	99705	-147.25050940062536	64.74373611474061	
3731 HORUS COURT	99705	-147.24998089930136	64.74251799956255	
3750 HORUS COURT	99705	-147.25269493983933	64.743791223256	
3746 HORUS COURT	99705	-147.2526439346315	64.74341716866297	
3725 HORUS COURT	99705	-147.25231489552888	64.74216062568082	
3715 HORUS COURT	99705	-147.2531416288073	64.7421213062468	
3720 HORUS COURT	99705	-147.2526661639794	64.74305585431753	
3795 LYLE AVENUE	99705	-147.25654546138094	64.74761675594362	
2984 SEBASTIAN COURT	99705	-147.26506932705516	64.7323677491323	
3712 BIRCH DELL DRIVE	99705	-147.26423397867228	64.74552611600481	
3090 AMANDA LOOP	99705	-147.26337770827735	64.73215220347305	
3705 HORUS COURT	99705	-147.254123204106	64.74216570796597	
3727 HORUS COURT	99705	-147.2516816396607	64.74230816576313	
3695 HORUS COURT	99705	-147.25523862608662	64.74216325170899	
3685 HORUS COURT	99705	-147.25614755861776	64.7422123865426	
3675 HORUS COURT	99705	-147.25703617424819	64.74215500545714	
3062 NUTTALL LANE	99705	-147.27409435174977	64.73006742032743	
3062 NUTTALL LANE	99705	-147.2737890078554	64.73007004482197	
2975 SEBASTIAN COURT	99705	-147.26611804523114	64.73295732904576	
2976 SEBASTIAN COURT	99705	-147.26502134642695	64.73302366367727	
3024 AMANDA LOOP	99705	-147.26825591789557	64.73199546713128	
3350 AMANDA LOOP	99705	-147.26299394270433	64.73242851219963	
3866 KENSINGTON AVENUE	99705	-147.24884615499073	64.7533546941968	
3720 BIRCH DELL DRIVE	99705	-147.26308146935602	64.74547201184696	
3698 LAURANCE ROAD	99705	-147.26662495197064	64.73399387096934	
3698 LAURANCE ROAD	99705	-147.26680094441411	64.73405123740999	
3698 LAURANCE ROAD	99705	-147.26679348141795	64.7339867337087	
3676 LAURANCE ROAD	99705	-147.2687980730737	64.7339809418507	
3676 LAURANCE ROAD	99705	-147.26893196046916	64.73404056462178	
3676 LAURANCE ROAD	99705	-147.2689202742526	64.73398084503465	
3688 LAURANCE ROAD	99705	-147.26776850957756	64.73400288469796	
3688 LAURANCE ROAD	99705	-147.26793797481733	64.7340631541821	
3688 LAURANCE ROAD	99705	-147.26793230875566	64.73400148370263	
3635 LYLE AVENUE	99705	-147.2720175243101	64.7476890575396	
3760 ARCTIC LIGHTS AVENUE	99705	-147.25644414003727	64.74579914495716	
3762 ARCTIC LIGHTS AVENUE	99705	-147.25648457728846	64.74604164151846	
3764 ARCTIC LIGHTS AVENUE	99705	-147.2559822354409	64.74579688639236	
3766 ARCTIC LIGHTS AVENUE	99705	-147.2559847339126	64.74604825002345	
3770 ARCTIC LIGHTS AVENUE	99705	-147.25485419202127	64.74597188984052	
3774 ARCTIC LIGHTS AVENUE	99705	-147.2541207515771	64.74602224756845	
3768 ARCTIC LIGHTS AVENUE	99705	-147.25470060183318	64.74578162412753	
3772 ARCTIC LIGHTS AVENUE	99705	-147.25376257740297	64.74577009310075	
3778 ARCTIC LIGHTS AVENUE	99705	-147.25330890493515	64.74601154573564	
3782 ARCTIC LIGHTS AVENUE	99705	-147.2525991365389	64.74599712867558	
3776 ARCTIC LIGHTS AVENUE	99705	-147.25292542977968	64.74575295685119	
3780 ARCTIC LIGHTS AVENUE	99705	-147.25210400372077	64.7457632192923	
3786 ARCTIC LIGHTS AVENUE	99705	-147.2516735039327	64.74602535923326	
3784 ARCTIC LIGHTS AVENUE	99705	-147.2512408956716	64.74576148374928	
3788 ARCTIC LIGHTS AVENUE	99705	-147.2505093725148	64.7456969158616	
3790 ARCTIC LIGHTS AVENUE	99705	-147.25023570516527	64.74603416562239	
3792 ARCTIC LIGHTS AVENUE	99705	-147.2496349061648	64.74553337483123	
3794 ARCTIC LIGHTS AVENUE	99705	-147.24954875405388	64.74588803343906	
3759 ARCTIC LIGHTS AVENUE	99705	-147.25645178135224	64.74506617266924	
3761 ARCTIC LIGHTS AVENUE	99705	-147.25703640567926	64.74506074399072	
3763 ARCTIC LIGHTS AVENUE	99705	-147.25652640068293	64.7445789135668	
3765 ARCTIC LIGHTS AVENUE	99705	-147.25709914117564	64.74476645530572	
3769 ARCTIC LIGHTS AVENUE	99705	-147.25596105519634	64.74459236824288	
3767 ARCTIC LIGHTS AVENUE	99705	-147.2555358856375	64.74505802730508	
3771 ARCTIC LIGHTS AVENUE	99705	-147.25475411572685	64.74496435192225	
3775 ARCTIC LIGHTS AVENUE	99705	-147.25387577290167	64.74495706461843	
3773 ARCTIC LIGHTS AVENUE	99705	-147.25505819865157	64.7446733617486	
3777 ARCTIC LIGHTS AVENUE	99705	-147.25417877437565	64.74467842882626	
3779 ARCTIC LIGHTS AVENUE	99705	-147.2530780810338	64.74496333326667	
3783 ARCTIC LIGHTS AVENUE	99705	-147.25222910024473	64.74495412650472	
3781 ARCTIC LIGHTS AVENUE	99705	-147.25335490376165	64.74465928449035	
3785 ARCTIC LIGHTS AVENUE	99705	-147.25252868212328	64.74466128128024	
3787 ARCTIC LIGHTS AVENUE	99705	-147.2513800637558	64.74495559714656	
3789 ARCTIC LIGHTS AVENUE	99705	-147.25169572106458	64.74464979912963	
3793 ARCTIC LIGHTS AVENUE	99705	-147.25061694794522	64.7445857889378	
3791 ARCTIC LIGHTS AVENUE	99705	-147.25098911128362	64.74488910639379	
3797 ARCTIC LIGHTS AVENUE	99705	-147.24955491148344	64.74463153583841	
3795 ARCTIC LIGHTS AVENUE	99705	-147.24960927557203	64.74502061748926	
3695 LYLE AVENUE	99705	-147.26650011379078	64.74697901930332	
3676 HELENSDALE AVENUE	99705	-147.26861925288867	64.75493946480942	
3726 LYLE AVENUE	99705	-147.26420035182537	64.74846607744317	
3075 AMANDA LOOP	99705	-147.26298362580405	64.73132473261009	
3728 LYLE AVENUE	99705	-147.26386761013262	64.74876706254484	
3728 LYLE AVENUE	99705	-147.26386733526255	64.74885631898617	
3709 BIRCH DELL DRIVE	99705	-147.26537538548138	64.7449314769591	
2188 MAVENCAMP CIRCLE	99705	-147.23850819623453	64.76872932548343	
2200 MAVENCAMP CIRCLE	99705	-147.23882083718397	64.76828407982892	
2218 MAVENCAMP CIRCLE	99705	-147.23801486089494	64.76785985035323	
2240 MAVENCAMP CIRCLE	99705	-147.23687116645195	64.76703714991577	
3956 MAVENCAMP CIRCLE	99705	-147.2391953075558	64.76437943270753	
2258 MAVENCAMP CIRCLE	99705	-147.23695468161876	64.7657133248926	
3995 LUCY COURT	99705	-147.2348417943921	64.76553750474984	
2077 MAVENCAMP CIRCLE	99705	-147.23280857018062	64.76662684676054	
2087 MAVENCAMP CIRCLE	99705	-147.23257963843108	64.76714067782127	
2093 MAVENCAMP CIRCLE	99705	-147.23286447254785	64.7676154571693	
2107 MAVENCAMP CIRCLE	99705	-147.2329247959109	64.76799784496629	
2119 MAVENCAMP CIRCLE	99705	-147.2329590535545	64.76838282323709	
2159 MAVENCAMP CIRCLE	99705	-147.23620378305154	64.76937907911837	
2167 MAVENCAMP CIRCLE	99705	-147.2371356066299	64.7693646121459	
2203 MAVENCAMP CIRCLE	99705	-147.2401996733977	64.76868293789458	
2213 MAVENCAMP CIRCLE	99705	-147.240106083015	64.76806615537993	
2255 MAVENCAMP CIRCLE	99705	-147.23804310174467	64.76622082300638	
2243 MAVENCAMP CIRCLE	99705	-147.2378482810113	64.76677098017285	
2252 MAVENCAMP CIRCLE	99705	-147.23624892120677	64.76652612039322	
2154 MAVENCAMP CIRCLE	99705	-147.23594170018288	64.76862797063701	
2170 MAVENCAMP CIRCLE	99705	-147.23737982226038	64.76872882659558	
3800 LAURANCE ROAD	99705	-147.21920002437096	64.75756299141882	
3780 LAURANCE ROAD	99705	-147.22080682557248	64.75632649755286	
2026 PUMICE COURT	99705	-147.2462048072581	64.77489592559577	
1876 LONG CIRCLE	99705	-147.2542828030066	64.77828174798563	
3666 ARAPAHO DRIVE	99705	-147.26985526376652	64.78005628611115	
3654 ARAPAHO DRIVE	99705	-147.27097923774465	64.7802317033935	
1985 COMANCHE COURT	99705	-147.27124376770584	64.77859075772635	
1979 COMANCHE COURT	99705	-147.27020569605318	64.77878680084694	
2015 LONG CIRCLE	99705	-147.2504202090798	64.77717360187502	
1965 LONG CIRCLE	99705	-147.25037467771597	64.7793474059855	
1959 LONG CIRCLE	99705	-147.2500425068053	64.7797012128685	
1951 LONG CIRCLE	99705	-147.2507820549975	64.78019470709741	
1885 LONG CIRCLE	99705	-147.2565821405639	64.77862214130663	
1871 LONG CIRCLE	99705	-147.2564439811462	64.77816193901751	
1857 LONG CIRCLE	99705	-147.25641310355084	64.77731999586835	
2010 LONG CIRCLE	99705	-147.25191862205767	64.77732548219754	
1996 LONG CIRCLE	99705	-147.2531053250096	64.77799784081415	
1990 LONG CIRCLE	99705	-147.25204585680578	64.77826959729161	
1888 LONG CIRCLE	99705	-147.2545421395581	64.7788455194879	
1980 PARHAM MCCORMICK ROAD	99705	-147.2735018486942	64.77892190064468	
1868 LONG CIRCLE	99705	-147.2545038011422	64.77790500146605	
3732 ARAPAHO DRIVE	99705	-147.26696953043518	64.77734986887616	
3676 ARAPAHO DRIVE	99705	-147.26865576684767	64.78008568903623	
1930 BERGGREN COURT	99705	-147.269356674682	64.78084701076254	
1920 BERGGREN COURT	99705	-147.2692377945126	64.78156715494536	
3640 DARVIN AVENUE	99705	-147.27261941353035	64.78315408583316	
1920 PARHAM MCCORMICK ROAD	99705	-147.27242392527242	64.78150174871648	
1940 PARHAM MCCORMICK ROAD	99705	-147.27268044240367	64.78094405668533	
1901 PARHAM MCCORMICK ROAD	99705	-147.27509472357352	64.78209609298209	
1909 PARHAM MCCORMICK ROAD	99705	-147.2752308725203	64.78164271782546	
1923 PARHAM MCCORMICK ROAD	99705	-147.2753618788835	64.78122328116721	
1932 ROSEWOOD DRIVE	99705	-147.27566238537838	64.7806655805872	
1929 ROSEWOOD DRIVE	99705	-147.27651204476157	64.78081648621342	
1951 ROSEWOOD DRIVE	99705	-147.27788103063364	64.77995055924102	
1961 ROSEWOOD DRIVE	99705	-147.27878441020906	64.77969518442805	
2010 PARHAM MCCORMICK ROAD	99705	-147.27540256746607	64.77769903732069	
3615 BRIARWOOD WAY	99705	-147.2763413878127	64.77784991552073	
3591 BRIARWOOD WAY	99705	-147.2788326121494	64.77863484163566	
1972 ROSEWOOD DRIVE	99705	-147.27997221331955	64.77896323075261	
1970 COMANCHE COURT	99705	-147.27101557315237	64.77935154654297	
3681 NAVAHO COURT	99705	-147.2683157068774	64.77731861171596	
3630 APACHE COURT	99705	-147.2734373022572	64.77820971107218	
2394 LAURA WAY	99705	-147.26713701402417	64.76041229898784	
2414 LAURA WAY	99705	-147.2669640245047	64.75949928577482	
2385 NELSON ROAD	99705	-147.2590366609144	64.76013040758619	
3750 LOLLY DRIVE	99705	-147.26150237942318	64.76025550427626	
3769 MARIE COURT	99705	-147.2587711348779	64.76121116895996	
3751 MARIE COURT	99705	-147.2614849304666	64.7609754554839	
3750 MARIE COURT	99705	-147.26108156070708	64.76193224716746	
2446 NELSON ROAD	99705	-147.25693134703025	64.75705769251609	
2442 NELSON ROAD	99705	-147.25689805297313	64.75754435307314	
3849 DECKER BOULEVARD	99705	-147.2502097980081	64.75995896544929	
3835 DECKER BOULEVARD	99705	-147.25173061925778	64.76005952017067	
2412 ANGIE WAY	99705	-147.25203860973767	64.75918672712372	
2395 ANGIE WAY	99705	-147.25443147514426	64.75909903741255	
2410 SLEIGHBELL CIRCLE	99705	-147.25651258223144	64.7591138623533	
2402 NELSON ROAD	99705	-147.2554341500727	64.75957206680356	
2493 NELSON ROAD	99705	-147.25858915980965	64.75587937628345	
3720 DUBIA ROAD	99705	-147.26497898924805	64.7566626925252	
3748 DUBIA ROAD	99705	-147.26123113536747	64.75658792496105	
2465 NELSON ROAD	99705	-147.25884263570356	64.7565973187092	
3671 LOLLY DRIVE	99705	-147.2690637680533	64.75737436522337	
3670 LOLLY DRIVE	99705	-147.27166691975725	64.75896639753581	
2413 LAURA WAY	99705	-147.26928012018314	64.75924936869754	
2393 LAURA WAY	99705	-147.26921161777324	64.76016723634164	
2349 SHELIA WAY	99705	-147.26517166194117	64.76173252918268	
3679 HURST ROAD	99705	-147.26873169639757	64.76170391285356	
2452 KICKS COURT	99705	-147.27584988401696	64.75725397363983	
2449 KICKS COURT	99705	-147.27699014739247	64.75767335684763	
2494 TIMBERPARK LOOP	99705	-147.27819412728573	64.76201430996946	
2360 TIMBERPARK LOOP	99705	-147.28040695377953	64.76157004182048	
2346 TIMBERPARK LOOP	99705	-147.27967909527914	64.76211080812024	
3800 PETER HAWK AVENUE	99705	-147.25660040082735	64.76644700627527	
3810 PETER HAWK AVENUE	99705	-147.25536562324038	64.76646346449581	
3820 PETER HAWK AVENUE	99705	-147.2541064340701	64.7663020869068	
3840 PETER HAWK AVENUE	99705	-147.25199943996182	64.76637894499993	
3825 SONOMA AVENUE	99705	-147.25425706977623	64.76711351437473	
3835 SONOMA AVENUE	99705	-147.25278945726535	64.76752083799535	
3800 SONOMA AVENUE	99705	-147.25658484797242	64.76780771927194	
3810 SONOMA AVENUE	99705	-147.2558701379164	64.76786204821926	
2191 NELSON ROAD	99705	-147.259771074748	64.76895166443073	
2332 REDSTONE ROAD	99705	-147.27615733647906	64.7628505185438	
2322 REDSTONE ROAD	99705	-147.27629285397546	64.76324739316516	
2275 REDSTONE ROAD	99705	-147.2783114220877	64.76521784818637	
4041 LUCY COURT	99705	-147.22977536759828	64.7655679469461	
2073 MAVENCAMP CIRCLE	99705	-147.23269207771443	64.76627413652764	
2127 MIKEY COURT	99705	-147.23273002822404	64.76881295629975	
2225 MAVENCAMP CIRCLE	99705	-147.2392932195511	64.76762396164008	
3950 MISSY COURT	99705	-147.23854641065438	64.76727622181846	
3954 MISSY COURT	99705	-147.24002690691677	64.76705112144816	
2295 REDSTONE ROAD	99705	-147.27786159775602	64.76440120482137	
2329 REDSTONE ROAD	99705	-147.27770773179532	64.76284673067434	
3566 HURST ROAD	99705	-147.27971964040051	64.76297396040216	
2218 ONYX ROAD	99705	-147.28047766009692	64.76838684863014	
3948 MISSY COURT	99705	-147.2399213326004	64.7666691337508	
2070 MAVENCAMP CIRCLE	99705	-147.23501877592844	64.76660089304978	
2084 MAVENCAMP CIRCLE	99705	-147.23396703265905	64.7670211643426	
2100 MAVENCAMP CIRCLE	99705	-147.23395073062886	64.76747284147811	
2132 MAVENCAMP CIRCLE	99705	-147.23447156680817	64.76837902264252	
3980 LENTINE COURT	99705	-147.23683709749488	64.76767205346788	
3984 LENTINE COURT	99705	-147.23611007253874	64.76806564595104	
3993 LENTINE COURT	99705	-147.23496111612675	64.76787679035475	
3989 LENTINE COURT	99705	-147.23508943347275	64.76727931086006	
2179 MAVENCAMP CIRCLE	99705	-147.23815394803378	64.76939984114308	
2183 MAVENCAMP CIRCLE	99705	-147.2393019987094	64.76927581302319	
2195 MAVENCAMP CIRCLE	99705	-147.23988240820452	64.76908802471365	
2267 MAVENCAMP CIRCLE	99705	-147.23828656878254	64.76572994655042	
2272 MAVENCAMP CIRCLE	99705	-147.2374463300971	64.765428056973	
2280 MAVENCAMP CIRCLE	99705	-147.23971852401013	64.76493781388304	
2383 NELSON ROAD	99705	-147.25901905402424	64.76024971468792	
3810 LAURANCE ROAD	99705	-147.21673635292044	64.75800727775126	
2031 PARHAM MCCORMICK ROAD	99705	-147.27608785700141	64.77631176690856	
3910 PETER HAWK AVENUE	99705	-147.24445460025734	64.76639274107453	
2250 ARMORICA DRIVE	99705	-147.27224777872155	64.77028214877419	
2245 ARMORICA DRIVE	99705	-147.27252175659956	64.77077341110754	
2197 RIESLING COURT	99705	-147.24980468249132	64.76938501339546	
3875 SONOMA AVENUE	99705	-147.24842901863676	64.76760422734547	
3885 SONOMA AVENUE	99705	-147.2474385525308	64.76758387059417	
3940 SONOMA AVENUE	99705	-147.24162820789263	64.76931192733498	
3945 SONOMA AVENUE	99705	-147.24181144738185	64.76896357496524	
3905 SONOMA AVENUE	99705	-147.24570943810676	64.76781300051613	
3636 REDSTONE ROAD	99705	-147.27584278676702	64.77307916300433	
2368 SHELIA WAY	99705	-147.26277255467363	64.76097272045895	
2409 TIMBERPARK LOOP	99705	-147.2804880764349	64.75929248190158	
3702 REDSTONE ROAD	99705	-147.27661331783048	64.76994750834655	
2235 BLACKSTONE ROAD	99705	-147.27641366472693	64.77108474132763	
2230 BLACKSTONE ROAD	99705	-147.27576325962556	64.77166923143413	
3608 REDSTONE ROAD	99705	-147.27604271100563	64.77407370056572	
3598 REDSTONE ROAD	99705	-147.27615350883337	64.77465147504155	
3590 REDSTONE ROAD	99705	-147.2754256034739	64.77516315741087	
2050 BRIMSTONE WAY	99705	-147.27668211604762	64.77556171131182	
3583 REDSTONE ROAD	99705	-147.27876561404463	64.77498460729021	
3691 REDSTONE ROAD	99705	-147.27795736554876	64.77036975153709	
3730 REGIUS AVENUE	99705	-147.26371694920388	64.7727131324701	
3720 REGIUS AVENUE	99705	-147.26476508284023	64.77278918016341	
3710 REGIUS AVENUE	99705	-147.265527128309	64.77280548612725	
3660 REGIUS AVENUE	99705	-147.27053501518643	64.77269599146844	
3665 REGIUS AVENUE	99705	-147.2702352327618	64.7718857889276	
2130 PUELLA STREET	99705	-147.26908820053725	64.77182092452506	
2140 PUELLA STREET	99705	-147.26907327511634	64.77121397314295	
3700 LISMORE CIRCLE	99705	-147.2655371683236	64.7762862975011	
3710 LISMORE CIRCLE	99705	-147.26541236601201	64.7757943631174	
3720 LISMORE CIRCLE	99705	-147.2640267680353	64.77549750175102	
3730 LISMORE CIRCLE	99705	-147.26283704828506	64.77573677231344	
3739 PLACK ROAD	99705	-147.26213442632067	64.77634855562238	
2031 NELSON ROAD	99705	-147.2586242317386	64.77657599681712	
2071 NELSON ROAD	99705	-147.2600584764295	64.77468525809287	
3790 REGIUS AVENUE	99705	-147.25842585857876	64.77275307129942	
3740 REGIUS AVENUE	99705	-147.26278578201783	64.77274124108017	
2235 ARMORICA DRIVE	99705	-147.269158029792	64.77080851424157	
3924 LAKEWOOD LOOP	99705	-147.24297229534105	64.77066475235382	
3912 LAKEWOOD LOOP	99705	-147.2443787189683	64.77073897151236	
3800 LAKEWOOD LOOP	99705	-147.25133374271016	64.77116274003984	
2100 NELSON ROAD	99705	-147.25671680742744	64.77305954347035	
2200 ARMORICA DRIVE	99705	-147.2664534390376	64.77006799345122	
2190 ARMORICA DRIVE	99705	-147.2656142800414	64.77009491167524	
2180 ARMORICA DRIVE	99705	-147.26488124818306	64.770130306799	
2170 ARMORICA DRIVE	99705	-147.26400854131273	64.76995937380727	
3735 REGIUS AVENUE	99705	-147.26278723467138	64.77189467276939	
3745 REGIUS AVENUE	99705	-147.26184213879336	64.77182771991444	
3755 REGIUS AVENUE	99705	-147.2610266269491	64.77188998733705	
3765 REGIUS AVENUE	99705	-147.26014072701616	64.77189298572245	
2135 PUELLA STREET	99705	-147.26754418829046	64.77159145340507	
2145 PUELLA STREET	99705	-147.26760005764945	64.77120234664444	
2205 ARMORICA DRIVE	99705	-147.2673042447731	64.77082886075124	
2185 ARMORICA DRIVE	99705	-147.26593599759417	64.77080138066117	
2135 ARMORICA DRIVE	99705	-147.26595649086013	64.7711895032624	
3833 LAKEWOOD LOOP	99705	-147.25293279714748	64.76997965645474	
3939 LAKEWOOD LOOP	99705	-147.24150280228403	64.77022713668167	
3975 LAKEWOOD LOOP	99705	-147.241328104372	64.77122867128608	
3979 LAKEWOOD LOOP	99705	-147.24118919857798	64.77191520606885	
3985 LAKEWOOD LOOP	99705	-147.24173662830313	64.7722676487006	
4021 LAKEWOOD LOOP	99705	-147.24698950465265	64.77292649336832	
4031 LAKEWOOD LOOP	99705	-147.24839920330567	64.77292015064812	
4006 LAKEWOOD LOOP	99705	-147.24530667593933	64.77223476944438	
3789 TANADA ROAD	99705	-147.25685312637373	64.77360880856507	
3690 ARAPAHO DRIVE	99705	-147.26685502770408	64.77942289634515	
3642 ARAPAHO DRIVE	99705	-147.2724581442735	64.78010995806217	
3633 ARAPAHO DRIVE	99705	-147.27329380105328	64.77936225577069	
1967 COMANCHE COURT	99705	-147.27226084344437	64.77941804309332	
3691 ARAPAHO DRIVE	99705	-147.26820912203587	64.77902318348652	
3705 ARAPAHO DRIVE	99705	-147.26829892516457	64.77847503325997	
1989 LONG CIRCLE	99705	-147.25038522246612	64.77824492393682	
1973 LONG CIRCLE	99705	-147.25026296580805	64.77894755117507	
1919 LONG CIRCLE	99705	-147.2563060389085	64.78025642855793	
1907 LONG CIRCLE	99705	-147.25669822070594	64.77941911073538	
1893 LONG CIRCLE	99705	-147.25660891833195	64.77902464090342	
1855 LONG CIRCLE	99705	-147.25642627243124	64.7771985218036	
3824 PLACK ROAD	99705	-147.25394154299312	64.77727337389894	
1976 LONG CIRCLE	99705	-147.2521203423141	64.77899193097728	
1964 LONG CIRCLE	99705	-147.25190842207982	64.77927177501162	
1920 LONG CIRCLE	99705	-147.25440429525247	64.77974459670087	
3720 ARAPAHO DRIVE	99705	-147.26682725973808	64.77781569702945	
3708 ARAPAHO DRIVE	99705	-147.26690437075422	64.77834103916531	
3692 ARAPAHO DRIVE	99705	-147.2668440611157	64.77888431348987	
3678 NAVAHO COURT	99705	-147.26827108545316	64.77804084371499	
3670 NAVAHO COURT	99705	-147.26928488595703	64.77792161090548	
3645 APACHE COURT	99705	-147.27205163437444	64.77772616378023	
3650 APACHE COURT	99705	-147.27165507879587	64.77824508211137	
3640 APACHE COURT	99705	-147.27214217579845	64.77821191473933	
1900 BERGGREN COURT	99705	-147.26657811407236	64.78224644927002	
1890 BERGGREN COURT	99705	-147.2693230572146	64.78279204464457	
1880 BERGGREN COURT	99705	-147.26918707861273	64.78331532284929	
1860 PARHAM MCCORMICK ROAD	99705	-147.2740499030242	64.78385417958155	
3616 WALNUT AVENUE	99705	-147.27527512468106	64.78359589878173	
3606 WALNUT AVENUE	99705	-147.27613328559144	64.78393636432932	
1875 PARHAM MCCORMICK ROAD	99705	-147.27524827593257	64.78295729658835	
1893 PARHAM MCCORMICK ROAD	99705	-147.27551856067535	64.78245114787288	
1942 ROSEWOOD DRIVE	99705	-147.27588845886683	64.78012325975594	
1963 PARHAM MCCORMICK ROAD	99705	-147.27523693154714	64.77923525930873	
1952 ROSEWOOD DRIVE	99705	-147.2768683131719	64.77955243552637	
3644 REDSTONE ROAD	99705	-147.27594555999818	64.77248752989189	
3624 REDSTONE ROAD	99705	-147.27666812783363	64.77364027647211	
2023 BRIMSTONE WAY	99705	-147.27609390863051	64.7762411562392	
2031 BRIMSTONE WAY	99705	-147.27720579415768	64.77624743327796	
3566 REDSTONE ROAD	99705	-147.28056178309146	64.77606866749103	
1971 ROSEWOOD DRIVE	99705	-147.2801479576935	64.77950279863742	
3600 BRIARWOOD WAY	99705	-147.276542631317	64.77861449479738	
3618 BRIARWOOD WAY	99705	-147.2752528008287	64.7782461335544	
3580 WILDWOOD DRIVE	99705	-147.27909502275824	64.77740308850322	
3580 PLACK ROAD	99705	-147.2772777861285	64.77719674518403	
3564 WILDWOOD DRIVE	99705	-147.27994809241724	64.77770114393697	
3570 GREENSTONE ROAD	99705	-147.2798247966776	64.77319329528581	
2190 BLACKSTONE ROAD	99705	-147.27972401745527	64.77188629373134	
3603 REDSTONE ROAD	99705	-147.27848102198513	64.77451755167286	
3611 REDSTONE ROAD	99705	-147.27816156015672	64.7739524721647	
3631 REDSTONE ROAD	99705	-147.27819261061975	64.77325778136664	
3645 REDSTONE ROAD	99705	-147.2782282979252	64.77265834898967	
3673 REDSTONE ROAD	99705	-147.27861224410663	64.77140378751457	
3569 WILDWOOD DRIVE	99705	-147.28056655749097	64.77728666011319	
3571 TIMBER VALLEY DRIVE	99705	-147.27984002500838	64.78020103102861	
3665 PLACK ROAD	99705	-147.270039048782	64.77620244580496	
3681 PLACK ROAD	99705	-147.2690436650279	64.77630235677984	
3740 LISMORE CIRCLE	99705	-147.26175121822092	64.77546529036013	
3721 PLACK ROAD	99705	-147.26369486767447	64.77632053209719	
3780 REGIUS AVENUE	99705	-147.25920620951106	64.77278704814208	
3770 REGIUS AVENUE	99705	-147.26014177892003	64.77275018077133	
3760 REGIUS AVENUE	99705	-147.26108527244162	64.77271057104785	
3637 PLACK ROAD	99705	-147.27220025020182	64.77623377479533	
3651 PLACK ROAD	99705	-147.27124962950234	64.77647455780664	
3750 REGIUS AVENUE	99705	-147.26195255200213	64.7727433479272	
3999 LAKEWOOD LOOP	99705	-147.24385677146526	64.77303112990039	
4005 LAKEWOOD LOOP	99705	-147.24479678597393	64.77302798860354	
4011 LAKEWOOD LOOP	99705	-147.24579477282094	64.77287743728894	
4061 LAKEWOOD LOOP	99705	-147.25284315116954	64.77234550772917	
4064 LAKEWOOD LOOP	99705	-147.2512816753135	64.77221734418418	
3700 REGIUS AVENUE	99705	-147.26644339255026	64.77276493329475	
3690 REGIUS AVENUE	99705	-147.26735313437112	64.77275472547848	
3680 REGIUS AVENUE	99705	-147.2681233609955	64.77270444406093	
3670 REGIUS AVENUE	99705	-147.26891350399086	64.7726628623127	
2240 ARMORICA DRIVE	99705	-147.26978751137597	64.7702482476551	
2230 ARMORICA DRIVE	99705	-147.26896388611834	64.77010885502982	
2220 ARMORICA DRIVE	99705	-147.268212946449	64.77010764535595	
2210 ARMORICA DRIVE	99705	-147.2673341615317	64.7700192361611	
2160 ARMORICA DRIVE	99705	-147.2633172018082	64.77037023701132	
2150 ARMORICA DRIVE	99705	-147.26353504430517	64.77076033006607	
2140 ARMORICA DRIVE	99705	-147.26353461298984	64.77115539117042	
3725 REGIUS AVENUE	99705	-147.26382014462257	64.77191746188984	
3775 REGIUS AVENUE	99705	-147.2592517861421	64.77178515407672	
3785 REGIUS AVENUE	99705	-147.2583659558735	64.77164617403419	
3715 REGIUS AVENUE	99705	-147.2657815242626	64.77198485229457	
3695 REGIUS AVENUE	99705	-147.2675527502853	64.77201935818387	
2125 ARMORICA DRIVE	99705	-147.26593932485713	64.77156432976436	
3825 LAKEWOOD LOOP	99705	-147.25300229794533	64.77061536461402	
3915 LAKEWOOD LOOP	99705	-147.2434785545542	64.76994333184257	
3989 LAKEWOOD LOOP	99705	-147.24121320752695	64.77297262537549	
3993 LAKEWOOD LOOP	99705	-147.24257689088753	64.77298276966924	
4040 LAKEWOOD LOOP	99705	-147.24961908729364	64.77229802996578	
3925 PLACK ROAD	99705	-147.24243664346346	64.77649847148255	
2120 LAKE CHANDLER COURT	99705	-147.2475508455174	64.77231065969205	
2142 LAKE SELBY COURT	99705	-147.24440679172045	64.77123090254655	
2157 LAKE SELBY COURT	99705	-147.24726984005713	64.77076323593835	
3840 LAKEWOOD LOOP	99705	-147.25106093084514	64.77067078174697	
3815 TANADA ROAD	99705	-147.2540600576561	64.77360226810593	
3841 TANADA ROAD	99705	-147.2512432799603	64.77347362429643	
3855 TANADA ROAD	99705	-147.24999354563266	64.77354774506122	
3879 TANADA ROAD	99705	-147.24693525733662	64.77349371124096	
3936 TANADA ROAD	99705	-147.2426646328999	64.77521532087943	
3910 TANADA ROAD	99705	-147.24438547074706	64.77453428604574	
2080 PUMICE COURT	99705	-147.24947457763594	64.77433990987316	
2066 PUMICE COURT	99705	-147.24937279816635	64.77481208864046	
3787 LISMORE CIRCLE	99705	-147.25666901299522	64.77493420130577	
3821 LISMORE CIRCLE	99705	-147.25418209802746	64.77488218369687	
3815 LISMORE CIRCLE	99705	-147.2551359320979	64.77499254151095	
3789 PLACK ROAD	99705	-147.25685878256616	64.77652201470056	
3801 PLACK ROAD	99705	-147.25570345313918	64.77652441311051	
3807 PLACK ROAD	99705	-147.25486401899255	64.7763377960253	
2073 PUMICE COURT	99705	-147.25041505278446	64.77488146262947	
2065 PUMICE COURT	99705	-147.24973247709542	64.77526599328134	
3800 TANADA ROAD	99705	-147.25552152271476	64.7741687752145	
3790 TANADA ROAD	99705	-147.25701836659175	64.77423087206486	
3827 LISMORE CIRCLE	99705	-147.252240077777	64.77492386427913	
3833 LISMORE CIRCLE	99705	-147.25197644708751	64.77519286940627	
3788 LISMORE CIRCLE	99705	-147.25691463880355	64.7756560479889	
3803 TANADA ROAD	99705	-147.255466202271	64.77360698924979	
3925 TANADA ROAD	99705	-147.24238213483093	64.77430821139973	
2031 GORDON ROAD	99705	-147.24113591852824	64.77655615643621	
3948 TANADA ROAD	99705	-147.2417067598142	64.77562954698992	
2085 PUMICE COURT	99705	-147.25116256563973	64.77443339785911	
3816 TANADA ROAD	99705	-147.25394144905195	64.77425733375019	
3890 PETER HAWK AVENUE	99705	-147.24674818885214	64.76636729200416	
2260 SHAYLEE COURT	99705	-147.262064749551	64.77081255759636	
2262 SHAYLEE COURT	99705	-147.26137494576102	64.77085977814309	
3920 TANADA ROAD	99705	-147.24365798730426	64.7748406972536	
3865 SONOMA AVENUE	99705	-147.2494514714716	64.76757684673908	
3900 SONOMA AVENUE	99705	-147.24541285591084	64.76865748266853	
3920 SONOMA AVENUE	99705	-147.24401582570061	64.76909613939071	
3860 SONOMA AVENUE	99705	-147.25059920999553	64.76836874791037	
2215 RIESLING COURT	99705	-147.2492552599796	64.76841715647134	
2209 RIESLING COURT	99705	-147.24923679783572	64.76880480490743	
3845 SONOMA AVENUE	99705	-147.25180086955837	64.76756703076484	
3855 SONOMA AVENUE	99705	-147.2506339742561	64.7676024663379	
3809 LAKEWOOD LOOP	99705	-147.25591603449868	64.77073718009466	
2374 TIMBERPARK LOOP	99705	-147.28037411842232	64.76105258952667	
4076 LAKEWOOD LOOP	99705	-147.2504268446648	64.77189918241615	
3878 TRACTOR DRIVE	99705	-147.24276590135898	64.78348012784511	
2301 GORDON ROAD	99705	-147.24142770660782	64.76284831335505	
2439 NELSON ROAD	99705	-147.258520142425	64.7579566518929	
3637 ROUTE 66	99705	-147.27286040071542	64.75672944679499	
3851 LAKEWOOD LOOP	99705	-147.25027720987154	64.76993890713054	
3863 LAKEWOOD LOOP	99705	-147.249479385154	64.7699603884903	
3875 LAKEWOOD LOOP	99705	-147.24815256642628	64.77001615161147	
3895 LAKEWOOD LOOP	99705	-147.2471043730521	64.76986448286162	
3901 LAKEWOOD LOOP	99705	-147.2458411711252	64.76992588292748	
3909 LAKEWOOD LOOP	99705	-147.24476676107082	64.76986394137198	
3978 LAKEWOOD LOOP	99705	-147.24280626419505	64.77118027742341	
2154 LAKE SELBY COURT	99705	-147.24540772915245	64.77070425981285	
3865 TANADA ROAD	99705	-147.24911517542952	64.77371492305181	
2145 LAKE SELBY COURT	99705	-147.24705725552786	64.77121641287171	
3845 LAKEWOOD LOOP	99705	-147.25142198433457	64.76996291098261	
3893 TANADA ROAD	99705	-147.24621215954537	64.7734930806634	
3915 SONOMA AVENUE	99705	-147.24475914688347	64.76808197225705	
3885 SANGRIA AVENUE	99705	-147.24925651307345	64.76406295323943	
2390 HERMIT'S WAY	99705	-147.26342071523666	64.76028890831486	
3812 SANGRIA AVENUE	99705	-147.2552871293805	64.7648394037616	
3869 SANGRIA AVENUE	99705	-147.25034362700342	64.76413937777306	
3787 TRACTOR DRIVE	99705	-147.256618193525	64.78076199136753	
2290 CHABLIS STREET	99705	-147.247225420356	64.76436365735755	
3889 SANGRIA AVENUE	99705	-147.24814094976605	64.76380811927784	
2264 CHABLIS STREET	99705	-147.24626973817158	64.76489238549159	
2309 NELSON ROAD	99705	-147.2590871033313	64.76462217948944	
1868 PARHAM MCCORMICK ROAD	99705	-147.2739281908502	64.78357015942096	
3795 TRACTOR DRIVE	99705	-147.2553342091279	64.78080503032722	
3817 TRACTOR DRIVE	99705	-147.25256197414106	64.78080744880785	
2029 PUMICE COURT	99705	-147.24542105590027	64.77518140247409	
3686 ARAPAHO DRIVE	99705	-147.26678279527175	64.7799676099977	
2280 BORDEAUX STREET	99705	-147.24185374181494	64.76498851715705	
3800 SANGRIA AVENUE	99705	-147.25676965886737	64.76481608683407	
3798 LISMORE CIRCLE	99705	-147.25589284100562	64.77570030976376	
3845 LISMORE CIRCLE	99705	-147.252289513045	64.77646488943881	
2029 MARBLE COURT	99705	-147.2503288244745	64.77648829893712	
2037 MARBLE COURT	99705	-147.25086073160523	64.77610151339212	
2040 MARBLE COURT	99705	-147.24905615772747	64.77596216923124	
3881 CRESENT DRIVE	99705	-147.24685820913993	64.77604774793191	
3899 CRESENT DRIVE	99705	-147.24516183181447	64.77571057567016	
3909 CRESENT DRIVE	99705	-147.2437124655331	64.7757268592177	
3812 ARROWWOOD AVENUE	99705	-147.25437617328865	64.75852166080658	
2395 F AND E COURT	99705	-147.27148640468732	64.75956976511065	
2385 F AND E COURT	99705	-147.2719181207539	64.76013699977777	
2375 F AND E COURT	99705	-147.27158886906693	64.76065197303332	
3714 LOLLY DRIVE	99705	-147.26493783405343	64.75917822354263	
2406 HERMIT'S WAY	99705	-147.2628686774695	64.75958425067932	
2413 NELSON ROAD	99705	-147.25882152400055	64.75900351912894	
2399 NELSON ROAD	99705	-147.25888637422085	64.75960139039859	
3882 EJAY LANE	99705	-147.24706222720735	64.76011854319533	
3892 EJAY LANE	99705	-147.2454630772245	64.76026538223249	
3890 EJAY LANE	99705	-147.24543829838768	64.75932370548594	
2393 ANGIE WAY	99705	-147.25418110514914	64.75972525163593	
2389 ANGIE WAY	99705	-147.25364089717345	64.76035236643271	
3807 DECKER BOULEVARD	99705	-147.25515062490612	64.76034811542452	
3795 DECKER BOULEVARD	99705	-147.25665355757377	64.76032114255135	
3692 DUBIA ROAD	99705	-147.2668523583361	64.75673107858888	
3771 LOLLY DRIVE	99705	-147.25842689941499	64.75864021089478	
3727 LOLLY DRIVE	99705	-147.26326576479124	64.75833691248941	
3711 LOLLY DRIVE	99705	-147.26490429480427	64.75755212225373	
3691 LOLLY DRIVE	99705	-147.26703951797865	64.75837321434709	
3681 LOLLY DRIVE	99705	-147.2695945555957	64.75830444202069	
3803 DUBIA ROAD	99705	-147.2556318102757	64.75586840200302	
2464 NELSON ROAD	99705	-147.25699088812834	64.75652786611236	
3770 MARIE COURT	99705	-147.25867896048595	64.7619546949982	
2354 SHELIA WAY	99705	-147.26317347242338	64.76172499737841	
2363 SHELIA WAY	99705	-147.2650573820521	64.76099380901937	
2276 ONYX ROAD	99705	-147.27975946729362	64.76535902590956	
2312 NELSON ROAD	99705	-147.25634017783514	64.76360702766105	
3791 PETER HAWK AVENUE	99705	-147.2568404171276	64.76553421779369	
3870 PETER HAWK AVENUE	99705	-147.24954288206763	64.76634521949846	
3900 PETER HAWK AVENUE	99705	-147.24540864347154	64.76630506168758	
3805 SONOMA AVENUE	99705	-147.25650264966256	64.7672464263608	
3815 SONOMA AVENUE	99705	-147.2556135418103	64.76719762387174	
3850 SONOMA AVENUE	99705	-147.2516685365777	64.7683306853776	
2311 GORDON ROAD	99705	-147.24154754703093	64.7640204833169	
2323 NELSON ROAD	99705	-147.26027830121183	64.76326063017099	
2312 REDSTONE ROAD	99705	-147.27608376909177	64.76360723670291	
2310 REDSTONE ROAD	99705	-147.27618629676581	64.76399651611266	
2280 REDSTONE ROAD	99705	-147.27594504678123	64.76484458187566	
2235 PARHAM MCCORMICK ROAD	99705	-147.277880388507	64.76689491869598	
3825 PETER HAWK AVENUE	99705	-147.2540560688829	64.76562562975963	
3885 PETER HAWK AVENUE	99705	-147.24819599448008	64.76565152846028	
3925 SONOMA AVENUE	99705	-147.24329766445052	64.76853666708679	
2200 BORDEAUX STREET	99705	-147.24267502600054	64.76817829119565	
2250 BORDEAUX STREET	99705	-147.2417427941013	64.76629421648543	
2260 BORDEAUX STREET	99705	-147.24173752483676	64.76579624995375	
2285 BORDEAUX STREET	99705	-147.24371100955997	64.76478035558027	
2290 BORDEAUX STREET	99705	-147.2424248527518	64.76446344724322	
2300 BORDEAUX STREET	99705	-147.24274939701002	64.7639114537569	
2305 BORDEAUX STREET	99705	-147.2446356882534	64.76391984427988	
3760 LISMORE CIRCLE	99705	-147.25960505146176	64.77545388468361	
3890 HURST ROAD	99705	-147.24781374322026	64.76288079718083	
3880 HURST ROAD	99705	-147.24899942430267	64.7627996011828	
3900 HURST ROAD	99705	-147.24622774100555	64.76283097992147	
3975 NORVAK LAKE COURT	99705	-147.2450570727848	64.77196181494193	
2220 CHATEAU COURT	99705	-147.25260256621954	64.76828228696108	
2185 CHATEAU COURT	99705	-147.2540111453008	64.76853367239904	
3802 MARSALA COURT	99705	-147.25686843285015	64.7686097806513	
3804 MARSALA COURT	99705	-147.25582096309594	64.76845347782127	
3808 MARSALA COURT	99705	-147.255144907653	64.76877856375359	
3780 LISMORE CIRCLE	99705	-147.2584254575194	64.77551937737977	
3729 PLACK ROAD	99705	-147.26299105239005	64.776319220172	
2155 NELSON ROAD	99705	-147.25931826704903	64.77057153016659	
2230 BORDEAUX STREET	99705	-147.24178710792424	64.76720970084003	
2235 BORDEAUX STREET	99705	-147.2432370753673	64.76732695698725	
2142 LAKE INIAKUK COURT	99705	-147.24877940207716	64.77114489881413	
2147 LAKE INIAKUK COURT	99705	-147.25030597579251	64.77126496681048	
2190 CHATEAU COURT	99705	-147.2520652255342	64.76875210583394	
2180 CHATEAU COURT	99705	-147.2517937807748	64.76914871051284	
2170 CHATEAU COURT	99705	-147.2526136714557	64.76942346032922	
2175 CHATEAU COURT	99705	-147.25335741699723	64.76898094314986	
3809 MARSALA COURT	99705	-147.25464583995853	64.76920623494308	
3805 MARSALA COURT	99705	-147.25580264140024	64.76929532507883	
3801 MARSALA COURT	99705	-147.25687115937666	64.7693207189225	
2057 PUMICE COURT	99705	-147.2489003904314	64.77545070176502	
3835 PETER HAWK AVENUE	99705	-147.25270832024634	64.76552687892986	
3845 PETER HAWK AVENUE	99705	-147.25073332243244	64.76562836276865	
3805 PETER HAWK AVENUE	99705	-147.25575334342804	64.76549853324688	
3590 ROUTE 66	99705	-147.27846100618356	64.75725056109339	
3601 ROUTE 66	99705	-147.2761746627935	64.7558727550072	
3611 ROUTE 66	99705	-147.27616313235245	64.75678559796626	
3570 ROUTE 66	99705	-147.28006891306916	64.75754493154604	
1915 LONG CIRCLE	99705	-147.2568919477106	64.78009323998268	
3859 EJAY LANE	99705	-147.24993194579605	64.75935262469703	
3650 LOLLY DRIVE	99705	-147.27078518592407	64.75744687023574	
3920 CRESENT DRIVE	99705	-147.24429349154641	64.77651297079551	
3880 CRESENT DRIVE	99705	-147.247094021257	64.77646076276237	
2139 MIKEY COURT	99705	-147.23369714052652	64.76946710039789	
2147 MAVENCAMP CIRCLE	99705	-147.2348121805234	64.76944606011591	
3910 SONOMA AVENUE	99705	-147.2448596583823	64.76935931068788	
3895 SONOMA AVENUE	99705	-147.24655553302787	64.76756218740503	
2260 REDSTONE ROAD	99705	-147.2761677177695	64.76576484146783	
2305 REDSTONE ROAD	99705	-147.2775630932731	64.76402808746359	
3791 LAKEWOOD LOOP	99705	-147.25689571814704	64.77122227419575	
2180 NELSON ROAD	99705	-147.25714539172705	64.76983987639174	
2320 ONYX ROAD	99705	-147.28017886770039	64.76337417679373	
2264 ONYX ROAD	99705	-147.28024288054712	64.76567558233867	
3943 LAKEWOOD LOOP	99705	-147.24113062356122	64.77051046020024	
2319 NELSON ROAD	99705	-147.25862075678248	64.76382633229164	
3900 SANGRIA AVENUE	99705	-147.246088028897	64.76424697952572	
3861 TRACTOR DRIVE	99705	-147.24777304208607	64.78081788036224	
3853 SANGRIA AVENUE	99705	-147.25136920264225	64.76434600904065	
3875 PETER HAWK AVENUE	99705	-147.24937735477926	64.76554113756742	
3970 NORVAK LAKE COURT	99705	-147.24385054259966	64.77201292027517	
2240 BORDEAUX STREET	99705	-147.24175884761246	64.76677188661264	
2270 BORDEAUX STREET	99705	-147.24173154982438	64.76543176167408	
2275 BORDEAUX STREET	99705	-147.24335367897825	64.76517326557058	
2310 BORDEAUX STREET	99705	-147.24290633887566	64.76321550634852	
2315 BORDEAUX STREET	99705	-147.24453636600649	64.76351383085232	
2320 BORDEAUX STREET	99705	-147.24291605108527	64.76285231028409	
2325 BORDEAUX STREET	99705	-147.2444661805373	64.76296742547628	
3899 PETER HAWK AVENUE	99705	-147.2456754342647	64.7655273124936	
3785 OLIVER DRIVE	99705	-147.25676222962707	64.78213139637586	
3806 ARROWWOOD AVENUE	99705	-147.25537890869617	64.75843051582339	
3817 TRACTOR DRIVE	99705	-147.25290398887785	64.7807912688912	
2255 CHABLIS STREET	99705	-147.24810420388127	64.76514477019384	
3847 TRACTOR DRIVE	99705	-147.24969814744293	64.78144842521638	
3833 TRACTOR DRIVE	99705	-147.2505215566149	64.78118843135196	
3871 TRACTOR DRIVE	99705	-147.24555532979963	64.78114902006641	
3870 HURST ROAD	99705	-147.251374442526	64.76319902717414	
3755 PLACK ROAD	99705	-147.26020692377867	64.77631550409114	
3813 LISMORE CIRCLE	99705	-147.2536511088232	64.77629900238672	
3800 TRACTOR DRIVE	99705	-147.2540307846677	64.78133842812484	
3820 TRACTOR DRIVE	99705	-147.25253551428696	64.78150609627895	
3840 TRACTOR DRIVE	99705	-147.25143851541338	64.7817854248608	
2189 RIESLING COURT	99705	-147.24659818843193	64.76938271502564	
3786 ARROWWOOD AVENUE	99705	-147.25687734587424	64.75828959081304	
3796 ARROWWOOD AVENUE	99705	-147.25605706531715	64.75829148420047	
3830 ARROWWOOD AVENUE	99705	-147.2529428467584	64.75837058348077	
3846 ARROWWOOD AVENUE	99705	-147.25143739212592	64.758294003079	
3856 ARROWWOOD AVENUE	99705	-147.25058277240936	64.75831338614068	
3860 ARROWWOOD AVENUE	99705	-147.25004115661582	64.75831795134269	
3822 ARROWWOOD AVENUE	99705	-147.25355747064728	64.75830045313185	
3805 REDSTONE ROAD	99705	-147.27732281372255	64.76595535409545	
3878 EJAY LANE	99705	-147.24848129411623	64.76010691025667	
4059 LAKEWOOD LOOP	99705	-147.25177485415847	64.77283338780843	
2211 NELSON ROAD	99705	-147.25862401888477	64.76743864503555	
1997 CASE COURT	99705	-147.25612036820587	64.78337877889136	
3915 TANADA ROAD	99705	-147.24291329213102	64.77408310443309	
3915 TANADA ROAD	99705	-147.24301236101053	64.77404790313001	
3915 TANADA ROAD	99705	-147.2430912993487	64.77401286948391	
3915 TANADA ROAD	99705	-147.2431903677386	64.77397766806257	
3828 TANADA ROAD	99705	-147.25245173345996	64.77415990475048	
3828 TANADA ROAD	99705	-147.2525844529058	64.77415878461578	
3828 TANADA ROAD	99705	-147.25284989386245	64.77415654397264	
3828 TANADA ROAD	99705	-147.25273192010994	64.7741575398726	
3830 SONOMA AVENUE	99705	-147.25422663351222	64.76784816960986	
3873 HURST ROAD	99705	-147.25258066010542	64.7620481209923	
3907 TANADA ROAD	99705	-147.24362086537977	64.77351409626164	
3909 TANADA ROAD	99705	-147.24328452129225	64.77358678532333	
3905 TANADA ROAD	99705	-147.2435254298317	64.77380875214108	
3903 TANADA ROAD	99705	-147.24387210410873	64.7737394094429	
4047 LAKEWOOD LOOP	99705	-147.24940526035837	64.7731274540848	
4045 LAKEWOOD LOOP	99705	-147.2493937431582	64.77287830460669	
2170 NELSON ROAD	99705	-147.25702778584045	64.7703508505591	
2170 NELSON ROAD	99705	-147.25702476004417	64.77029876734639	
2170 NELSON ROAD	99705	-147.25689761438144	64.77035052939297	
2170 NELSON ROAD	99705	-147.256894588836	64.77029844617712	
2182 NELSON ROAD	99705	-147.25674894727376	64.76984513390589	
2184 NELSON ROAD	99705	-147.25644153611876	64.76984773718856	
2186 NELSON ROAD	99705	-147.25539555167873	64.76990926787312	
3809 MARSALA COURT	99705	-147.25497665519535	64.76928746860457	
3825 PETER HAWK AVENUE	99705	-147.25429071187745	64.76563445546492	
2389 ANGIE WAY	99705	-147.25360697333787	64.76023230235874	
3635 DARVIN AVENUE	99705	-147.2735109259919	64.7822663680883	
3583 REDSTONE ROAD	99705	-147.27795988832156	64.7749573651679	
3583 REDSTONE ROAD	99705	-147.27805189104296	64.77506766614074	
3583 REDSTONE ROAD	99705	-147.27818952899378	64.77515478566696	
3583 REDSTONE ROAD	99705	-147.2783999664209	64.77522845998521	
3583 REDSTONE ROAD	99705	-147.27860666523657	64.77529362058624	
3583 REDSTONE ROAD	99705	-147.278799277461	64.7753432348386	
3583 REDSTONE ROAD	99705	-147.27899502374618	64.77538854856923	
3583 REDSTONE ROAD	99705	-147.27920138822907	64.7754465903244	
1860 LONG CIRCLE	99705	-147.2550851913094	64.77730410420689	
2271 SHAYLEE COURT	99705	-147.2600049592725	64.76979494052622	
2175 CHATEAU COURT	99705	-147.25320456622288	64.76907166364879	
2030 MARBLE COURT	99705	-147.24896295931282	64.77635425107427	
2285 JIM COURT	99705	-147.2633852182411	64.76870597796074	
3805 TRACTOR DRIVE	99705	-147.25381793405953	64.78077540526552	
2046 PUMICE COURT	99705	-147.2474745652357	64.7746711609975	
2036 PUMICE COURT	99705	-147.24692977682614	64.77463189721288	
3574 REDSTONE ROAD	99705	-147.27874118923285	64.77639761719021	
2264 SHAYLEE COURT	99705	-147.26050510334323	64.77099268182711	
3625 PRESTON DRIVE	99705	-147.26482713719756	64.76748710415622	
2284 JIM COURT	99705	-147.26182890277346	64.76902270353584	
3644 PRESTON DRIVE	99705	-147.26163473451481	64.76824007061167	
3670 PRESTON DRIVE	99705	-147.2601027646245	64.76806596462482	
3839 LISMORE CIRCLE	99705	-147.2522266837396	64.7758440953885	
3927 LAKEWOOD LOOP	99705	-147.24224510997584	64.76990325979237	
3879 HURST ROAD	99705	-147.24733775388307	64.76194718108698	
3611 PRESTON DRIVE	99705	-147.26818939175766	64.7674183661871	
3771 PLACK ROAD	99705	-147.2593328504742	64.77651341255364	
2279 CHABLIS STREET	99705	-147.24819437892455	64.76482894467637	
3950 TRACTOR DRIVE	99705	-147.24999273321282	64.78244009627112	
3860 SANGRIA AVENUE	99705	-147.2503120175916	64.76482110211825	
3665 PRESTON DRIVE	99705	-147.26019483326746	64.76743286533817	
3617 PRESTON DRIVE	99705	-147.26685984100905	64.76745396855684	
3807 OLIVER DRIVE	99705	-147.25504024821453	64.78224124810576	
3811 OLIVER DRIVE	99705	-147.254257590673	64.78228347034525	
3819 OLIVER DRIVE	99705	-147.25345433514943	64.7823614684904	
3835 OLIVER DRIVE	99705	-147.25171026394253	64.78279159623737	
3816 OLIVER DRIVE	99705	-147.25394587289932	64.78300061003834	
3832 OLIVER DRIVE	99705	-147.25266876879888	64.78330099381697	
3846 OLIVER DRIVE	99705	-147.25146153141327	64.78354855299882	
3845 OLIVER DRIVE	99705	-147.25073100030608	64.78303485405662	
3595 PRESTON DRIVE	99705	-147.2697365595857	64.7674629887719	
3827 HURST ROAD	99705	-147.25413216532223	64.76209442859775	
3631 APACHE COURT	99705	-147.27378535472374	64.7776808371287	
3631 APACHE COURT	99705	-147.27319027164904	64.77777941385122	
3872 ARROWWOOD AVENUE	99705	-147.24769467276025	64.75836721832883	
3635 PRESTON DRIVE	99705	-147.26301294282447	64.76732758616981	
3875 HURST ROAD	99705	-147.25020722259038	64.76219115764286	
2285 MAVENCAMP CIRCLE	99705	-147.2404287819771	64.76533216970239	
2155 NELSON ROAD	99705	-147.25926822555138	64.7705719548396	
2439 KICKS STREET	99705	-147.27637449626658	64.75855465699576	
2009 FARMALL DRIVE	99705	-147.25947355249082	64.78104691946113	
2055 PYRITE COURT	99705	-147.26343962309167	64.77932896952852	
3791 REDSTONE ROAD	99705	-147.27777226832788	64.76666591597906	
2084 PLEASANT PLACES COURT	99705	-147.2446796761002	64.77816002108159	
3610 PRESTON DRIVE	99705	-147.26807930757442	64.76815978853712	
3586 PRESTON DRIVE	99705	-147.26940279303295	64.7681420758198	
4200 LAURANCE ROAD	99705	-147.22202698508946	64.77729971411316	
3647 PRESTON DRIVE	99705	-147.26203774420915	64.767352175074	
3835 SANGRIA AVENUE	99705	-147.25251424957008	64.76428163247685	
2385 HERMIT'S WAY	99705	-147.26592952670646	64.7601004053586	
2295 MAVENCAMP CIRCLE	99705	-147.24138787838717	64.76447523882452	
2060 PLEASANT PLACES COURT	99705	-147.2451477895033	64.77926286564212	
2281 MAVENCAMP CIRCLE	99705	-147.23939121114716	64.76559602157604	
3801 HURST ROAD	99705	-147.25627090770737	64.76205022147782	
3801 HURST ROAD	99705	-147.2562699003524	64.76212429190339	
3876 SONOMA AVENUE	99705	-147.24682694353612	64.76828188756866	
3659 REDSTONE ROAD	99705	-147.2777267166237	64.772003228865	
3800 LAURANCE ROAD	99705	-147.21946905100452	64.75798093578388	
3901 TANADA ROAD	99705	-147.2449272184581	64.77363917158071	
2005 FARMALL DRIVE	99705	-147.262018873807	64.78007398505686	
2318 SWEET LEW LANE	99705	-147.26285392257657	64.76366104227851	
2381 DAVID EARL COURT	99705	-147.2713310890007	64.76474501832548	
2389 DAVID EARL COURT	99705	-147.2721333166218	64.76353462945939	
3770 PETER HAWK AVENUE	99705	-147.25903871828726	64.76626017032271	
3775 PETER HAWK AVENUE	99705	-147.25863642310043	64.76562266236306	
3767 PETER HAWK AVENUE	99705	-147.25948205994106	64.76562972891995	
3759 PETER HAWK AVENUE	99705	-147.26038306761518	64.76563157243736	
3899 SANGRIA AVENUE	99705	-147.24752745576336	64.76345578857172	
3515 HURST ROAD	99705	-147.27525524246067	64.76197837857364	
3633 LORETTA LANE	99705	-147.26560903242452	64.76481055690213	
3623 LORETTA LANE	99705	-147.26521873288092	64.7639569490311	
3619 LORETTA LANE	99705	-147.26521685799955	64.76367923191945	
3613 LORETTA LANE	99705	-147.2652143278426	64.76314989873558	
3607 LORETTA LANE	99705	-147.26637405788026	64.76321596522926	
3750 LISMORE CIRCLE	99705	-147.26063703362286	64.77584981670175	
4264 CHENA RIVER PARK ROAD	99705	-147.21321533893564	64.76862566491864	
4472 CHENA RIVER PARK ROAD	99705	-147.2234367691535	64.76901329214492	
4509 CHENA RIVER PARK ROAD	99705	-147.2288750359982	64.7700863970566	
4584 CHENA RIVER PARK ROAD	99705	-147.2292242996256	64.77299611396148	
3574 PRESTON DRIVE	99705	-147.27118449418128	64.76818320017925	
2061 PLEASANT PLACES COURT	99705	-147.24831826601368	64.77942138875338	
2237 BORDEAUX STREET	99705	-147.24328277844347	64.76686962240032	
2263 SHAYLEE COURT	99705	-147.26077842267838	64.76994861896225	
2073 PYRITE COURT	99705	-147.2653891975113	64.77842456614852	
1743 PARHAM MCCORMICK ROAD	99705	-147.27610173344843	64.7892110052616	
1827 PARHAM MCCORMICK ROAD	99705	-147.27544839920844	64.78668395740621	
1832 PARHAM MCCORMICK ROAD	99705	-147.27333711197588	64.78524929915744	
1703 PARHAM MCCORMICK ROAD	99705	-147.2693138636238	64.79173208787337	
1695 PARHAM MCCORMICK ROAD	99705	-147.26741172868716	64.79225288810619	
1697 PARHAM MCCORMICK ROAD	99705	-147.2638250348268	64.79230560497831	
1661 REPP ROAD	99705	-147.2616958931477	64.79159377591839	
4645 LAURANCE ROAD	99705	-147.18267737012002	64.79255972191291	
4669 CHENA RIVER PARK ROAD	99705	-147.18867065331818	64.7936512587264	
2811 BLUE SPRUCE WAY	99705	-147.35992386051814	64.84286773736483	
2570 PEGASUS DRIVE	99712	-147.41516156991213	64.85314565423764	
575 SILVER LINING DRIVE	99705	-147.43819383788085	64.84124228750933	
580 SILVER LINING DRIVE	99705	-147.43621087633824	64.84149377909381	
500 SILVER LINING DRIVE	99705	-147.43961306188785	64.8474873144825	
327 NORDALE ROAD	99712	-147.40765812717356	64.85298149301505	
628 OLEARY ROAD	99712	-147.34074442165286	64.88721536003413	
2009 LAURA ANNE AVENUE	99712	-147.44170543050103	64.88359654466122	
833 BOHNET DRIVE	99712	-147.3976503159803	64.89738149505882	
500 KEELING ROAD	99705	-147.44530194459105	64.8445383355263	
550 KEELING ROAD	99705	-147.44878177994704	64.84330613775751	
560 KEELING ROAD	99705	-147.44518528094576	64.84324524666212	
566 KEELING ROAD	99705	-147.44311111839178	64.84226423317622	
1730 LOVDAHL LANE	99712	-147.47071148919528	64.89658308040136	
851 ALICE ROAD	99712	-147.40695261548328	64.89732690086834	
425 STEAMBOAT LANDING ROAD	99705	-147.33605405422196	64.8478061137947	
3045 MARK TWAIN DRIVE	99705	-147.33475169671476	64.84524077766821	
545 STERNWHEELER DRIVE	99705	-147.33681625987174	64.84327292336081	
440 STEAMBOAT LANDING ROAD	99705	-147.3338258363205	64.84843341674694	
446 STEAMBOAT LANDING ROAD	99705	-147.33285753434058	64.84809143104518	
3109 PILOTHOUSE LANE	99705	-147.3285034097273	64.84705629171083	
3095 PILOTHOUSE LANE	99705	-147.33000479952113	64.84693420157413	
478 STEAMBOAT LANDING ROAD	99705	-147.3319030398816	64.84637880146296	
3128 RIVER BEND ROAD	99705	-147.3261497703944	64.84383116205014	
3127 RIVER BEND ROAD	99705	-147.32586723726388	64.84318852564446	
3121 RIVER BEND ROAD	99705	-147.3280148748236	64.84316212687297	
3107 RIVER BEND ROAD	99705	-147.32921902528355	64.84326083498428	
541 STEAMBOAT LANDING ROAD	99705	-147.33325719791335	64.84387683094367	
551 STERNWHEELER DRIVE	99705	-147.33543577079786	64.84274678713223	
525 STERNWHEELER DRIVE	99705	-147.33793494988416	64.84393929395657	
513 STERNWHEELER DRIVE	99705	-147.33892072996142	64.84458971160838	
3010 DEHMER ROAD	99705	-147.33748757951074	64.84198324423792	
2991 DEHMER ROAD	99705	-147.34142716990505	64.8421144789212	
2905 FREEMAN ROAD	99705	-147.35034453199873	64.8411640433635	
2751 FREEMAN ROAD	99705	-147.3672743217978	64.84153074996587	
584 ROBERTS ROOST ROAD	99712	-147.36710424550614	64.886244470299	
2023 KATHLEEN ROAD	99712	-147.438399944127	64.87993746743527	
2237 LARISSA DRIVE	99712	-147.4164852168306	64.87859358235715	
481 NORDALE ROAD	99705	-147.41269510886477	64.84619543202768	
635 RMK LANE	99712	-147.35330800697844	64.88844259608929	
600 EBERHARDT ROAD	99712	-147.45743763861128	64.88526551567425	
583 NORDALE ROAD	99705	-147.4130534517792	64.84148694201889	
720 EBERHARDT ROAD	99712	-147.45042827412405	64.89158884169095	
747 WOODCHUCK PLACE	99712	-147.47843294056705	64.89125701714995	
2145 CHENA HOT SPRINGS ROAD	99712	-147.4258096025345	64.8905691577989	
2745 STRAIGHT AVENUE	99712	-147.36271367411823	64.88301731296899	
2755 STRAIGHT AVENUE	99712	-147.3608375458197	64.88244841383576	
2565 CHENA HOT SPRINGS ROAD	99712	-147.38393216842658	64.8837096731877	
2575 CHENA HOT SPRINGS ROAD	99712	-147.3819561069898	64.88404026657231	
3216 CHENA HOT SPRINGS ROAD	99712	-147.31298087295622	64.88952500832029	
2518 FREEMAN ROAD	99705	-147.3919290575195	64.84679491595816	
695 ROBERTS ROOST ROAD	99712	-147.36803499943048	64.89023675143724	
711 SHIELDS COURT	99712	-147.43780901250585	64.89004528702326	
1835 BATE STREET	99712	-147.45844323890248	64.84828881420871	
310 VEGA COURT	99712	-147.4130642353724	64.85545756426757	
2160 CHENA HOT SPRINGS ROAD	99712	-147.42618251417215	64.892925755421	
830 AMANITA ROAD	99712	-147.4377110228399	64.89660322149518	
850 AMANITA ROAD	99712	-147.438632580584	64.89745031703586	
811 NINE MILE HILL ROAD	99712	-147.3383507201908	64.89515188036515	
3477 BUFFALO LANE	99712	-147.2841572237283	64.89190694900485	
3499 BUFFALO LANE	99712	-147.28253391043077	64.89134744916846	
3512 MINK LANE	99712	-147.2806918133928	64.8903861947241	
3494 MINK LANE	99712	-147.28300401676327	64.89070910676182	
3474 MINK LANE	99712	-147.28484672218238	64.89106060217678	
3384 MINK LANE	99712	-147.2946309488814	64.89087467414464	
3366 MINK LANE	99712	-147.29652742041705	64.89063656727718	
3348 MINK LANE	99712	-147.2988672552245	64.89059464917158	
3330 MINK LANE	99712	-147.30100350845484	64.89046350800633	
696 DAHL LANE	99712	-147.29072650688317	64.89000476275812	
3441 MINK LANE	99712	-147.28931609347796	64.89041440783214	
3460 CHENA HOT SPRINGS ROAD	99712	-147.28749191767278	64.89013215670259	
3325 CHENA HOT SPRINGS ROAD	99712	-147.3013425643419	64.88850551432203	
3335 CHENA HOT SPRINGS ROAD	99712	-147.29994544693525	64.88839957623787	
3345 CHENA HOT SPRINGS ROAD	99712	-147.29878154454215	64.88850244954513	
3459 CHENA HOT SPRINGS ROAD	99712	-147.28837932355145	64.88882377332467	
3439 BUFFALO LANE	99712	-147.28866864930947	64.89191722325353	
810 AMANITA ROAD	99712	-147.42791376686205	64.89612258267088	
841 NINE MILE HILL ROAD	99712	-147.33883810627466	64.89674708160916	
749 NINE MILE HILL ROAD	99712	-147.33893989089415	64.89286218286932	
743 NINE MILE HILL ROAD	99712	-147.34481512090773	64.89338788020618	
746 NINE MILE HILL ROAD	99712	-147.33709368892306	64.89262147819515	
754 NINE MILE HILL ROAD	99712	-147.33522693988004	64.89274100531141	
770 NINE MILE HILL ROAD	99712	-147.33741991507114	64.8930418334213	
753 FOXBORO LANE	99712	-147.30423652924875	64.89280425196257	
3612 MINK LANE	99712	-147.28066959719024	64.89283396841702	
732 NINE MILE HILL ROAD	99712	-147.33647443512533	64.89149193490604	
684 NINE MILE HILL ROAD	99712	-147.33229464927197	64.89023274148049	
683 NINE MILE HILL ROAD	99712	-147.33848448042616	64.88990466736634	
3111 PENGUIN LANE	99712	-147.32400661882494	64.89121181148047	
656 EULACHON RUN	99712	-147.3238679967169	64.88861310504994	
665 EULACHON RUN	99712	-147.32643552400492	64.88939354755126	
667 EULACHON RUN	99712	-147.32528797389966	64.88925770180177	
3030 TINKERS LANE	99712	-147.33203237149698	64.88721974224777	
3505 CHENA HOT SPRINGS ROAD	99712	-147.28307599467848	64.88666548479125	
3519 CHENA HOT SPRINGS ROAD	99712	-147.2814380213478	64.88615334069713	
3455 BUFFALO LANE	99712	-147.28663049706998	64.89206619713542	
515 ROBERTS ROOST ROAD	99712	-147.37411391618804	64.88305301258764	
2584 CHENA HOT SPRINGS ROAD	99712	-147.37831686041093	64.88493142188354	
2564 CHENA HOT SPRINGS ROAD	99712	-147.38064826297384	64.88499709362313	
2587 LUNAR LANE	99712	-147.37976329699026	64.88575779835948	
2599 LUNAR LANE	99712	-147.37821843242313	64.88572602774529	
2626 BOREALIS DRIVE	99712	-147.37591321252523	64.88706835238689	
2601 STELLAR WAY	99712	-147.37822849307378	64.88746275869353	
2640 STELLAR WAY	99712	-147.37394605964627	64.88846060060864	
2635 STELLAR WAY	99712	-147.37336137336268	64.88765864982557	
2530 GREEN ACRES DRIVE	99712	-147.3891161526392	64.88492165356429	
2500 GREEN ACRES DRIVE	99712	-147.3881049593509	64.88607285846074	
2501 CHENA HOT SPRINGS ROAD	99712	-147.38859830914186	64.88684725953445	
455 D & M ROAD	99712	-147.30546450151053	64.87804956402287	
3211 CHENA HOT SPRINGS ROAD	99712	-147.31291003513007	64.88826055179513	
3185 CHENA HOT SPRINGS ROAD	99712	-147.3140172589872	64.88821053457582	
647 MERRY MEADOW LANE	99712	-147.31988716930007	64.88827284263603	
3133 CHENA HOT SPRINGS ROAD	99712	-147.32104855702283	64.88785911148446	
3123 CHENA HOT SPRINGS ROAD	99712	-147.3223739034081	64.88786814841569	
3109 CHENA HOT SPRINGS ROAD	99712	-147.3239547655901	64.8874719840664	
667 NINE MILE HILL ROAD	99712	-147.33840024385393	64.8890986264114	
625 OLEARY ROAD	99712	-147.34276288623732	64.88721806996345	
2917 CHENA HOT SPRINGS ROAD	99712	-147.34570326264566	64.88540606058186	
2895 CHENA HOT SPRINGS ROAD	99712	-147.34729790176956	64.88528551611427	
2881 CHENA HOT SPRINGS ROAD	99712	-147.34859270997683	64.88537394831779	
2888 CHENA HOT SPRINGS ROAD	99712	-147.34867956063275	64.88784964721046	
560 THERMOMETER COURT	99712	-147.3558205369152	64.88451240558202	
549 THERMOMETER COURT	99712	-147.35911735160587	64.88367858427237	
2735 CHENA HOT SPRINGS ROAD	99712	-147.36334946013332	64.88399896593695	
554 ROBERTS ROOST ROAD	99712	-147.36872755781943	64.88387826609335	
583 ROBERTS ROOST ROAD	99712	-147.37117561449978	64.88500863218522	
621 ROBERTS ROOST ROAD	99712	-147.37283565339237	64.88683303536018	
693 ROBERTS ROOST ROAD	99712	-147.36866092867393	64.88911479352718	
1065 ROBERTS ROOST ROAD	99712	-147.37134150810232	64.89211731171464	
2119 CHENA HOT SPRINGS ROAD	99712	-147.42886593945758	64.89168131792567	
411 RHONDA STREET	99712	-147.43215371445967	64.87763868165574	
2036 SARA LYNN ROAD	99712	-147.43765196177668	64.87754050422751	
2025 SARA LYNN ROAD	99712	-147.43886284922894	64.87671061997887	
2033 SARA LYNN ROAD	99712	-147.43762959666844	64.87673757144057	
2089 CHENA HOT SPRINGS ROAD	99712	-147.43237098647322	64.89173830964386	
2071 CHENA HOT SPRINGS ROAD	99712	-147.43459861093976	64.89162310962449	
2051 CHENA HOT SPRINGS ROAD	99712	-147.43616362089733	64.89182999258651	
704 SHIELDS COURT	99712	-147.4321407441223	64.89123241691478	
534 HERNING ROAD	99712	-147.43798996855762	64.8831079328693	
512 HERNING ROAD	99712	-147.43856361069624	64.88230440382003	
2028 KATHLEEN ROAD	99712	-147.43867270137093	64.88084139568055	
2053 KATHLEEN ROAD	99712	-147.43580528712945	64.87996631620989	
2065 KATHLEEN ROAD	99712	-147.43445673412938	64.87994964284471	
2027 AMY-DYAN ROAD	99712	-147.43850243820515	64.87853055052156	
2037 AMY-DYAN ROAD	99712	-147.43762484772515	64.87854070966635	
2047 AMY-DYAN ROAD	99712	-147.4367516436232	64.87844349401989	
425 RHONDA STREET	99712	-147.4322995902707	64.87829291169832	
2472 GREEN ACRES DRIVE	99712	-147.3894307396362	64.8871839337394	
2453 GREEN ACRES DRIVE	99712	-147.39361000559487	64.88741164431268	
2473 GREEN ACRES DRIVE	99712	-147.39100336766677	64.88614952422829	
703 MOON MULLEN LANE	99712	-147.40683040593404	64.89075385905905	
691 MOON MULLEN LANE	99712	-147.40704993277225	64.89003946466015	
686 MOON MULLEN LANE	99712	-147.40388271170454	64.88993167928872	
690 MOON MULLEN LANE	99712	-147.40464110594863	64.89041807790842	
2249 SHELLEY LANE	99712	-147.41601519902204	64.88853099150637	
2250 SHELLEY LANE	99712	-147.41489438833872	64.88904250858603	
2240 SHELLEY LANE	99712	-147.41607535241113	64.88894915109191	
2055 SARA LYNN ROAD	99712	-147.43561971548294	64.87672826144357	
428 RHONDA STREET	99712	-147.42987113648172	64.87853566035726	
452 RHONDA STREET	99712	-147.43196572175975	64.87957109118125	
2175 GEORGE ROAD	99712	-147.42304828689885	64.88131222220261	
2325 SEVERNS ROAD	99712	-147.40699857283315	64.87738962752748	
2273 SEVERNS ROAD	99712	-147.41058977346353	64.87762932850214	
2245 GEORGE ROAD	99712	-147.4174614624506	64.87989563687034	
2202 GEORGE ROAD	99712	-147.4194069907095	64.88107211351682	
2226 GEORGE ROAD	99712	-147.41744081337998	64.88093996900778	
2269 LISA LANE	99712	-147.4127936833126	64.88024738652243	
2260 GEORGE ROAD	99712	-147.41523542814673	64.87989857479778	
2211 LARISSA DRIVE	99712	-147.4190693073633	64.87876496430223	
2272 LARISSA DRIVE	99712	-147.41305116178086	64.87934403172896	
2282 LARISSA DRIVE	99712	-147.41179912285332	64.87943444475687	
2292 LARISSA DRIVE	99712	-147.41041503814031	64.87924459878488	
2298 LARISSA DRIVE	99712	-147.40911130925235	64.87882799131852	
2310 LARISSA DRIVE	99712	-147.4083849213271	64.87856887457768	
2331 LARRY LANE	99712	-147.40699519501138	64.87922735563012	
781 NINE MILE HILL ROAD	99712	-147.34009843974718	64.89383499356062	
770 LODGEPOLE LANE	99712	-147.33892804241395	64.89373095767512	
765 NINE MILE HILL ROAD	99712	-147.3414148955395	64.89317413521016	
2120 CHENA HOT SPRINGS ROAD	99712	-147.43072698586104	64.89357708132188	
2074 CHENA HOT SPRINGS ROAD	99712	-147.43365726639337	64.89274335174412	
2050 CHENA HOT SPRINGS ROAD	99712	-147.43629911870715	64.89294191512234	
750 AMANITA ROAD	99712	-147.43871913334277	64.8932325667485	
824 AMANITA ROAD	99712	-147.4347216069869	64.89619372162907	
822 AMANITA ROAD	99712	-147.43275602626773	64.89610900722707	
820 AMANITA ROAD	99712	-147.42965174311308	64.89653720664587	
842 AMANITA ROAD	99712	-147.43251458341075	64.89708314954211	
795 NINE MILE HILL ROAD	99712	-147.34139235677458	64.89484148304976	
790 LODGEPOLE LANE	99712	-147.34019963819028	64.89421267574947	
3317 CHENA HOT SPRINGS ROAD	99712	-147.30340193035693	64.88822931948258	
3481 CHENA HOT SPRINGS ROAD	99712	-147.28539450161122	64.88771241786233	
3493 RICKS WAY	99712	-147.2840347938455	64.8868843362616	
803 JOHN COLE ROAD	99712	-147.32147202978558	64.89496350246657	
800 JOHN COLE ROAD	99712	-147.32000546430157	64.89477508308707	
3270 SUNSTEAD AVENUE	99712	-147.3052034385353	64.89381612237369	
3349 BUFFALO LANE	99712	-147.2983252010244	64.89167872020863	
3401 BUFFALO LANE	99712	-147.29285569858914	64.89200235471318	
3421 BUFFALO LANE	99712	-147.29127235501986	64.89199949078333	
3521 BUFFALO LANE	99712	-147.28091712657124	64.89123441459988	
3460 MINK LANE	99712	-147.28658310659307	64.89128115671419	
3420 MINK LANE	99712	-147.29133505959666	64.89094477434497	
3400 MINK LANE	99712	-147.29310047075296	64.89066856620238	
3312 MINK LANE	99712	-147.30296658142598	64.89039490318092	
682 FOXBORO LANE	99712	-147.3030098801002	64.88927590980164	
3342 CHENA HOT SPRINGS ROAD	99712	-147.29933550583752	64.88945932468863	
3344 CHENA HOT SPRINGS ROAD	99712	-147.29896475749143	64.88954625742237	
3495 MINK LANE	99712	-147.28336686421216	64.88964963088928	
3505 MINK LANE	99712	-147.2815058825756	64.88954777463285	
3504 CHENA HOT SPRINGS ROAD	99712	-147.28283141693123	64.88840514654142	
702 NINE MILE HILL ROAD	99712	-147.33499883565378	64.89027563312975	
650 OLEARY ROAD	99712	-147.34076079454664	64.88831090901827	
645 OLEARY ROAD	99712	-147.342536865532	64.88826199665719	
650 MERRY MEADOW LANE	99712	-147.31844464290626	64.88817398027693	
630 MERRY MEADOW LANE	99712	-147.3182744690679	64.8876541948513	
625 MERRY MEADOW LANE	99712	-147.31944036640138	64.8868895121835	
633 MERRY MEADOW LANE	99712	-147.31985832803622	64.88743802577446	
3091 CHENA HOT SPRINGS ROAD	99712	-147.32772645405632	64.88623214147648	
3047 CHENA HOT SPRINGS ROAD	99712	-147.330606432051	64.8866693191708	
3070 CHENA HOT SPRINGS ROAD	99712	-147.32773209138273	64.8875975833626	
3090 CHENA HOT SPRINGS ROAD	99712	-147.32606052030562	64.88808089642508	
3123 PENGUIN LANE	99712	-147.32255575960346	64.89108709939693	
3110 PENGUIN LANE	99712	-147.32407188143324	64.89176238195847	
711 JOHN COLE ROAD	99712	-147.32633608748293	64.8918159888434	
717 JOHN COLE ROAD	99712	-147.33044007747176	64.89081677701759	
3052 TINKERS LANE	99712	-147.32999237216714	64.88790062502592	
674 NINE MILE HILL ROAD	99712	-147.33614276720385	64.8892430304112	
688 NINE MILE HILL ROAD	99712	-147.33716714059707	64.88993643854634	
620 OLEARY ROAD	99712	-147.34085819866803	64.88683599603195	
2610 STELLAR WAY	99712	-147.37670378647476	64.8882817584011	
2535 CHENA HOT SPRINGS ROAD	99712	-147.38572436150477	64.88499767874241	
636 OLEARY ROAD	99712	-147.34072644312334	64.88762263478372	
2964 CHENA HOT SPRINGS ROAD	99712	-147.33931090667087	64.88654448917478	
2931 CHENA HOT SPRINGS ROAD	99712	-147.34266250434783	64.885380833508	
2860 CHENA HOT SPRINGS ROAD	99712	-147.35019217626225	64.8864788876178	
2846 CHENA HOT SPRINGS ROAD	99712	-147.3518876045564	64.88607157434198	
2842 CHENA HOT SPRINGS ROAD	99712	-147.35115960991385	64.88827798306966	
605 RMK LANE	99712	-147.3536826643038	64.8861307128024	
530 ROBERTS ROOST ROAD	99712	-147.36884616850128	64.88314264149489	
525 ROBERTS ROOST ROAD	99712	-147.37093858574138	64.8829314310853	
557 ROBERTS ROOST ROAD	99712	-147.3701949907844	64.88406889122703	
2750 CHENA HOT SPRINGS ROAD	99712	-147.3621376650274	64.88497117890121	
630 ROBERTS ROOST ROAD	99712	-147.36375667784762	64.8876135901485	
670 ROBERTS ROOST ROAD	99712	-147.36534869041387	64.88838147373716	
680 ROBERTS ROOST ROAD	99712	-147.36506018942939	64.88903919251527	
2637 CHENA HOT SPRINGS ROAD	99712	-147.3741501388972	64.8840894961167	
2585 CHENA HOT SPRINGS ROAD	99712	-147.37951162853665	64.8839248262201	
2640 CHENA HOT SPRINGS ROAD	99712	-147.3741835372296	64.88490432093862	
2631 LUNAR LANE	99712	-147.37495203659117	64.88576346975417	
2643 BOREALIS DRIVE	99712	-147.3725944811104	64.88595084907476	
2586 LUNAR LANE	99712	-147.3797548346036	64.88634406144004	
2585 STELLAR WAY	99712	-147.37947185766674	64.88762230222478	
2586 STELLAR WAY	99712	-147.3792575970188	64.88829325356673	
2598 STELLAR WAY	99712	-147.3781517281718	64.88852686871343	
2458 GREEN ACRES DRIVE	99712	-147.39110687876735	64.88772799257866	
2078 SARA LYNN ROAD	99712	-147.43341565155876	64.87771871740719	
2075 SARA LYNN ROAD	99712	-147.43361741070757	64.87658216311615	
2085 SARA LYNN ROAD	99712	-147.43243378821074	64.87675621589491	
412 RHONDA STREET	99712	-147.4302594718911	64.87764460132145	
2450 GREEN ACRES DRIVE	99712	-147.39287917511152	64.8885094351785	
2431 GREEN ACRES DRIVE	99712	-147.39517060461444	64.88906148377947	
2445 GREEN ACRES DRIVE	99712	-147.39518356144853	64.88822248354109	
2463 GREEN ACRES DRIVE	99712	-147.39261729794828	64.88698749790034	
2482 CHENA HOT SPRINGS ROAD	99712	-147.39028390460496	64.89018507696446	
2391 CHENA HOT SPRINGS ROAD	99712	-147.40048599022913	64.89181440869169	
657 TANGLEWOOD ROAD	99712	-147.39761741160524	64.88833660863979	
673 TANGLEWOOD ROAD	99712	-147.39743703938814	64.88900411939059	
2179 CHENA HOT SPRINGS ROAD	99712	-147.42386243292205	64.89136676140542	
2033 CHENA HOT SPRINGS ROAD	99712	-147.43806306977302	64.89171391744352	
710 SHIELDS COURT	99712	-147.43829331193848	64.89091064203691	
708 SHIELDS COURT	99712	-147.43584312524007	64.89069928102028	
2199 LARISSA DRIVE	99712	-147.42091056875782	64.87896411712161	
2271 LARISSA DRIVE	99712	-147.4129426617633	64.87844150402222	
2285 LARISSA DRIVE	99712	-147.4113394379301	64.87835763811213	
2292 SEVERNS ROAD	99712	-147.41043395702923	64.87827264218363	
2324 SEVERNS ROAD	99712	-147.40701094226156	64.87829852097079	
2311 LARRY LANE	99712	-147.40912577792923	64.87981390927959	
706 SHIELDS COURT	99712	-147.43425887792498	64.89095271201528	
2058 KATHLEEN ROAD	99712	-147.43557913157653	64.88088692731168	
2077 KATHLEEN ROAD	99712	-147.43349559854147	64.88015642498239	
2060 AMY-DYAN ROAD	99712	-147.43523675252158	64.87936917808508	
2057 AMY-DYAN ROAD	99712	-147.43561939538134	64.87853250788845	
2067 AMY-DYAN ROAD	99712	-147.4341731599804	64.8783589141492	
2077 AMY-DYAN ROAD	99712	-147.43345633938094	64.87846480590694	
437 RHONDA STREET	99712	-147.43230338705004	64.87865632535346	
2048 SARA LYNN ROAD	99712	-147.43641522197456	64.87772534226481	
2056 SARA LYNN ROAD	99712	-147.43547710324813	64.87768723100928	
2068 SARA LYNN ROAD	99712	-147.43440169930227	64.87764908215618	
476 RHONDA STREET	99712	-147.43099354697713	64.88045062374708	
500 RHONDA STREET	99712	-147.43178250991974	64.88108063314633	
494 RHONDA STREET	99712	-147.43062110482612	64.88107921258955	
2151 GEORGE ROAD	99712	-147.42650732019047	64.88109703848328	
2251 SEVERNS ROAD	99712	-147.41599286774425	64.87760059028281	
2231 SEVERNS ROAD	99712	-147.41732005922765	64.87771234544506	
2193 GEORGE ROAD	99712	-147.4214968988591	64.88078028597468	
2197 GEORGE ROAD	99712	-147.4199318380996	64.88055374685254	
2244 LISA LANE	99712	-147.41616822584746	64.88056926309227	
2256 LISA LANE	99712	-147.41488052436065	64.88083718312	
2271 LISA LANE	99712	-147.41245202783773	64.88060786019199	
2214 LARISSA DRIVE	99712	-147.41884988786896	64.87953288761938	
2191 LARISSA DRIVE	99712	-147.42219784486468	64.8792850089652	
1734 LOVDAHL LANE	99712	-147.46859461058315	64.89644175938659	
1743 PINE RIDGE DRIVE	99712	-147.46775591430173	64.89752755653865	
758 HAIDA LANE	99712	-147.44992738571344	64.89318912244438	
851 HAIDA LANE	99712	-147.45251846553765	64.89702387811542	
753 AMANITA ROAD	99712	-147.44008219127014	64.8931384642738	
775 AMANITA ROAD	99712	-147.44033947305363	64.89401626172206	
809 AMANITA ROAD	99712	-147.4398048281958	64.89544854814544	
822 ESRO ROAD	99712	-147.47795192788843	64.8965965303314	
1740 CHENA HOT SPRINGS ROAD	99712	-147.46748388304312	64.89390176156472	
1748 CHENA HOT SPRINGS ROAD	99712	-147.46773696168003	64.89308893028988	
811 RIFLE ROAD	99712	-147.46544817147978	64.89554586503161	
1728 LOVDAHL LANE	99712	-147.471208928956	64.89646937206061	
1978 CAMOMILE LANE	99712	-147.4439486447695	64.89536463171365	
1994 CAMOMILE LANE	99712	-147.44220128868878	64.89537325231146	
2004 CAMOMILE LANE	99712	-147.44108224557854	64.89527958794204	
1975 TISDELL LANE	99712	-147.44460372108816	64.89740417362331	
1679 CHENA HOT SPRINGS ROAD	99712	-147.4756748545923	64.89146242856869	
825 AMANITA ROAD	99712	-147.4429066009212	64.89635204262082	
1963 JACK LONDON COURT	99712	-147.44536644437864	64.89330315957147	
1968 JACK LONDON COURT	99712	-147.44514009786602	64.89391335759443	
1982 JACK LONDON COURT	99712	-147.4439429515901	64.89383985445048	
1990 JACK LONDON COURT	99712	-147.44241138569788	64.89384045158633	
1966 CAMOMILE LANE	99712	-147.44533889830885	64.89551590168607	
551 FUNK ROAD	99712	-147.47514918221512	64.88362617505162	
690 COUNTRY KID'S LANE	99712	-147.46521762838643	64.89019078034954	
687 FUNK ROAD	99712	-147.47420181344117	64.89017306457188	
1678 AMIDON DRIVE	99712	-147.47437045174667	64.88888627285073	
653 FUNK ROAD	99712	-147.47443159295992	64.88858601958478	
1638 MARBURGER DRIVE	99712	-147.4783468251436	64.88578535541933	
1655 WOODPECKER LANE	99712	-147.47829758053203	64.88667490899755	
1630 WOODPECKER LANE	99712	-147.4783573284371	64.88741073349372	
573 MOOSE TROT AVENUE	99712	-147.4782696999996	64.88492076368085	
1750 CHENA HOT SPRINGS ROAD	99712	-147.46765715709085	64.89484982825257	
1832 CHENA HOT SPRINGS ROAD	99712	-147.45821855998713	64.8939309968069	
1850 CHENA HOT SPRINGS ROAD	99712	-147.4571142427366	64.89305730873856	
829 HAIDA LANE	99712	-147.4531313912497	64.89649487548665	
803 HAIDA LANE	99712	-147.45408050194322	64.89539241344757	
1944 CHENA HOT SPRINGS ROAD	99712	-147.44775402499673	64.89397323100592	
1950 CHENA HOT SPRINGS ROAD	99712	-147.44620340758843	64.8930577422481	
837 AMANITA ROAD	99712	-147.4408726781182	64.89697642553264	
1997 JACK LONDON COURT	99712	-147.4416543911624	64.89322185977416	
1989 JACK LONDON COURT	99712	-147.44290204998575	64.89331269845428	
1985 JACK LONDON COURT	99712	-147.44377250823757	64.89321581317253	
2004 JACK LONDON COURT	99712	-147.44123130042382	64.8939744723947	
1991 CAMOMILE LANE	99712	-147.44263388373633	64.89469057538223	
1977 CAMOMILE LANE	99712	-147.443793362446	64.89484256697274	
1967 CAMOMILE LANE	99712	-147.44521792506407	64.89483169423502	
1955 TISDELL LANE	99712	-147.44723168148343	64.89718982538629	
816 ESRO ROAD	99712	-147.47812173955703	64.89530897710065	
800 RIFLE ROAD	99712	-147.46212125501205	64.89565230081877	
1820 LILAC AVENUE	99712	-147.4580017558613	64.89551640235993	
1762 LOVDAHL LANE	99712	-147.46585923766693	64.89626217898461	
851 RIFLE ROAD	99712	-147.46609777511603	64.89744610110215	
800 HAIDA LANE	99712	-147.44995398400334	64.89458626567827	
832 HAIDA LANE	99712	-147.45072786350687	64.89649632598716	
848 HAIDA LANE	99712	-147.45045524968475	64.89724339004366	
2874 FREEMAN ROAD	99705	-147.3539058377665	64.84228345264735	
585 NORDALE ROAD	99705	-147.4130728040056	64.84140327511172	
2321 PATTERSON COURT	99705	-147.41191614121408	64.8438917799679	
2285 PATTERSON COURT	99705	-147.4160490029197	64.84443531482302	
2884 FREEMAN ROAD	99705	-147.35295717371957	64.84225260130904	
2894 FREEMAN ROAD	99705	-147.3518998207104	64.84226830216042	
552 CARL CROSMAN WAY	99705	-147.34994646870277	64.84244587841359	
2623 FREEMAN ROAD	99705	-147.38139550582687	64.84461533245873	
2636 FREEMAN ROAD	99705	-147.37989719638867	64.84358238199607	
2486 FREEMAN ROAD	99705	-147.39442674647964	64.84294939809182	
2770 FREEMAN ROAD	99705	-147.36464860878695	64.84272248291289	
2790 BLUE SPRUCE WAY	99705	-147.3634590037749	64.8428235374123	
2794 BLUE SPRUCE WAY	99705	-147.36262069749523	64.84305855840377	
2810 BLUE SPRUCE WAY	99705	-147.3609088166785	64.84325255867867	
2332 PATTERSON COURT	99705	-147.41154260447018	64.84459337968457	
410 NORDALE ROAD	99712	-147.40693894465628	64.84929341257669	
400 NORDALE ROAD	99712	-147.4059886695508	64.84977673324379	
390 NORDALE ROAD	99712	-147.40524852605398	64.8502396167233	
380 NORDALE ROAD	99712	-147.40537430312048	64.85084718334144	
365 NORDALE ROAD	99712	-147.41039184591588	64.85212069606128	
345 NORDALE ROAD	99712	-147.408816972691	64.8526115850932	
2435 CHIEF NICKOLI LOOP	99712	-147.40019721292632	64.85258546291203	
2451 CHIEF NICKOLI LOOP	99712	-147.39893040093474	64.85226097042234	
2455 CHIEF NICKOLI LOOP	99712	-147.39813985593247	64.85188767126193	
2430 CHIEF NICKOLI LOOP	99712	-147.39987631176018	64.85357255822386	
2420 CHIEF NICKOLI LOOP	99712	-147.40080765888166	64.85404264572804	
2246 FREEMAN ROAD	99705	-147.419731035678	64.84360086100642	
2226 FREEMAN ROAD	99705	-147.42263200863036	64.84310286442447	
3090 PILOTHOUSE LANE	99705	-147.33060995082343	64.84770241223384	
3106 PILOTHOUSE LANE	99705	-147.32860003273967	64.84788381248852	
454 STEAMBOAT LANDING ROAD	99705	-147.33187384936767	64.84773925217522	
3112 PILOTHOUSE LANE	99705	-147.32744716973883	64.84733461894834	
494 STEAMBOAT LANDING ROAD	99705	-147.33202983055835	64.84563552187028	
508 STEAMBOAT LANDING ROAD	99705	-147.3321846897226	64.84501711543354	
524 STEAMBOAT LANDING ROAD	99705	-147.33215324055988	64.84451863029065	
3106 RIVER BEND ROAD	99705	-147.3296953251878	64.84386696808596	
3122 RIVER BEND ROAD	99705	-147.3278019681673	64.84389107377159	
3091 RIVER BEND ROAD	99705	-147.330772134418	64.84317837732344	
554 STEAMBOAT LANDING ROAD	99705	-147.33174226588068	64.84295524445544	
588 STEAMBOAT LANDING ROAD	99705	-147.3340358851653	64.8416143794171	
3031 MARK TWAIN DRIVE	99705	-147.3367913813223	64.84514226935401	
532 STERNWHEELER DRIVE	99705	-147.3355690986668	64.84422354982112	
540 STERNWHEELER DRIVE	99705	-147.3350754591372	64.84375872278879	
3030 MARK TWAIN DRIVE	99705	-147.3375933543924	64.84565759548043	
470 STERNWHEELER DRIVE	99705	-147.3352470675739	64.84635358167033	
3011 DEHMER ROAD	99705	-147.33885980737628	64.84151553451684	
2730 FREEMAN ROAD	99705	-147.36931016200037	64.84344670860463	
2756 FREEMAN ROAD	99705	-147.36786723428804	64.84301619996644	
2766 FREEMAN ROAD	99705	-147.36677860455742	64.84269309903374	
588 BOTTLES STREET	99705	-147.36056450783602	64.84149259514291	
587 BOTTLES STREET	99705	-147.36232021760924	64.84141997669819	
2816 BLUE SPRUCE WAY	99705	-147.3603295252203	64.84381312872901	
405 NORDALE ROAD	99712	-147.4110326221542	64.84935258941096	
305 NORDALE ROAD	99712	-147.40707569309146	64.8542386285406	
2465 CHIEF NICKOLI LOOP	99712	-147.39728800675613	64.85194395109725	
2485 CHIEF NICKOLI LOOP	99712	-147.39499405783948	64.85258540909933	
2460 CHIEF NICKOLI LOOP	99712	-147.3974132318755	64.85255442619128	
2795 BLUE SPRUCE WAY	99705	-147.36171678251227	64.8422021657272	
2801 BLUE SPRUCE WAY	99705	-147.36047517111462	64.84217521204322	
512 REINER STREET	99705	-147.358363315581	64.84508816551619	
570 REINER STREET	99705	-147.35902033758774	64.84212870655722	
2834 FREEMAN ROAD	99705	-147.35799019690594	64.8420895685662	
2864 FREEMAN ROAD	99705	-147.3548895722639	64.84225853837128	
534 CARL CROSMAN WAY	99705	-147.3505237509812	64.84386082971723	
533 CARL CROSMAN WAY	99705	-147.352198758085	64.84384438387808	
535 CARL CROSMAN WAY	99705	-147.35479018651034	64.84378006040002	
511 CARL CROSMAN WAY	99705	-147.3518834006175	64.845062046113	
2478 FREEMAN ROAD	99705	-147.39688455735674	64.8427684686218	
2508 FREEMAN ROAD	99705	-147.39382809858137	64.84410784281576	
2360 HEARTLAND AVENUE	99705	-147.40626669772527	64.84692790114428	
553 NORDALE ROAD	99705	-147.41367123698745	64.84313500609369	
2270 FREEMAN ROAD	99705	-147.41813371208363	64.84291151245712	
2430 PORTELLI COURT	99712	-147.4122035216235	64.84816224836683	
2440 PORTELLI COURT	99712	-147.411600900159	64.848724664796	
340 NORDALE ROAD	99712	-147.40418863883784	64.85190085706739	
2252 PATTERSON LANE	99705	-147.415453877964	64.84657551447727	
2230 PATTERSON LANE	99705	-147.41816892353913	64.84815496437554	
2210 PATTERSON LANE	99705	-147.4136438097108	64.8495194159886	
577 CLOUD ROAD	99705	-147.42591757607138	64.84150949415033	
2622 STELLAR WAY	99712	-147.3755890834547	64.88847127191158	
1667 AMIDON DRIVE	99712	-147.4764896425489	64.8884134743124	
2725 STRAIGHT AVENUE	99712	-147.36416282347773	64.88292773777512	
2705 STRAIGHT AVENUE	99712	-147.36671573430257	64.8827190423732	
1805 LILAC AVENUE	99712	-147.46151609929888	64.89379061044848	
695 DAHL LANE	99712	-147.29270545808203	64.89013898042128	
2910 CHENA HOT SPRINGS ROAD	99712	-147.34557779348015	64.8867839098366	
680 EBERHARDT ROAD	99712	-147.45158389324922	64.88963482484526	
620 MERRY MEADOW LANE	99712	-147.3181272910619	64.88700453776406	
3520 RENE' DRIVE	99712	-147.28092535614573	64.88786728543828	
715 JOHN COLE ROAD	99712	-147.32850644319544	64.89190590627437	
2918 CHENA HOT SPRINGS ROAD	99712	-147.34446140062528	64.88684862092713	
754 AMANITA ROAD	99712	-147.4385442580573	64.89452141630467	
2306 LARRY LANE	99712	-147.40784904986685	64.8808621492747	
470 NORTH NORDALE ROAD	99712	-147.40397762572633	64.88045850188017	
2273 CHENA HOT SPRINGS ROAD	99712	-147.41246072103013	64.8907935606457	
745 JAMAL LANE	99712	-147.39350899761158	64.89302318524818	
757 JAMAL LANE	99712	-147.39147820015341	64.89285491522645	
2730 CHENA HOT SPRINGS ROAD	99712	-147.36438463073347	64.88497163739129	
784 ARCTIC ROSE LANE	99712	-147.4361103537988	64.89634655731898	
630 TANGLEWOOD ROAD	99712	-147.40287258732602	64.88580225207983	
641 EBERHARDT ROAD	99712	-147.45540895275872	64.88763583052618	
661 EBERHARDT ROAD	99712	-147.45343675441597	64.88852780542575	
2565 CHENA HOT SPRINGS ROAD	99712	-147.38158952687863	64.88308373920026	
2750 STRAIGHT AVENUE	99712	-147.36202358803496	64.88373891630066	
2625 SAINT ELIAS DRIVE	99712	-147.3811727373488	64.8929902146808	
735 WOODCHUCK PLACE	99712	-147.47852896040527	64.89091661344052	
630 EBERHARDT ROAD	99712	-147.45228166503065	64.88694159506508	
780 NINE MILE HILL ROAD	99712	-147.33720638021418	64.89376844585915	
565 SILVER LINING DRIVE	99705	-147.43868661587013	64.84200323141265	
1735 BATE STREET	99712	-147.47328420475756	64.85037597227857	
2279 PATTERSON LANE	99705	-147.41592574031705	64.84485122733942	
2810 JAHNKE WAY	99705	-147.35792149078955	64.8429753987307	
2074 KATHLEEN ROAD	99712	-147.43318218763886	64.88081667891552	
795 RISSE ROAD	99712	-147.4164364332593	64.89660739952203	
505 PLEASURE DRIVE	99705	-147.47330333325795	64.84291259973055	
2359 HEARTLAND AVENUE	99705	-147.4070556911804	64.84461017552196	
2951 FREEMAN ROAD	99705	-147.34535798470773	64.84136929403034	
3085 PILOTHOUSE LANE	99705	-147.3301811168664	64.84644346694448	
880 LODGEPOLE LANE	99712	-147.35247922343802	64.89754101523262	
546 REINER STREET	99705	-147.35812476724445	64.8437884249362	
552 REINER STREET	99705	-147.3580147016698	64.8433754290276	
556 REINER STREET	99705	-147.35806911563873	64.84350082128661	
3010 MARK TWAIN DRIVE	99705	-147.33962552401226	64.8457398827477	
2802 JAHNKE WAY	99705	-147.358837789873	64.84304970960191	
2808 JAHNKE WAY	99705	-147.35816102808172	64.84309355384481	
2805 JAHNKE WAY	99705	-147.35824968663817	64.84286845817954	
2803 JAHNKE WAY	99705	-147.3590191536422	64.84279814248032	
838 LODGEPOLE LANE	99712	-147.34588042770162	64.8954431661309	
2941 CHENA HOT SPRINGS ROAD	99712	-147.34111286845268	64.88532827549749	
644 EBERHARDT ROAD	99712	-147.45346935764508	64.88744248864302	
1671 MARBURGER DRIVE	99712	-147.47576572578146	64.88491618845865	
1681 MARBURGER DRIVE	99712	-147.47495289642686	64.88471613578203	
711 MOON MULLEN LANE	99712	-147.40619135812005	64.89207925999335	
495 CARL CROSMAN WAY	99705	-147.35942926072065	64.84850156769103	
778 RIFLE ROAD	99712	-147.4636916448458	64.89364231324255	
2328 BIG SPRUCE LANE	99712	-147.39599627918653	64.89007989497065	
2334 BIG SPRUCE LANE	99712	-147.39527694930845	64.88978253527836	
679 TANGLEWOOD ROAD	99712	-147.3994090954832	64.89013322459198	
2190 CHENA HOT SPRINGS ROAD	99712	-147.4208583243613	64.89286122667417	
781 JAMAL LANE	99712	-147.38836759968777	64.89462591460594	
3388 CHENA HOT SPRINGS ROAD	99712	-147.29627430634298	64.88956234153628	
499 CARL CROSSMAN WAY	99705	-147.35156660486814	64.84592396283082	
706 MOON MULLEN LANE	99712	-147.40245920037216	64.89180174985266	
2063 ANDROMEDA DRIVE	99712	-147.43532251347	64.84964776681784	
2067 ANDROMEDA DRIVE	99712	-147.43674943936318	64.84949916608142	
2101 ANDROMEDA DRIVE	99712	-147.43675425129018	64.85232530429084	
771 RIFLE ROAD	99712	-147.46611437056873	64.89345341200172	
771 RIFLE ROAD	99712	-147.46598206594447	64.89345803782633	
771 RIFLE ROAD	99712	-147.46586334918203	64.89346315513235	
2043 ANDROMEDA DRIVE	99712	-147.42033692707858	64.84986095783854	
2560 PEGASUS DRIVE	99712	-147.41325158527863	64.8530138703313	
1860 CIRRUS COURT	99705	-147.44103174279704	64.84341284111449	
525 SILVER LINING DRIVE	99705	-147.44107979137016	64.84489189568991	
720 NORTH NORDALE ROAD	99712	-147.4147049701547	64.89029432295429	
725 WOODCHUCK PLACE	99712	-147.478467580833	64.89003086654726	
305 VEGA COURT	99712	-147.4153138766915	64.85520199935998	
1865 CIRRUS COURT	99705	-147.44091532793098	64.84279002412575	
1855 CIRRUS COURT	99705	-147.4393839527614	64.8429585382952	
612 OLEARY ROAD	99712	-147.3403409730181	64.88627266682538	
500 EBERHARDT ROAD	99712	-147.46344311192237	64.88402836204811	
1958 PORCUPINE LANE	99712	-147.4468915145069	64.89002378792699	
719 HERNING ROAD	99712	-147.4412010275342	64.89141494352184	
629 FUNK ROAD	99712	-147.47417668689062	64.88714742027491	
611 FUNK ROAD	99712	-147.47448069999302	64.88646338318684	
591 FUNK ROAD	99712	-147.47400961912192	64.88570765833805	
1662 MARBURGER DRIVE	99712	-147.47732518852902	64.88548159181252	
557 MOOSE TROT AVENUE	99712	-147.47882360405757	64.88397211348851	
540 MOOSE TROT AVENUE	99712	-147.47676258639956	64.8829637158866	
550 MOOSE TROT AVENUE	99712	-147.4768999078831	64.88368369458178	
650 COUNTRY KID'S LANE	99712	-147.46568147398887	64.88838738367875	
551 EBERHARDT ROAD	99712	-147.4556812480759	64.88387405062015	
571 EBERHARDT ROAD	99712	-147.45709403968212	64.8841188383765	
1799 CHENA HOT SPRINGS ROAD	99712	-147.4611407361148	64.88922532447432	
1867 CHENA HOT SPRINGS ROAD	99712	-147.45578500770173	64.89164705358665	
727 EBERHARDT ROAD	99712	-147.45372265403734	64.89153439576091	
1895 LAURA ANNE AVENUE	99712	-147.4509511081747	64.88564725090424	
1925 LAURA ANNE AVENUE	99712	-147.44772380792654	64.8856644687911	
1930 LAURA ANNE AVENUE	99712	-147.44680775619076	64.88641585470415	
511 HERNING ROAD	99712	-147.44195881481838	64.88186220215626	
768 JOHN COLE ROAD	99712	-147.3133231027535	64.89349422994188	
888 BOHNET DRIVE	99712	-147.38954170462608	64.89740953689221	
854 BOHNET DRIVE	99712	-147.3928917333552	64.89714641949732	
761 BOHNET DRIVE	99712	-147.39857406705744	64.89443804330868	
774 SMALLWOOD TRAIL	99712	-147.40015360293359	64.89370385534104	
2575 SAINT ELIAS DRIVE	99712	-147.3815563790818	64.88967606922773	
2511 SAINT ELIAS DRIVE	99712	-147.38634626284062	64.89461109742717	
760 JAMAL LANE	99712	-147.38697655244516	64.8928285719956	
775 SMALLWOOD TRAIL	99712	-147.402765341761	64.89359967585878	
793 SMALLWOOD TRAIL	99712	-147.40272605403774	64.89462537378972	
775 ALICE ROAD	99712	-147.40732884831948	64.89411993955079	
670 COUNTRY KID'S LANE	99712	-147.46577542543216	64.89008583175755	
590 EBERHARDT ROAD	99712	-147.45573008214524	64.88569741471046	
631 EBERHARDT ROAD	99712	-147.45577804823907	64.886930007972	
671 EBERHARDT ROAD	99712	-147.45307667932676	64.8891908504855	
701 EBERHARDT ROAD	99712	-147.45479570153705	64.89013863517295	
707 EBERHARDT ROAD	99712	-147.45317890792765	64.89070565523939	
710 EBERHARDT ROAD	99712	-147.45119245417868	64.89045643705498	
1970 PORCUPINE LANE	99712	-147.44509469319266	64.88993824363722	
1990 PORCUPINE LANE	99712	-147.44325671643526	64.89027506741397	
1969 PORCUPINE LANE	99712	-147.44519133009686	64.8893914841392	
1945 LAURA ANNE AVENUE	99712	-147.4449482988757	64.88557907989184	
1995 LAURA ANNE AVENUE	99712	-147.44348598215365	64.88452778553071	
1974 LAURA ANNE AVENUE	99712	-147.44093990430403	64.88664236959855	
461 HERNING ROAD	99712	-147.44008234872416	64.879746900355	
2000 LAURA ANNE AVENUE	99712	-147.44080581763495	64.88553954126992	
2810 MISTY FJORDS COURT	99712	-147.3740254097977	64.89317353720128	
2765 MISTY FJORDS COURT	99712	-147.37715587421553	64.89111393459554	
2780 MISTY FJORDS COURT	99712	-147.37658814163464	64.89212574940562	
839 JAMAL LANE	99712	-147.38728162567926	64.89671573282959	
840 BOHNET DRIVE	99712	-147.39469938085128	64.89652734868253	
845 SMALLWOOD TRAIL	99712	-147.40262309130017	64.8967809540872	
853 SMALLWOOD TRAIL	99712	-147.40037905762384	64.89745902859457	
2295 PATTERSON COURT	99705	-147.4164873023776	64.84379997433382	
2344 CHENA HOT SPRINGS ROAD	99712	-147.404369164899	64.89330559791205	
2364 CHENA HOT SPRINGS ROAD	99712	-147.4024801545828	64.89361019454329	
753 ALICE ROAD	99712	-147.4065358808849	64.89280243350292	
814 RISSE ROAD	99712	-147.408445616245	64.89573380188887	
805 RISSE ROAD	99712	-147.4124880141543	64.89531732670687	
827 RISSE ROAD	99712	-147.41248637826314	64.89639297753753	
830 RISSE ROAD	99712	-147.41028235121473	64.89643716544344	
569 PLEASURE DRIVE	99705	-147.4754196701561	64.84296000559807	
499 PLEASURE DRIVE	99705	-147.47234762291131	64.84321836719475	
462 PLEASURE DRIVE	99705	-147.46814585132634	64.843212873161	
488 PLEASURE DRIVE	99705	-147.46916604366228	64.84241301019468	
500 PLEASURE DRIVE	99705	-147.47116159735998	64.84197979540865	
498 PLEASURE DRIVE	99705	-147.4712659109977	64.84212354465514	
604 GOLDENWOOD DRIVE	99705	-147.47380645304753	64.84134022554511	
612 GOLDENWOOD DRIVE	99705	-147.47289760563103	64.8412670992187	
593 FELIZ STREET	99705	-147.47707817479298	64.84141607078763	
577 PLEASURE DRIVE	99705	-147.47909908544767	64.84270404247368	
425 JANICE STREET	99712	-147.45263581013086	64.84804292877064	
527 KEELING ROAD	99705	-147.4498921858423	64.84433364416003	
536 KEELING ROAD	99705	-147.44728118159435	64.84390604803274	
515 KEELING ROAD	99705	-147.44877587573154	64.84641972295115	
549 KEELING ROAD	99705	-147.45118105331247	64.84338018236205	
575 KEELING ROAD	99705	-147.45172960531752	64.84310010206343	
570 KEELING ROAD	99705	-147.44954638635303	64.84210212302796	
588 KEELING ROAD	99705	-147.4478306206323	64.84156263826186	
576 FELIZ STREET	99705	-147.4753687870256	64.84193650893576	
577 FELIZ STREET	99705	-147.47621440011085	64.84209244695103	
596 GOLDENWOOD DRIVE	99705	-147.47503116617574	64.84150031458319	
479 PLEASURE DRIVE	99705	-147.4713074576388	64.84340780261667	
459 PLEASURE DRIVE	99705	-147.46919154527717	64.84414171952265	
453 PLEASURE DRIVE	99705	-147.46779136935328	64.84481715410902	
510 PLEASURE DRIVE	99705	-147.47310688120933	64.8418793012981	
575 PLEASURE DRIVE	99705	-147.4780830088834	64.84302321259638	
1845 BATE STREET	99712	-147.45713269806274	64.84821535511108	
455 KEELING ROAD	99705	-147.44462841280986	64.8476010462025	
441 KEELING ROAD	99705	-147.4429465168926	64.84799342354499	
438 KEELING ROAD	99705	-147.4438911941068	64.8452487877195	
585 KEELING ROAD	99705	-147.4521574615943	64.8412545681417	
2635 BOREALIS DRIVE	99712	-147.3763666880809	64.88652399555924	
550 STERNWHEELER DRIVE	99705	-147.33464340135973	64.8433345877611	
780 BOHNET DRIVE	99712	-147.3959327457029	64.89518964129546	
615 RMK LANE	99712	-147.35408277365093	64.88699582582257	
2405 CHIEF NICKOLI LOOP	99712	-147.40400603515894	64.8525062090321	
2930 FREEMAN ROAD	99705	-147.3473190599969	64.84219534218887	
2505 PEGASUS DRIVE	99712	-147.41108157068257	64.85556457971155	
2525 PEGASUS DRIVE	99712	-147.41169095951722	64.85467261363414	
2515 FREEMAN ROAD	99705	-147.3925781495735	64.84761581686561	
759 HAIDA LANE	99712	-147.4533944641606	64.89330918562078	
769 HAIDA LANE	99712	-147.4533219789151	64.89340665871252	
2755 SAINT ELIAS DRIVE	99712	-147.3752979412586	64.88998318468282	
2115 SARA-LYNN ROAD	99712	-147.43164797347603	64.87518379452102	
435 JANICE STREET	99712	-147.45372006931126	64.84843100054587	
581 REINER STREET	99705	-147.3601723875561	64.84221730233723	
715 OLEARY ROAD	99712	-147.3437992559487	64.89100523520223	
750 REX LANE	99712	-147.44401375201895	64.89194283823497	
775 RISSE ROAD	99712	-147.41241496030838	64.89341900279541	
2566 CHENA HOT SPRINGS ROAD	99712	-147.38114042302354	64.88494153863047	
3491 RICKS WAY	99712	-147.28310367887204	64.88706118874656	
540 SILVER LINING DRIVE	99705	-147.43494459139347	64.84495683770844	
510 SILVER LINING DRIVE	99705	-147.43777552332534	64.8464690212876	
2555 CHENA HOT SPRINGS ROAD	99712	-147.38400926404415	64.88463778567125	
2014 CAMOMILE LANE	99712	-147.43991824416622	64.89499148797265	
2850 CHENA HOT SPRINGS ROAD	99712	-147.3518544056334	64.88617511291324	
3215 CHENA HOT SPRINGS ROAD	99712	-147.30624089994933	64.89026573332433	
3303 CHENA HOT SPRINGS ROAD	99705	-147.30072545037808	64.86381249640537	
565 EBERHARDT ROAD	99712	-147.45987104321154	64.88468664862584	
626 TANGLEWOOD ROAD	99712	-147.40148680679908	64.88576269918781	
635 TANGLEWOOD ROAD	99712	-147.40408312111663	64.8867413911785	
839 RISSE ROAD	99712	-147.41893010230638	64.89730607952714	
505 HERNING ROAD	99712	-147.44308318585936	64.87962416998205	
725 NORTH NORDALE ROAD	99712	-147.4202925845442	64.89020152555042	
2833 CHENA HOT SPRINGS ROAD	99712	-147.35315165680728	64.88476139851142	
2370 FREEMAN ROAD	99705	-147.40688971504238	64.84208635082197	
542 CARL CROSMAN WAY	99705	-147.35046391763103	64.84328827264149	
543 CARL CROSMAN WAY	99705	-147.35180740533644	64.84346201198022	
1815 BATE STREET	99712	-147.45988886459193	64.84894156632255	
2731 CHENA VALLEY VIEW LANE	99712	-147.36965412156226	64.89300770947396	
639 ROBERTS ROOST ROAD	99712	-147.36393773021885	64.88660633291134	
730 NORTH NORDALE ROAD	99712	-147.4166268501589	64.89187757906942	
625 NORTH NORDALE ROAD	99712	-147.41370189189044	64.8830722792245	
555 NORTH NORDALE ROAD	99712	-147.41219122885911	64.88292194009492	
460 NORTH NORDALE ROAD	99712	-147.40449382329206	64.87898154646962	
430 NORTH NORDALE ROAD	99712	-147.40465528682515	64.87820116868478	
408 NORTH NORDALE ROAD	99712	-147.4045997838939	64.87753990897751	
500 NORTH NORDALE ROAD	99712	-147.39598916907232	64.88065456763543	
568 NORTH FREEMAN ROAD	99705	-147.3436993616343	64.84230229356498	
410 NORTH FREEMAN ROAD	99705	-147.34099058680974	64.85028136087764	
456 NORTH FREEMAN ROAD	99705	-147.3392496002437	64.84777623200212	
478 NORTH FREEMAN ROAD	99705	-147.3415436818956	64.84642334691641	
504 NORTH FREEMAN ROAD	99705	-147.34125115462297	64.84507628888284	
520 NORTH FREEMAN ROAD	99705	-147.3416974128876	64.84435278465627	
534 NORTH FREEMAN ROAD	99705	-147.34146383777198	64.84398125075269	
558 NORTH FREEMAN ROAD	99705	-147.34082350438874	64.84293775442038	
545 NORTH FREEMAN ROAD	99705	-147.34471216651878	64.84335002394671	
440 NORTH FREEMAN ROAD	99705	-147.34193168678362	64.84804333700558	
1935 WHISPERING MEADOW AVENUE	99712	-147.44554720321304	64.88751753304078	
1940 WHISPERING MEADOW AVENUE	99712	-147.4440156053296	64.88842398676684	
1985 WHISPERING MEADOW AVENUE	99712	-147.4431241767365	64.8874586132517	
560 MOOSE TROT AVENUE	99712	-147.4770930097831	64.88468690783601	
413 D & M ROAD	99712	-147.3044809407567	64.87547954281374	
2037 KATHLEEN ROAD	99712	-147.43718659239582	64.88008049239585	
416 STEAMBOAT LANDING ROAD	99705	-147.3378337726319	64.84808691942962	
505 STERNWHEELER DRIVE	99705	-147.33880217639776	64.84514349717713	
419 STEAMBOAT LANDING ROAD	99705	-147.3373509562912	64.84762961465982	
480 STERNWHEELER DRIVE	99705	-147.33698857144844	64.84624981532345	
2425 PORTELLI COURT	99712	-147.41309140810057	64.8475916164023	
395 NORDALE ROAD	99712	-147.41034172234967	64.85071815963114	
2415 CHIEF NICKOLI LOOP	99712	-147.40279806281418	64.85276011993518	
560 MOOSE TROT AVENUE	99712	-147.47718284198922	64.88449117195962	
2540 PEGASUS DRIVE	99712	-147.41076272294447	64.8531707518639	
2275 CHENA HOT SPRINGS ROAD	99712	-147.4137748534886	64.89111371189362	
2275 CHENA HOT SPRINGS ROAD	99712	-147.41383491433544	64.89140351707397	
2275 CHENA HOT SPRINGS ROAD	99712	-147.41387692753315	64.89166969182949	
2275 CHENA HOT SPRINGS ROAD	99712	-147.41378285978365	64.89083992139263	
2275 CHENA HOT SPRINGS ROAD	99712	-147.41288758975324	64.89181950911836	
2275 CHENA HOT SPRINGS ROAD	99712	-147.41282381411352	64.89156544107563	
2275 CHENA HOT SPRINGS ROAD	99712	-147.41260087637374	64.89126766065293	
2275 CHENA HOT SPRINGS ROAD	99712	-147.413141346727	64.89057229655047	
651 EBERHARDT ROAD	99712	-147.454359506979	64.88793314018143	
715 NORTH NORDALE ROAD	99712	-147.41921684216325	64.88886312946558	
681 MOON MULLEN LANE	99712	-147.40668640452736	64.88951836343296	
2680 SAINT ELIAS DRIVE	99712	-147.37819173974327	64.89481914161529	
682 TANGLEWOOD ROAD	99712	-147.39634803895814	64.89047970494649	
2646 FREEMAN ROAD	99705	-147.3777298339819	64.84315562302163	
835 AMANITA ROAD	99712	-147.43075382165327	64.89698067329725	
1865 BATE STREET	99712	-147.45657068189698	64.84659318046063	
797 BOHNET DRIVE	99712	-147.40008387575534	64.89537804198494	
570 SILVER LINING DRIVE	99705	-147.4362074939778	64.84294132419768	
775 JAMAL LANE	99712	-147.3900539707474	64.89358317208446	
2395 ANDROMEDA DRIVE	99712	-147.4077217735356	64.85595768686942	
2550 PEGASUS DRIVE	99712	-147.41214142467322	64.85285033757458	
295 VEGA COURT	99712	-147.41479308388207	64.85435424537032	
300 VEGA COURT	99712	-147.41281134179974	64.85441103424739	
760 BOHNET DRIVE	99712	-147.39651368632	64.89354495412304	
734 FOXBORO LANE	99712	-147.3021572526448	64.8916710310943	
3385 BUFFALO LANE	99712	-147.29453219990688	64.89206370477729	
2720 CHENA HOT SPRINGS ROAD	99712	-147.365193294279	64.88621714390142	
793 ARCTIC ROSE LANE	99712	-147.43655969511207	64.8968896062559	
768 RISSE ROAD	99712	-147.40940384517418	64.8936862484158	
780 RISSE ROAD	99712	-147.4093704168463	64.89415384093753	
790 RISSE ROAD	99712	-147.41033522370972	64.8948431681367	
802 ALICE ROAD	99712	-147.40480695495162	64.89577588775352	
829 ALICE ROAD	99712	-147.40688194548648	64.89640073306006	
850 RISSE ROAD	99712	-147.41034134327006	64.89723487034887	
843 RISSE ROAD	99712	-147.41238511136814	64.8972536088235	
585 CHENA RIVER ACCESS	99712	-147.36642532843103	64.84524470284734	
440 CHENA RIVER ACCESS	99712	-147.3670006421897	64.84779213671561	
2366 HEARTLAND AVENUE	99705	-147.40623558899043	64.84574749996962	
641 TANGLEWOOD ROAD	99712	-147.4020417080045	64.88814331687307	
643 TANGLEWOOD ROAD	99712	-147.4015775327147	64.88760889883396	
732 JOHN COLE ROAD	99712	-147.31955041182894	64.89213992239007	
715 NORTH NORDALE ROAD	99712	-147.41997074986702	64.88940987800089	
715 NORTH NORDALE ROAD	99712	-147.42106565469157	64.88885680023076	
1895 BATE STREET	99712	-147.45462126754524	64.84668372753634	
820 ESRO ROAD	99712	-147.47615863574643	64.89567781700815	
826 ESRO ROAD	99712	-147.4744365841507	64.89742301787672	
821 SPRINGBETT ROAD	99712	-147.47461845172	64.89488287027882	
822 SPRINGBETT ROAD	99712	-147.47221114296102	64.89428753138934	
2091 ANDROMEDA DRIVE	99712	-147.43953974339465	64.84924041218768	
515 SILVER LINING DRIVE	99705	-147.4409162694369	64.84673560575983	
440 NORDALE ROAD	99712	-147.4094126995226	64.84747061928259	
2334 HEARTLAND AVENUE	99705	-147.40923642777594	64.84595379965197	
521 ROBERTS ROOST ROAD	99712	-147.3725157632347	64.88297642339954	
2521 RIVER PARK DRIVE	99712	-147.38864559943744	64.84790330651285	
2175 PATTERSON LANE	99705	-147.41632312319481	64.85144397061794	
2387 HEARTLAND AVENUE	99705	-147.40342370138504	64.84430769770499	
2409 HEARTLAND AVENUE	99705	-147.40270191117517	64.84504818225719	
2609 RIVER PARK DRIVE	99712	-147.37754085674828	64.84939699151741	
2520 RIVER PARK DRIVE	99712	-147.38946071503162	64.84856910315972	
3170 GABES WAY	99712	-147.31767994820152	64.89100960234128	
3175 GABES WAY	99712	-147.31765896348972	64.89009647093737	
3190 GABES WAY	99712	-147.31501851988787	64.89130394618732	
694 JOHN COLE ROAD	99712	-147.32001052994835	64.88999227300063	
2815 MT FORAKER VIEW LANE	99712	-147.36594142287802	64.89394581154683	
1948 LAURA ANNE AVENUE	99712	-147.4439910439517	64.88651390117487	
2780 CHENA HOT SPRINGS ROAD	99712	-147.36059715636503	64.88542335775021	
2195 PATTERSON LANE	99705	-147.41807356430715	64.84958616744628	
2185 PATTERSON LANE	99705	-147.41650386906474	64.85067841711353	
2583 RIVER PARK DRIVE	99712	-147.37934057319424	64.84905153852812	
2261 LISA LANE	99712	-147.41413873151458	64.88001482137732	
2428 DIERINGER AVENUE	99712	-147.3948454118482	64.85596348252368	
550 SILVER LINING DRIVE	99705	-147.43644189698176	64.84402549941855	
796 ARCTIC ROSE LANE	99712	-147.43571857764945	64.8965895371321	
535 NORTH FREEMAN ROAD	99705	-147.34437081606612	64.84407164486188	
2424 DIERINGER AVENUE	99712	-147.39716244039212	64.8559198227173	
2026 SARA LYNN ROAD	99712	-147.43900576082774	64.87759635517521	
2551 RIVER PARK DRIVE	99712	-147.38339782300565	64.84886826948092	
322 COLT DRIVE	99712	-147.39915202910205	64.85555679875183	
2544 RIVER PARK DRIVE	99712	-147.38574426597177	64.84953110792198	
610 BETTY LOU COURT	99705	-147.46474328272865	64.84205342828017	
613 BETTY LOU COURT	99705	-147.46612746271427	64.84197033978445	
619 BETTY LOU COURT	99705	-147.4661793398446	64.84123273499983	
616 BETTY LOU COURT	99705	-147.46441473223555	64.84124300317919	
801 RIFLE ROAD	99712	-147.46556801042664	64.89473119831618	
1850 CIRRUS COURT	99705	-147.43935318271585	64.8434845266597	
2815 CHENA VALLEY VIEW LANE	99712	-147.36035995125386	64.89477417062349	
570 FUNK ROAD	99712	-147.47097627954827	64.88379767163774	
540 YUKEEN DRIVE	99705	-147.45997728891965	64.84466323812099	
536 YUKEEN DRIVE	99705	-147.46215593539335	64.84472373032781	
380 PLEASURE DRIVE	99705	-147.4616530987716	64.8454738793111	
376 PLEASURE DRIVE	99705	-147.46053174950498	64.84591851576964	
1800 LAWMINN COURT	99705	-147.45962936894782	64.84375724027939	
1796 LAWMINN COURT	99705	-147.4617111471603	64.84395845571471	
568 YUKEEN DRIVE	99705	-147.46180314705236	64.84321274401748	
1803 LAWMINN COURT	99705	-147.4598881698818	64.84325529717351	
1798 YENGHEE DRIVE	99705	-147.46205275823192	64.84225008250995	
1802 YENGHEE DRIVE	99705	-147.4601642475351	64.84240936829907	
1805 YENGHEE DRIVE	99705	-147.4603210778298	64.84127775940102	
1801 YENGHEE DRIVE	99705	-147.46207930805758	64.84165137853584	
545 YUKEEN DRIVE	99705	-147.46413526968553	64.84432897419569	
424 PLEASURE DRIVE	99705	-147.46544026340376	64.84420839745985	
1764 SKOOK COURT	99705	-147.46622607398953	64.8434270153119	
1767 SKOOK COURT	99705	-147.46617898377374	64.84270280760481	
1770 SKOOK COURT	99705	-147.46447119630707	64.84345410143074	
1773 SKOOK COURT	99705	-147.46443753390176	64.84269385468946	
1905 BATE STREET	99712	-147.45329968755107	64.84646853519747	
2239 PATTERSON LANE	99705	-147.4172010145593	64.84727583563578	
620 TANGLEWOOD ROAD	99712	-147.4014816484554	64.88671490638814	
1860 BATE STREET	99712	-147.4552497377528	64.84777656197848	
355 NORDALE ROAD	99712	-147.409656187895	64.85231275299432	
431 STEAMBOAT LANDING ROAD	99705	-147.33450522512985	64.84759694959313	
2531 RIVER PARK DRIVE	99712	-147.38634415686965	64.84836161876036	
475 STERNWHEELER DRIVE	99705	-147.3365992259167	64.84689054055073	
1890 BATE STREET	99712	-147.45450062921446	64.84747047155793	
2107 ANDROMEDA DRIVE	99712	-147.44032361412252	64.85286224384778	
463 KEELING ROAD	99705	-147.4473306834226	64.84711929654306	
470 KEELING ROAD	99705	-147.443978140129	64.84522298843743	
2357 FAIRLAND DRIVE	99705	-147.40226306153133	64.8475520029011	
814 ARCTIC ROSE LANE	99712	-147.43541454087324	64.89701143106564	
1830 BATE STREET	99712	-147.4565739108008	64.84868743583266	
659 CHENA BEND DRIVE	99712	-147.384316272972	64.85008279643927	
2532 RIVER PARK DRIVE	99712	-147.38690679395535	64.84917569967716	
515 CHENA BEND DRIVE	99712	-147.38610454724883	64.85220630543095	
595 BOTTLES STREET	99705	-147.3624678528558	64.84120699897807	
636 ROBERTS ROOST ROAD	99712	-147.36636179655522	64.88742828572538	
434 CHENA BEND DRIVE	99712	-147.38950767386788	64.85392835559911	
1776 BATE STREET	99712	-147.45729959290543	64.8507263272003	
467 NORTHLAND DRIVE	99705	-147.40085635883668	64.84725535403906	
590 CHENA BEND DRIVE	99712	-147.3826298613233	64.85173091109814	
594 CHENA BEND DRIVE	99712	-147.38252526724153	64.8515953886226	
510 CHENA BEND DRIVE	99712	-147.384831165257	64.85335987399186	
479 NORTHLAND DRIVE	99705	-147.40243492146078	64.84577581160984	
2400 HEARTLAND AVENUE	99705	-147.40370634554273	64.84572283054703	
499 NORTH FREEMAN ROAD	99705	-147.3487958201625	64.84589709883072	
640 FUNK ROAD	99712	-147.4725363363584	64.88802911053247	
2705 FREEMAN ROAD	99705	-147.37192314439838	64.84128629668152	
875 LODGEPOLE LANE	99712	-147.35334854223842	64.89547874563202	
429 CHENA BEND DRIVE	99712	-147.39137720315736	64.85279044555963	
1995 PORCUPINE LANE	99712	-147.44181916630046	64.88930970851902	
449 CHENA BEND DRIVE	99712	-147.38978282795378	64.85254435090872	
391 CHENA BEND DRIVE	99712	-147.3926928219375	64.85276222003283	
2365 DIERINGER AVENUE	99712	-147.4031885068626	64.85468391979036	
2500 SAINT ELIAS DRIVE	99712	-147.38482622978583	64.89551604358171	
2870 CHENA VALLEY VIEW LANE	99712	-147.35850309907897	64.89555919848318	
771 RIFLE ROAD	99712	-147.46572047588202	64.89346646088661	
771 RIFLE ROAD	99712	-147.46557531746848	64.8934688388473	
771 RIFLE ROAD	99712	-147.46544813518693	64.89347293915782	
771 RIFLE ROAD	99712	-147.46633540899825	64.89338918985956	
699 SHIELDS COURT	99712	-147.43436422146056	64.89011768319713	
691 SHIELDS COURT	99712	-147.43168583753175	64.88976364323115	
411 PLEASURE DRIVE	99705	-147.46536029964702	64.84521798497349	
745 REX LANE	99712	-147.4450396812907	64.89116235912425	
731 REX LANE	99712	-147.44658067655547	64.89126561493501	
714 REX LANE	99712	-147.4460733754077	64.8918687555034	
707 REX LANE	99712	-147.44760933239684	64.89181537436103	
709 REX LANE	99712	-147.44985843115884	64.89177545123596	
2420 HEARTLAND AVENUE	99705	-147.40114981999207	64.84569103161733	
719 NINE MILE HILL ROAD	99712	-147.33897365578966	64.89130094325728	
541 HERNING ROAD	99712	-147.44086871137293	64.88304211628956	
471 NORTHLAND DRIVE	99705	-147.4017836436401	64.8466673749292	
2202 ANDROMEDA DRIVE	99712	-147.45244929187865	64.8557544463038	
353 PYXIS ROAD	99712	-147.44500807664755	64.85304948849863	
423 PLEASURE DRIVE	99705	-147.46611270088468	64.84489911522621	
431 PLEASURE DRIVE	99705	-147.46664150883964	64.8446536626922	
3392 CHENA HOT SPRINGS ROAD	99712	-147.294503472379	64.88988203579983	
789 JAMAL LANE	99712	-147.38829144876806	64.89550801003568	
441 NORTH FREEMAN ROAD	99705	-147.34403804167488	64.84883615901971	
709 SHIELDS COURT	99712	-147.43597556323644	64.8901341957225	
2170 SEVERNS ROAD	99712	-147.42312147031174	64.87858991443649	
547 CLOUD ROAD	99705	-147.42802511231045	64.84433430162555	
583 CLOUD ROAD	99705	-147.43331905419484	64.8445791752363	
569 CLOUD ROAD	99705	-147.43038281816968	64.8441976955816	
615 BENJI COURT	99705	-147.40549223050894	64.84277374038705	
615 BENJI COURT	99705	-147.40608289015344	64.84297705520622	
615 BENJI COURT	99705	-147.40663267689467	64.84314514625181	
615 BENJI COURT	99705	-147.40723797122695	64.84330796291253	
2342 FAIRLAND DRIVE	99705	-147.4037030472893	64.84857225761544	
2345 FAIRLAND DRIVE	99705	-147.40603016675925	64.84767675702912	
543 CARL CROSMAN WAY	99705	-147.35214771172846	64.84346366583081	
2483 CHIEF NICKOLI LOOP	99712	-147.39491844707288	64.85250445707882	
409 PLEASURE DRIVE	99705	-147.46580001081006	64.84550801358274	
407 PLEASURE DRIVE	99705	-147.46621975469895	64.84584096776125	
1944 ANDROMEDA DRIVE	99712	-147.4540543505297	64.85525211988977	
562 KEELING ROAD	99705	-147.44571723298276	64.84250004298033	
405 PLEASURE DRIVE	99705	-147.46646317206498	64.8462136425237	
403 PLEASURE DRIVE	99705	-147.46643845486702	64.84663050330356	
401 PLEASURE DRIVE	99705	-147.46630781546946	64.84699737125133	
399 PLEASURE DRIVE	99705	-147.4660391538261	64.84733948539288	
760 JOHN COLE ROAD	99712	-147.3183505015285	64.89374652955448	
2354 DIERINGER AVENUE	99712	-147.4043877332262	64.8560660502597	
2354 DIERINGER AVENUE	99712	-147.40358037486237	64.8560997825548	
787 ALICE ROAD	99712	-147.40625348039967	64.89473856399741	
2319 FREEMAN ROAD	99705	-147.40961826170155	64.84143169889373	
2278 FREEMAN ROAD	99705	-147.41327722891887	64.8421950307353	
2520 FREEMAN ROAD	99705	-147.39666572172462	64.84957568053295	
2522 FREEMAN ROAD	99705	-147.39463107477835	64.84960664299018	
632 EBERHARDT ROAD	99712	-147.4545385416167	64.88669167135484	
3032 DEHMER ROAD	99705	-147.33614679430073	64.84157750809267	
2872 CHENA VALLEY VIEW LANE	99712	-147.3564353387354	64.89622134673817	
2362 DIERINGER AVENUE	99712	-147.40261302145376	64.85599733675774	
857 BOHNET DRIVE	99712	-147.39424087739536	64.89915145814611	
1077 JOHN KALINAS ROAD	99712	-147.4052157174685	64.90763432686764	
896 AMANITA ROAD	99712	-147.43455164564276	64.8995264929708	
2000 MILKY WAY	99712	-147.44147467649134	64.90629401550589	
985 JOHN KALINAS ROAD	99712	-147.4000292352185	64.90346004034078	
1370 AMANITA ROAD	99712	-147.4323345268367	64.91855494331135	
877 RISSE ROAD	99712	-147.41215509947702	64.8980808611865	
889 RISSE ROAD	99712	-147.41252926799274	64.8990589234523	
872 RISSE ROAD	99712	-147.41054720190627	64.89793217954657	
970 RISSE ROAD	99712	-147.41096272407992	64.90243097114335	
2324 JANA COURT	99712	-147.4078044231883	64.90289491341771	
2322 BOBCAT COURT	99712	-147.40777274639407	64.90174335226027	
870 AMANITA ROAD	99712	-147.4386952393829	64.8980689597944	
872 AMANITA ROAD	99712	-147.43905589778606	64.89858750964414	
900 AMANITA ROAD	99712	-147.42842801550762	64.89937950928555	
2085 BOREAL HEIGHTS LANE	99712	-147.43266383390008	64.9155582151533	
2020 BOREAL HEIGHTS LANE	99712	-147.4378711961898	64.91710526097614	
2060 BOREAL HEIGHTS LANE	99712	-147.43482788886638	64.91657354895472	
890 RISSE ROAD	99712	-147.41037658076402	64.89896337396054	
891 ALICE ROAD	99712	-147.40686476038576	64.89905062700042	
904 RISSE ROAD	99712	-147.40837920625663	64.89989365347738	
981 RISSE ROAD	99712	-147.41195206446756	64.90352039156296	
890 AMANITA ROAD	99712	-147.43871933679756	64.89906077018074	
920 AMANITA ROAD	99712	-147.43187448425894	64.90055595592919	
960 AMANITA ROAD	99712	-147.43582321851346	64.90115828094619	
985 AMANITA ROAD	99712	-147.4398092318774	64.90339448667204	
1340 AMANITA ROAD	99712	-147.4382204326674	64.91905207382871	
1716 PINE RIDGE DRIVE	99712	-147.47091346299092	64.89795319873984	
892 RIFLE ROAD	99712	-147.46218708388292	64.89911557482658	
890 HAIDA LANE	99712	-147.45047319051412	64.89920404374662	
875 HAIDA LANE	99712	-147.45367742024845	64.89903071572857	
869 HAIDA LANE	99712	-147.45343381763914	64.89792495716408	
1210 AMANITA ROAD	99712	-147.4386743511851	64.91368622975176	
1100 ESRO ROAD	99712	-147.47424297448592	64.90728940647926	
1810 DOE'RAY ROAD	99712	-147.4618796892833	64.91402885213377	
1971 WARP DRIVE	99712	-147.4445134864374	64.90015825825012	
1950 WARP DRIVE	99712	-147.44712713875742	64.90103972523322	
2000 WARP DRIVE	99712	-147.44210131791408	64.90082112527541	
2031 COALITION LANE	99712	-147.4406700843712	64.90169684034618	
1980 MILKY WAY	99712	-147.44546445782342	64.90611529632226	
1990 MILKY WAY	99712	-147.44368382472328	64.90621453483098	
2011 MILKY WAY	99712	-147.43994834544608	64.9045111197782	
2001 MILKY WAY	99712	-147.44219075843787	64.90419127112912	
1070 AMANITA ROAD	99712	-147.43416508080526	64.90702459907627	
1100 AMANITA ROAD	99712	-147.43827341298112	64.90839910374841	
1198 AMANITA ROAD	99712	-147.4382395504066	64.91298799835204	
872 HAIDA LANE	99712	-147.45084092242573	64.89837002298772	
1980 TISDELL LANE	99712	-147.44258782019085	64.89802867841024	
2011 WARP DRIVE	99712	-147.44107593894813	64.90018595653419	
2010 COALITION LANE	99712	-147.44032528493588	64.90296546048177	
1990 COALITION LANE	99712	-147.44248499586337	64.90291133237062	
1980 WARP DRIVE	99712	-147.44505467840554	64.90196065076812	
1948 COALITION LANE	99712	-147.44454494562777	64.90293460643211	
1991 MILKY WAY	99712	-147.4435802260155	64.90396436276737	
1764 PINE RIDGE DRIVE	99712	-147.46601706472242	64.89857594606896	
1746 PINE RIDGE DRIVE	99712	-147.4677353196371	64.8981565499913	
1350 AMANITA ROAD	99712	-147.4387954551523	64.91963571692074	
1090 SMALLWOOD TRAIL	99712	-147.3787734632679	64.90764630768174	
882 SELDOM SEEN ROAD	99712	-147.3828659011188	64.89934621688539	
1784 DOE'RAY ROAD	99712	-147.462814038957	64.91731774082184	
1098 ESRO ROAD	99712	-147.4760252514765	64.90527530967775	
2090 BOREAL HEIGHTS LANE	99712	-147.42726124115254	64.91666777111145	
1150 AMANITA ROAD	99712	-147.4382628381911	64.90994061783232	
2170 HOPPER CREEK DRIVE	99712	-147.42199011282608	64.91772278702379	
2065 BOREAL HEIGHTS LANE	99712	-147.4346376020308	64.91539834659658	
2904 GILMORE TRAIL	99712	-147.4507825938484	64.9447612783861	
1961 WARP DRIVE	99712	-147.4472073592527	64.89981173400815	
2653 MONZULLA LANE	99712	-147.3689008689518	64.94986767965669	
1012 ESRO ROAD	99712	-147.4786441368315	64.90392791894891	
1780 DOE'RAY ROAD	99712	-147.46558833362707	64.9160280193502	
1790 DOE'RAY ROAD	99712	-147.46383721427352	64.91598549259581	
1977 MILKY WAY	99712	-147.4450080886306	64.90420370927447	
1971 MILKY WAY	99712	-147.4465376854506	64.90466531479325	
1080 AMANITA ROAD	99712	-147.43751092898538	64.907426615272	
1165 AMANITA ROAD	99712	-147.4472628542372	64.91015742784015	
865 BOHNET DRIVE	99712	-147.39258304002263	64.89846436821263	
885 BOHNET DRIVE	99712	-147.3897508603659	64.89934614205205	
939 JOHN KALINAS ROAD	99712	-147.4011153457539	64.90112905026392	
940 JOHN KALINAS ROAD	99712	-147.39964494279	64.90107842039669	
958 JOHN KALINAS ROAD	99712	-147.39848169139978	64.9023168971275	
977 JOHN KALINAS ROAD	99712	-147.40034715477591	64.90287062303167	
1048 JOHN KALINAS ROAD	99712	-147.39819314554262	64.90604126080638	
1068 JOHN KALINAS ROAD	99712	-147.39808194080206	64.90739492070517	
1080 SMALLWOOD TRAIL	99712	-147.38214306873576	64.90839071044799	
1100 SMALLWOOD TRAIL	99712	-147.37932825143017	64.90879304888499	
1130 SMALLWOOD TRAIL	99712	-147.37585614655612	64.90889557377379	
911 SMALLWOOD TRAIL	99712	-147.39907748858354	64.89983999585213	
919 SMALLWOOD TRAIL	99712	-147.3971863358583	64.90063707605977	
925 SMALLWOOD TRAIL	99712	-147.39775316030486	64.90120976904228	
938 SMALLWOOD TRAIL	99712	-147.39114107862005	64.9008967501602	
946 SMALLWOOD TRAIL	99712	-147.38975021228754	64.9017171521897	
1000 SMALLWOOD TRAIL	99712	-147.38946065501608	64.90344960411853	
1010 SMALLWOOD TRAIL	99712	-147.39010716618264	64.90430333119345	
1009 JOHN KALINAS ROAD	99712	-147.4002139547876	64.90460385201747	
1016 JOHN KALINAS ROAD	99712	-147.39769404183397	64.90465236147568	
1025 JOHN KALINAS ROAD	99712	-147.4029922116753	64.90577596986105	
1037 JOHN KALINAS ROAD	99712	-147.40415190505516	64.90642072510177	
880 SELDOM SEEN ROAD	99712	-147.3831213297534	64.89934114544434	
870 SELDOM SEEN ROAD	99712	-147.3817086701974	64.89805830052865	
889 SELDOM SEEN ROAD	99712	-147.3860302376259	64.8992572227154	
891 SELDOM SEEN ROAD	99712	-147.38735140469817	64.89919107899794	
849 BOHNET DRIVE	99712	-147.3956831428869	64.89841691828401	
880 SMALLWOOD TRAIL	99712	-147.39971814888395	64.8986236093194	
909 JOHN KALINAS ROAD	99712	-147.4034914506244	64.89989817864941	
990 JOHN KALINAS ROAD	99712	-147.39785334054955	64.9033935974938	
1110 JOHN KALINAS ROAD	99712	-147.3960842101343	64.90790837322656	
1115 JOHN KALINAS ROAD	99712	-147.3976059996603	64.9087547521858	
1103 JOHN KALINAS ROAD	99712	-147.40044890637216	64.90932232080803	
1075 SMALLWOOD TRAIL	99712	-147.38453955486114	64.90884721682178	
941 SMALLWOOD TRAIL	99712	-147.3959798079225	64.90183447033334	
939 SMALLWOOD TRAIL	99712	-147.39529051719987	64.9024928852244	
1050 SMALLWOOD TRAIL	99712	-147.3912061104599	64.9064217611673	
1000 DAGMAR DRIVE	99712	-147.39344056561941	64.90328429167069	
1015 SMALLWOOD TRAIL	99712	-147.39323099696912	64.90531308374459	
1065 SMALLWOOD TRAIL	99712	-147.39369201941315	64.90729002452892	
1060 SMALLWOOD TRAIL	99712	-147.38987671283272	64.90752969523018	
1064 SMALLWOOD TRAIL	99712	-147.3876062188699	64.9073503396212	
2400 MONZULLA LANE	99712	-147.39235790634882	64.95084557553078	
1830 DOE'RAY ROAD	99712	-147.46274774820296	64.91651803230666	
2293 BOBCAT COURT	99712	-147.41066623712192	64.90111482581221	
887 AMANITA ROAD	99712	-147.44164724387593	64.89912343804754	
1955 COALITION LANE	99712	-147.4443343907941	64.90208635510976	
2035 BOREAL HEIGHTS LANE	99712	-147.43698197431823	64.9152816035077	
2319 BOBCAT COURT	99712	-147.40837511756322	64.9009279559243	
1160 SMALLWOOD TRAIL	99712	-147.37350259357	64.90915143259352	
1364 ESRO ROAD	99712	-147.46947429987267	64.91996185020629	
2901 GILMORE TRAIL	99712	-147.46021502940573	64.94596226660305	
1738 PINE RIDGE DRIVE	99712	-147.46847348644297	64.89810599737191	
2445 LAMBS QUARTERS LANE	99712	-147.39451169723174	64.90623134169647	
2430 LAMBS QUARTERS LANE	99712	-147.39579415714985	64.90713191056626	
1066 SMALLWOOD TRAIL	99712	-147.38301746779615	64.90787577661536	
2070 HOPPER CREEK DRIVE	99712	-147.42903154103413	64.91792032654392	
1202 AMANITA ROAD	99712	-147.43371808078408	64.91215057382591	
846 ESRO ROAD	99712	-147.47622232980459	64.89812267552996	
830 ESRO ROAD	99712	-147.4762389154062	64.8981320440186	
1071 JOHN KALINAS ROAD	99712	-147.4007062157352	64.90820112937743	
1286 DARK HOLLOW DRIVE	99712	-147.4131969500733	64.91814691236128	
998 DAGMAR DRIVE	99712	-147.39284008476034	64.902727792143	
1144 ESRO ROAD	99712	-147.47784156614063	64.91149524749409	
2002 MILKY WAY	99712	-147.44143518554105	64.9052978847475	
1978 TISDELL LANE	99712	-147.44364243040576	64.89816185343291	
1113 JOHN KALINAS ROAD	99712	-147.4034357542414	64.90915692843869	
940 SMALLWOOD TRAIL	99712	-147.39368021223422	64.90081511934386	
1041 JOHN KALINAS ROAD	99712	-147.4006931966191	64.9063502915909	
888 SELDOM SEEN ROAD	99712	-147.38719835268788	64.90104054380039	
902 AMANITA ROAD	99712	-147.42626950118952	64.89934157677507	
891 NINE MILE HILL ROAD	99712	-147.3388301324008	64.90398958878757	
207 REYNOLDS LANE	99712	-147.10796252634844	64.8683283639988	
4249 CHENA HOT SPRINGS ROAD	99712	-147.20356982801636	64.88126427049426	
230 THOREAU DRIVE	99712	-147.08624970760462	64.86976640432015	
757 ADVENTURE ROAD	99712	-147.27256089203067	64.89371785522704	
764 ADVENTURE ROAD	99712	-147.2692273632705	64.89348513216638	
3530 MINK LANE	99712	-147.27932923017778	64.88981217189435	
845 ADVENTURE ROAD	99712	-147.26278188749203	64.89632010430743	
669 ADVENTURE ROAD	99712	-147.27371500524566	64.88905472799566	
707 ADVENTURE ROAD	99712	-147.2739021703796	64.89060986561817	
725 ADVENTURE ROAD	99712	-147.27339276538294	64.89189648146228	
722 ADVENTURE ROAD	99712	-147.27010071365953	64.8915020696752	
738 ADVENTURE ROAD	99712	-147.26814564091987	64.89166492502905	
3619 CHENA HOT SPRINGS ROAD	99712	-147.27538565390284	64.88288423375272	
622 LITEN ELV WAY	99712	-147.2561545130451	64.88719425275269	
3764 CHENA HOT SPRINGS ROAD	99712	-147.2542442956913	64.88650740174778	
4526 MELAN DRIVE NORTH	99712	-147.1725472690028	64.8723469269316	
4525 MELBAR ROAD	99712	-147.17475685826435	64.87146600208547	
4520 CHENA HOT SPRINGS ROAD	99712	-147.17324598796083	64.87123174440626	
4558 CHENA HOT SPRINGS ROAD	99712	-147.1717777832568	64.87034032360276	
4375 CHENA HOT SPRINGS ROAD	99712	-147.18632507820368	64.87457737057173	
4548 MELAN DRIVE NORTH	99712	-147.1710490378417	64.87345237987441	
4560 MELAN DRIVE NORTH	99712	-147.1707229450711	64.87302352695731	
3530 RENE' DRIVE	99712	-147.27938030016074	64.8874485450093	
3540 RENE' DRIVE	99712	-147.2775937470609	64.88670974800341	
3624 MINK LANE	99712	-147.2787761804718	64.89305147128792	
3635 MINK LANE	99712	-147.2759225147755	64.89278269866173	
3600 MINK LANE	99712	-147.2784555203001	64.89189782956568	
3623 MINK LANE	99712	-147.27631857601034	64.89177624845549	
3533 BUFFALO LANE	99712	-147.2789799827055	64.89048100952839	
3570 MINK LANE	99712	-147.27773180994978	64.89041061767135	
3547 MINK LANE	99712	-147.27777519478104	64.88889545386986	
3555 MINK LANE	99712	-147.27629754772798	64.88894643233138	
3583 MINK LANE	99712	-147.27564482469523	64.88993842715723	
3603 MINK LANE	99712	-147.27578319523892	64.8905503638009	
678 ADVENTURE ROAD	99712	-147.27220569173662	64.88971591817484	
692 ADVENTURE ROAD	99712	-147.27176755132913	64.89012632152276	
704 ADVENTURE ROAD	99712	-147.27203531814743	64.89072492571535	
3785 CHENA HOT SPRINGS ROAD	99712	-147.2512795364793	64.88479853654675	
3855 CHENA HOT SPRINGS ROAD	99712	-147.2419985138091	64.88426661817726	
642 LITEN ELV WAY	99712	-147.25670375894637	64.88818880401098	
4551 MELBAR ROAD	99712	-147.17145750299295	64.87122212398567	
4570 MELBAR ROAD	99712	-147.16880804497382	64.87231439554411	
4556 MELBAR ROAD	99712	-147.17060888720667	64.87213040720921	
4450 HERITAGE HILLS ROAD	99712	-147.1805160916461	64.8789525623725	
4530 HERITAGE HILLS ROAD	99712	-147.17287523207952	64.87934833822138	
4149 CHENA HOT SPRINGS ROAD	99712	-147.2140221106418	64.88114913628586	
4111 CHENA HOT SPRINGS ROAD	99712	-147.2174410658731	64.88266855103284	
4120 CHENA HOT SPRINGS ROAD	99712	-147.21675809924773	64.88447758276172	
4223 CHENA HOT SPRINGS ROAD	99712	-147.2057035231532	64.8819374955914	
4209 CHENA HOT SPRINGS ROAD	99712	-147.20776933612223	64.88178112300726	
4189 CHENA HOT SPRINGS ROAD	99712	-147.20973249870227	64.88185971970924	
4167 CHENA HOT SPRINGS ROAD	99712	-147.2114860339661	64.8821820143349	
4200 CHENA HOT SPRINGS ROAD	99712	-147.20886972847194	64.88289653932866	
4202 CHENA HOT SPRINGS ROAD	99712	-147.20865430493544	64.88289338547524	
4222 CHENA HOT SPRINGS ROAD	99712	-147.20607912229116	64.88276966258475	
4140 CHENA HOT SPRINGS ROAD	99712	-147.2142119738067	64.8849897571791	
286 WRIGHT LANE	99712	-147.09037230515327	64.87205299325957	
4465 MELAN DRIVE SOUTH	99712	-147.18228826466836	64.86902130324864	
3665 CHENA HOT SPRINGS ROAD	99712	-147.26729386644632	64.88552670820454	
3536 RENE' DRIVE	99712	-147.27579539915354	64.88663277287151	
4555 MELAN DRIVE NORTH	99712	-147.17263154331562	64.8729683302851	
112 SANDS LANE	99712	-147.15478576153507	64.86237254013135	
3640 CHENA HOT SPRINGS ROAD	99712	-147.2691607705902	64.88628424319101	
4636 CHENA HOT SPRINGS ROAD	99712	-147.16258369925853	64.86992180314812	
405 REAM LANE	99712	-147.08209521423387	64.87749194024322	
170 RASMUSSEN ROAD	99712	-147.09434838480473	64.86646925402015	
188 REYNOLDS LANE	99712	-147.1031485782091	64.86735487980215	
5199 CHENA HOT SPRINGS ROAD	99712	-147.10268129423537	64.86916272539429	
5169 CHENA HOT SPRINGS ROAD	99712	-147.10509651534502	64.86920274881537	
410 BLANKENSHIP ROAD	99712	-147.1055465778534	64.87762979852818	
5188 CHENA HOT SPRINGS ROAD	99712	-147.10381463626538	64.8717729026428	
155 RASMUSSEN ROAD	99712	-147.0974196539949	64.86665313140617	
213 RASMUSSEN ROAD	99712	-147.09789488995636	64.8682441989726	
252 RASMUSSEN ROAD	99712	-147.09339576175822	64.86954901377182	
207 THOREAU DRIVE	99712	-147.089296460085	64.86894949180531	
199 THOREAU DRIVE	99712	-147.09059240528632	64.86760119634936	
190 THOREAU DRIVE	99712	-147.08654542449125	64.86704688900265	
175 THOREAU DRIVE	99712	-147.08956366017696	64.86672592755227	
287 WRIGHT LANE	99712	-147.09214461900515	64.87184300938738	
5260 CHENA HOT SPRINGS ROAD	99712	-147.09639397243322	64.87172356596612	
5280 HESSER ROAD	99712	-147.09377476727173	64.87491304558687	
371 WRIGHT LANE	99712	-147.09310472133922	64.87567075555887	
395 WRIGHT LANE	99712	-147.0921550017529	64.8768381233838	
352 WRIGHT LANE	99712	-147.09009678553625	64.87491000591622	
5232 KANUTI ROAD	99712	-147.0983498417571	64.87801132333382	
5268 KANUTI ROAD	99712	-147.0942177744967	64.87859971505154	
450 WRIGHT LANE	99712	-147.09019682690624	64.87919802353501	
456 WRIGHT LANE	99712	-147.0847886745154	64.87943232489657	
507 WRIGHT LANE	99712	-147.09241153116332	64.88109598896598	
510 WRIGHT LANE	99712	-147.09028523714747	64.88178923121252	
511 WRIGHT LANE	99712	-147.09256420858446	64.88241800422317	
509 WRIGHT LANE	99712	-147.09427296371766	64.88185081428476	
191 REYNOLDS LANE	99712	-147.10604991075428	64.86744016724826	
286 BLANKENSHIP ROAD	99712	-147.10538730986036	64.87176595121686	
275 BREEZE ROAD	99712	-147.16725418603025	64.87088489944018	
291 BREEZE ROAD	99712	-147.16734799397366	64.87208803314368	
289 NARROW VIEW LANE	99712	-147.16258233680787	64.8721296460277	
309 NARROW VIEW LANE	99712	-147.16193478985497	64.87308575121068	
285 BLANKENSHIP ROAD	99712	-147.10738071868752	64.8724074560009	
5116 CHENA HOT SPRINGS ROAD	99712	-147.10862189542226	64.87510904162707	
4968 CHENA HOT SPRINGS ROAD	99712	-147.1266313247488	64.8706925921237	
125 SWAMPY HOLLOWS LANE	99712	-147.13645617137658	64.86463771578448	
4831 CHENA HOT SPRINGS ROAD	99712	-147.14082979214604	64.86866692976885	
4777 CHENA HOT SPRINGS ROAD	99712	-147.14753115589002	64.8678438664982	
4753 CHENA HOT SPRINGS ROAD	99712	-147.149167737673	64.86851015005135	
4763 CHENA HOT SPRINGS ROAD	99712	-147.15008598171403	64.86614647698934	
4765 CHENA HOT SPRINGS ROAD	99712	-147.14982847882237	64.86499953330197	
4681 CHENA HOT SPRINGS ROAD	99712	-147.15714287886047	64.86817854642334	
4687 CHENA HOT SPRINGS ROAD	99712	-147.15663581649378	64.86849153075964	
290 BOTE LANE	99712	-147.15142957951423	64.8719321577909	
295 BOTE LANE	99712	-147.15421085016308	64.87217735264768	
310 BOTE LANE	99712	-147.1526028237584	64.87325561325295	
313 BOTE LANE	99712	-147.1540753951868	64.87287617668402	
238 PEARL DRIVE	99712	-147.15623853362675	64.86933588132817	
243 PEARL DRIVE	99712	-147.1581359248299	64.87001503001045	
250 PEARL DRIVE	99712	-147.15669748102232	64.87020716358191	
260 PEARL DRIVE	99712	-147.15642090412035	64.87111256776556	
330 PEARL DRIVE	99712	-147.1562299754727	64.87370090098051	
356 PEARL DRIVE	99712	-147.1558790192007	64.87509224936439	
413 PEARL DRIVE	99712	-147.1581354234806	64.87763722152582	
268 BREEZE ROAD	99712	-147.16471542070772	64.8710078544559	
346 NARROW VIEW LANE	99712	-147.16032916809567	64.87460855842905	
4486 MELAN DRIVE SOUTH	99712	-147.1777364777458	64.86842956500448	
4506 MELAN DRIVE SOUTH	99712	-147.17565558847227	64.86846839643938	
4521 MELAN DRIVE SOUTH	99712	-147.17388746611203	64.86846733254187	
4536 MELAN DRIVE SOUTH	99712	-147.17228031703715	64.86849871325163	
260 SKYE-LEE WAY	99712	-147.17917941126012	64.87097641769455	
4468 MELAN DRIVE SOUTH	99712	-147.17999057819725	64.86952199963751	
395 BREEZE ROAD	99712	-147.16283804492167	64.87687167006858	
415 NARROW VIEW LANE	99712	-147.16231148462828	64.87763464003619	
414 NARROW VIEW LANE	99712	-147.16032354428347	64.87740825816702	
331 BREEZE ROAD	99712	-147.16681514261327	64.87415644932027	
370 BREEZE ROAD	99712	-147.16503273835255	64.87571340751762	
384 BREEZE ROAD	99712	-147.16456352720164	64.8763121753151	
391 BREEZE ROAD	99712	-147.16684179039106	64.87648011914634	
406 BREEZE ROAD	99712	-147.1654409828874	64.87709568050808	
4609 DUSTY TRAIL	99712	-147.1651883617603	64.88096894216368	
4615 DUSTY TRAIL	99712	-147.1637276737162	64.88094091585894	
4631 DUSTY TRAIL	99712	-147.1621991151925	64.88077672095935	
4645 DARLENE WAY	99712	-147.1607511159481	64.88325265070594	
4660 DUSTY TRAIL	99712	-147.15809237397949	64.87981062986206	
4647 DARLENE WAY	99712	-147.15980933366367	64.87865859373134	
4635 DARLENE WAY	99712	-147.1616814169813	64.87832594360033	
4652 DARLENE WAY	99712	-147.16249458007763	64.87933613366812	
117 SANDS LANE	99712	-147.17102014396391	64.86413449260858	
131 SANDS LANE	99712	-147.16955285321995	64.86486378646671	
163 SANDS LANE	99712	-147.16880942811798	64.86630770395873	
4557 FOUR PAWS LANE	99712	-147.17177193153458	64.86669365536834	
4495 MELAN DRIVE SOUTH	99712	-147.17591812861633	64.86749832756772	
4501 FOUR PAWS LANE	99712	-147.17725457754364	64.86653312702182	
4491 MELAN DRIVE SOUTH	99712	-147.17814949689094	64.86771824017745	
4481 MELAN DRIVE SOUTH	99712	-147.17954791268681	64.86804973714175	
4436 MELAN DRIVE SOUTH	99712	-147.18091796451827	64.87137058075209	
4461 CHENA HOT SPRINGS ROAD	99712	-147.18005032807173	64.87194827273736	
4433 MELAN DRIVE SOUTH	99712	-147.1830544145226	64.87234474069105	
4437 CHENA HOT SPRINGS ROAD	99712	-147.1822510860429	64.87291440098628	
4435 CHENA HOT SPRINGS ROAD	99712	-147.18290313303524	64.8731917498042	
4431 CHENA HOT SPRINGS ROAD	99712	-147.18376997716373	64.87359801321715	
4505 MELAN DRIVE NORTH	99712	-147.17621379709252	64.87291580807525	
4508 MELAN DRIVE NORTH	99712	-147.1747001364681	64.87375144582448	
108 RASMUSSEN ROAD	99712	-147.0932263758856	64.86394923047865	
148 RASMUSSEN ROAD	99712	-147.09155173533426	64.86481998898323	
426 BLANKENSHIP ROAD	99712	-147.10664283399404	64.87915702200651	
5100 CHENA HOT SPRINGS ROAD	99712	-147.10956184623458	64.87263747819644	
5110 CHENA HOT SPRINGS ROAD	99712	-147.10944585752284	64.87439959511165	
155 SWAMPY HOLLOWS LANE	99712	-147.13562400828874	64.86573608021149	
201 SWAMPY HOLLOWS LANE	99712	-147.13460987964447	64.86716692941958	
259 RASMUSSEN ROAD	99712	-147.09740104623455	64.87066904667866	
240 THOREAU DRIVE	99712	-147.0873768447911	64.87085782103259	
239 THOREAU DRIVE	99712	-147.08951629888168	64.86990569483659	
156 THOREAU DRIVE	99712	-147.08724100876324	64.8658068685418	
104 RASMUSSEN ROAD	99712	-147.09069337639653	64.86374108904589	
320 WRIGHT LANE	99712	-147.09074785852516	64.8736169281278	
307 WRIGHT LANE	99712	-147.0926308410077	64.87258952103883	
5232 HESSER ROAD	99712	-147.0982545644643	64.87490281357287	
360 WRIGHT LANE	99712	-147.09026343015412	64.87551647366985	
5324 BUTTERFLY LANE	99712	-147.08902758647497	64.874634173873	
5340 BUTTERFLY LANE	99712	-147.08683463991275	64.87492502260214	
388 WRIGHT LANE	99712	-147.09080646789218	64.87657799374101	
418 WRIGHT LANE	99712	-147.09061763143586	64.87763916297033	
472 WRIGHT LANE	99712	-147.0853992448681	64.88000417030415	
498 WRIGHT LANE	99712	-147.08607289913198	64.88105121912069	
490 WRIGHT LANE	99712	-147.0910784431665	64.88087691120012	
457 WRIGHT LANE	99712	-147.09689351301418	64.88019878851487	
513 WRIGHT LANE	99712	-147.09713334554044	64.88210285921222	
515 WRIGHT LANE	99712	-147.0995285267609	64.88202213850192	
148 REYNOLDS LANE	99712	-147.10228513541534	64.86554656404395	
161 REYNOLDS LANE	99712	-147.10558509528332	64.86595644482502	
5157 CHENA HOT SPRINGS ROAD	99712	-147.10693453843723	64.8701379225672	
5103 CHENA HOT SPRINGS ROAD	99712	-147.12422702895347	64.86905642830646	
5200 CHENA HOT SPRINGS ROAD	99712	-147.10169050354173	64.87165928022881	
179 SWAMPY HOLLOWS LANE	99712	-147.13626576428135	64.86768060944509	
375 NARROW VIEW LANE	99712	-147.1627956268249	64.87569214867861	
372 NARROW VIEW LANE	99712	-147.16034611810844	64.87586594420839	
392 NARROW VIEW LANE	99712	-147.16080640158995	64.876669059849	
330 BREEZE ROAD	99712	-147.163906442042	64.87361004676058	
351 BREEZE ROAD	99712	-147.16726178724824	64.8747018380513	
4853 CHENA HOT SPRINGS ROAD	99712	-147.13859987326435	64.8680698727735	
4824 CHENA HOT SPRINGS ROAD	99712	-147.1430607066751	64.8725112094342	
4629 CHENA HOT SPRINGS ROAD	99712	-147.16395919968917	64.86821229170712	
4670 CHENA HOT SPRINGS ROAD	99712	-147.15839442769334	64.86948355925647	
245 BOTE LANE	99712	-147.15430876667443	64.86961600882695	
250 BOTE LANE	99712	-147.15232840036094	64.86989399713262	
268 BOTE LANE	99712	-147.1526140466188	64.87102493262378	
332 BOTE LANE	99712	-147.15256093248018	64.87386987487476	
351 BOTE LANE	99712	-147.15456807172282	64.87474513287646	
379 BOTE LANE	99712	-147.15420106690436	64.87568231365798	
417 BOTE LANE	99712	-147.15350772046367	64.87660268022246	
265 PEARL DRIVE	99712	-147.15898280398403	64.87113506406432	
285 PEARL DRIVE	99712	-147.15783944273443	64.87205172399334	
290 PEARL DRIVE	99712	-147.15638904264839	64.8720681347781	
365 PEARL DRIVE	99712	-147.1580325539241	64.87534200078153	
395 PEARL DRIVE	99712	-147.1582247099484	64.8767441565563	
396 PEARL DRIVE	99712	-147.15566823992026	64.87649872760774	
410 PEARL DRIVE	99712	-147.15663264368888	64.87716491236894	
316 BREEZE ROAD	99712	-147.1650621394119	64.87296473762032	
315 BREEZE ROAD	99712	-147.1670379675018	64.87294912958367	
272 NARROW VIEW LANE	99712	-147.16250449667177	64.87131182755991	
278 NARROW VIEW LANE	99712	-147.16059037708823	64.87106148493686	
292 NARROW VIEW LANE	99712	-147.16018009404632	64.87196876650673	
345 NARROW VIEW LANE	99712	-147.1627528466961	64.87443673251205	
352 BREEZE ROAD	99712	-147.16517054613234	64.87477503783126	
4581 HERITAGE HILLS ROAD	99712	-147.16681743211947	64.87735516180119	
4597 DUSTY TRAIL	99712	-147.1667135416092	64.87988680063384	
4647 DUSTY TRAIL	99712	-147.1603456715152	64.88116299335266	
4661 DUSTY TRAIL	99712	-147.15854173002526	64.88426293910204	
4671 DUSTY TRAIL	99712	-147.15745483499364	64.88236563506624	
4609 DARLENE WAY	99712	-147.16520277944988	64.87852725027987	
4600 DUSTY TRAIL	99712	-147.16478938607548	64.88023564716612	
4569 MELAN DRIVE SOUTH	99712	-147.16962581720304	64.8676510431611	
4553 MELAN DRIVE SOUTH	99712	-147.17054695710664	64.86756387450595	
4535 MELAN DRIVE SOUTH	99712	-147.1729398875639	64.8675592584701	
4517 MELAN DRIVE SOUTH	99712	-147.17427128381016	64.8676593136768	
212 SKYE-LEE WAY	99712	-147.18133433295915	64.86798585195837	
201 SKYE-LEE WAY	99712	-147.18366676901354	64.86796726664731	
4558 MELAN DRIVE SOUTH	99712	-147.16906390095406	64.86839111073483	
240 SKYE-LEE WAY	99712	-147.17792859202706	64.8699876844838	
248 SKYE-LEE WAY	99712	-147.17696294117604	64.87039263498454	
4457 MELAN DRIVE SOUTH	99712	-147.1824391999957	64.86968236168126	
4451 MELAN DRIVE SOUTH	99712	-147.18281033132666	64.87040685142736	
4443 MELAN DRIVE SOUTH	99712	-147.18340574642278	64.87106033669856	
4437 MELAN DRIVE SOUTH	99712	-147.1833506227251	64.87142056186313	
4454 CHENA HOT SPRINGS ROAD	99712	-147.18118964257874	64.87395471139907	
4481 MELAN DRIVE NORTH	99712	-147.17790370001492	64.87307620095208	
4494 MELAN DRIVE NORTH	99712	-147.1767328095806	64.87386480329343	
3838 CHENA HOT SPRINGS ROAD	99712	-147.24769318104225	64.88612580436863	
4493 FOUR PAWS LANE	99712	-147.179707053281	64.86683570063062	
3516 BUFFALO LANE	99712	-147.28019057522536	64.8919839551904	
3540 BUFFALO LANE	99712	-147.27779275916578	64.89116554526082	
4220 CHENA HOT SPRINGS ROAD	99712	-147.20818374516597	64.88291812388219	
4519 CHENA HOT SPRINGS ROAD	99712	-147.17402851048504	64.8693352344136	
4594 DUSTY TRAIL	99712	-147.16413131575862	64.87912042811026	
3808 CHENA HOT SPRINGS ROAD	99712	-147.25023087183712	64.88596596104234	
257 BOTE LANE	99712	-147.15347253062237	64.87039102490806	
265 RASMUSSEN ROAD	99712	-147.0999708795348	64.87072488532212	
4988 CHENA HOT SPRINGS ROAD	99712	-147.12525336923528	64.87249006579829	
342 BOTE LANE	99712	-147.15199355820846	64.87509659537056	
115 SWAMPY HOLLOWS LANE	99712	-147.14296071733202	64.86322543884712	
782 ADVENTURE ROAD	99712	-147.26688819468046	64.89372938331034	
5259 HESSER ROAD	99712	-147.09647763693638	64.87315993834974	
110 SWAMPY HOLLOWS LANE	99712	-147.13521892606698	64.86137933413252	
3679 KARLINE COURT	99712	-147.26946100704208	64.8964142328153	
4610 CHENA HOT SPRINGS ROAD	99712	-147.16487294914248	64.8696306713115	
3650 KARLINE COURT	99712	-147.26624325174492	64.89507510723465	
3675 KARLINE COURT	99712	-147.26702183788018	64.89657968111483	
3685 KARLINE COURT	99712	-147.26858938032848	64.89698993649812	
3689 KARLINE COURT	99712	-147.2668420368452	64.89728682118013	
4240 CHENA HOT SPRINGS ROAD	99712	-147.2043388293529	64.88266198337739	
4399 HERITAGE HILLS ROAD	99712	-147.1855119765651	64.87760610439773	
3659 KARLINE COURT	99712	-147.26794574640928	64.89573339767442	
4447 FOUR PAWS LANE	99712	-147.1854346777672	64.8692703070235	
5286 CHENA HOT SPRINGS ROAD	99712	-147.09468957624355	64.8718596100288	
829 ADVENTURE ROAD	99712	-147.2648424051305	64.89554909492759	
3634 MINK LANE	99712	-147.2734510799317	64.89645174290291	
3753 CHENA HOT SPRINGS ROAD	99712	-147.25765208044552	64.8853558751149	
210 SWAMPY HOLLOWS LANE	99712	-147.13258293064763	64.86805951829385	
4800 CHENA HOT SPRINGS ROAD	99712	-147.1427573387634	64.8686580474372	
111 SWAMPY HOLLOWS LANE	99712	-147.13515707062496	64.86222839940883	
4248 CHENA HOT SPRINGS ROAD	99712	-147.20287517737825	64.88290525362244	
336 NARROW VIEW LANE	99712	-147.16063797856563	64.87361473949016	
2170 SKILAND ROAD	99712	-147.42078509669903	65.04673699390433	
1670 PEDRO DOME ROAD	99712	-147.4761879432302	65.04686125380466	
1895 RIDGE RUN	99712	-147.45224478391435	65.04466903734092	
1980 RIDGE RUN	99712	-147.4437977924329	65.04742073705285	
2180 SKILAND ROAD	99712	-147.41966146767967	65.04641963459639	
1885 RIDGE RUN	99712	-147.45344819020383	65.04446666482576	
3180 FORT KNOX ROAD	99712	-147.34354662149434	65.00362150097773	
2315 SKILAND ROAD	99712	-147.41005510844641	65.0457544253569	
1894 RIDGE RUN	99712	-147.45266822092137	65.0456660498745	
1917 RIDGE RUN	99712	-147.44877137639543	65.0463283141318	
1900 PEDRO DOME ROAD	99712	-147.451202399383	65.04429800395104	
1912 PEDRO DOME ROAD	99712	-147.45044955460082	65.04485591540093	
1909 RIDGE RUN	99712	-147.45117469228293	65.04525861770905	
1880 RIDGE RUN	99712	-147.45542846427495	65.04494724546375	
1906 RIDGE RUN	99712	-147.45104397365805	65.04629757200188	
1926 RIDGE RUN	99712	-147.4494211282844	65.04728126108324	
2080 SKILAND ROAD	99712	-147.4319182990884	65.04774238688144	
2311 SKILAND ROAD	99712	-147.4111884795174	65.04455881100405	
1936 PEDRO DOME ROAD	99712	-147.44795570545273	65.0453187334051	
1960 PEDRO DOME ROAD	99712	-147.44605098288662	65.04617646162299	
1970 PEDRO DOME ROAD	99712	-147.44451562139068	65.0463495202848	
1946 RIDGE RUN	99712	-147.44732984021542	65.04746290819793	
1956 RIDGE RUN	99712	-147.4461035083606	65.04735708713568	
1966 RIDGE RUN	99712	-147.4449772724999	65.04738728354582	
2205 SKILAND ROAD	99712	-147.4157080707082	65.04507202292514	
2280 FAIRBANKS CREEK ROAD	99712	-147.41430413684793	65.04473457479595	
2320 FAIRBANKS CREEK ROAD	99712	-147.41651878198184	65.04320150225598	
2361 SKILAND ROAD	99712	-147.4130388685751	65.04342093025419	
1969 RIDGE RUN	99712	-147.44449193320457	65.04684141705502	
1985 RIDGE RUN	99712	-147.44322731182663	65.04703793223872	
2334 SKILAND ROAD	99712	-147.41212838051953	65.04486119818175	
1892 RIDGE RUN	99712	-147.45371678861747	65.04544499782843	
2385 SKILAND ROAD	99712	-147.40791962706612	65.04434604426966	
1890 RIDGE RUN	99712	-147.45445478009242	65.04516824197214	
1 FORT KNOX ROAD	99712	-147.34207162093662	65.00359932668376	
2711 FORT KNOX ROAD	99712	-147.34250701734396	64.99124109842182	
3869 FORT KNOX ROAD	99712	-147.37956734540617	65.01706051445643	
4000 MONZULLA LANE	99712	-147.35982649417406	64.98530901458051	
2382 SKILAND ROAD	99712	-147.41408455687068	65.04323485923256	
2326 SKILAND ROAD	99712	-147.4106913289227	65.04504026733157	
2350 SKILAND ROAD	99712	-147.413684167797	65.04391246985607	
1984 RIDGE RUN	99712	-147.44213514917286	65.04747950413582	
1992 RIDGE RUN	99712	-147.44027541089665	65.04707298441208	
402 TRICKEY AVENUE	99712	-146.97764740913857	64.87823924618787	
6625 SNOW LEOPARD DRIVE	99712	-146.9527217279191	64.87078839817524	
425 TWO RIVERS ROAD	99712	-147.0444247922117	64.87840114409988	
5955 TELEMARK TRAIL	99712	-147.02222560614348	64.88679365368526	
320 KAUFMAN LANE	99712	-146.92505633896369	64.87319598552138	
385 KAUFMAN LANE	99712	-146.93237156825654	64.87642291924301	
7199 PAW PRINT PATH	99712	-146.8894619425946	64.87022121482664	
276 PHEASANT FARM ROAD	99712	-146.97256273300948	64.86985651803933	
370 LITTLE CHENA DRIVE	99712	-147.06698888276682	64.87621764531204	
320 LITTLE CHENA DRIVE	99712	-147.06904679156733	64.87360202259597	
7601 CHENA HOT SPRINGS ROAD	99712	-146.84470885261777	64.87981268630003	
6610 BASELINE ROAD	99712	-146.96177395905895	64.86468013589692	
5814 CHENA HOT SPRINGS ROAD	99712	-147.0374795360752	64.87123084099255	
5804 CHENA HOT SPRINGS ROAD	99712	-147.03752077539045	64.8728269590283	
5765 CHENA HOT SPRINGS ROAD	99712	-147.04219998547885	64.86871546740633	
400 TWO RIVERS ROAD	99712	-147.039048317064	64.87714941908766	
7030 CHENA HOT SPRINGS ROAD	99712	-146.91087028709805	64.8774566678927	
6900 CHENA HOT SPRINGS ROAD	99712	-146.91982406784467	64.88060173886659	
6920 CHENA HOT SPRINGS ROAD	99712	-146.918365514162	64.87992137897933	
195 PLEASANT VALLEY ROAD	99712	-146.8998233689133	64.86731981706991	
245 PLEASANT VALLEY ROAD	99712	-146.89770724081126	64.86941849071306	
7093 PAW PRINT PATH	99712	-146.90162973213913	64.86828188536931	
7086 DESIGN LANE	99712	-146.90272980247204	64.87190798846882	
7126 DESIGN LANE	99712	-146.89892275817942	64.87095906680462	
377 PLEASANT VALLEY ROAD	99712	-146.89764337892802	64.87558475248393	
407 PLEASANT VALLEY ROAD	99712	-146.8988035390026	64.87666669134842	
7084 CHENA HOT SPRINGS ROAD	99712	-146.90123981839636	64.87928253506682	
7082 CHENA HOT SPRINGS ROAD	99712	-146.90173532543542	64.87864839711258	
7040 CHENA HOT SPRINGS ROAD	99712	-146.90839917183922	64.877652938429	
291 SWEREN STREET WEST	99712	-146.92133582896585	64.87195564327813	
313 SWEREN STREET WEST	99712	-146.92121674910157	64.87304272767854	
7029 SWEREN LOOP	99712	-146.9082089514886	64.8728171767422	
311 SWEREN STREET EAST	99712	-146.91644407239906	64.87268655078883	
330 SWEREN STREET WEST	99712	-146.91857340236663	64.87364460553172	
331 SWEREN STREET EAST	99712	-146.9167746893442	64.87378699362206	
348 SWEREN STREET WEST	99712	-146.91801454252558	64.87485922757176	
264 KAUFMAN LANE	99712	-146.9280228615838	64.87078605369301	
270 KAUFMAN LANE	99712	-146.92781471120398	64.8709823973271	
284 KAUFMAN LANE	99712	-146.92940309865966	64.87174791694329	
6867 CHENA HOT SPRINGS ROAD	99712	-146.9252620419477	64.87691381355063	
400 IRISH LANE	99712	-146.9226542212698	64.87702929287722	
364 IRISH LANE	99712	-146.92267210603126	64.87561507968852	
352 IRISH LANE	99712	-146.92286752993715	64.87561574405427	
376 KAUFMAN LANE	99712	-146.9295840134044	64.87581571546042	
394 KAUFMAN LANE	99712	-146.92901108305074	64.87655976977489	
410 KAUFMAN LANE	99712	-146.92967412199386	64.8773515934872	
6847 CHENA HOT SPRINGS ROAD	99712	-146.92766763361305	64.87746470374087	
4070 RAVENSWING COURT	99712	-146.93485688612446	64.88024345642506	
6650 CHENA HOT SPRINGS ROAD	99712	-146.94870211892388	64.87973736462158	
6624 CHENA HOT SPRINGS ROAD	99712	-146.95079449465686	64.88056876003853	
6612 CHENA HOT SPRINGS ROAD	99712	-146.95231556659047	64.87994381030354	
6983 NO NAME LANE	99712	-146.91377096042686	64.86735311391011	
6959 NO NAME LANE	99712	-146.91568117785314	64.8681490507979	
6867 NO NAME LANE	99712	-146.9256062884929	64.86774392824572	
144 KAUFMAN LANE	99712	-146.9293018752719	64.86573915640378	
184 KAUFMAN LANE	99712	-146.92871875031227	64.86746049242953	
196 KAUFMAN LANE	99712	-146.92796880318897	64.867833291733	
6958 NO NAME LANE	99712	-146.9146230230652	64.86948860027154	
171 KAUFMAN LANE	99712	-146.9314601555366	64.86484798265191	
245 KAUFMAN LANE	99712	-146.9314836455359	64.8700325643931	
7044 SWEREN LOOP	99712	-146.90612671099996	64.87123439089243	
7046 SWEREN LOOP	99712	-146.90791800837064	64.8710508073618	
277 SWEREN STREET WEST	99712	-146.92065589934595	64.87093292715635	
385 SWEREN STREET WEST	99712	-146.9207091074573	64.87688300996241	
389 SWEREN STREET WEST	99712	-146.91869093429153	64.87679320785499	
390 SWEREN STREET EAST	99712	-146.91584789662343	64.87659000194203	
382 SWEREN STREET EAST	99712	-146.9137574614383	64.87664426229891	
7028 SWEREN LOOP	99712	-146.9090352752065	64.87379844990939	
7032 SWEREN LOOP	99712	-146.9055309131805	64.8738616520748	
7036 SWEREN LOOP	99712	-146.90566676628617	64.87301063676883	
7067 SWEREN LOOP	99712	-146.91473174919773	64.87205442054746	
7079 SWEREN LOOP	99712	-146.9165177214845	64.87197191953443	
7085 SWEREN LOOP	99712	-146.91788130591544	64.87200326792458	
370 LAKE TROUT LANE	99712	-146.86561651534706	64.87537432471618	
270 LAKE TROUT LANE	99712	-146.86511734853448	64.87097191052824	
7409 ANDERS AVENUE	99712	-146.86833858858475	64.87747671737539	
389 LAKE TROUT LANE	99712	-146.8680163497039	64.87613899337762	
369 LAKE TROUT LANE	99712	-146.86779487091923	64.8754233493723	
7609 CHENA HOT SPRINGS ROAD	99712	-146.84738998973648	64.876562168514	
410 ZUENDEL STREET	99712	-146.86125990414368	64.87722346538473	
7551 ANDERS AVENUE	99712	-146.8568045108033	64.87735007333762	
7410 ANDERS AVENUE	99712	-146.86702231302917	64.87903390800108	
410 LAKE TROUT LANE	99712	-146.86449922059936	64.87746480893908	
392 LAKE TROUT LANE	99712	-146.86583756714626	64.87616997851836	
6590 CHENA HOT SPRINGS ROAD	99712	-146.95403926988908	64.88016717380947	
275 GEYSER COURT	99712	-146.93823413426938	64.8711899421931	
268 GETTINGER ROAD	99712	-146.94035139729627	64.87084582272618	
7387 GRAYLING AVENUE	99712	-146.86884730263122	64.8708529750831	
7355 GRAYLING AVENUE	99712	-146.8717828190534	64.87091244359327	
7350 GRAYLING AVENUE	99712	-146.8727013038784	64.8720307154268	
375 SOCKEYE STREET	99712	-146.8758074501431	64.87553898458161	
310 SOCKEYE STREET	99712	-146.87216096992427	64.8730055067996	
336 SOCKEYE STREET	99712	-146.87175768244825	64.87373499455877	
352 SOCKEYE STREET	99712	-146.87317136600404	64.87436213551827	
292 BEECHWOOD STREET	99712	-146.8822324809623	64.87216947171218	
332 BEECHWOOD STREET	99712	-146.8814154553917	64.87404816083956	
409 BEECHWOOD STREET	99712	-146.88472684396973	64.87722355607809	
387 BEECHWOOD STREET	99712	-146.8860709058461	64.87622509784303	
424 PLEASANT VALLEY ROAD	99712	-146.89518580468027	64.87808454402483	
280 PLEASANT VALLEY ROAD	99712	-146.8950518215216	64.87162449045186	
320 PLEASANT VALLEY ROAD	99712	-146.89460450559292	64.8732813762318	
254 PLEASANT VALLEY ROAD	99712	-146.89555729237915	64.86996468977708	
230 PLEASANT VALLEY ROAD	99712	-146.89379168642552	64.86933887607579	
7083 CHENA HOT SPRINGS ROAD	99712	-146.9010104505512	64.87665447198586	
453 PLEASANT VALLEY ROAD	99712	-146.89784098892952	64.8790852549582	
451 PLEASANT VALLEY ROAD	99712	-146.89899638628475	64.87896286458525	
469 PLEASANT VALLEY ROAD	99712	-146.90321686609255	64.88027864763525	
6956 CHENA HOT SPRINGS ROAD	99712	-146.9144428945919	64.8776067768224	
6960 CHENA HOT SPRINGS ROAD	99712	-146.91476040436638	64.88191893780743	
7000 CHENA HOT SPRINGS ROAD	99712	-146.91066054975857	64.87943191765225	
7071 PAW PRINT PATH	99712	-146.90346744107433	64.86845031144838	
7075 PAW PRINT PATH	99712	-146.9035230230384	64.86725199733449	
7079 PAW PRINT PATH	99712	-146.90337901024049	64.86750239029352	
7080 PAW PRINT PATH	99712	-146.90248617343383	64.86956891593185	
6932 NO NAME LANE	99712	-146.9198864192981	64.86987983763777	
6971 SWEREN LOOP	99712	-146.91481161375634	64.87276244474522	
349 SWEREN STREET EAST	99712	-146.91700141787916	64.87447050409156	
363 SWEREN STREET EAST	99712	-146.91666365095975	64.87523211313861	
366 SWEREN STREET WEST	99712	-146.91850981774607	64.87550324336333	
6985 CHENA HOT SPRINGS ROAD	99712	-146.91107503277064	64.8759770511206	
7050 SWEREN LOOP	99712	-146.91049312864595	64.87084577245892	
7056 SWEREN LOOP	99712	-146.9117970487424	64.87121310269876	
7068 SWEREN LOOP	99712	-146.9141562155341	64.87081320974822	
7080 SWEREN LOOP	99712	-146.91689621336477	64.87096130999088	
331 SWEREN STREET WEST	99712	-146.92077370822952	64.8739275538122	
345 SWEREN STREET WEST	99712	-146.92059524793876	64.87461394469123	
353 SWEREN STREET WEST	99712	-146.9200613752181	64.87563567025398	
361 SWEREN STREET WEST	99712	-146.92094415849826	64.87606662481643	
358 SWEREN STREET EAST	99712	-146.91396306557192	64.8752578590882	
352 SWEREN STREET EAST	99712	-146.91409594303454	64.87479932749208	
330 SWEREN STREET EAST	99712	-146.91440550712827	64.87373806150882	
6970 SWEREN LOOP	99712	-146.91429946481753	64.87375588607782	
6935 NO NAME LANE	99712	-146.91910586065256	64.86795869729478	
6992 SWEREN LOOP	99712	-146.91290718055095	64.87399298103199	
6897 NO NAME LANE	99712	-146.9222056555818	64.86825369255338	
6885 NO NAME LANE	99712	-146.92358923007978	64.86778228215589	
230 KAUFMAN LANE	99712	-146.92924868993163	64.86995674926595	
6886 NO NAME LANE	99712	-146.92435145773987	64.86955198515635	
7040 SWEREN LOOP	99712	-146.90550200655645	64.87223645038293	
7045 SWEREN LOOP	99712	-146.90827676630192	64.8719364320789	
7049 SWEREN LOOP	99712	-146.91068799248598	64.87204037164074	
7055 SWEREN LOOP	99712	-146.91230308551155	64.8721363921179	
7009 SWEREN LOOP	99712	-146.91071737225664	64.87285168787258	
6989 SWEREN LOOP	99712	-146.9127749139562	64.87278092529051	
6999 CHENA HOT SPRINGS ROAD	99712	-146.91065587452738	64.87597321342132	
7500 CHENA HOT SPRINGS ROAD	99712	-146.85531015201866	64.88429930020877	
300 KAUFMAN LANE	99712	-146.92923112617967	64.87262233558029	
304 KAUFMAN LANE	99712	-146.9293852310085	64.873007776308	
353 IRISH LANE	99712	-146.92576130913352	64.87528297894332	
6881 ALTAIR LANE	99712	-146.9255350422003	64.87314245083867	
6851 CHENA HOT SPRINGS ROAD	99712	-146.9273191009838	64.87687663906449	
355 KAUFMAN LANE	99712	-146.93116840908627	64.87576999133626	
6740 CHENA HOT SPRINGS ROAD	99712	-146.94036435460526	64.88097853006543	
6591 COOTERBEAR AVENUE	99712	-146.95466137816487	64.877356427786	
392 SOCKEYE STREET	99712	-146.87340434975783	64.87621077920944	
410 SOCKEYE STREET	99712	-146.87251568648787	64.87704417483742	
7315 ANDERS AVENUE	99712	-146.87795967171712	64.877021003789	
255 SOCKEYE STREET	99712	-146.87763727196443	64.8684915920269	
350 BEECHWOOD STREET	99712	-146.88230832211644	64.87489637898605	
366 BEECHWOOD STREET	99712	-146.88272691793188	64.87573154905462	
7229 ANDERS AVENUE	99712	-146.88740326023688	64.87699916221995	
335 BEECHWOOD STREET	99712	-146.88614957170319	64.8739942193037	
309 BEECHWOOD STREET	99712	-146.88435870624838	64.87301657711583	
273 BEECHWOOD STREET	99712	-146.88427944319267	64.87120053789117	
7161 ANDERS AVENUE	99712	-146.89334380144646	64.87728136051861	
7229 WILBURN ROAD	99712	-146.88728055716314	64.87123745629499	
291 GETTINGER ROAD	99712	-146.94369582109564	64.87173149143918	
7435 CHENA HOT SPRINGS ROAD	99712	-146.86663973592212	64.88199412636828	
455 ZUENDEL STREET	99712	-146.86361178611162	64.87910673381725	
7415 CHENA HOT SPRINGS ROAD	99712	-146.86601161262095	64.88072970425723	
350 LAKE TROUT LANE	99712	-146.86298125868933	64.87485725132099	
336 LAKE TROUT LANE	99712	-146.86515974943802	64.87384165797954	
310 LAKE TROUT LANE	99712	-146.86540644576434	64.87301663348396	
312 LAKE TROUT LANE	99712	-146.86550135798748	64.87301145262614	
290 LAKE TROUT LANE	99712	-146.86471900924795	64.87202912900166	
347 LAKE TROUT LANE	99712	-146.86787624557044	64.87440342607661	
331 LAKE TROUT LANE	99712	-146.86801493803407	64.87343457882805	
309 LAKE TROUT LANE	99712	-146.86776290852825	64.87261686142021	
7390 GRAYLING AVENUE	99712	-146.86993118100523	64.87184856163638	
291 SOCKEYE STREET	99712	-146.87702981642786	64.87203676966173	
313 SOCKEYE STREET	99712	-146.87741593045052	64.87300054001392	
331 SOCKEYE STREET	99712	-146.87706219069707	64.87353767870948	
351 SOCKEYE STREET	99712	-146.8763729664335	64.87457424326684	
378 SOCKEYE STREET	99712	-146.87230078514742	64.87532597260893	
7171 WILBURN ROAD	99712	-146.8924478304415	64.87160174044	
7092 SWEREN LOOP	99712	-146.9185892271872	64.87082281847891	
6000 CHENA HOT SPRINGS ROAD	99712	-147.01692744372912	64.87630984767114	
6676 SNOW LEOPARD DRIVE	99712	-146.9458635002009	64.87231294632795	
7116 PAW PRINT PATH	99712	-146.89964997171373	64.86921844209326	
6670 BASELINE ROAD	99712	-146.9542732719762	64.86311107395552	
6669 CHENA HOT SPRINGS ROAD	99712	-146.94638250608412	64.87819711544454	
315 HIPAS STREET	99712	-146.81628894333298	64.8740103705902	
171 KAUFMAN LANE	99712	-146.9270116201326	64.86215422282824	
7312 CHENA HOT SPRINGS ROAD	99712	-146.8773001611123	64.88470049172781	
6540 CHENA HOT SPRINGS ROAD	99712	-146.9623756001565	64.88163361413739	
6455 TRICKETT LANE	99712	-146.97396230436627	64.86028087390115	
380 REAM LANE	99712	-147.0758848854745	64.87610663985224	
7130 JOYCE JEAN DRIVE	99712	-146.8954470002277	64.87577128477982	
7142 JOYCE JEAN DRIVE	99712	-146.89432665034528	64.87601122533627	
295 PLEASANT VALLEY ROAD	99712	-146.8995410584311	64.87203148878255	
7234 ANDERS AVENUE	99712	-146.88622784225012	64.87805899359158	
371 BEECHWOOD STREET	99712	-146.88521624934032	64.87544704514994	
325 PLEASANT VALLEY ROAD	99712	-146.89988920903807	64.87363743640798	
7950 BARLEY AVENUE	99712	-146.8170426460483	64.86826754324304	
7585 ANDERS AVENUE	99712	-146.85096826452715	64.87708083875765	
560 MARKEY DRIVE	99712	-146.86925301295136	64.8849245968602	
505 BURGUNDY STREET	99712	-146.8915387436914	64.88211759651806	
495 BURGUNDY STREET	99712	-146.8900746053069	64.88157325380735	
485 BURGUNDY STREET	99712	-146.8898683402653	64.88091833905156	
149 SOUTH GRANGE HALL ROAD	99712	-146.9528269363053	64.86059664497226	
402 NORTH GRANGE HALL ROAD	99712	-146.95718055347584	64.87740338796618	
309 NORTH GRANGE HALL ROAD	99712	-146.95854404762738	64.87223574181317	
311 NORTH GRANGE HALL ROAD	99712	-146.95855638053172	64.87291317102654	
309 CHENA ACCESS LANE	99712	-146.8315026976692	64.86753239453378	
6654 BASELINE ROAD	99712	-146.9564595339022	64.86394087775504	
409 KAUFMAN LANE	99712	-146.93101018057106	64.87742393945143	
502 MAKALIE STREET	99712	-146.98857245991226	64.88108244501197	
625 TWO RIVERS ROAD	99712	-147.02957766782973	64.88641548638462	
425 TRICKEY AVENUE	99712	-146.9720518185192	64.87694749772214	
192 PHEASANT FARM ROAD	99712	-146.98197907773596	64.8648056134669	
412 TRICKEY AVENUE	99712	-146.97623289945776	64.87823307646269	
7207 WILBURN ROAD	99712	-146.8885379838678	64.87187062213414	
465 TWO RIVERS ROAD	99712	-147.0439637230224	64.88039965730943	
570 HENRY HAHN COURT	99712	-147.0320411782338	64.88419043808392	
615 TWO RIVERS ROAD	99712	-147.0308930138153	64.88501862101198	
5654 CHENA HOT SPRINGS ROAD	99712	-147.05661031348123	64.8721773410868	
5599 CHENA HOT SPRINGS ROAD	99712	-147.05959101300428	64.87055985970589	
244 DYNES ROAD	99712	-147.06550691530452	64.86970417398199	
251 DYNES ROAD	99712	-147.06701890198482	64.87033645798573	
5519 CHENA HOT SPRINGS ROAD	99712	-147.0681128523307	64.87077699409541	
5505 CHENA HOT SPRINGS ROAD	99712	-147.06956450303142	64.87122607920736	
306 LITTLE CHENA DRIVE	99712	-147.0692073592078	64.87280537835086	
309 LITTLE CHENA DRIVE	99712	-147.07091284768245	64.87269941825954	
5483 LOETA WAY	99712	-147.07238030384224	64.87210133168075	
349 LITTLE CHENA DRIVE	99712	-147.0707067312887	64.87496657192459	
388 LITTLE CHENA DRIVE	99712	-147.071618227248	64.87640199355822	
418 LITTLE CHENA DRIVE	99712	-147.06973237472295	64.8774289936767	
6450 BASELINE ROAD	99712	-146.96922936599128	64.86363049857563	
6400 BASELINE ROAD	99712	-146.977237596195	64.86659046349924	
190 PLEASANT VALLEY ROAD	99712	-146.8942869857331	64.86737225379903	
7169 PAW PRINT PATH	99712	-146.89360512792769	64.86841307848492	
7205 WILBURN ROAD	99712	-146.8848540558326	64.85726472939697	
7166 CHENA HOT SPRINGS ROAD	99712	-146.89388333062962	64.87953297983609	
7246 CHENA HOT SPRINGS ROAD	99712	-146.8858006280301	64.88058718035293	
7328 CHENA HOT SPRINGS ROAD	99712	-146.8758054324667	64.8818858751445	
7354 CHENA HOT SPRINGS ROAD	99712	-146.8743626102021	64.88190595053531	
7430 CHENA HOT SPRINGS ROAD	99712	-146.86462197227942	64.88384530165445	
7460 CHENA HOT SPRINGS ROAD	99712	-146.86358479965975	64.88471256079458	
498 BURGUNDY STREET	99712	-146.88784368152844	64.88126858819831	
7237 CHARDONNAY COURT	99712	-146.88546365297455	64.8814420431958	
7234 CHARDONNAY COURT	99712	-146.88574377416853	64.8822316209661	
566 BURGUNDY STREET	99712	-146.88855775642247	64.88413136107212	
7300 CHENA HOT SPRINGS ROAD	99712	-146.88119608019105	64.88433064110033	
7288 CHENA HOT SPRINGS ROAD	99712	-146.88114691405153	64.88273571941714	
290 PHEASANT FARM ROAD	99712	-146.9720033252368	64.87236220926329	
335 HIPAS STREET	99712	-146.81254925763545	64.87431713607498	
361 HIPAS STREET	99712	-146.8122549327087	64.8754585104682	
393 HIPAS STREET	99712	-146.81246103174743	64.87592375305013	
320 PHEASANT FARM ROAD	99712	-146.97055817686777	64.87371195123245	
419 NORTH GRANGE HALL ROAD	99712	-146.96482621606202	64.87746159605565	
6320 CHENA HOT SPRINGS ROAD	99712	-146.9828402998826	64.87971652537662	
6330 CHENA HOT SPRINGS ROAD	99712	-146.98229725172794	64.8830842495338	
6241 MEGAN ROAD	99712	-146.99282748242	64.88097590698334	
543 SOFIE COURT	99712	-146.99534380387811	64.88368171964096	
520 MCKEE FARM ROAD	99712	-146.99757898146675	64.88268685092173	
525 MCKEE FARM ROAD	99712	-146.9991771413819	64.8831774084229	
6025 CHENA HOT SPRINGS ROAD	99712	-147.0142986445652	64.87382108981654	
6101 CHENA HOT SPRINGS ROAD	99712	-147.00567910355431	64.8764537220693	
6115 CHENA HOT SPRINGS ROAD	99712	-147.00442348291918	64.87650271442206	
6139 CHENA HOT SPRINGS ROAD	99712	-147.00315798625536	64.87691597980154	
5940 CHENA HOT SPRINGS ROAD	99712	-147.0234013794343	64.87407574327709	
358 HIRN ROAD	99712	-147.02716870399357	64.87477563875142	
5864 CHENA HOT SPRINGS ROAD	99712	-147.03178859101843	64.87318242272372	
429 HIRN ROAD	99712	-147.02945996271745	64.8782514585789	
5976 CHENA HOT SPRINGS ROAD	99712	-147.02201364853553	64.87814912841179	
470 ARCHIVES ALLEY	99712	-147.02049683601888	64.88028886635598	
469 ARCHIVES ALLEY	99712	-147.02314581411983	64.88046130974585	
6120 TELEMARK TRAIL	99712	-147.02301259173979	64.88444791869205	
6095 TELEMARK TRAIL	99712	-147.019383549389	64.885623181687	
6055 TELEMARK TRAIL	99712	-147.0171003392936	64.8850584373416	
6015 TELEMARK TRAIL	99712	-147.01830340538703	64.88623429682428	
5990 TELEMARK TRAIL	99712	-147.0185862584422	64.88783515576733	
395 HIPAS STREET	99712	-146.81197599751377	64.87608793634998	
5600 CHENA HOT SPRINGS ROAD	99712	-147.06513982188696	64.87261088081681	
211 DYNES ROAD	99712	-147.06707562808126	64.86864413387471	
575 HENRY HAHN COURT	99712	-147.03358505038184	64.88443797983582	
535 TWO RIVERS ROAD	99712	-147.03584890348154	64.88218091335453	
515 TWO RIVERS ROAD	99712	-147.03960975167774	64.88166651030673	
585 HENRY HAHN COURT	99712	-147.0374946262595	64.88540502645554	
595 HENRY HAHN COURT	99712	-147.03508557280418	64.88601143741826	
600 HENRY HAHN COURT	99712	-147.03275520107076	64.88609940401723	
248 RANDALL COURT	99712	-147.0615029127985	64.86983613113044	
241 RANDALL COURT	99712	-147.06276658076447	64.86972068215967	
253 RANDALL COURT	99712	-147.06258709877198	64.87037162090634	
5559 CHENA HOT SPRINGS ROAD	99712	-147.06372971192707	64.87032198085805	
5495 CHENA HOT SPRINGS ROAD	99712	-147.0710492045376	64.87050921946457	
5479 CHENA HOT SPRINGS ROAD	99712	-147.0723158847602	64.87089150813249	
5465 CHENA HOT SPRINGS ROAD	99712	-147.07355089954154	64.87047652397742	
5447 CHENA HOT SPRINGS ROAD	99712	-147.0757532701894	64.87085560262956	
5471 LOETA WAY	99712	-147.07393649287937	64.87242125541192	
5486 LOETA WAY	99712	-147.0721492483699	64.87341266467303	
333 LITTLE CHENA DRIVE	99712	-147.07027938828892	64.87331400581225	
340 LITTLE CHENA DRIVE	99712	-147.06749674905797	64.87548582403657	
455 REAM LANE	99712	-147.08126687552056	64.88107268432735	
5430 CHENA HOT SPRINGS ROAD	99712	-147.07854450885398	64.87210539311707	
348 REAM LANE	99712	-147.07731034149944	64.87447025030167	
7198 PAW PRINT PATH	99712	-146.89099635843448	64.87009111459761	
7210 WILBURN ROAD	99712	-146.88940769935135	64.87311002074483	
7306 CHENA HOT SPRINGS ROAD	99712	-146.87863106279758	64.8817877435448	
7310 CHENA HOT SPRINGS ROAD	99712	-146.8789536727704	64.88199268626	
7318 CHENA HOT SPRINGS ROAD	99712	-146.87676095326694	64.88263463786029	
7193 PAW PRINT PATH	99712	-146.89155518187977	64.86826528295975	
7322 CHENA HOT SPRINGS ROAD	99712	-146.87735309000894	64.88171719184122	
6030 CHENA HOT SPRINGS ROAD	99712	-147.0141616885535	64.87614897001129	
6050 CHENA HOT SPRINGS ROAD	99712	-147.0119752640041	64.87634218694699	
460 HIRN ROAD	99712	-147.0262162927134	64.87960965646322	
555 MARKEY DRIVE	99712	-146.86986012576145	64.88388374228538	
545 MARKEY DRIVE	99712	-146.8694607068651	64.88367524381118	
7226 CHARDONNAY COURT	99712	-146.88771365758961	64.88220326724178	
7221 ZINFINDEL COURT	99712	-146.88717915952873	64.8830472205231	
7245 ZINFINDEL COURT	99712	-146.88420490599069	64.88391239068987	
7249 ZINFINDEL COURT	99712	-146.88551242748608	64.88458408519672	
7268 CHENA HOT SPRINGS ROAD	99712	-146.8829288148208	64.88208659369853	
171 PHEASANT FARM ROAD	99712	-146.9930939319752	64.8672641814018	
200 PHEASANT FARM ROAD	99712	-146.98207894225388	64.86759348252484	
280 PHEASANT FARM ROAD	99712	-146.9733595932852	64.87192517932884	
422 TRICKEY AVENUE	99712	-146.97388937214703	64.87815463496275	
6338 CHENA HOT SPRINGS ROAD	99712	-146.98156748155884	64.87932931784705	
6336 CHENA HOT SPRINGS ROAD	99712	-146.98160270058813	64.8794593996607	
6199 MEGAN ROAD	99712	-146.9959635329474	64.88103435610981	
510 SOFIE COURT	99712	-146.99269369074162	64.88189742926751	
530 SOFIE COURT	99712	-146.99335683722262	64.88291559008394	
545 MCKEE FARM ROAD	99712	-146.99917983009718	64.88366248545334	
6210 MEGAN ROAD	99712	-146.99495661474705	64.88250080859153	
6134 CHENA HOT SPRINGS ROAD	99712	-147.00291158084562	64.87921064055881	
6128 CHENA HOT SPRINGS ROAD	99712	-147.00603240537654	64.87765897583218	
484 HIRN ROAD	99712	-147.02648347480383	64.88100508166575	
495 HIRN ROAD	99712	-147.03062085258398	64.88131359145707	
343 ARCHIVES ALLEY	99712	-147.02269818143816	64.87605550159756	
6100 TELEMARK TRAIL	99712	-147.01989805354674	64.88424380517604	
6080 TELEMARK TRAIL	99712	-147.01871895488455	64.88416353407624	
6060 TELEMARK TRAIL	99712	-147.01588859924436	64.8838554729479	
6125 TELEMARK TRAIL	99712	-147.0222017743597	64.88576909555266	
5975 TELEMARK TRAIL	99712	-147.01930986796742	64.88702406595547	
5970 TELEMARK TRAIL	99712	-147.0196936084404	64.88803500217527	
7902 CHENA HOT SPRINGS ROAD	99712	-146.80175190010678	64.88661419338915	
6561 TRICKETT LANE	99712	-146.9608838717363	64.8611034423913	
6541 TRICKETT LANE	99712	-146.96296522894002	64.860511829951	
6525 TRICKETT LANE	99712	-146.96555010594733	64.86037683898039	
6511 TRICKETT LANE	99712	-146.96943778218335	64.86011249471089	
6528 TRICKETT LANE	99712	-146.9632293267424	64.86228216330127	
6650 BASELINE ROAD	99712	-146.95696488799948	64.8630218792484	
6615 BASELINE ROAD	99712	-146.96148426461653	64.86295039353554	
6451 TRICKETT LANE	99712	-146.9729768872355	64.85899058142404	
6450 TRICKETT LANE	99712	-146.9731066693863	64.86278984142152	
6490 TRICKETT LANE	99712	-146.96816749648434	64.86203524551887	
6520 TRICKETT LANE	99712	-146.96576280737193	64.86184220822004	
6595 CHENA HOT SPRINGS ROAD	99712	-146.950461941722	64.87839746163989	
234 DYNES ROAD	99712	-147.06380438134406	64.86857968573538	
7185 WILBURN ROAD	99712	-146.89262378822875	64.85650707245486	
7199 WILBURN ROAD	99712	-146.88559447571703	64.85705534011825	
545 SOFIE COURT	99712	-146.99523659841577	64.88451854614729	
549 SOFIE COURT	99712	-146.9953527787827	64.88445538263869	
7740 CHENA HOT SPRINGS ROAD	99712	-146.81944172631086	64.88971478072335	
7105 DESIGN LANE	99712	-146.89938202960317	64.87020532112871	
501 ARCHIVES ALLEY	99712	-147.0229325214851	64.88202616053245	
6910 CHENA HOT SPRINGS ROAD	99712	-146.91894704049966	64.8788702064549	
6878 ALTAIR LANE	99712	-146.92456330083849	64.87358497690568	
6125 CHENA HOT SPRINGS ROAD	99712	-147.00460789009034	64.87658742599392	
7782 CHENA HOT SPRINGS ROAD	99712	-146.82748032082307	64.8820077402029	
407 LITTLE CHENA DRIVE	99712	-147.07655254958695	64.87736390769932	
465 HIRN ROAD	99712	-147.02856525193525	64.87997804399471	
6591 CHENA HOT SPRINGS ROAD	99712	-146.9541815037083	64.87856345093853	
7144 CHENA HOT SPRINGS ROAD	99712	-146.8953604722547	64.87916492524447	
526 CONDE ROAD	99712	-146.87878768184572	64.8824158581771	
7455 CHENA HOT SPRINGS ROAD	99712	-146.86334466493773	64.88210829099772	
7445 CHENA HOT SPRINGS ROAD	99712	-146.86479070564002	64.88225198138136	
300 STEVE SAVAGE TRAIL	99712	-146.79948373333477	64.8584088478717	
7069 PAW PRINT PATH	99712	-146.9039334581074	64.86858376418984	
260 STEVE SAVAGE TRAIL	99712	-146.79571820180948	64.85846137061543	
250 STEVE SAVAGE TRAIL	99712	-146.79406642841104	64.85837649342366	
230 STEVE SAVAGE TRAIL	99712	-146.79180772415867	64.85884009716963	
290 STEVE SAVAGE TRAIL	99712	-146.7983038704908	64.85837859389301	
280 STEVE SAVAGE TRAIL	99712	-146.79781519852745	64.85822332583864	
340 ARCHIVES ALLEY	99712	-147.01993005649427	64.876514058794	
415 TWO RIVERS ROAD	99712	-147.0439116308101	64.87748855970831	
444 NORTH GRANGE HALL ROAD	99712	-146.95902886869533	64.87891622605142	
420 NORTH GRANGE HALL ROAD	99712	-146.9587310338845	64.87803969824108	
431 NORTH GRANGE HALL ROAD	99712	-146.9614518736512	64.87832299363318	
421 NORTH GRANGE HALL ROAD	99712	-146.9632155692113	64.87847313314818	
415 NORTH GRANGE HALL ROAD	99712	-146.96218868210926	64.87742031182829	
417 NORTH GRANGE HALL ROAD	99712	-146.96173181188192	64.87758900448905	
397 NORTH GRANGE HALL ROAD	99712	-146.9616604973782	64.8766327117753	
367 NORTH GRANGE HALL ROAD	99712	-146.96007796845734	64.87555197299407	
345 NORTH GRANGE HALL ROAD	99712	-146.96070377731	64.87436512901779	
263 NORTH GRANGE HALL ROAD	99712	-146.9621358689811	64.87099886296564	
308 NORTH GRANGE HALL ROAD	99712	-146.95224561818316	64.87247477985282	
206 NORTH GRANGE HALL ROAD	99712	-146.95203225432593	64.8681023480916	
182 NORTH GRANGE HALL ROAD	99712	-146.95239193145983	64.86738006228966	
176 NORTH GRANGE HALL ROAD	99712	-146.94918002538944	64.86751913634285	
170 NORTH GRANGE HALL ROAD	99712	-146.94789959445131	64.86644563877447	
148 NORTH GRANGE HALL ROAD	99712	-146.95153725372143	64.86558307630094	
140 NORTH GRANGE HALL ROAD	99712	-146.94806543783997	64.86546108898212	
130 NORTH GRANGE HALL ROAD	99712	-146.95013948529467	64.86478846679188	
104 NORTH GRANGE HALL ROAD	99712	-146.9486788916269	64.86393463957145	
110 NORTH GRANGE HALL ROAD	99712	-146.94838723435143	64.86399250051642	
105 NORTH GRANGE HALL ROAD	99712	-146.95316003127977	64.86390677612312	
133 NORTH GRANGE HALL ROAD	99712	-146.9551479406868	64.8645936176791	
134 NORTH GRANGE HALL ROAD	99712	-146.96733004319918	64.86669875452625	
143 NORTH GRANGE HALL ROAD	99712	-146.95433638958437	64.86520712351233	
153 NORTH GRANGE HALL ROAD	99712	-146.95639289021508	64.86577668070262	
151 NORTH GRANGE HALL ROAD	99712	-146.9596834059032	64.86564770984698	
147 NORTH GRANGE HALL ROAD	99712	-146.9627342192671	64.86570658749928	
161 NORTH GRANGE HALL ROAD	99712	-146.96329344031457	64.86659365077404	
187 NORTH GRANGE HALL ROAD	99712	-146.95540995522276	64.86748237985464	
149 NORTH GRANGE HALL ROAD	99712	-146.97180310579358	64.86584509098174	
139 NORTH GRANGE HALL ROAD	99712	-146.96991441647978	64.86546219553523	
141 NORTH GRANGE HALL ROAD	99712	-146.9673218472486	64.86561060860302	
145 NORTH GRANGE HALL ROAD	99712	-146.96526701790384	64.86562918363286	
132 NORTH GRANGE HALL ROAD	99712	-146.96930307291373	64.86668453553301	
435 NORTH GRANGE HALL ROAD	99712	-146.9672073130701	64.87855087794314	
7171 JOYCE JEAN DRIVE	99712	-146.88851777634778	64.87577020281554	
114 SOUTH GRANGE HALL ROAD	99712	-146.9499209835442	64.86293099576035	
150 SOUTH GRANGE HALL ROAD	99712	-146.94694723380232	64.86081743105859	
171 NORTH GRANGE HALL ROAD	99712	-146.95490997120433	64.86654815190776	
154 NORTH GRANGE HALL ROAD	99712	-146.9650064694604	64.86651099887084	
289 SOCKEYE STREET	99712	-146.87836237215663	64.87109753261714	
495 ZUENDEL STREET	99712	-146.86286077147295	64.88094242005577	
505 MCKEE FARM ROAD	99712	-146.99939612831366	64.88184174707297	
550 SOFIE COURT	99712	-146.99218628649078	64.88455940509725	
479 BURGUNDY STREET	99712	-146.89015037388555	64.88038524336768	
7246 ANDERS AVENUE	99712	-146.88512003054788	64.87862376583145	
7185 JOYCE JEAN DRIVE	99712	-146.88864745520442	64.87642079974744	
6692 CHENA HOT SPRINGS ROAD	99712	-146.94464558216757	64.87941712268658	
6670 CHENA HOT SPRINGS ROAD	99712	-146.94600049311808	64.88008733246883	
5798 CHENA HOT SPRINGS ROAD	99712	-147.03934932397058	64.87176958771566	
310 LOVERS LANE	99712	-146.9441838116764	64.87392607728776	
7395 ANDERS AVENUE	99712	-146.87055815654182	64.87730223070996	
6591 TRICKETT LANE	99712	-146.9562726153392	64.86053719076126	
6069 CHENA HOT SPRINGS ROAD	99712	-147.00894656906632	64.8753769168812	
7335 ANDERS AVENUE	99712	-146.87619360254303	64.87765613435359	
395 SOCKEYE STREET	99712	-146.87564610206925	64.87694351239028	
404 LITTLE CHENA DRIVE	99712	-147.07256227093166	64.87744407027016	
389 NORTH GRANGE HALL ROAD	99712	-146.9653578754036	64.87384480312241	
445 TRICKEY AVENUE	99712	-146.96922641271647	64.87720279763592	
350 LITTLE CHENA DRIVE	99712	-147.0693746068043	64.874639826988	
340 KAUFMAN LANE	99712	-146.92996686250373	64.87429301818578	
7291 CHENA HOT SPRINGS ROAD	99712	-146.88032820777	64.88005977749313	
405 CORY RANCH ROAD	99712	-146.87992216126057	64.87805255828331	
7264 ANDERS AVENUE	99712	-146.88291291362793	64.87796346680162	
335 REAM LANE	99712	-147.0793008500088	64.87330341723757	
5402 CHENA HOT SPRINGS ROAD	99712	-147.0806489435357	64.87207584405363	
393 LITTLE CHENA DRIVE	99712	-147.07313109336383	64.8765202033732	
5640 CHENA HOT SPRINGS ROAD	99712	-147.06339073407025	64.87715616527676	
495 TWO RIVERS ROAD	99712	-147.04108675936484	64.88165470063399	
485 TWO RIVERS ROAD	99712	-147.04301344549737	64.8811066052206	
7061 CHENA HOT SPRINGS ROAD	99712	-146.90382194468722	64.87657334124302	
6299 BASELINE ROAD	99712	-146.98393896815026	64.8627056016755	
6856 ALTAIR LANE	99712	-146.92791661397428	64.87384784374196	
207 NORTH GRANGE HALL ROAD	99712	-146.95531078730411	64.86809762905168	
379 LITTLE CHENA DRIVE	99712	-147.07064445219973	64.8758378352335	
167 NORTH GRANGE HALL ROAD	99712	-146.956783928427	64.866559158293	
307 TWO RIVERS ROAD	99712	-147.0437533041213	64.87011198566695	
7198 JOYCE JEAN DRIVE	99712	-146.89146059303096	64.87735230595233	
503 ARCHIVES ALLEY	99712	-147.02335641350442	64.88271791200538	
6057 CHENA HOT SPRINGS ROAD	99712	-147.01181910681217	64.87496021986244	
7295 ANDERS AVENUE	99712	-146.8798912614418	64.8769762029365	
390 BEECHWOOD STREET	99712	-146.87995025861707	64.87662999358415	
390 BEECHWOOD STREET	99712	-146.88056053404364	64.87612542486498	
390 BEECHWOOD STREET	99712	-146.88319370084966	64.87609809560033	
311 LOVERS LANE	99712	-146.94674733719867	64.87395974271276	
6732 SNOW LEOPARD DRIVE	99712	-146.93763277097005	64.8738338995691	
335 LOVERS LANE	99712	-146.94340959731971	64.8748630917328	
7207 ANDERS AVENUE	99712	-146.88868064477546	64.87726721882201	
7693 LEAD DOG LANE	99712	-146.8496832759483	64.8670535569749	
7545 LEAD DOG LANE	99712	-146.85899929148565	64.86855722518686	
7401 LEAD DOG LANE	99712	-146.85910882635886	64.8644439872953	
5795 CHENA HOT SPRINGS ROAD	99712	-147.0327836397792	64.87084745435878	
7425 CHENA HOT SPRINGS ROAD	99712	-146.86704966574695	64.88134735082077	
395 NORTH GRANGE HALL ROAD	99712	-146.96343511442936	64.87659825275354	
7184 JOYCE JEAN DRIVE	99712	-146.89092332822713	64.87662130272072	
338 REAM LANE	99712	-147.07777500979105	64.87280153541764	
7530 CHENA HOT SPRINGS ROAD	99712	-146.8412148917432	64.88902749668777	
400 HIRN ROAD	99712	-147.02530928273308	64.87709738118839	
6194 CHENA HOT SPRINGS ROAD	99712	-146.99483058979567	64.87982594195756	
6236 CHENA HOT SPRINGS ROAD	99712	-146.99340796975858	64.879861433008	
180 NORTH GRANGE HALL ROAD	99712	-146.95256099687003	64.86656218095985	
459 PLEASANT VALLEY ROAD	99712	-146.89712170487954	64.87992924618348	
5999 CHENA HOT SPRINGS ROAD	99712	-147.0156619977772	64.87443975399579	
344 REAM LANE	99712	-147.07684199815802	64.87349186343917	
395 REAM LANE	99712	-147.07935962052971	64.876729923793	
7616 LEAD DOG LANE	99712	-146.84593018510273	64.87074656504849	
265 GETTINGER ROAD	99712	-146.94308202596983	64.8696738768348	
499 PLEASANT VALLEY ROAD	99712	-146.89662615244475	64.88163885842096	
7035 CHENA HOT SPRINGS ROAD	99712	-146.90579830277147	64.874911898242	
290 GETTINGER ROAD	99712	-146.94137292027216	64.87177578634751	
6726 SNOW LEOPARD DRIVE	99712	-146.93915308662488	64.87351971887246	
6720 SNOW LEOPARD DRIVE	99712	-146.94028831526032	64.87341286110893	
464 CORY RANCH ROAD	99712	-146.87809180586197	64.88018117977334	
7159 JOYCE JEAN DRIVE	99712	-146.88998230935243	64.87472353620727	
7161 CHENA HOT SPRINGS ROAD	99712	-146.8916923875054	64.87864377323821	
7171 CHENA HOT SPRINGS ROAD	99712	-146.8895287479829	64.87897145200627	
7126 ANDERS AVENUE	99712	-146.89340021120162	64.8783635406775	
7989 CHENA HOT SPRINGS ROAD	99712	-146.77484119805578	64.87600636415196	
8025 CHENA HOT SPRINGS ROAD	99712	-146.76464373107797	64.87760662900948	
8119 CHENA HOT SPRINGS ROAD	99712	-146.73728319201157	64.88184191786539	
8121 CHENA HOT SPRINGS ROAD	99712	-146.7405872876763	64.87360486859946	
8199 CHENA HOT SPRINGS ROAD	99712	-146.71430258315877	64.88624036589992	
8504 CHENA HOT SPRINGS ROAD	99712	-146.68660236764717	64.89253224395301	
6190 CHENA HOT SPRINGS ROAD	99712	-146.99626867000205	64.87933020898261	
6745 LECLAIRE AVENUE	99712	-146.93826094805456	64.87206839896645	
6775 LECLAIRE AVENUE	99712	-146.9351981441015	64.87208955007654	
6809 LECLAIRE AVENUE	99712	-146.93154411388184	64.87196708226831	
295 KAUFMAN LANE	99712	-146.93129444138498	64.87267484376069	
7056 SWEREN LOOP	99712	-146.91249054975788	64.87098668609981	
7785 KYLEE RENAE WAY	99712	-146.82769287529123	64.8772077135646	
292 SWEREN STREET WEST	99712	-146.9185859483143	64.87202723229062	
5601 CHENA HOT SPRINGS ROAD	99712	-147.05811768476687	64.8701466465976	
391 NORTH GRANGE HALL ROAD	99712	-146.9653538021344	64.87559832500413	
7212 ANDERS AVENUE	99712	-146.88759374518833	64.87828037989176	
6593 TRICKETT LANE	99712	-146.95722610808912	64.85847552157115	
6565 TRICKETT LANE	99712	-146.9553569560591	64.86115308756445	
6128 CHENA HOT SPRINGS ROAD	99712	-147.00734358258723	64.88284833017191	
7835 CHENA HOT SPRINGS ROAD	99712	-146.8141796306304	64.87627110785024	
2261 RUE DE TRUST STREET	99712	-147.43106740704974	65.14284468443115	
2259 RUE DE TRUST STREET	99712	-147.43285139657078	65.1429365125228	
2255 RUE DE TRUST STREET	99712	-147.43422208247173	65.14213298419169	
2276 RUE DE TRUST STREET	99712	-147.42543218571353	65.14454014046991	
7701 STEESE HIGHWAY	99712	-147.1853320593921	65.21627635210301	
7831 STEESE HIGHWAY	99712	-147.175775113549	65.22017749546417	
7862 STEESE HIGHWAY	99712	-147.16877497489128	65.21696229357833	
8011 STEESE HIGHWAY	99712	-147.1616336738949	65.22448043232636	
8186 STEESE HIGHWAY	99712	-147.11928080718113	65.22556185040617	
6041 STEESE HIGHWAY	99712	-147.46094709608926	65.13454995404472	
7190 STEESE HIGHWAY	99712	-147.26540037345822	65.1823907598944	
6510 STEESE HIGHWAY	99712	-147.3554584152299	65.15413551170083	
6940 STEESE HIGHWAY	99712	-147.3699722446898	65.14890518260549	
7138 STEESE HIGHWAY	99712	-147.27005666140727	65.18075933015791	
6420 STEESE HIGHWAY	99712	-147.38332201553249	65.14794715549873	
8721 STEESE HIGHWAY	99712	-147.07395313477727	65.22122048567206	
7401 STEESE HIGHWAY	99712	-147.21695742577128	65.19996612817374	
7531 STEESE HIGHWAY	99712	-147.19577810272534	65.21416432686397	
7530 STEESE HIGHWAY	99712	-147.19467121458092	65.21357804202178	
7910 STEESE HIGHWAY	99712	-147.1645867084054	65.2173525261367	
7921 STEESE HIGHWAY	99712	-147.16613823637292	65.22253113985599	
5252 STEESE HIGHWAY	99712	-147.41891768138586	65.08534903728076	
6560 STEESE HIGHWAY	99712	-147.34977114384003	65.15445132082066	
7930 STEESE HIGHWAY	99712	-147.16549845515672	65.22011484651723	
7580 STEESE HIGHWAY	99712	-147.19431543793732	65.21362220951978	
5355 STEESE HIGHWAY	99712	-147.45474464852956	65.10243757190128	
7922 STEESE HIGHWAY	99712	-147.166129821283	65.21822547027405	
7275 STEESE HIGHWAY	99712	-147.25637597793116	65.1991924172181	
7651 STEESE HIGHWAY	99712	-147.19121159116852	65.21870722591574	
7300 STEESE HIGHWAY	99712	-147.24090724383456	65.20174514425021	
7950 STEESE HIGHWAY	99712	-147.16297690743312	65.21922153967859	
8300 KATEEL DRIVE	99712	-147.00367263678558	65.23257006951552	
5925 MACKENZIE DRIVE	99712	-147.01749405892676	65.22504842954174	
6768 STEESE HIGHWAY	99712	-147.3146688383975	65.16318411763203	
8411 KUPARUK ROAD	99712	-147.01150502593694	65.23673782816405	
5450 STEESE HIGHWAY	99712	-147.46984313939245	65.10764001043593	
2272 RUE DE TRUST STREET	99712	-147.42615503182722	65.14430653520196	
7711 STEESE HIGHWAY	99712	-147.18405588600308	65.21799257837912	
8055 KATEEL DRIVE	99712	-147.01433449567824	65.22144419757294	
8202 KATEEL DRIVE	99712	-147.0095715479273	65.2289333108098	
7144 STEESE HIGHWAY	99712	-147.26795745836378	65.18122757156385	
7152 STEESE HIGHWAY	99712	-147.26657397668853	65.18217017469445	
5550 STEESE HIGHWAY	99712	-147.47902890737353	65.11017512973406	
7826 STEESE HIGHWAY	99712	-147.17480328628525	65.21724188061212	
7856 STEESE HIGHWAY	99712	-147.16936662564058	65.21968721456085	
7846 STEESE HIGHWAY	99712	-147.17144728304163	65.21937508999068	
8195 STEESE HIGHWAY	99712	-147.11704154043784	65.22684825969576	
6810 STEESE HIGHWAY	99712	-147.30802585548736	65.16453507210313	
8130 KATEEL DRIVE	99712	-147.01490253803448	65.2259313056815	
5580 OLD CHATANIKA ROAD	99712	-147.47914034422988	65.11088580101051	
5850 STEESE HIGHWAY	99712	-147.47105611457442	65.1299804610218	
6806 STEESE HIGHWAY	99712	-147.31026484498656	65.1642663077415	
8175 STEESE HIGHWAY	99712	-147.11759591824833	65.22787140093885	
8155 STEESE HIGHWAY	99712	-147.12695195094096	65.2312806741758	
9445 STEESE HIGHWAY	99712	-146.9894295825633	65.22045931778544	
7224 STEESE HIGHWAY	99712	-147.25030698437348	65.18532260944752	
7954 STEESE HIGHWAY	99712	-147.1626580498947	65.22023367383015	
6304 TATLANIKA DRIVE	99712	-147.00668299048806	65.2313469174995	
2000 NEAL BROWN ROAD	99712	-147.4669618755683	65.11567195016903	
10100 STEESE HIGHWAY	99712	-146.86219270054067	65.24229653900929	
7836 STEESE HIGHWAY	99712	-147.1735394394853	65.21892725442855	
8013 STEESE HIGHWAY	99712	-147.1542053372538	65.22238901000003	
10200 STEESE HIGHWAY	99712	-146.8599046903581	65.24315905102341	
6164 TONSINA AVENUE	99712	-146.99079801391346	65.22216428505695	
8035 KATEEL DRIVE	99712	-147.01284452233682	65.22028581649337	
8257 KUPARUK ROAD	99712	-147.02322135819233	65.23297335721537	
8301 KUPARUK ROAD	99712	-147.02024232663868	65.2328033622627	
7760 STEESE HIGHWAY	99712	-147.1806895037656	65.21622911295019	
5870 TATLANIKA DRIVE	99712	-147.050312901936	65.22958497169525	
7670 STEESE HIGHWAY	99712	-147.18948405493944	65.21545445236362	
8177 KUPARUK ROAD	99712	-147.0315480169653	65.23007153467937	
7899 STEESE HIGHWAY	99712	-147.17179888041343	65.2218049127676	
8465 KUPARUK ROAD	99712	-146.9931110838493	65.24292286987165	
7286 STEESE HIGHWAY	99712	-147.2535069362711	65.19812111781863	
7157 CHULITNA DRIVE	99712	-146.98430603735466	65.22395733655051	
6147 TATLANIKA DRIVE	99712	-147.02317914926363	65.22674457619097	
2252 RUE DE TRUST STREET	99712	-147.4289285111703	65.14466247678803	
7200 CHULITNA DRIVE	99712	-146.98205629014606	65.22547224704103	
5399 STEESE HIGHWAY	99712	-147.45745701806746	65.10352171332826	
7961 NOME CREEK ROAD	99712	-147.16958708983412	65.22081608413282	
10625 STEESE HIGHWAY	99712	-146.86581069287786	65.2458659932886	
2267 RUE DE TRUST STREET	99712	-147.4304982549889	65.14384321858664	
8205 STEESE HIGHWAY	99712	-147.1135057474976	65.22560760341841	
8214 STEESE HIGHWAY	99712	-147.11409287884229	65.22453975685922	
6011 TONSINA AVENUE	99712	-146.99931381443477	65.22206890748767	
7489 CHULITNA DRIVE	99712	-146.95803690817513	65.22909949131181	
7681 STEESE HIGHWAY	99712	-147.1877207749926	65.21868077535964	
2253 RUE DE TRUST STREET	99712	-147.43342750874666	65.1439958521061	
10627 STEESE HIGHWAY	99712	-146.84686617317485	65.24680888138344	
7239 STEESE HIGHWAY	99712	-147.25689988469762	65.19236260139866	
7643 STEESE HIGHWAY	99712	-147.19141136630222	65.21630793199438	
8630 KATEEL DRIVE	99712	-146.98690239240497	65.22960497432733	
2274 RUE DE TRUST STREET	99712	-147.42695080879415	65.1445511810174	
4794 STEESE HIGHWAY	99712	-147.44537773194773	65.06843453790003	
4475 RECREATION DRIVE	99712	-146.16249710896756	65.05617193578486	
15820 CHENA HOT SPRINGS ROAD	99712	-146.21593435348157	65.03807786535305	
3670 ANGEL CREEK ROAD	99712	-146.22267691657822	65.02497593821205	
17190 CHENA HOT SPRINGS ROAD	99712	-146.08653922770347	65.0691758180393	
17600 CHENA HOT SPRINGS ROAD	99712	-146.0575410861772	65.05282313219656	
17175 CHENA HOT SPRINGS ROAD	99712	-146.08936211559438	65.0668911500879	
3699 ANGEL CREEK ROAD	99712	-146.21996212534924	65.0238682976853	
4955 OLYMPIA LANE	99712	-146.20622271300803	65.08123383546472	
15500 CHENA HOT SPRINGS ROAD	99712	-146.21776953055507	65.02202288869628	
17155 CHENA HOT SPRINGS ROAD	99712	-146.09125085838048	65.06701360425049	
16179 CHENA HOT SPRINGS ROAD	99712	-146.18292870999568	65.0497886018978	
4995 OLYMPIA LANE	99712	-146.206623736838	65.08482770968821	
16177 CHENA HOT SPRINGS ROAD	99712	-146.18731170704908	65.04997912235865	
4505 RECREATION DRIVE	99712	-146.1595619314894	65.05813900662223	
14958 STEESE HIGHWAY	99712	-146.38061338368794	65.29155143909117	
3645 ANGEL CREEK ROAD	99712	-146.2233286000052	65.02337092483853	
16181 CHENA HOT SPRINGS ROAD	99712	-146.18138888009872	65.04918304580673	
15450 CHENA HOT SPRINGS ROAD	99712	-146.21828059118022	65.02052799822177	
13563 PISCES COURT	99712	-146.21524712880526	65.031427659028	
5000 OLYMPIA LANE	99712	-146.20335146005775	65.08511287296339	
4930 OLYMPIA LANE	99712	-146.2013309947261	65.08179668835355	
16250 CHENA HOT SPRINGS ROAD	99712	-146.1868725840055	65.05369334357619	
13571 PISCES COURT	99712	-146.21247694611324	65.03136295534827	
17050 CHENA HOT SPRINGS ROAD	99712	-146.10363961009193	65.0682908716911	
17250 CHENA HOT SPRINGS ROAD	99712	-146.07864463905207	65.0737429854456	
4981 WEST FORK ROAD	99712	-146.1996105096855	65.08485337792052	
5015 OLYMPIA LANE	99712	-146.20670298461164	65.08656557776598	
17140 CHENA HOT SPRINGS ROAD	99712	-146.09205806332386	65.06857225847473	
17579 CHENA HOT SPRINGS ROAD	99712	-146.070585457641	65.06100398498388	
4806 WEST FORK ROAD	99712	-146.19068556674085	65.07462053025755	
17239 CHENA HOT SPRINGS ROAD	99712	-146.0847631811267	65.06654208572098	
16161 CHENA HOT SPRINGS ROAD	99712	-146.19047435908362	65.04635779121115	
16184 CHENA HOT SPRINGS ROAD	99712	-146.1913790019128	65.05276862253926	
17262 CHENA HOT SPRINGS ROAD	99712	-146.0847247108192	65.06860874212886	
17282 CHENA HOT SPRINGS ROAD	99712	-146.07670781953743	65.06742023245285	
17370 CHENA HOT SPRINGS ROAD	99712	-146.0768115561751	65.06676797504123	
3695 ANGEL CREEK ROAD	99712	-146.219393625191	65.02415861380288	
4351 RECREATION DRIVE	99712	-146.1746117456224	65.0548884599569	
17254 CHENA HOT SPRINGS ROAD	99712	-146.0775018251328	65.07524807096479	
17270 CHENA HOT SPRINGS ROAD	99712	-146.0588840233568	65.08407952250016	
16001 CHENA HOT SPRINGS ROAD	99712	-146.20513122892794	65.04321757414819	
4819 WEST FORK ROAD	99712	-146.2013558884863	65.07311438724118	
17007 CHENA HOT SPRINGS ROAD	99709	-146.10965211993928	65.06603221021636	
8670 CHENA HOT SPRINGS ROAD	99712	-146.67377596046842	64.89524912483749	
9191 CHENA HOT SPRINGS ROAD	99712	-146.6250639217519	64.90259674890436	
9290 CHENA HOT SPRINGS ROAD	99712	-146.61655744451485	64.90362608425905	
9455 CHENA HOT SPRINGS ROAD	99712	-146.59932727906667	64.90292501995683	
9494 CHENA HOT SPRINGS ROAD	99712	-146.5995138224868	64.91153517120507	
10914 CHENA HOT SPRINGS ROAD	99712	-146.45752634285267	64.90597228678688	
11377 CHENA HOT SPRINGS ROAD	99712	-146.41623639269812	64.89730459902485	
11516 CHENA HOT SPRINGS ROAD	99712	-146.4029887331415	64.8988481456693	
11637 CHENA HOT SPRINGS ROAD	99712	-146.39120332040557	64.89940527343768	
11982 CHENA HOT SPRINGS ROAD	99712	-146.36149967838833	64.90294074174317	
12037 CHENA HOT SPRINGS ROAD	99712	-146.35785538002224	64.9045919354297	
13077 CHENA HOT SPRINGS ROAD	99712	-146.28883653386524	64.9323323740644	
13116 CHENA HOT SPRINGS ROAD	99712	-146.2863565899805	64.93482446306402	
13203 CHENA HOT SPRINGS ROAD	99712	-146.27830567043512	64.93545678607009	
13568 CHENA HOT SPRINGS ROAD	99712	-146.25108083264448	64.94478264347836	
14067 CHENA HOT SPRINGS ROAD	99712	-146.23303473641045	64.96253745162578	
14877 CHENA HOT SPRINGS ROAD	99712	-146.22339605259052	64.99692321874647	
14884 CHENA HOT SPRINGS ROAD	99712	-146.230002019611	64.99813784606476	
15233 CHENA HOT SPRINGS ROAD	99712	-146.21898368267316	65.01149146237802	
15286 CHENA HOT SPRINGS ROAD	99712	-146.22041974536324	65.01381523564038	
15805 CHENA HOT SPRINGS ROAD	99712	-146.2172457284953	65.0348216309897	
15807 CHENA HOT SPRINGS ROAD	99712	-146.3222342514116	65.03164184816379	
15809 CHENA HOT SPRINGS ROAD	99712	-146.41320700870932	65.0249246007923	
9292 CHENA HOT SPRINGS ROAD	99712	-146.6568609296481	64.97036416392339	
9294 CHENA HOT SPRINGS ROAD	99712	-146.46758655638524	64.96499162700634	
11639 CHENA HOT SPRINGS ROAD	99712	-146.5138013336665	64.84166001804552	
16948 CHENA HOT SPRINGS ROAD	99712	-146.1153843768127	65.06639786081959	
1332 SEWARD AVENUE	99835	-135.35079660111438	57.051818143959245	
100 ALICE LOOP	99835	-135.3557605117114	57.04729801219843	
415 ALICE LOOP	99835	-135.35238329001083	57.04725003011839	
601 ALICE LOOP	99835	-135.34907186092175	57.04754026514933	
663 ALICE LOOP	99835	-135.34788839341698	57.047058576135136	
665 ALICE LOOP	99835	-135.34781860509918	57.046986260968794	
667 ALICE LOOP	99835	-135.3477793855522	57.046925713100975	
669 ALICE LOOP	99835	-135.34772820673385	57.04686800902593	
671 ALICE LOOP	99835	-135.34753270637853	57.04681369310396	
509 HALIBUT POINT ROAD	99835	-135.34222066267637	57.05544110908755	
508 HALIBUT POINT ROAD	99835	-135.34102260922631	57.05551708102863	
502 KATLIAN AVENUE	99835	-135.34552766576607	57.0539039428856	
511 O'CAIN AVENUE	99835	-135.34591159134547	57.05463960912205	
510 O'CAIN STREET	99835	-135.34520978702133	57.05495417504502	
490 KATLIAN AVENUE	99835	-135.34512990523302	57.053635623229	
481 KATLIAN AVENUE	99835	-135.34514186180942	57.053502699203364	
498 KATLIAN AVENUE	99835	-135.3453768278501	57.05370345276246	
501 O'CAIN AVENUE	99835	-135.34486049868266	57.0538203599493	
498 O'CAIN AVENUE	99835	-135.34422030261734	57.05391769308232	
203 HARBOR DRIVE	99835	-135.33649018101985	57.04934698501693	
412 DEARMOND STREET	99835	-135.341594385108	57.053982633807664	
120 NEW ARCHANGEL STREET	99835	-135.34196632985646	57.05449013399897	
418 DEARMOND STREET	99835	-135.3418286441746	57.054299188782544	
414 DEARMOND STREET	99835	-135.34168780540602	57.054108335896466	
415 DEARMOND STREET	99835	-135.34249623795776	57.054054219142124	
410 HEMLOCK STREET	99835	-135.33820968044117	57.05444423800048	
409 HEMLOCK STREET	99835	-135.33873587400876	57.05421841782067	
412 SPRUCE STREET	99835	-135.33914678408095	57.054139769901745	
408 MARINE STREET	99835	-135.34008270104624	57.05369682214497	
403 MARINE STREET	99835	-135.34065899814877	57.05345362002912	
119 ERLER STREET	99835	-135.3410395173166	57.05325606223708	
414 MARINE STREET	99835	-135.34050860489884	57.05426495115943	
412 MARINE STREET	99835	-135.34039285966946	57.05411023878259	
410 MARINE STREET	99835	-135.3402521987673	57.05392269679451	
117 NEW ARCHANGEL STREET	99835	-135.34252182467196	57.054694387969484	
115 NEW ARCHANGEL STREET	99835	-135.34275426015847	57.054637314943385	
123 NEW ARCHANGEL STREET	99835	-135.34217561036823	57.05477908377994	
503 MARINE STREET	99835	-135.3417744146775	57.05495133421536	
116 NEW ARCHANGEL STREET	99835	-135.3427510558679	57.054291660817114	
417 DEARMOND STREET	99835	-135.34244253487344	57.0542170919111	
422 ANDREWS STREET	99835	-135.3422502244357	57.05379681282525	
415 MARINE STREET	99835	-135.34122518471278	57.05421008080912	
419 MARINE STREET	99835	-135.34141241427923	57.0544648109639	
421 MARINE STREET	99835	-135.34150924009046	57.054594358180424	
501 MARINE STREET	99835	-135.3416739578759	57.05482377121386	
417 MARINE STREET	99835	-135.34131850260283	57.0543368388462	
409 MARINE STREET	99835	-135.34089556139398	57.053767684975924	
405 MARINE STREET	99835	-135.3407548537795	57.05358066694053	
406 DEARMOND STREET	99835	-135.34135529310527	57.053665014999794	
410 DEARMOND STREET	99835	-135.34149924273967	57.05385576024093	
404 DEARMOND STREET	99835	-135.34121118806235	57.053478306190605	
402 DEARMOND STREET	99835	-135.34112483481073	57.05336541287739	
414 HEMLOCK STREET	99835	-135.33885936091926	57.0546408578274	
412 HEMLOCK STREET	99835	-135.33846785805048	57.0545452999907	
418 MARINE STREET	99835	-135.34068056939367	57.05449437697601	
417 SPRUCE STREET	99835	-135.34026315192554	57.05467940010421	
204 NEW ARCHANGEL STREET	99835	-135.34038428884332	57.05484089783258	
200 NEW ARCHANGEL STREET	99835	-135.34085622326938	57.05472804579095	
201 NEW ARCHANGEL STREET	99835	-135.3410175588978	57.054988523907	
411 SPRUCE STREET	99835	-135.33992227541123	57.05422585102335	
413 SPRUCE STREET	99835	-135.3400359733801	57.05437721689217	
415 SPRUCE STREET	99835	-135.34015052115524	57.05452963299416	
413 HEMLOCK STREET	99835	-135.33939550512522	57.05447942909031	
423 HALIBUT POINT ROAD	99835	-135.33941153825643	57.054789068010216	
411 HEMLOCK STREET	99835	-135.339094589268	57.0543476190315	
401 SPRUCE STREET	99835	-135.33921139540777	57.05343661784053	
403 SPRUCE STREET	99835	-135.33946015867286	57.05360957411084	
407 SPRUCE STREET	99835	-135.33957635305993	57.05376499013209	
401 MARINE STREET	99835	-135.34055321343922	57.053313561941735	
400 MARINE STREET	99835	-135.3399128287277	57.05332814876519	
207 ERLER STREET	99835	-135.33959882980665	57.053387128192455	
402 MARINE STREET	99835	-135.33993700059537	57.05350245590358	
402 HEMLOCK STREET	99835	-135.3373294266842	57.05380075786604	
309 ERLER STREET	99835	-135.33707688779992	57.05357188715684	
303 ERLER STREET	99835	-135.3382382396807	57.05346140514408	
400 SPRUCE STREET	99835	-135.33861543418365	57.053439660070616	
410 SPRUCE STREET	99835	-135.3389014047695	57.05397935711927	
406 SPRUCE STREET	99835	-135.33870176587573	57.053840595182244	
402 SPRUCE STREET	99835	-135.33851036902465	57.053690914093806	
407 HEMLOCK STREET	99835	-135.3383751366418	57.0540912910156	
405 HEMLOCK STREET	99835	-135.3380005104222	57.053819954941616	
400 HEMLOCK STREET	99835	-135.3373425357991	57.05355469204388	
305 ERLER STREET	99835	-135.33787062660855	57.05348430612379	
409 HALIBUT POINT ROAD	99835	-135.3370953194329	57.05398615379242	
408 HEMLOCK STREET	99835	-135.33797111305455	57.0543438098637	
406 HEMLOCK STREET	99835	-135.33755792126152	57.05417837914076	
311 ERLER STREET	99835	-135.3368691137629	57.05360680890395	
401 HALIBUT POINT ROAD	99835	-135.33635113079706	57.053667438216166	
407 HALIBUT POINT ROAD	99835	-135.33675005285178	57.053861587166736	
122 OSPREY STREET	99835	-135.34227578240387	57.05505141775849	
120 OSPREY STREET	99835	-135.34256763785314	57.054978936908796	
118 OSPREY STREET	99835	-135.3428599011376	57.05490620578752	
114 OSPREY STREET	99835	-135.3434022023965	57.05477114798327	
506 ANDREWS STREET	99835	-135.34363306672958	57.05471370622901	
113 NEW ARCHANGEL STREET	99835	-135.34303832182437	57.054567310182364	
111 NEW ARCHANGEL STREET	99835	-135.3433797454127	57.05448303207996	
116 OSPREY STREET	99835	-135.3431382396368	57.05483686594281	
204 OBSERVATORY STREET	99835	-135.3359806637772	57.051253921842125	
210 OBSERVATORY STREET	99835	-135.33614597804402	57.05142865791979	
202 OBSERVATORY STREET	99835	-135.33605817491153	57.051129754019186	
211 SEWARD STREET	99835	-135.33648087088028	57.05098652503198	
209 SEWARD STREET	99835	-135.33677802010152	57.05093307797886	
209 OBSERVATORY STREET	99835	-135.33667877063567	57.051361945038124	
207 OBSERVATORY STREET	99835	-135.33660132058682	57.05122517504779	
210 SEWARD STREET	99835	-135.33623639796897	57.05061308295924	
200 OBSERVATORY STREET	99835	-135.3359820903019	57.050978550803606	
224 OBSERVATORY STREET	99835	-135.33590495735834	57.05209416590183	
212 OBSERVATORY STREET	99835	-135.33621411615664	57.051560221836134	
216 OBSERVATORY STREET	99835	-135.33599539165633	57.05168671287269	
220 OBSERVATORY STREET	99835	-135.33637590543427	57.05183234002096	
214 OBSERVATORY STREET	99835	-135.3362854837127	57.05166715803228	
206 OBSERVATORY STREET	99835	-135.33596424077723	57.05147237808784	
506 HALIBUT POINT ROAD	99835	-135.34069574732874	57.055424457106945	
502 HALIBUT POINT ROAD	99835	-135.33976445129727	57.05527940878698	
504 HALIBUT POINT ROAD	99835	-135.34027407903267	57.05534885918998	
224 MARINE STREET	99835	-135.33908549023246	57.052246484866885	
310 MARINE STREET	99835	-135.3395745285816	57.05287285611196	
200 ERLER STREET	99835	-135.339696362592	57.053033830144464	
306 MARINE STREET	99835	-135.33943881739665	57.05269436976923	
304 MARINE STREET	99835	-135.33923130926098	57.052488243844394	
210 MARINE STREET	99835	-135.33829511830953	57.051205315087934	
220 MARINE STREET	99835	-135.338808327628	57.05185593675976	
222 MARINE STREET	99835	-135.3389290162864	57.05201780489276	
218 MARINE STREET	99835	-135.3386612922806	57.05165916489547	
215 MARINE STREET	99835	-135.33784798636847	57.05232407513477	
206 PRINCESS WAY	99835	-135.33751674967542	57.05112405223105	
312 ERLER STREET	99835	-135.3362553919473	57.05326638593543	
310 ERLER STREET	99835	-135.33660574119634	57.05325157288571	
307 LAKE STREET	99835	-135.33620869212896	57.05302863381982	
236 OBSERVATORY STREET	99835	-135.3362384820604	57.052243321862186	
230 OBSERVATORY STREET	99835	-135.33656201300494	57.052111147207924	
238 OBSERVATORY STREET	99835	-135.33593173164542	57.052409128121006	
208 MARINE STREET	99835	-135.33813743163782	57.05103703218467	
207 SEWARD STREET	99835	-135.33718619839698	57.051001827083425	
110 AMERICAN STREET	99835	-135.33612154476663	57.05029753678075	
215 LINCOLN STREET	99835	-135.33609377065466	57.05004794302134	
209 LINCOLN STREET	99835	-135.3365058808761	57.049982874241785	
203 LINCOLN STREET	99835	-135.3368800866841	57.04992271285643	
205 LINCOLN STREET	99835	-135.33672176939504	57.04995673021569	
201 LINCOLN STREET	99835	-135.33697377468002	57.04987008610021	
200 SEWARD STREET	99835	-135.3373591447504	57.05045788289641	
202 MARINE STREET	99835	-135.3379438033716	57.05078478009356	
204 MARINE STREET	99835	-135.33801233135304	57.05088013898068	
206 MARINE STREET	99835	-135.33806930071174	57.050954416061174	
201 MARINE STREET	99835	-135.33784234494846	57.05066205497763	
204 PRINCESS WAY	99835	-135.3374610487379	57.0509365992299	
202 PRINCESS WAY	99835	-135.33734021365407	57.05076831022303	
205 PRINCESS WAY	99835	-135.33770834864742	57.05077295622333	
110 BARRACKS STREET	99835	-135.33711456673618	57.050201108812566	
118 AMERICAN STREET	99835	-135.33640834719245	57.05031151111265	
209 RACE STREET	99835	-135.33673518214056	57.05028682919762	
205 RACE STREET	99835	-135.33691142890436	57.050247224061	
206 SEWARD STREET	99835	-135.33698065308016	57.05054225514989	
204 SEWARD STREET	99835	-135.3371913098109	57.05049532382824	
112 BARRACKS STREET	99835	-135.3370495107433	57.05037054223642	
221 LINCOLN STREET	99835	-135.33586097404543	57.050105201928616	
205 RIGLING WAY	99835	-135.33700345771194	57.05121197497676	
601 O'CAIN AVENUE	99835	-135.34628342560111	57.0548240638472	
604 O'CAIN STREET	99835	-135.34587936428466	57.055221954140144	
608 O'CAIN STREET	99835	-135.34619100512808	57.0553504850163	
602 O'CAIN STREET	99835	-135.34554749338102	57.05509162110967	
501 ANDREWS STREET	99835	-135.3439010611283	57.05435414303047	
505 ANDREWS STREET	99835	-135.34409167285182	57.05460005015346	
108 OSPREY STREET	99835	-135.34432422871257	57.05454278987148	
504 O'CAIN AVENUE	99835	-135.34461409798675	57.054401524796624	
502 O'CAIN AVENUE	99835	-135.3445095475624	57.05427581686074	
503 O'CAIN AVENUE	99835	-135.34505761959872	57.05402158177317	
509 O'CAIN AVENUE	99835	-135.34546741306502	57.05450108512903	
506 KATLIAN AVENUE	99835	-135.34582816660165	57.05422001584945	
508 KATLIAN AVENUE	99835	-135.34597537801884	57.05437494614732	
504 KATLIAN AVENUE	99835	-135.34567809225365	57.05406213310743	
507 O'CAIN AVENUE	99835	-135.3453322300895	57.05434303698901	
505 O'CAIN AVENUE	99835	-135.34519430635402	57.05418172518498	
508 O'CAIN STREET	99835	-135.34492078911296	57.05480020518465	
506 O'CAIN AVENUE	99835	-135.3447144532787	57.0545219809862	
500 O'CAIN AVENUE	99835	-135.34440834605743	57.054153725200166	
107 NEW ARCHANGEL STREET	99835	-135.34412651580672	57.05430219088139	
470 KATLIAN AVENUE	99835	-135.34423186842662	57.05349147809706	
448 KATLIAN AVENUE	99835	-135.34373732609978	57.05319802014417	
468 KATLIAN AVENUE	99835	-135.34449588059368	57.0533171738385	
478 KATLIAN AVENUE	99835	-135.3447968126206	57.0532851499375	
438 KATLIAN AVENUE	99835	-135.34413593913405	57.05298690001732	
458 KATLIAN AVENUE	99835	-135.34413484768098	57.0532110030782	
446 KATLIAN AVENUE	99835	-135.34391609263795	57.05308779009271	
474 KATLIAN AVENUE	99835	-135.3439119819472	57.05372176609968	
476 KATLIAN AVENUE	99835	-135.3437421293916	57.053814405016986	
456 KATLIAN AVENUE	99835	-135.34384834708914	57.053445975127744	
273 KATLIAN AVENUE	99835	-135.3418518862859	57.05147200676664	
301 KATLIAN AVENUE	99835	-135.3420395757898	57.05146179689729	
337 KOGWANTON STREET	99835	-135.34170452664674	57.0517934630456	
339 KOGWANTON STREET	99835	-135.34178757319978	57.05184381519943	
285 KOGWANTON STREET	99835	-135.34144978419508	57.05146573876612	
289 KOGWANTON STREET	99835	-135.34141915164386	57.05159184903289	
335 KOGWANTON STREET	99835	-135.34168076980072	57.05172351594945	
304 KATLIAN AVENUE	99835	-135.34181364590256	57.05163397380027	
310 KATLIAN AVENUE	99835	-135.3418920679286	57.051715919060996	
264 KATLIAN AVENUE	99835	-135.34128319342227	57.05132272995978	
256 KATLIAN AVENUE	99835	-135.34120849131986	57.051237773179125	
298 KOGWANTON STREET	99835	-135.34111830585522	57.051741455036016	
307 TLINGIT WAY	99835	-135.34074653627826	57.05190583885145	
336 KOGWANTON STREET	99835	-135.34144694821373	57.05185567976903	
311 TLINGIT WAY	99835	-135.34097042070158	57.05206748300062	
332 KOGWANTON STREET	99835	-135.34124275755636	57.05193687115873	
282 KOGWANTON STREET	99835	-135.34083611538006	57.051612422110985	
280 KOGWANTON STREET	99835	-135.34108699417772	57.05148114322195	
288 KOGWANTON STREET	99835	-135.34115889533302	57.05157631710376	
278 KOGWANTON STREET	99835	-135.34084628071582	57.051445526179464	
278 KOGWANTON STREET	99835	-135.34042968610453	57.05161552214276	
110 ERLER STREET	99835	-135.34065722397608	57.0524893739003	
114 ERLER STREET	99835	-135.34087048492285	57.05281702612133	
106 ERLER STREET	99835	-135.34134931032548	57.05270790007138	
309 MARINE STREET	99835	-135.3402919932361	57.05296282813881	
302 TLINGIT WAY	99835	-135.34012540425988	57.05228746124117	
401 KATLIAN AVENUE	99835	-135.34296637934654	57.05235076615727	
475 KATLIAN AVENUE	99835	-135.34535114681273	57.05285541297421	
427 KATLIAN AVENUE	99835	-135.3442988099833	57.05194152189855	
307 MARINE STREET	99835	-135.3401049091967	57.05276228896352	
118 ERLER STREET	99835	-135.3406700842577	57.052903455234	
301 MARINE STREET	99835	-135.33977627492303	57.05234780689472	
303 MARINE STREET	99835	-135.33996759272236	57.05252981404897	
109 ERLER STREET	99835	-135.34182687000188	57.05296107176218	
105 ERLER STREET	99835	-135.3420832617604	57.05276279316112	
416 KOGWANTON STREET	99835	-135.34233826023188	57.05266403283419	
418 KATLIAN AVENUE	99835	-135.3427055499105	57.052526647159866	
486 KATLIAN AVENUE	99835	-135.34486686594138	57.0534168528659	
499 O'CAIN AVENUE	99835	-135.34455303859858	57.05358281022166	
424 KOGWANTON STREET	99835	-135.34244608501544	57.05301037290526	
438 KOGWANTON STREET	99835	-135.3430798356686	57.05334827580696	
434 KIRKMAN ROAD	99835	-135.34347079415835	57.05312765602169	
442 KOGWANTON STREET	99835	-135.3437395251756	57.05295853222218	
428 KATLIAN AVENUE	99835	-135.34396723462538	57.05287341209564	
450 KATLIAN AVENUE	99835	-135.34356817063681	57.05329917786348	
452 KATLIAN AVENUE	99835	-135.34340069322684	57.05340128798981	
454 KATLIAN AVENUE	99835	-135.34323368024582	57.05350357713462	
434 KOGWANTON STREET	99835	-135.34334936618643	57.052899911207064	
404 KATLIAN AVENUE	99835	-135.34287341269777	57.05258560978323	
410 KATLIAN AVENUE	99835	-135.34316502021204	57.05268759289073	
426 KATLIAN AVENUE	99835	-135.34382700311795	57.05284274308442	
436 KOGWANTON STREET	99835	-135.34353530128058	57.052940852172476	
422 KATLIAN AVENUE	99835	-135.34360538514412	57.052778542981805	
424 KATLIAN AVENUE	99835	-135.34344807306985	57.05274835903604	
420 KOGWANTON STREET	99835	-135.3429453129548	57.052824611059016	
422 KOGWANTON STREET	99835	-135.34281319592932	57.05297363021974	
430 KOGWANTON STREET	99835	-135.343024006272	57.05299097021568	
432 KOGWANTON STREET	99835	-135.3432581512525	57.0530443928104	
428 KOGWANTON STREET	99835	-135.3431779936814	57.05286816493812	
430 KOGWANTON STREET	99835	-135.3427879344052	57.05316139489831	
434 KIRKMAN ROAD	99835	-135.34292586622553	57.05324410186912	
426 KOGWANTON STREET	99835	-135.3426058971011	57.05310038905781	
418 KOGWANTON STREET	99835	-135.34259443998798	57.05286392714942	
421 ANDREWS STREET	99835	-135.34299347343378	57.053675309759896	
403 ANDREWS STREET	99835	-135.34209884573391	57.05311997880827	
221 MARINE STREET	99835	-135.33939475503198	57.05195191289706	
106 ERLER STREET	99835	-135.34173750829237	57.0525687957837	
106 ERLER STREET	99835	-135.34159796579277	57.05248251979077	
362 KOGWANTON STREET	99835	-135.3419260467042	57.05231852987226	
354 KOGWANTON STREET	99835	-135.34136442537846	57.0522473090851	
305 TLINGIT WAY	99835	-135.3405336175896	57.05175879023298	
314 KATLIAN AVENUE	99835	-135.34202724910745	57.05176998694552	
361 KOGWANTON STREET	99835	-135.34212766997646	57.052070353853836	
338 KOGWANTON STREET	99835	-135.34239791465495	57.052231368985126	
344 KOGWANTON STREET	99835	-135.34245816466105	57.052308313884254	
350 KATLIAN AVENUE	99835	-135.34254580699513	57.05241370209649	
328 KATLIAN AVENUE	99835	-135.3423066359406	57.0520127378979	
320 KATLIAN AVENUE	99835	-135.34206394079524	57.0519170320996	
414 KOGWANTON STREET	99835	-135.34216820825029	57.052507248126055	
380 KOGWANTON STREET	99835	-135.3420464470034	57.0524126467892	
356 KOGWANTON STREET	99835	-135.3417861340987	57.05223055209513	
350 KOGWANTON STREET	99835	-135.34165307294387	57.05209725416768	
300 KATLIAN AVENUE	99835	-135.34157604959478	57.05165642690375	
304 TLINGIT WAY	99835	-135.34026735783772	57.052085473221126	
306 TLINGIT WAY	99835	-135.34052402897228	57.05224344107334	
230 KOGWANTON STREET	99835	-135.33968349242892	57.05085850916832	
229 KOGWANTON STREET	99835	-135.34010301375142	57.050676933065766	
260 KOGWANTON STREET	99835	-135.34054328885196	57.05119792623033	
251 KOGWANTON STREET	99835	-135.34068541939791	57.05094791589423	
236 KATLIAN AVENUE	99835	-135.34087005373152	57.05086288399063	
246 KATLIAN AVENUE	99835	-135.34106390118666	57.05110418488832	
242 KATLIAN AVENUE	99835	-135.34087053073696	57.050998072782704	
226 KATLIAN AVENUE	99835	-135.34057533085982	57.0507304581734	
239 KOGWANTON STREET	99835	-135.34040048456959	57.050824057790784	
232 KATLIAN AVENUE	99835	-135.34061025735807	57.05084169487534	
216 KATLIAN AVENUE	99835	-135.340339310197	57.05063337319641	
231 KOGWANTON STREET	99835	-135.34026765697672	57.05075764723734	
224 KATLIAN AVENUE	99835	-135.3404709061996	57.05067770113081	
254 KOGWANTON STREET	99835	-135.33988563582574	57.05129858420363	
258 KOGWANTON STREET	99835	-135.3401664168442	57.05134412498231	
252 KOGWANTON STREET	99835	-135.3401169582996	57.05126001398839	
262 KOGWANTON STREET	99835	-135.3406323038118	57.05127105108457	
248 KOGWANTON STREET	99835	-135.34032945927163	57.0511484712196	
264 KOGWANTON STREET	99835	-135.34020901495495	57.051438424166726	
250 KOGWANTON STREET	99835	-135.3400056983584	57.05115714604199	
238 KOGWANTON STREET	99835	-135.3398247192697	57.051085838013464	
242 KOGWANTON STREET	99835	-135.3400747123284	57.05098611706188	
244 KOGWANTON STREET	99835	-135.34019239971548	57.05092364286158	
246 KOGWANTON STREET	99835	-135.3401805230891	57.05106503109959	
234 KOGWANTON STREET	99835	-135.33985494039248	57.050944146930426	
215 KOGWANTON STREET	99835	-135.3398832894262	57.05061348897905	
210 KATLIAN AVENUE	99835	-135.34003639289335	57.050524064835805	
208 KATLIAN AVENUE	99835	-135.33988652964945	57.05045175983712	
202 KOGWANTON STREET	99835	-135.33885733881158	57.05063162794722	
208 KOGWANTON STREET	99835	-135.3391209907542	57.05067793907466	
220 KOGWANTON STREET	99835	-135.33948866311516	57.05066697997676	
203 KOGWANTON STREET	99835	-135.33967130498544	57.05054931287209	
226 KOGWANTON STREET	99835	-135.33931853567506	57.050852846914246	
217 MARINE STREET	99835	-135.33912414923074	57.051286699912694	
108 LINCOLN STREET	99835	-135.33784965184498	57.04921856088664	
106 LINCOLN STREET	99835	-135.33818219109517	57.049126014089225	
100 LINCOLN STREET	99835	-135.33886117910941	57.04879395716675	
201 KOGWANTON STREET	99835	-135.3393335303538	57.0504045572311	
200 KATLIAN AVENUE	99835	-135.3390098538822	57.05017967795246	
204 KOGWANTON STREET	99835	-135.33907050004535	57.05051399395489	
200 KOGWANTON STREET	99835	-135.33878469564783	57.05044097216904	
120 KATLIAN AVENUE	99835	-135.33810378434055	57.04990143379068	
132 LINCOLN STREET	99835	-135.3369378968659	57.0493659909062	
101 HARBOR WAY	99835	-135.33772592957584	57.04865952699195	
124 LINCOLN STREET	99835	-135.33734350597962	57.049265367760526	
118 LINCOLN STREET	99835	-135.3375710447495	57.04919146304327	
130 LINCOLN STREET	99835	-135.33712861638725	57.04932390412064	
100 LINCOLN STREET	99835	-135.33685680235192	57.04889545620955	
208 LINCOLN STREET	99835	-135.3362554620159	57.04959241177567	
200 LINCOLN STREET	99835	-135.33673921108462	57.049455112947236	
206 LINCOLN STREET	99835	-135.3365182174399	57.04957441692715	
205 HARBOR DRIVE	99835	-135.33635334694085	57.04935836421896	
214 LINCOLN STREET	99835	-135.33596118291197	57.04962059500661	
421 KATLIAN AVENUE	99835	-135.3437531957376	57.05264035990416	
421 KATLIAN AVENUE	99835	-135.34385065935263	57.052527875905035	
265 KATLIAN AVENUE	99835	-135.34244059271577	57.05101852404309	
263 KATLIAN AVENUE	99835	-135.34180445883217	57.05117647395918	
245 KATLIAN AVENUE	99835	-135.34165432519538	57.050886757886445	
235 KATLIAN AVENUE	99835	-135.34119347597988	57.05070153214968	
2 LINCOLN STREET	99835	-135.33935547619618	57.048521351063215	
100 HARBOR WAY	99835	-135.33896980069864	57.0482801081423	
211 KATLIAN AVENUE	99835	-135.3408458369481	57.05034204785071	
223 KATLIAN AVENUE	99835	-135.34092258181943	57.05068462299902	
271 KATLIAN AVENUE	99835	-135.34186332722936	57.05133160701458	
329 KATLIAN AVENUE	99835	-135.34297686717747	57.051620836901186	
409 KATLIAN AVENUE	99835	-135.34331649862685	57.052532223171006	
435 KATLIAN AVENUE	99835	-135.34458489824846	57.05261033902697	
479 KATLIAN AVENUE	99835	-135.3458621471739	57.052958984141114	
485 KATLIAN AVENUE	99835	-135.34597711356398	57.05323189477579	
213 KATLIAN AVENUE	99835	-135.34056773201084	57.050536800010974	
613 KATLIAN AVENUE	99835	-135.34951815473468	57.05520247786087	
600 KATLIAN AVENUE	99835	-135.3480099462547	57.05478121819822	
479 KATLIAN AVENUE	99835	-135.34543031983029	57.053219802978084	
311 KATLIAN AVENUE	99835	-135.34324006636922	57.051061511815064	
1 LINCOLN STREET	99835	-135.34016297270338	57.04860103111723	
100 HARBOR WAY	99835	-135.33906935110008	57.048585604944684	
214 MARINE STREET	99835	-135.33849940059503	57.05144158479708	
207 PRINCESS WAY	99835	-135.33789761559296	57.051219605191974	
507 KATLIAN AVENUE	99835	-135.3467554642318	57.05419167782051	
223 OBSERVATORY STREET	99835	-135.3368842881047	57.051845432873414	
204 KATLIAN AVENUE	99835	-135.33960550698416	57.05042651515466	
202 KATLIAN AVENUE	99835	-135.33951107787811	57.050292689908005	
473 KATLIAN AVENUE	99835	-135.34503562704393	57.052647362996915	
106 ERLER STREET	99835	-135.34146295709039	57.05239669992027	
197 KATLIAN AVENUE	99835	-135.3393354177142	57.049347779983	
99 HARBOR WAY	99835	-135.33829957305502	57.04833462909541	
212 KATLIAN AVENUE	99835	-135.34019180592907	57.050566073063685	
472 KATLIAN AVENUE	99835	-135.34408599100763	57.05361258017385	
125 KOGWANTON STREET	99835	-135.3390062740958	57.050383918012116	
725 ALICE LOOP	99835	-135.34822431482422	57.045680136179186	
717 ALICE LOOP	99835	-135.34658623780194	57.04565701391143	
713 ALICE LOOP	99835	-135.34688063278853	57.045987122769105	
701 ALICE LOOP	99835	-135.34750214928584	57.04662148680236	
757 ALICE LOOP	99835	-135.35113818370456	57.04695322403238	
753 ALICE LOOP	99835	-135.35074987434658	57.04688472299205	
749 ALICE LOOP	99835	-135.35047085582272	57.04669298322389	
745 ALICE LOOP	99835	-135.35017341195407	57.04652456797331	
741 ALICE LOOP	99835	-135.34988584596024	57.04637004812451	
737 ALICE LOOP	99835	-135.34955989585265	57.046226477782675	
733 ALICE LOOP	99835	-135.34917455003682	57.04606117801508	
729 ALICE LOOP	99835	-135.34876832827206	57.04587951884093	
718 ALICE LOOP	99835	-135.3479647699791	57.04629475916782	
504 MARINE STREET	99835	-135.3411800829973	57.05511295680242	
504 MARINE STREET	99835	-135.34144010125462	57.05526497808276	
507 MARINE STREET	99835	-135.34196960331738	57.05519920323423	
507 MARINE STREET	99835	-135.34187614529017	57.05508023682491	
413 MARINE STREET	99835	-135.34103724457893	57.05395702706878	
413 MARINE STREET	99835	-135.34113169704116	57.05408454712465	
409 SPRUCE STREET	99835	-135.3398072614104	57.054073319843084	
409 SPRUCE STREET	99835	-135.339695399598	57.053923645066774	
603 O'CAIN AVENUE	99835	-135.34679850700863	57.05507403294277	
603 O'CAIN AVENUE	99835	-135.34652595096492	57.05493572406022	
332 KATLIAN AVENUE	99835	-135.3423412300622	57.052134011888924	
332 KATLIAN AVENUE	99835	-135.34223154666432	57.05219620996467	
270 KOGWANTON STREET	99835	-135.3404696530498	57.051464060980145	
213 HARBOR DRIVE	99835	-135.33605284969852	57.049390320169685	
417 KATLIAN AVENUE	99835	-135.3435961801074	57.052564706973534	
405 KATLIAN AVENUE	99835	-135.34306556143875	57.052449946997015	
344 KOGWANTON STREET	99835	-135.341306681672	57.052141297960205	
338 KOGWANTON STREET	99835	-135.34155259188776	57.05196037988777	
305 KATLIAN AVENUE	99835	-135.34213097308174	57.0515137281029	
309 KATLIAN AVENUE	99835	-135.34223595379913	57.05158397509315	
201 KATLIAN AVENUE	99835	-135.3404669311545	57.049765584812654	
705 ALICE LOOP	99835	-135.347234160277	57.04644763992036	
709 ALICE LOOP	99835	-135.34708348585443	57.0462552670497	
721 ALICE LOOP	99835	-135.34738959038071	57.04564515908918	
215 OBSERVATORY STREET	99835	-135.3367425959366	57.051541804831125	
219 OBSERVATORY STREET	99835	-135.33713851672	57.051550694048075	
199 KATLIAN AVENUE	99835	-135.3402309688822	57.04904715309881	
409 ALICE LOOP	99835	-135.35341461794079	57.04744488204984	
413 ALICE LOOP	99835	-135.35320795781473	57.04728365608542	
611 AIRPORT ROAD	99835	-135.36366011306364	57.05396519216834	
611 AIRPORT ROAD	99835	-135.36029806660318	57.05068473195478	
203 AIRPORT ROAD	99835	-135.35417541373133	57.048499029945994	
1220 SEWARD AVENUE	99835	-135.3575971352761	57.05445517693055	
1201 SEWARD AVENUE	99835	-135.36287372786393	57.05451447700443	
1212 SEWARD AVENUE	99835	-135.36023541001043	57.054740658855636	
1200 SEWARD AVENUE	99835	-135.36268816197736	57.05514210411479	
1200 SEWARD AVENUE	99835	-135.36312578435286	57.055339274238925	
1190 SEWARD AVENUE	99835	-135.3642832141891	57.05556615796402	
1470 SEWARD AVENUE	99835	-135.34828416867327	57.050441322979594	
1460 SEWARD AVENUE	99835	-135.34876101957892	57.050830672797815	
222 TONGASS DRIVE	99835	-135.35479567528216	57.051883515859785	
219 TONGASS DRIVE	99835	-135.35615518922643	57.05278370709628	
1235 SEWARD AVENUE	99835	-135.3579183279059	57.05271721503712	
1211 SEWARD AVENUE	99835	-135.36018575473477	57.05391794712749	
1330 SEWARD AVENUE	99835	-135.3537191818564	57.053295072034246	
431 KATLIAN AVENUE	99835	-135.3437349527508	57.05231830806173	
413 KATLIAN AVENUE	99835	-135.34331343896497	57.05243161006984	
429 KATLIAN AVENUE	99835	-135.34420694826233	57.05264646892275	
403 ALICE LOOP	99835	-135.35434239437294	57.04768306179716	
201 TONGASS DRIVE	99835	-135.35728942186708	57.05149305187969	
307 AIRPORT ROAD	99835	-135.3591535159132	57.04912434987868	
300 AIRPORT ROAD	99835	-135.35694894600135	57.04990909505708	
1480 SEWARD AVENUE	99835	-135.34770130129277	57.04996636395043	
1480 SEWARD AVENUE	99835	-135.34707586544587	57.04965076292779	
1490 SEWARD AVENUE	99835	-135.34695380236502	57.04945905112018	
1494 SEWARD AVENUE	99835	-135.34449318025793	57.048453929834146	
430 ALICE LOOP	99835	-135.35260193815438	57.04682098706006	
440 ALICE LOOP	99835	-135.35172692966032	57.04692590709118	
470 ALICE LOOP	99835	-135.35187653868098	57.04627681012041	
460 ALICE LOOP	99835	-135.35173597030536	57.0464906109943	
426 ANDREWS STREET	99835	-135.34289744442825	57.05412356582238	
750 ALICE LOOP	99835	-135.35029861285014	57.04716503421377	
746 ALICE LOOP	99835	-135.34988831363233	57.04698936578451	
742 ALICE LOOP	99835	-135.3495381826739	57.04686647518137	
738 ALICE LOOP	99835	-135.34920673038525	57.0467328960868	
710 ALICE LOOP	99835	-135.34872781515105	57.046665585953725	
730 ALICE LOOP	99835	-135.3485715657838	57.04629234524329	
722 ALICE LOOP	99835	-135.34777643189156	57.046026109905945	
726 ALICE LOOP	99835	-135.34819545195413	57.04610028919161	
714 ALICE LOOP	99835	-135.34833159343205	57.046495212085674	
734 ALICE LOOP	99835	-135.34896463800942	57.04647187923009	
1309 EDGECUMBE DRIVE	99835	-135.355389609907	57.06435792804836	
304 TILSON STREET	99835	-135.3467202296114	57.06300629776737	
210 KRUZOF STREET	99835	-135.34929319323135	57.061509516134414	
1004 HALIBUT POINT ROAD	99835	-135.3491325897299	57.060743156965316	
311 CASCADE STREET	99835	-135.34520485257548	57.06050471905433	
319 CASCADE STREET	99835	-135.34413015578025	57.06072296603622	
216 GAVAN STREET	99835	-135.34449971819657	57.05968974398155	
301 MOLLER AVENUE	99835	-135.3442022060559	57.059595380756654	
310 CASCADE STREET	99835	-135.34467089037733	57.05994920302423	
213 GAVAN STREET	99835	-135.34470464098084	57.05926489411567	
307 MOLLER AVENUE	99835	-135.34349505406092	57.05991975614611	
316 CASCADE STREET	99835	-135.34387388170106	57.06021501616748	
312 CASCADE STREET	99835	-135.34441232559413	57.060035673175044	
314 CASCADE STREET	99835	-135.3441452169343	57.0601244061908	
305 MOLLER AVENUE	99835	-135.3437688659494	57.05981926808342	
303 MOLLER AVENUE	99835	-135.34401918958815	57.05970997601584	
318 CASCADE STREET	99835	-135.34359610015733	57.06030058790157	
320 CASCADE STREET	99835	-135.34332417922252	57.060396770812986	
311 MOLLER AVENUE	99835	-135.3429873702798	57.060134551154626	
309 MOLLER AVENUE	99835	-135.3432304579889	57.0600300201358	
1011 LAKE STREET	99835	-135.34275513871083	57.062884269981986	
330 WACHUSETTS STREET	99835	-135.3439481768666	57.062451653909775	
322 WACHUSETTS STREET	99835	-135.3444517778048	57.062212579790724	
316 WACHUSETTS STREET	99835	-135.34497003385852	57.0619876860538	
315 WACHUSETTS STREET	99835	-135.34467195038937	57.06285528406858	
216 LAKEVIEW DRIVE	99835	-135.33903266839548	57.05724936979238	
206 LAKEVIEW DRIVE	99835	-135.33930307566902	57.05580346002337	
200 LAKEVIEW DRIVE	99835	-135.34140186985442	57.05565946986462	
202 LAKEVIEW DRIVE	99835	-135.3410693620453	57.0558204860429	
204 LAKEVIEW DRIVE	99835	-135.34024252840328	57.05570047276122	
206 LAKEVIEW DRIVE	99835	-135.34012731228157	57.055924224807484	
214 LAKEVIEW DRIVE	99835	-135.33883121939635	57.05702621878009	
218 LAKEVIEW DRIVE	99835	-135.33950506275897	57.05748014301878	
212 LAKEVIEW DRIVE	99835	-135.33863477401343	57.056551554032254	
700 KATLIAN AVENUE	99835	-135.34746262880324	57.05660709409331	
703 HALIBUT POINT ROAD	99835	-135.34630832959576	57.05704926997544	
618 KATLIAN AVENUE	99835	-135.34718555333532	57.05567130292653	
212 MOLLER DRIVE	99835	-135.34298500501563	57.05863916607744	
601 HALIBUT POINT ROAD	99835	-135.34477786176134	57.055816641852495	
1410 JOHNSTON STREET	99835	-135.35621707506468	57.06671482120132	
306 CHARTERIS STREET	99835	-135.3584969651198	57.066780878932285	
312 CHARTERIS STREET	99835	-135.35688144479428	57.06704148297939	
310 CHARTERIS STREET	99835	-135.35715587382538	57.066916655894964	
314 CHARTERIS STREET	99835	-135.35654302427395	57.06725912501689	
1411 GEORGESON LOOP	99835	-135.35580219713384	57.06705299008578	
502 CHARTERIS STREET	99835	-135.3547696403086	57.067639414109415	
500 CHARTERIS STREET	99835	-135.35545306420374	57.067513117090456	
1408 GEORGESON LOOP	99835	-135.35496690226017	57.06740104784412	
1404 GEORGESON LOOP	99835	-135.3537511250496	57.06768617285767	
504 CHARTERIS STREET	99835	-135.35433176101495	57.06770157009598	
1406 EDGECUMBE DRIVE	99835	-135.35655840073667	57.06565950591367	
1408 EDGECUMBE DRIVE	99835	-135.35689080434122	57.06577980103898	
1403 GEORGESON LOOP	99835	-135.35447384395016	57.0665715370715	
1401 GEORGESON LOOP	99835	-135.35414107023968	57.066451351956665	
1405 GEORGESON LOOP	99835	-135.35480605441697	57.06669172619256	
1402 JOHNSTON STREET	99835	-135.35489067841166	57.066232649779316	
1408 JOHNSTON STREET	99835	-135.35588574943841	57.066594193100016	
1406 JOHNSTON STREET	99835	-135.3555542648104	57.06647367009744	
1404 JOHNSTON STREET	99835	-135.35522260501085	57.06635323510108	
1409 GEORGESON LOOP	99835	-135.35547020226272	57.06693241289807	
1407 GEORGESON LOOP	99835	-135.35513816337414	57.066811995995245	
1400 JOHNSTON STREET	99835	-135.35455787775174	57.06611224183895	
401 MILLS STREET	99835	-135.35360983981835	57.06691309415886	
1402 GEORGESON LOOP	99835	-135.353993136577	57.067050547231204	
1406 GEORGESON LOOP	99835	-135.35458398728548	57.06726298511555	
403 MILLS STREET	99835	-135.35343813583492	57.06719419286175	
1218 GEORGESON LOOP	99835	-135.350589461288	57.066298786021775	
1216 GEORGESON LOOP	99835	-135.35089232918435	57.066446773849826	
1212 GEORGESON LOOP	99835	-135.3515049146311	57.06673513878032	
1306 GEORGESON LOOP	99835	-135.35230433169065	57.06647682407577	
405 MILLS STREET	99835	-135.35321557193507	57.0673755040804	
409 MILLS STREET	99835	-135.35286801464997	57.067756171929396	
407 MILLS STREET	99835	-135.35299220494136	57.06755681880855	
404 MILLS STREET	99835	-135.35258743844742	57.06703192888442	
1310 GEORGESON LOOP	99835	-135.35297263065135	57.06671730412514	
1308 GEORGESON LOOP	99835	-135.35263850407804	57.06659721813543	
1208 GEORGESON LOOP	99835	-135.35211750636606	57.067023073164584	
406 MILLS STREET	99835	-135.35224720422846	57.06731333191982	
1210 GEORGESON LOOP	99835	-135.35181121678679	57.06687929207945	
1232 GEORGESON LOOP	99835	-135.3507767231938	57.06602883876263	
1300 GEORGESON LOOP	99835	-135.35130175793466	57.066113565858586	
1302 GEORGESON LOOP	99835	-135.35163593661022	57.06623478402755	
1304 GEORGESON LOOP	99835	-135.3519701323538	57.06635601401021	
1214 GEORGESON LOOP	99835	-135.35119860798383	57.06659091605947	
209 BRADY STREET	99835	-135.3472772623427	57.060414910863905	
215 BRADY STREET	99835	-135.34651788319536	57.060696466157786	
213 BRADY STREET	99835	-135.34682542772106	57.060646863094064	
214 PETERSON AVENUE	99835	-135.34667415142724	57.06092461888207	
305 CASCADE STREET	99835	-135.34598990737027	57.06011477704516	
1405 EDGECUMBE DRIVE	99835	-135.3568826799778	57.065018840918526	
1403 EDGECUMBE DRIVE	99835	-135.3565493573967	57.06489729496645	
1504 DAVIDOFF STREET	99835	-135.35923591118768	57.06536319713946	
1510 DAVIDOFF STREET	99835	-135.36024731987447	57.065727113240385	
210 CHARTERIS STREET	99835	-135.3605758409604	57.06584976219312	
1509 EDGECUMBE DRIVE	99835	-135.35980186239308	57.06608744198026	
1511 EDGECUMBE DRIVE	99835	-135.36012534393026	57.06621765680404	
1507 EDGECUMBE DRIVE	99835	-135.35946579905203	57.06597054411481	
1505 EDGECUMBE DRIVE	99835	-135.35913397036921	57.06584583015392	
1508 DAVIDOFF STREET	99835	-135.3599081591423	57.065610913132566	
1506 DAVIDOFF STREET	99835	-135.3595755758747	57.065486361087544	
1503 EDGECUMBE DRIVE	99835	-135.3587993182815	57.06572428886361	
209 MILLS STREET	99835	-135.35662382503878	57.064505186117565	
214 NEVA STREET	99835	-135.358071385559	57.065029161834765	
1502 DAVIDOFF STREET	99835	-135.35889871507104	57.06524612214594	
1501 EDGECUMBE DRIVE	99835	-135.35846214013117	57.06560705921121	
1407 EDGECUMBE DRIVE	99835	-135.35736532232207	57.064940457148666	
207 MILLS STREET	99835	-135.35705743823317	57.06466215411191	
1508 EDGECUMBE DRIVE	99835	-135.35933182520887	57.06656617610321	
1506 EDGECUMBE DRIVE	99835	-135.35883044221112	57.066473106014854	
1504 EDGECUMBE DRIVE	99835	-135.3584965662678	57.06634872682114	
1502 EDGECUMBE DRIVE	99835	-135.35816378806575	57.0662278298942	
1500 EDGECUMBE DRIVE	99835	-135.35783318288836	57.06610765294574	
1503 JOHNSTON STREET	99835	-135.3577006724008	57.066578778797314	
1505 JOHNSTON STREET	99835	-135.358030356805	57.06669899182556	
1501 JOHNSTON STREET	99835	-135.3573704148714	57.066458660126074	
1451 JOHNSTON STREET	99835	-135.35708108278976	57.066353533015764	
1405 JOHNSTON STREET	99835	-135.3558094303685	57.0658769279768	
1407 JOHNSTON STREET	99835	-135.3561417001241	57.06599729321391	
1409 JOHNSTON STREET	99835	-135.3564733868731	57.066117553057275	
1308 EDGECUMBE DRIVE	99835	-135.35457970501653	57.06492620797835	
1401 EDGECUMBE DRIVE	99835	-135.35621556320004	57.064775923953924	
1410 EDGECUMBE DRIVE	99835	-135.35722238688567	57.06590040394897	
1411 JOHNSTON STREET	99835	-135.35680475022858	57.06623766990217	
1402 EDGECUMBE DRIVE	99835	-135.35589209244264	57.065418824139854	
1404 EDGECUMBE DRIVE	99835	-135.35622533687035	57.06553934421882	
1400 EDGECUMBE DRIVE	99835	-135.35555879681098	57.065298101960934	
1310 EDGECUMBE DRIVE	99835	-135.3549936460045	57.065075670879715	
1308 EDGECUMBE DRIVE	99835	-135.35474579273279	57.06498640512999	
1307 GEORGESON LOOP	99835	-135.353222743186	57.066120914142324	
305 MILLS STREET	99835	-135.35514252469486	57.06563672623924	
1403 JOHNSTON STREET	99835	-135.3554761796526	57.065756939876806	
310 MILLS STREET	99835	-135.3535569595908	57.06624109593172	
1301 GEORGESON LOOP	99835	-135.35222051438308	57.06575886902755	
1303 GEORGESON LOOP	99835	-135.3525546122103	57.06587974403932	
1305 GEORGESON LOOP	99835	-135.35288869027457	57.06600041988293	
1204 EDGECUMBE DRIVE	99835	-135.35172405774637	57.06388808784775	
1206 EDGECUMBE DRIVE	99835	-135.35206285735575	57.064010665219506	
1208 EDGECUMBE DRIVE	99835	-135.35239979385926	57.06413319481033	
1233 GEORGESON LOOP	99835	-135.35041480993215	57.06553817011609	
1231 GEORGESON LOOP	99835	-135.35001187600133	57.065574338225616	
1229 GEORGESON LOOP	99835	-135.34967800095632	57.065780301152714	
1225 GEORGESON LOOP	99835	-135.3493765568897	57.06624704008004	
1227 GEORGESON LOOP	99835	-135.34952507266067	57.06598218097648	
1104 EDGECUMBE DRIVE	99835	-135.34877897510484	57.06282644417342	
1106 EDGECUMBE DRIVE	99835	-135.3491135957515	57.06294593280355	
1108 EDGECUMBE DRIVE	99835	-135.34943474705887	57.06308224592514	
1113 EDGECUMBE DRIVE	99835	-135.35132533871086	57.06273623522418	
1110 HALIBUT POINT ROAD	99835	-135.3510047245961	57.06260931683831	
1202 EDGECUMBE DRIVE	99835	-135.35138752907798	57.063765721068094	
1111 EDGECUMBE DRIVE	99835	-135.35078912263967	57.06287871310891	
1112 EDGECUMBE DRIVE	99835	-135.35012016162065	57.0633154328329	
1114 EDGECUMBE DRIVE	99835	-135.3504670119316	57.063424073962786	
1110 EDGECUMBE DRIVE	99835	-135.34980190288852	57.063183390880496	
1101 EDGECUMBE DRIVE	99835	-135.34934209032886	57.062378848042805	
1103 EDGECUMBE DRIVE	99835	-135.3496745038149	57.06250144505174	
209 KRUZOF STREET	99835	-135.34971824637938	57.06227220400918	
211 KIMSHAM STREET	99835	-135.34888970504	57.06200858502426	
213 KIMSHAM STREET	99835	-135.34839850803925	57.061831776930525	
215 KIMSHAM STREET	99835	-135.34829050898256	57.06200219278428	
1011 EDGECUMBE DRIVE	99835	-135.34869948588025	57.06216434003482	
1105 FURUHELM STREET	99835	-135.34869876902468	57.06328656398976	
1113 FURUHELM STREET	99835	-135.35005039126915	57.06376375811288	
1109 FURUHELM STREET	99835	-135.3493865308843	57.06352378593345	
1111 FURUHELM STREET	99835	-135.34970518487515	57.06365591703275	
1107 FURUHELM STREET	99835	-135.34901843002694	57.06342235910855	
1102 FURUHELM STREET	99835	-135.3484991130629	57.06438558821874	
306 KIMSHAM STREET	99835	-135.3471258387251	57.06294742300221	
1103 FURUHELM STREET	99835	-135.34836550573237	57.06316770799184	
307 KIMSHAM STREET	99835	-135.3480020698263	57.063023530996546	
1102 EDGECUMBE DRIVE	99835	-135.34844248416567	57.062705475207416	
308 KIMSHAM STREET	99835	-135.34642791063143	57.06378785375949	
308 TILSON STREET	99835	-135.34593649983165	57.06312046586887	
306 TILSON STREET	99835	-135.34632973375403	57.06306309613162	
310 TILSON STREET	99835	-135.3455496717956	57.06317714097493	
1201 GEORGESON LOOP	99835	-135.3525203244142	57.06827365101164	
1215 GEORGESON LOOP	99835	-135.35062084662738	57.06715186011805	
1203 GEORGESON LOOP	99835	-135.35225043097697	57.06811356203286	
1205 GEORGESON LOOP	99835	-135.35197689307464	57.067953890891225	
1207 GEORGESON LOOP	99835	-135.35170431457303	57.0677946029181	
1213 GEORGESON LOOP	99835	-135.35089230223488	57.06731335585005	
1211 GEORGESON LOOP	99835	-135.3511624121661	57.0674746530895	
1209 GEORGESON LOOP	99835	-135.35143318864723	57.06763492991574	
1221 GEORGESON LOOP	99835	-135.34969955962484	57.06668065119086	
1219 GEORGESON LOOP	99835	-135.35007695624876	57.06682893101176	
1217 GEORGESON LOOP	99835	-135.35034902540556	57.06699035098553	
1223 GEORGESON LOOP	99835	-135.3494945631787	57.066495129159264	
1304 EDGECUMBE DRIVE	99835	-135.35399376719434	57.06471279993024	
1302 EDGECUMBE DRIVE	99835	-135.35365418515232	57.06459042317084	
1207 EDGECUMBE DRIVE	99835	-135.35267853480374	57.06350805776537	
1210 HALIBUT POINT ROAD	99835	-135.35351316043253	57.06322450903964	
1305 EDGECUMBE DRIVE	99835	-135.3547314080101	57.06411167088902	
1307 EDGECUMBE DRIVE	99835	-135.3550522080762	57.064251555885406	
1303 EDGECUMBE DRIVE	99835	-135.35438453074968	57.063998840188056	
1211 EDGECUMBE DRIVE	99835	-135.3533527222211	57.06374789719647	
1209 EDGECUMBE DRIVE	99835	-135.35301519193118	57.06362741379305	
1202 HALIBUT POINT ROAD	99835	-135.3521247611603	57.06277321881472	
1204 HALIBUT POINT ROAD	99835	-135.35242390643813	57.062880099763	
1206 HALIBUT POINT ROAD	99835	-135.35268691069544	57.06296026820924	
1208 HALIBUT POINT ROAD	99835	-135.35307750267256	57.06310434288045	
1203 EDGECUMBE DRIVE	99835	-135.3520089341842	57.0632634609866	
1205 EDGECUMBE DRIVE	99835	-135.35234597129903	57.06338151224383	
1201 EDGECUMBE DRIVE	99835	-135.35167191773064	57.06314009087229	
1108 HALIBUT POINT ROAD	99835	-135.3513082033468	57.06235691379368	
1306 EDGECUMBE DRIVE	99835	-135.35432902294997	57.0648353179235	
1300 EDGECUMBE DRIVE	99835	-135.35331989418734	57.064469187909495	
303 KIMSHAM STREET	99835	-135.34811492607375	57.06255930506862	
215 PETERSON AVENUE	99835	-135.34674076869206	57.061353614771775	
213 PETERSON AVENUE	99835	-135.3470347190126	57.06149330599084	
214 KIMSHAM STREET	99835	-135.3475457903407	57.06163624290194	
207 KIMSHAM STREET	99835	-135.34879990225767	57.06127373299581	
210 KRUZOF STREET	99835	-135.34910590617267	57.0617415689831	
209 KIMSHAM STREET	99835	-135.3486092743645	57.06152923577161	
209 PETERSON AVENUE	99835	-135.34775727980968	57.06120746324374	
312 TILSON STREET	99835	-135.34516407265485	57.063233885839324	
314 TILSON STREET	99835	-135.34475659684196	57.06321149102119	
328 WACHUSETTS STREET	99835	-135.34382133564682	57.06218586801601	
328 CASCADE STREET	99835	-135.3426547573677	57.06102450608394	
326 CASCADE STREET	99835	-135.3426794107324	57.06085292809838	
313 PETERSON AVENUE	99835	-135.344325782798	57.06173220401757	
311 PETERSON AVENUE	99835	-135.3446158640746	57.06169034420948	
720 SIRSTAD STREET	99835	-135.33794684866044	57.06051727300665	
712 SIRSTAD STREET	99835	-135.336717723383	57.059988460770256	
1311 EDGECUMBE DRIVE	99835	-135.35572066963192	57.0644842240827	
1210 EDGECUMBE DRIVE	99835	-135.35273285772558	57.064254096118276	
1107 EDGECUMBE DRIVE	99835	-135.35033328512517	57.0626639061378	
1200 EDGECUMBE DRIVE	99835	-135.3510513651256	57.063643691871924	
1109 EDGECUMBE DRIVE	99835	-135.35062100922246	57.06282021521027	
1105 EDGECUMBE DRIVE	99835	-135.3500979660466	57.06254820196987	
301 WACHUSETTS STREET	99835	-135.34729824968267	57.06247360275603	
303 WACHUSETTS STREET	99835	-135.3469018545888	57.062531050088694	
1212 HALIBUT POINT ROAD	99835	-135.35386691429645	57.06333811185131	
1213 EDGECUMBE DRIVE	99835	-135.354244808587	57.06341236987348	
1306 HALIBUT POINT ROAD	99835	-135.35557181789102	57.063696427074284	
1301 EDGECUMBE DRIVE	99835	-135.3540541151168	57.063878674093615	
1100 HALIBUT POINT ROAD	99835	-135.34997404524978	57.0617993139346	
1104 HALIBUT POINT ROAD	99835	-135.35027666700776	57.06201318907756	
1104 HALIBUT POINT ROAD	99835	-135.35069627995844	57.062019030841746	
1106 HALIBUT POINT ROAD	99835	-135.3507083092984	57.0622626110767	
313 MOLLER AVENUE	99835	-135.34275552318977	57.06023562110293	
322 CASCADE STREET	99835	-135.34296189585493	57.060499555036756	
321 CASCADE STREET	99835	-135.34361252495398	57.060805806120705	
314 WACHUSETTS STREET	99835	-135.3453862260246	57.06195956398362	
202 PETERSON AVENUE	99835	-135.34814287356053	57.0605043419619	
204 PETERSON AVENUE	99835	-135.347939323402	57.060591068238324	
206 PETERSON AVENUE	99835	-135.34773916977355	57.06067254190749	
208 PETERSON AVENUE	99835	-135.34753792738698	57.06075700378641	
210 PETERSON AVENUE	99835	-135.34733258868272	57.060841513830404	
212 PETERSON AVENUE	99835	-135.34713218622093	57.06092429601252	
908 HALIBUT POINT ROAD	99835	-135.34850049287516	57.06030294278836	
305 PETERSON AVENUE	99835	-135.3455614442174	57.06155307594519	
301 PETERSON AVENUE	99835	-135.3459910087048	57.061490272235815	
910 HALIBUT POINT ROAD	99835	-135.34869220683152	57.060456659763894	
302 WACHUSETTS STREET	99835	-135.34673302611262	57.061953471150524	
306 WACHUSETTS STREET	99835	-135.3461641643657	57.061848423106824	
304 WACHUSETTS STREET	99835	-135.34629010098197	57.06211512821961	
204 BRADY STREET	99835	-135.3469753933729	57.05985087408011	
207 BRADY STREET	99835	-135.34750317785685	57.060298932007214	
209 MOLLER DRIVE	99835	-135.34597052172643	57.05911909290844	
201 BRADY STREET	99835	-135.3482181083639	57.05989797382341	
205 BRADY STREET	99835	-135.34773114512313	57.06018410410243	
203 BRADY STREET	99835	-135.3479254749736	57.059997691846895	
906 HALIBUT POINT ROAD	99835	-135.34829481640435	57.06013207414049	
200 BRADY STREET	99835	-135.3477114540521	57.05959268389338	
814 HALIBUT POINT ROAD	99835	-135.3473453357766	57.059286513169795	
302 GAVAN STREET	99835	-135.34668025278464	57.059670982239076	
202 BRADY STREET	99835	-135.3472663388288	57.05968184000827	
210 MOLLER DRIVE	99835	-135.3455565331277	57.0587927839412	
810 HALIBUT POINT ROAD	99835	-135.34692466281385	57.0589516557721	
802 HALIBUT POINT ROAD	99835	-135.34668615471605	57.058758398054366	
308 CASCADE STREET	99835	-135.3449257936274	57.059863086812896	
306 CASCADE STREET	99835	-135.34528040178918	57.05982040084702	
300 PETERSON AVENUE	99835	-135.34604618412786	57.060927824131426	
309 CASCADE STREET	99835	-135.34549268087733	57.06044124486605	
210 BRADY STREET	99835	-135.34658425701673	57.060264391206665	
214 BRADY STREET	99835	-135.34595625108983	57.06056274581799	
211 BRADY STREET	99835	-135.34705134503187	57.060530889846675	
303 GAVAN STREET	99835	-135.34628524468957	57.060174044145256	
307 CASCADE STREET	99835	-135.34568350909484	57.060266912173816	
306 PETERSON AVENUE	99835	-135.34500686568347	57.06103770999367	
308 PETERSON AVENUE	99835	-135.3447109309845	57.06108106423049	
310 PETERSON AVENUE	99835	-135.34441770740102	57.061123947058945	
304 PETERSON AVENUE	99835	-135.34544567024187	57.06097333014327	
307 PETERSON AVENUE	99835	-135.34505401286287	57.061626901843724	
315 CASCADE STREET	99835	-135.34452024200584	57.06066132101408	
313 CASCADE STREET	99835	-135.34488881088546	57.0606082361582	
308 WACHUSETTS STREET	99835	-135.34576168228745	57.061905973003206	
311 WACHUSETTS STREET	99835	-135.34524746056772	57.06277112295354	
309 WACHUSETTS STREET	99835	-135.34572609732413	57.06270147005861	
305 WACHUSETTS STREET	99835	-135.3465166605882	57.06258687279993	
307 WACHUSETTS STREET	99835	-135.346126621075	57.062643390956666	
316 WACHUSETTS STREET	99835	-135.34502615161432	57.062271302840216	
310 WACHUSETTS STREET	99835	-135.3458913334375	57.062171700822994	
312 WACHUSETTS STREET	99835	-135.34545614100483	57.062256311195334	
321 WACHUSETTS STREET	99835	-135.3438211991029	57.06298910213924	
815 LAKE STREET	99835	-135.3419748117494	57.06081857684638	
901 LAKE STREET	99835	-135.34205491093002	57.06101577592899	
903 LAKE STREET	99835	-135.34212529572918	57.06118883024289	
330 CASCADE STREET	99835	-135.34262603643145	57.06129295795707	
319 PETERSON AVENUE	99835	-135.3434536417263	57.061857921876644	
315 PETERSON AVENUE	99835	-135.34403642197026	57.06177391480271	
317 PETERSON AVENUE	99835	-135.34374064896798	57.061816551143245	
325 CASCADE STREET	99835	-135.34344491728825	57.061149563020344	
314 PETERSON AVENUE	99835	-135.34381895780626	57.06124947697026	
323 CASCADE STREET	99835	-135.3435409337174	57.06099264415896	
312 PETERSON AVENUE	99835	-135.34412524469062	57.06116654702359	
329 CASCADE STREET	99835	-135.3432637522483	57.061445939136036	
327 CASCADE STREET	99835	-135.3433488999608	57.06130648121841	
324 CASCADE STREET	99835	-135.34266016612403	57.06064903283263	
315 MOLLER AVENUE	99835	-135.34246362462136	57.06031735199592	
813 LAKE STREET	99835	-135.3419014454418	57.06054738909108	
1003 LAKE STREET	99835	-135.34248480509913	57.06206598716315	
323 PETERSON AVENUE	99835	-135.3428709504156	57.06194191508409	
321 PETERSON AVENUE	99835	-135.3431557495983	57.06190085802493	
332 WACHUSETTS STREET	99835	-135.34331996163226	57.0625312610926	
1007 LAKE STREET	99835	-135.34265203008252	57.06250094489382	
1009 LAKE STREET	99835	-135.34272077455796	57.06269679087207	
1005 LAKE STREET	99835	-135.34257201714016	57.06227317404795	
325 PETERSON AVENUE	99835	-135.34241748355512	57.06190990399448	
330 PETERSON AVENUE	99835	-135.34227062158257	57.06156771277259	
905 LAKE STREET	99835	-135.34219762987246	57.0613668122146	
401 VERSTOVIA AVENUE	99835	-135.34145792293157	57.06131529385319	
403 VERSTOVIA AVENUE	99835	-135.34102205316916	57.06131218681599	
405 VERSTOVIA AVENUE	99835	-135.34065100404106	57.06130951694226	
423 VERSTOVIA AVENUE	99835	-135.33848431159322	57.0612930629741	
718 A STREET	99835	-135.3365704284225	57.06089117720267	
719 A STREET	99835	-135.3372347316768	57.060643072157035	
435 VERSTOVIA AVENUE	99835	-135.33729463133994	57.0612833618408	
431 VERSTOVIA AVENUE	99835	-135.33769125999578	57.06128665791115	
427 VERSTOVIA AVENUE	99835	-135.33808781588803	57.06128988706337	
721 A STREET	99835	-135.33757145438128	57.06078856111584	
424 VERSTOVIA AVENUE	99835	-135.33809504013956	57.060851462238475	
1000 LAKE STREET	99835	-135.33907805577522	57.062361578858415	
825 CHARLES STREET	99835	-135.336099874707	57.06293056094436	
447 VERSTOVIA AVENUE	99835	-135.33610108204277	57.061273798936796	
439 VERSTOVIA AVENUE	99835	-135.33689790027617	57.06128002376334	
443 VERSTOVIA AVENUE	99835	-135.33650090061616	57.061276727203946	
821 CHARLES STREET	99835	-135.3359675968831	57.06266610604133	
823 CHARLES STREET	99835	-135.33604716695604	57.062824735152745	
716 A STREET	99835	-135.33627418470306	57.06079963103731	
711 MONASTERY STREET	99835	-135.33607647179724	57.06010504189971	
710 SIRSTAD STREET	99835	-135.33641453838138	57.059862719971825	
717 A STREET	99835	-135.33693681798923	57.06051481018344	
715 A STREET	99835	-135.33663827727761	57.06038686087167	
713 A STREET	99835	-135.33634135083855	57.060260015049636	
708 SIRSTAD STREET	99835	-135.33609964294166	57.05968232506148	
613 LAKE STREET	99835	-135.33646059141273	57.05760200880164	
714 SIRSTAD STREET	99835	-135.33701403717106	57.060115647004615	
716 SIRSTAD STREET	99835	-135.3373122607774	57.0602437848218	
718 SIRSTAD STREET	99835	-135.337610106193	57.060372114162845	
419 VERSTOVIA AVENUE	99835	-135.33888074621294	57.06129618515493	
407 VERSTOVIA AVENUE	99835	-135.34027986777636	57.061306806038395	
802 SIRSTAD STREET	99835	-135.3388938346666	57.06085268777744	
415 VERSTOVIA AVENUE	99835	-135.3392771071708	57.0612992560481	
411 VERSTOVIA AVENUE	99835	-135.33967336931397	57.06130227809592	
800 SIRSTAD STREET	99835	-135.33842057612378	57.06068032502041	
1300 HALIBUT POINT ROAD	99835	-135.35506165026814	57.063508787956536	
1950 DODGE CIRCLE	99835	-135.3656032750244	57.07289277588317	
1946 DODGE CIRCLE	99835	-135.36535024206674	57.072698048200095	
1910 DODGE CIRCLE	99835	-135.36428889872823	57.07164075690384	
1942 DODGE CIRCLE	99835	-135.36509257110725	57.07249067193567	
1904 DODGE CIRCLE	99835	-135.36380444088877	57.07116337203726	
205 CASCADE CREEK ROAD	99835	-135.36334411898434	57.07132234279305	
1906 DODGE CIRCLE	99835	-135.36394597674996	57.07137678499053	
201 CASCADE CREEK ROAD	99835	-135.3635045931284	57.07094297091238	
400 VERSTOVIA AVENUE	99835	-135.34095653813716	57.060882646795136	
808 LAKE STREET	99835	-135.34047240009795	57.060565420141586	
810 LAKE STREET	99835	-135.34076966789684	57.060687286054666	
204 CEDAR HEIGHTS ROAD	99835	-135.3621246479013	57.073714327879024	
1915 CASCADE CREEK ROAD	99835	-135.36382168674555	57.07315341513932	
1923 CASCADE CREEK ROAD	99835	-135.36422900625158	57.07335380609239	
1920 CASCADE CREEK ROAD	99835	-135.36256646900245	57.07357328614382	
207 CEDAR HEIGHTS ROAD	99835	-135.36176609523713	57.07335607518816	
1907 CASCADE CREEK ROAD	99835	-135.3630338112408	57.072034969206946	
1904 CASCADE CREEK ROAD	99835	-135.36177346860896	57.07233547688455	
1913 CASCADE CREEK ROAD	99835	-135.3631799249167	57.072970261969125	
1910 CASCADE CREEK ROAD	99835	-135.36195644824582	57.072999385007726	
1914 CASCADE CREEK ROAD	99835	-135.36226713957	57.07316322889629	
1916 CASCADE CREEK ROAD	99835	-135.36238043239868	57.073362116832	
1908 CASCADE CREEK ROAD	99835	-135.36187349332093	57.07276319485533	
1906 CASCADE CREEK ROAD	99835	-135.36181924495924	57.072543688038365	
1900 CASCADE CREEK ROAD	99835	-135.36187814659408	57.07185045398413	
1840 EDGECUMBE DRIVE	99835	-135.36140917211685	57.07157932778091	
211 CASCADE CREEK ROAD	99835	-135.36312125774214	57.07166324283409	
1860 EDGECUMBE DRIVE	99835	-135.36127722936456	57.07198826476909	
1902 CASCADE CREEK ROAD	99835	-135.36193786569586	57.072121196837095	
1900 CASCADE CREEK ROAD	99835	-135.36190481038835	57.071971460044324	
1802 EDGECUMBE DRIVE	99835	-135.36128017134712	57.0695915408805	
301 WORTMAN LOOP	99835	-135.36121394035786	57.069315874137295	
314 WORTMAN LOOP	99835	-135.3601169419874	57.06811729116178	
1718 EDGECUMBE DRIVE	99835	-135.36076915391797	57.06853098186972	
1720 EDGECUMBE DRIVE	99835	-135.36125519009738	57.06850875091689	
1722 EDGECUMBE DRIVE	99835	-135.36124366740725	57.06882098416714	
302 WORTMAN LOOP	99835	-135.36075890414057	57.0688661728411	
1714 EDGECUMBE DRIVE	99835	-135.3609463142684	57.06807569982796	
1716 EDGECUMBE DRIVE	99835	-135.3609347700187	57.06830173606647	
1710 EDGECUMBE DRIVE	99835	-135.36074915023323	57.067827489943916	
1708 EDGECUMBE DRIVE	99835	-135.3604967613676	57.06757569279723	
316 WORTMAN LOOP	99835	-135.36004845083687	57.06779177723353	
1706 EDGECUMBE DRIVE	99835	-135.36033739664296	57.06740577380967	
322 WORTMAN LOOP	99835	-135.35967832427858	57.067514004946176	
307 WORTMAN LOOP	99835	-135.35963215266958	57.069435799943605	
1812 EDGECUMBE DRIVE	99835	-135.36056491924316	57.0703976809797	
1830 EDGECUMBE DRIVE	99835	-135.36121123103896	57.07119147883288	
1820 EDGECUMBE DRIVE	99835	-135.36084708366718	57.07079920501377	
1818 EDGECUMBE DRIVE	99835	-135.3612433017929	57.0707755299731	
1816 EDGECUMBE DRIVE	99835	-135.36167717819367	57.07074860217188	
1810 EDGECUMBE DRIVE	99835	-135.3613262728875	57.070349324895	
1822 EDGECUMBE DRIVE	99835	-135.36029490722834	57.07083127289623	
1804 EDGECUMBE DRIVE	99835	-135.3613127963616	57.06992973775805	
1806 EDGECUMBE DRIVE	99835	-135.36059167736053	57.069980420827136	
303 WORTMAN LOOP	99835	-135.36051723307463	57.06950462613309	
305 WORTMAN LOOP	99835	-135.3596322002803	57.06968729000027	
1808 EDGECUMBE DRIVE	99835	-135.3598302886819	57.07001895792323	
1814 EDGECUMBE DRIVE	99835	-135.3599517346201	57.070432119079946	
415 WORTMAN LOOP	99835	-135.35718128536814	57.06860439392721	
335 WORTMAN LOOP	99835	-135.3579013937645	57.06884369400624	
337 WORTMAN LOOP	99835	-135.35899414939186	57.068463469019875	
306 WORTMAN LOOP	99835	-135.35969519284293	57.068922021186104	
304 WORTMAN LOOP	99835	-135.360229559283	57.0689055652205	
312 WORTMAN LOOP	99835	-135.3599864697772	57.068466214074355	
311 WORTMAN LOOP	99835	-135.35882292510883	57.06921091578652	
333 WORTMAN LOOP	99835	-135.35824816412543	57.068803209116595	
331 WORTMAN LOOP	99835	-135.35881523373337	57.06879953719389	
343 WORTMAN LOOP	99835	-135.35894869823176	57.06808339397182	
307 CHARTERIS STREET	99835	-135.3589722628383	57.06742548396568	
413 WORTMAN LOOP	99835	-135.35723078793018	57.068323273185435	
339 WORTMAN LOOP	99835	-135.35839028029832	57.06841789698318	
509 CHARTERIS STREET	99835	-135.35449241841533	57.06822698823379	
401 CHARTERIS STREET	99835	-135.35795866944872	57.067365341072225	
301 CHARTERIS STREET	99835	-135.35982388908383	57.066990658174255	
303 CHARTERIS STREET	99835	-135.35922616895837	57.067142547796784	
305 CHARTERIS STREET	99835	-135.35871776113515	57.06720119613976	
347 WORTMAN LOOP	99835	-135.3579843756389	57.06814846717265	
455 CHARTERIS STREET	99835	-135.35643315312817	57.068476745002094	
451 CHARTERIS STREET	99835	-135.35647482507588	57.06783713711186	
411 WORTMAN LOOP	99835	-135.35722217039165	57.06795731480889	
505 CHARTERIS STREET	99835	-135.35513087534224	57.06813804505633	
503 CHARTERIS STREET	99835	-135.35564638524613	57.06821868904139	
453 CHARTERIS STREET	99835	-135.35645418268894	57.06811545492236	
501 CHARTERIS STREET	99835	-135.35591542977542	57.068195689222016	
507 CHARTERIS STREET	99835	-135.35520148022863	57.06848505488065	
515 CHARTERIS STREET	99835	-135.35404537181415	57.068576783783	
511 CHARTERIS STREET	99835	-135.3546174944456	57.06852154780547	
513 CHARTERIS STREET	99835	-135.3538614202002	57.06835765997973	
809 LAKE STREET	99835	-135.34128565570447	57.06015969496343	
811 LAKE STREET	99835	-135.3416363723644	57.06031115485037	
723 LAKE STREET	99835	-135.3398429766295	57.05942852998564	
720 LAKE STREET	99835	-135.33876708956655	57.05982669479164	
802 LAKE STREET	99835	-135.33958732867606	57.060182198108336	
800 LAKE STREET	99835	-135.3392572427249	57.060039654188074	
804 LAKE STREET	99835	-135.33988355263259	57.06031046123114	
722 LAKE STREET	99835	-135.33897333377263	57.05991623623539	
807 LAKE STREET	99835	-135.34098900864143	57.06002093121141	
806 LAKE STREET	99835	-135.3401776143442	57.06043771816632	
725 LAKE STREET	99835	-135.34014760163058	57.059585278142706	
805 LAKE STREET	99835	-135.34070244876074	57.05988730613218	
803 LAKE STREET	99835	-135.3404175139324	57.059754480199985	
805 SIRSTAD STREET	99835	-135.3394977998799	57.06058208202804	
406 VERSTOVIA AVENUE	99835	-135.34022019718364	57.06083708205723	
807 SIRSTAD STREET	99835	-135.33979230625758	57.060709235944145	
721 SIRSTAD STREET	99835	-135.33848249789463	57.06014246089315	
801 SIRSTAD STREET	99835	-135.33887001044695	57.0603109648378	
803 SIRSTAD STREET	99835	-135.33920099022183	57.060453810074485	
705 SIRSTAD STREET	99835	-135.33606281920152	57.05909884785165	
704 LAKE STREET	99835	-135.33645468409142	57.05882898597885	
707 LAKE STREET	99835	-135.3375523705714	57.05842272402421	
715 LAKE STREET	99835	-135.33869553066936	57.058953063089156	
717 LAKE STREET	99835	-135.33897650392726	57.059085547998585	
721 LAKE STREET	99835	-135.3393666036276	57.059142587809326	
721 LAKE STREET	99835	-135.33963525469477	57.05929521295735	
719 LAKE STREET	99835	-135.3390279207992	57.059442750004024	
711 LAKE STREET	99835	-135.33812463693323	57.05868796582259	
713 LAKE STREET	99835	-135.3384107710125	57.058820635836476	
709 LAKE STREET	99835	-135.33783652476373	57.05855437111647	
713 SIRSTAD STREET	99835	-135.33725292615458	57.05961154581251	
712 LAKE STREET	99835	-135.33764239703422	57.05934097009385	
719 SIRSTAD STREET	99835	-135.33813574100847	57.059992685045636	
717 SIRSTAD STREET	99835	-135.3378430698889	57.05986624721465	
715 SIRSTAD STREET	99835	-135.33754575897086	57.059737921986574	
716 LAKE STREET	99835	-135.33823134870414	57.059595412018965	
718 LAKE STREET	99835	-135.33852360390372	57.05972169494978	
714 LAKE STREET	99835	-135.33793463067423	57.05946717915345	
708 LAKE STREET	99835	-135.3370495332012	57.05908543320569	
710 LAKE STREET	99835	-135.33734707229127	57.059213180865065	
706 LAKE STREET	99835	-135.3367534880094	57.05895755419357	
709 SIRSTAD STREET	99835	-135.33665913885343	57.05936163999338	
711 SIRSTAD STREET	99835	-135.33695998015054	57.059481815826345	
707 SIRSTAD STREET	99835	-135.33636220522786	57.05922765204388	
615 LAKE STREET	99835	-135.3363333621207	57.05795290883768	
701 LAKE STREET	99835	-135.3367316230154	57.05798248819259	
703 LAKE STREET	99835	-135.33696775237436	57.058152485982156	
705 LAKE STREET	99835	-135.33726184642532	57.05828865110803	
611 LAKE STREET	99835	-135.33600307135367	57.057362609858274	
2018 HALIBUT POINT ROAD	99835	-135.36726934085596	57.07197823682127	
2026 HALIBUT POINT ROAD	99835	-135.36720223760256	57.07223589210745	
2030 HALIBUT POINT ROAD	99835	-135.36769946768874	57.073123611049176	
2035 HALIBUT POINT ROAD	99835	-135.36920400026256	57.07268978809511	
2037 HALIBUT POINT ROAD	99835	-135.3695305118172	57.072951925898565	
2041 HALIBUT POINT ROAD	99835	-135.36964271229448	57.07309944089455	
2040 HALIBUT POINT ROAD	99835	-135.3686514276667	57.07335842485208	
2034 HALIBUT POINT ROAD	99835	-135.36791249417521	57.073320137812075	
2036 HALIBUT POINT ROAD	99835	-135.36851221305216	57.07326513790456	
2023 HALIBUT POINT ROAD	99835	-135.36859562521954	57.07203997291903	
1901 HALIBUT POINT ROAD	99835	-135.36786659834902	57.070457769149264	
2027 HALIBUT POINT ROAD	99835	-135.36893479583318	57.072419608011685	
2025 HALIBUT POINT ROAD	99835	-135.36877848987203	57.07224985281167	
2024 HALIBUT POINT ROAD	99835	-135.36770088073868	57.072410669100684	
2028 HALIBUT POINT ROAD	99835	-135.36783295733997	57.072669947916935	
2022 HALIBUT POINT ROAD	99835	-135.36757933239252	57.072098243872524	
2038 HALIBUT POINT ROAD	99835	-135.3677670731004	57.073684947097064	
2026 HALIBUT POINT ROAD	99835	-135.36718658356043	57.072580143767496	
2028 HALIBUT POINT ROAD	99835	-135.3673386566599	57.072896061156634	
238 LAKEVIEW DRIVE	99835	-135.34408272473325	57.05714719697219	
203 CRABAPPLE DRIVE	99835	-135.34298571019312	57.05650504798486	
237 LAKEVIEW DRIVE	99835	-135.34344616864146	57.056711616186774	
514 HALIBUT POINT ROAD	99835	-135.34208304796132	57.055901382001174	
239 LAKEVIEW DRIVE	99835	-135.34395319216085	57.056594348787044	
240 LAKEVIEW DRIVE	99835	-135.34442620815855	57.05690841599113	
612 HALIBUT POINT ROAD	99835	-135.34461115600422	57.057098614052705	
602 HALIBUT POINT ROAD	99835	-135.3434197348159	57.056290308184956	
604 HALIBUT POINT ROAD	99835	-135.34366312435898	57.056410167143234	
201 CRABAPPLE DRIVE	99835	-135.3430506503033	57.056204003222845	
212 CRABAPPLE DRIVE	99835	-135.34096335994343	57.05677042903121	
514 HALIBUT POINT ROAD	99835	-135.34241420200937	57.0561415910495	
223 LAKEVIEW DRIVE	99835	-135.34095821708846	57.057045630108284	
228 LAKEVIEW DRIVE	99835	-135.34212439471892	57.05756685291232	
227 LAKEVIEW DRIVE	99835	-135.34171040701855	57.05712589615528	
234 LAKEVIEW DRIVE	99835	-135.34340689609385	57.0573991659894	
236 LAKEVIEW DRIVE	99835	-135.34373835377247	57.05727601721726	
230 LAKEVIEW DRIVE	99835	-135.34271364373123	57.05768065182956	
232 LAKEVIEW DRIVE	99835	-135.34308757195984	57.057590759135614	
207 CRABAPPLE DRIVE	99835	-135.34213520684168	57.05674827994281	
205 CRABAPPLE DRIVE	99835	-135.34249222428505	57.05664632508573	
235 LAKEVIEW DRIVE	99835	-135.3431062901554	57.05680497601373	
233 LAKEVIEW DRIVE	99835	-135.34275520428784	57.056919601869225	
211 CRABAPPLE DRIVE	99835	-135.3422254497985	57.056994230807916	
213 CRABAPPLE DRIVE	99835	-135.34160657973803	57.056849060142376	
224 LAKEVIEW DRIVE	99835	-135.34121251487403	57.057766806809845	
228 LAKEVIEW DRIVE	99835	-135.34232063259105	57.05787582322422	
226 LAKEVIEW DRIVE	99835	-135.34168775959193	57.05778715078101	
225 LAKEVIEW DRIVE	99835	-135.3412928000059	57.057098936955526	
222 LAKEVIEW DRIVE	99835	-135.34033477729812	57.05777155989254	
224 LAKEVIEW DRIVE	99835	-135.34079257942813	57.05774957407119	
220 LAKEVIEW DRIVE	99835	-135.33992357617177	57.05769509918085	
205 LAKEVIEW DRIVE	99835	-135.3414052044008	57.056225044188565	
203 LAKEVIEW DRIVE	99835	-135.34182498084485	57.05612533410664	
206 CRABAPPLE DRIVE	99835	-135.341964462259	57.056378352063504	
210 CRABAPPLE DRIVE	99835	-135.3413411221817	57.05647163505462	
211 LAKEVIEW DRIVE	99835	-135.3401192741564	57.0564209838538	
217 LAKEVIEW DRIVE	99835	-135.34016373627136	57.05692145380636	
219 LAKEVIEW DRIVE	99835	-135.3405800146757	57.05699507201853	
213 LAKEVIEW DRIVE	99835	-135.3400303607062	57.056703310022755	
1924 DODGE CIRCLE	99835	-135.36444445729103	57.07210505383131	
1940 DODGE CIRCLE	99835	-135.36498594287968	57.07229407388146	
1938 DODGE CIRCLE	99835	-135.36441031592034	57.07245795799562	
1919 DODGE CIRCLE	99835	-135.36461703713184	57.071178324925526	
1915 DODGE CIRCLE	99835	-135.36518699662003	57.07094001703822	
1907 DODGE CIRCLE	99835	-135.36495070556433	57.07068204608392	
1905 DODGE CIRCLE	99835	-135.3644463554312	57.07084054913244	
1903 DODGE CIRCLE	99835	-135.36449158291083	57.07058493904611	
1919 CASCADE CREEK ROAD	99835	-135.36350537466268	57.07347145708505	
1905 CASCADE CREEK ROAD	99835	-135.3634227260633	57.07187334801624	
1911 CASCADE CREEK ROAD	99835	-135.36327026938315	57.07246233710937	
1917 CASCADE CREEK ROAD	99835	-135.36384171019324	57.07276238085855	
1909 CASCADE CREEK ROAD	99835	-135.36284267490115	57.07258550093723	
101 GIBSON PLACE	99835	-135.36195495165256	57.066380123113944	
1610 DAVIDOFF STREET	99835	-135.3624301083356	57.06626150412145	
107 CASCADE CREEK ROAD	99835	-135.3648642400233	57.07004065617326	
105 CASCADE CREEK ROAD	99835	-135.3646161352233	57.06974933609884	
101 CASCADE CREEK ROAD	99835	-135.36531084734827	57.069530974197214	
1904 HALIBUT POINT ROAD	99835	-135.36611291803115	57.069646262018594	
700 LAKE STREET	99835	-135.33585979006585	57.05857562079962	
702 LAKE STREET	99835	-135.33615747468303	57.0587012511635	
1704 EDGECUMBE DRIVE	99835	-135.36013137971065	57.06723132291787	
1901 DODGE CIRCLE	99835	-135.36401041560023	57.070427891109226	
109 CASCADE CREEK ROAD	99835	-135.3654053887437	57.07023264799518	
1944 DODGE CIRCLE	99835	-135.36453401124	57.072664423760195	
2028 HALIBUT POINT ROAD	99835	-135.36689378218512	57.07304343476868	
2026 HALIBUT POINT ROAD	99835	-135.36676353455377	57.07283996585332	
1943 DODGE CIRCLE	99835	-135.36625326182798	57.072492610990764	
1952 DODGE CIRCLE	99835	-135.36489923928508	57.073116182118305	
1948 DODGE CIRCLE	99835	-135.36473986288235	57.072895299899024	
2008 HALIBUT POINT ROAD	99835	-135.366590837932	57.07156613885222	
1929 DODGE CIRCLE	99835	-135.3660416196454	57.071435520887455	
1911 DODGE CIRCLE	99835	-135.3654171423009	57.07055430175614	
2010 HALIBUT POINT ROAD	99835	-135.36723829238483	57.07149604490859	
2014 HALIBUT POINT ROAD	99835	-135.3671401379653	57.071782243025424	
2006 HALIBUT POINT ROAD	99835	-135.36706734478287	57.071263182855084	
2002 HALIBUT POINT ROAD	99835	-135.3670665066547	57.07101722690449	
2004 HALIBUT POINT ROAD	99835	-135.36663083362336	57.071053122073664	
1970 HALIBUT POINT ROAD	99835	-135.36685514564476	57.07048905209165	
1950 HALIBUT POINT ROAD	99835	-135.36662152707703	57.07019998382774	
1960 HALIBUT POINT ROAD	99835	-135.36610197205943	57.07050333184437	
1982 HALIBUT POINT ROAD	99835	-135.36650752008768	57.07088540816939	
1972 HALIBUT POINT ROAD	99835	-135.36632376879803	57.070663076009446	
1980 HALIBUT POINT ROAD	99835	-135.36695655825383	57.07070476406239	
1952 HALIBUT POINT ROAD	99835	-135.36599880773556	57.07033781881068	
1925 DODGE CIRCLE	99835	-135.3658188599128	57.07121379412314	
1923 DODGE CIRCLE	99835	-135.36536910938264	57.071380967927816	
1921 DODGE CIRCLE	99835	-135.36502007796216	57.071489065880264	
1903 CASCADE CREEK ROAD	99835	-135.36386337396465	57.07177441682716	
1931 DODGE CIRCLE	99835	-135.36609290985484	57.07167350086328	
1933 DODGE CIRCLE	99835	-135.36576111710465	57.0717825877746	
1935 DODGE CIRCLE	99835	-135.36542494686407	57.07189112110788	
1939 DODGE CIRCLE	99835	-135.36611655710638	57.07225758075996	
1937 DODGE CIRCLE	99835	-135.36615135155225	57.07203188211112	
103 CASCADE CREEK ROAD	99835	-135.36532261977007	57.06989550722362	
115 CASCADE CREEK ROAD	99835	-135.3644855695883	57.07031066801215	
111 CASCADE CREEK ROAD	99835	-135.36439331889684	57.07002090589755	
108 SHELIKOF WAY	99835	-135.36321678908104	57.06669305995911	
1708 HALIBUT POINT ROAD	99835	-135.36347339374024	57.06640159590459	
112 SHELIKOF WAY	99835	-135.36276710502622	57.06671357485557	
118 SHELIKOF WAY	99835	-135.36253847210833	57.06682380303721	
1505 DAVIDOFF STREET	99835	-135.36012919410956	57.06506181785514	
1512 HALIBUT POINT ROAD	99835	-135.36156341105453	57.06508661107312	
1511 DAVIDOFF STREET	99835	-135.3612789128074	57.06533440412553	
1515 DAVIDOFF STREET	99835	-135.3611550090786	57.065515119795926	
1603 DAVIDOFF STREET	99835	-135.36214384759387	57.065629636220216	
1601 DAVIDOFF STREET	99835	-135.3617738036806	57.065469530952036	
1602 DAVIDOFF STREET	99835	-135.36115497134935	57.066044708960504	
1606 DAVIDOFF STREET	99835	-135.36160115736442	57.0661219168025	
1508 HALIBUT POINT ROAD	99835	-135.36086329825807	57.06477489390669	
1507 DAVIDOFF STREET	99835	-135.36046554221653	57.065132872915264	
1417 DAVIDOFF STREET	99835	-135.35885593999214	57.06466890780335	
1418 HALIBUT POINT ROAD	99835	-135.35918339477783	57.06442627378001	
1500 HALIBUT POINT ROAD	99835	-135.35961253795537	57.06430073800559	
1506 HALIBUT POINT ROAD	99835	-135.36053991912883	57.06466016922577	
1504 HALIBUT POINT ROAD	99835	-135.36022527342075	57.06453554512461	
1502 HALIBUT POINT ROAD	99835	-135.35989787612726	57.06442176477759	
1501 DAVIDOFF STREET	99835	-135.3593166104429	57.06469233423373	
1503 DAVIDOFF STREET	99835	-135.35975536469562	57.06488244601936	
1414 HALIBUT POINT ROAD	99835	-135.35816945104528	57.064317051931674	
1416 HALIBUT POINT ROAD	99835	-135.35890398279187	57.06428583704814	
1410 HALIBUT POINT ROAD	99835	-135.35699984813863	57.064080383058986	
307 KASHEVAROFF STREET	99835	-135.3516350823124	57.06493611524265	
210 LAKEVIEW DRIVE	99835	-135.33857501538577	57.05621939985088	
208 LAKEVIEW DRIVE	99835	-135.338771282004	57.05598181222242	
1450 JOHNSTON STREET	99835	-135.35629783181207	57.06698914811448	
717 KATLIAN AVENUE	99835	-135.34731479036196	57.05756920699551	
400 HALIBUT POINT ROAD	99835	-135.3367843128001	57.05675998515635	
206 CASCADE CREEK ROAD	99835	-135.36249003135492	57.07115646521795	
105 GIBSON PLACE	99835	-135.36136655514147	57.06657920710815	
103 GIBSON PLACE	99835	-135.36181416768125	57.06655533109201	
1704 HALIBUT POINT ROAD	99835	-135.3631528002867	57.066085817112516	
1867 HALIBUT POINT ROAD	99835	-135.36710849660602	57.06853183991138	
1731 EDGECUMBE DRIVE	99835	-135.3621631982034	57.0688060630486	
1727 EDGECUMBE DRIVE	99835	-135.36260696415712	57.06902152207045	
1730 HALIBUT POINT ROAD	99835	-135.36418621410473	57.06815872422002	
1724 HALIBUT POINT ROAD	99835	-135.36462683236172	57.068058572965604	
1802 HALIBUT POINT ROAD	99835	-135.36512362317168	57.067894561980914	
111 DONNA DRIVE	99835	-135.3634707113708	57.068628585079054	
106 CASCADE CREEK ROAD	99835	-135.3641362902328	57.06931655098452	
107 DONNA DRIVE	99835	-135.36387131776672	57.069007971830494	
101 DONNA DRIVE	99835	-135.3646486892709	57.06915179106181	
100 DONNA DRIVE	99835	-135.36532016197947	57.06893708778658	
102 DONNA DRIVE	99835	-135.36582596558668	57.06877363789508	
106 DONNA DRIVE	99835	-135.36553481621323	57.068443768205526	
110 DONNA DRIVE	99835	-135.36526666101605	57.068176145029355	
104 DONNA DRIVE	99835	-135.3649896349555	57.068634959085486	
105 DONNA DRIVE	99835	-135.36435012071146	57.06884967485248	
108 DONNA DRIVE	99835	-135.36463305858493	57.06837103415983	
109 DONNA DRIVE	99835	-135.3641087451913	57.06855542310756	
110 CASCADE CREEK ROAD	99835	-135.3635522316862	57.06950957012013	
118 CASCADE CREEK ROAD	99835	-135.3630023127137	57.06975192478939	
116 CASCADE CREEK ROAD	99835	-135.3632606466298	57.070000443127995	
114 CASCADE CREEK ROAD	99835	-135.36343916163972	57.07024730777002	
108 CASCADE CREEK ROAD	99835	-135.36384854008438	57.069656790169766	
112 CASCADE CREEK ROAD	99835	-135.3636294176304	57.06979783800217	
200 CASCADE CREEK ROAD	99835	-135.36303205862768	57.07035711818723	
204 CASCADE CREEK ROAD	99835	-135.36289148576046	57.07066165399819	
1815 EDGECUMBE DRIVE	99835	-135.3625057940932	57.070634368169635	
1809 EDGECUMBE DRIVE	99835	-135.36255441900124	57.07003818079681	
1805 EDGECUMBE DRIVE	99835	-135.36272607178066	57.069443198845654	
1725 EDGECUMBE DRIVE	99835	-135.36305929195387	57.06888698589572	
1803 EDGECUMBE DRIVE	99835	-135.3621925030446	57.0692898721578	
1801 EDGECUMBE DRIVE	99835	-135.3620857688158	57.06904673213538	
102 EBERHARDT DRIVE	99835	-135.36196952771638	57.067496831917886	
108 EBERHARDT DRIVE	99835	-135.36212534768893	57.06707436481209	
126 SHELIKOF WAY	99835	-135.3626780846765	57.067373629222914	
107 SHELIKOF WAY	99835	-135.36362459098237	57.0671075621058	
105 SHELIKOF WAY	99835	-135.36417673238688	57.06710099492892	
135 SHELIKOF WAY	99835	-135.36413048531946	57.067406350087325	
1722 HALIBUT POINT ROAD	99835	-135.3649045851593	57.06766794112841	
1720 HALIBUT POINT ROAD	99835	-135.3647736799612	57.067546947894755	
1726 HALIBUT POINT ROAD	99835	-135.36439474542152	57.067745384893165	
1718 HALIBUT POINT ROAD	99835	-135.36463543462884	57.067331658079084	
137 SHELIKOF WAY	99835	-135.36387541228777	57.06781712292275	
140 SHELIKOF WAY	99835	-135.36350754678904	57.068097408981444	
131 SHELIKOF WAY	99835	-135.36361122764418	57.06755223204742	
127 SHELIKOF WAY	99835	-135.3633688612822	57.067331814846455	
132 SHELIKOF WAY	99835	-135.3629067265776	57.06777828221828	
130 SHELIKOF WAY	99835	-135.36283539225917	57.06753747792937	
101 SHELIKOF WAY	99835	-135.36393380278125	57.0668933031484	
1706 HALIBUT POINT ROAD	99835	-135.36331650117924	57.06625709790307	
110 EBERHARDT DRIVE	99835	-135.36241123203652	57.0670174480501	
125 SHELIKOF WAY	99835	-135.36321029695648	57.06710149404808	
1711 EDGECUMBE DRIVE	99835	-135.36181194974083	57.06773837390399	
1729 EDGECUMBE DRIVE	99835	-135.36207746478934	57.06860309099574	
1719 EDGECUMBE DRIVE	99835	-135.36239718058883	57.06813085393596	
1715 EDGECUMBE DRIVE	99835	-135.36206830556668	57.06823293499419	
1717 EDGECUMBE DRIVE	99835	-135.3628797088471	57.068167357953065	
1713 EDGECUMBE DRIVE	99835	-135.3619191142626	57.067941140201455	
1721 EDGECUMBE DRIVE	99835	-135.36256701427982	57.06788860295716	
104 EBERHARDT DRIVE	99835	-135.3623749679468	57.06768295500597	
98 EBERHARDT DRIVE	99835	-135.36110186833963	57.06723648502219	
100 EBERHARDT DRIVE	99835	-135.36137403002294	57.06716745292764	
1709 EDGECUMBE DRIVE	99835	-135.36163445881033	57.067592092213424	
106 EBERHARDT DRIVE	99835	-135.36195298613876	57.06725279521604	
1707 EDGECUMBE DRIVE	99835	-135.36147720243164	57.06743348005735	
107 EBERHARDT DRIVE	99835	-135.3613443631607	57.06681385720648	
1705 EDGECUMBE DRIVE	99835	-135.36085447231036	57.06693457103656	
1509 HALIBUT POINT ROAD	99835	-135.36139455562886	57.06430352585982	
1613 HALIBUT POINT ROAD	99835	-135.36361348241553	57.06526403320995	
1601 HALIBUT POINT ROAD	99835	-135.36256283621546	57.06480587687488	
1605 HALIBUT POINT ROAD	99835	-135.3628674441485	57.06494074384141	
1607 HALIBUT POINT ROAD	99835	-135.36316437507915	57.06507509505424	
1513 HALIBUT POINT ROAD	99835	-135.36201107569659	57.06456585917329	
1511 HALIBUT POINT ROAD	99835	-135.36170728792536	57.06443695823801	
106 GIBSON PLACE	99835	-135.36090783942478	57.066600909811335	
1703 EDGECUMBE DRIVE	99835	-135.36065402672946	57.06677451486337	
1701 EDGECUMBE DRIVE	99835	-135.36048262188504	57.0665759749974	
104 GIBSON PLACE	99835	-135.36079272840595	57.06634875514746	
1421 HALIBUT POINT ROAD	99835	-135.3598808674257	57.063697424915766	
1503 HALIBUT POINT ROAD	99835	-135.36028476435047	57.06386358492599	
1505 HALIBUT POINT ROAD	99835	-135.36091224386462	57.06409562403536	
1413 HALIBUT POINT ROAD	99835	-135.359021368345	57.063454767935404	
1409 HALIBUT POINT ROAD	99835	-135.3584649922822	57.063693842845524	
1417 HALIBUT POINT ROAD	99835	-135.35940892940633	57.06372413804484	
1419 HALIBUT POINT ROAD	99835	-135.3597141311258	57.063830744206236	
1415 HALIBUT POINT ROAD	99835	-135.35924801957938	57.063558781840634	
1403 HALIBUT POINT ROAD	99835	-135.35815612992795	57.063450592896274	
1411 HALIBUT POINT ROAD	99835	-135.35871350222237	57.06346926188191	
1101 HALIBUT POINT ROAD	99835	-135.35091111834683	57.06125030782694	
913 HALIBUT POINT ROAD	99835	-135.3495672036475	57.060003934960754	
1011 HALIBUT POINT ROAD	99835	-135.351345970318	57.061069610956324	
1009 HALIBUT POINT ROAD	99835	-135.3511669684212	57.060870222895915	
1007 HALIBUT POINT ROAD	99835	-135.35062103078204	57.060854286986086	
909 HALIBUT POINT ROAD	99835	-135.34980865732115	57.059574597172855	
905 HALIBUT POINT ROAD	99835	-135.3489629437868	57.059697397855345	
901 HALIBUT POINT ROAD	99835	-135.34874617941043	57.0595127191952	
805 HALIBUT POINT ROAD	99835	-135.34807534270905	57.05901292017542	
807 HALIBUT POINT ROAD	99835	-135.34870060428278	57.059224056841835	
1217 HALIBUT POINT ROAD	99835	-135.35467384666168	57.06274536988484	
1307 HALIBUT POINT ROAD	99835	-135.3563840494181	57.06314470601908	
1401 HALIBUT POINT ROAD	99835	-135.35766946762277	57.06332466503593	
1309 HALIBUT POINT ROAD	99835	-135.35688562285867	57.06312955598811	
1315 HALIBUT POINT ROAD	99835	-135.35728868435024	57.06319109922615	
1305 HALIBUT POINT ROAD	99835	-135.35591458266407	57.06313168406523	
1213 HALIBUT POINT ROAD	99835	-135.35453928082873	57.06290071396464	
1301 HALIBUT POINT ROAD	99835	-135.3555253130071	57.0630151979158	
1221 HALIBUT POINT ROAD	99835	-135.3551053362387	57.06288804603724	
1109 HALIBUT POINT ROAD	99835	-135.35176474693714	57.061939045970995	
1203 HALIBUT POINT ROAD	99835	-135.35260021518567	57.06229684816319	
1205 HALIBUT POINT ROAD	99835	-135.35313518978515	57.06238836523753	
1211 HALIBUT POINT ROAD	99835	-135.35423008879278	57.06268824183057	
1209 HALIBUT POINT ROAD	99835	-135.35389265102933	57.062632155029135	
1207 HALIBUT POINT ROAD	99835	-135.35348211824956	57.062449088154914	
1111 HALIBUT POINT ROAD	99835	-135.3521356568264	57.0621089890102	
1103 HALIBUT POINT ROAD	99835	-135.35103121860874	57.06143354082471	
1105 HALIBUT POINT ROAD	99835	-135.35133135113506	57.06158783485958	
1103 HALIBUT POINT ROAD	99835	-135.35143547755462	57.06127265986763	
1107 HALIBUT POINT ROAD	99835	-135.35155534964443	57.06174312712401	
1005 HALIBUT POINT ROAD	99835	-135.35034844329726	57.06054163892599	
1003 HALIBUT POINT ROAD	99835	-135.3501537442392	57.06024609819266	
803 HALIBUT POINT ROAD	99835	-135.3479137555524	57.058795246878624	
801 HALIBUT POINT ROAD	99835	-135.34759426612834	57.05836492399419	
617 KATLIAN AVENUE	99835	-135.35005640459167	57.05726223602286	
720 SIGINAKA WAY	99835	-135.3488733125827	57.057273991878816	
726 SIGINAKA WAY	99835	-135.34898369486984	57.05752621014795	
724 SIGINAKA WAY	99835	-135.34931867484266	57.05738439318013	
711 SIGINAKA WAY	99835	-135.3484654190532	57.056618904870135	
201 SIGINAKA WAY	99835	-135.34866113410584	57.05664174381543	
204 SIGINAKA WAY	99835	-135.34821668004264	57.056880697978336	
713 KATLIAN AVENUE	99835	-135.34802034694906	57.057210917137205	
801 HALIBUT POINT ROAD	99835	-135.34801665307663	57.05770840099751	
1710 HALIBUT POINT ROAD	99835	-135.36364655389272	57.06656479105196	
1614 DAVIDOFF STREET	99835	-135.36288943311	57.06631427223341	
1615 HALIBUT POINT ROAD	99835	-135.36430436412417	57.06568499078607	
1006 HALIBUT POINT ROAD	99835	-135.34952938906562	57.0611262042028	
1702 HALIBUT POINT ROAD	99835	-135.36309840999118	57.065930838980506	
451 KASHEVAROFF STREET	99835	-135.34921048085155	57.06540876413609	
401 KASHEVAROFF STREET	99835	-135.349482087376	57.06522983402499	
1723 EDGECUMBE DRIVE	99835	-135.36267752502607	57.06852030884574	
1806 ALDER WAY	99835	-135.36647725315083	57.06749644708256	
1717 HALIBUT POINT ROAD	99835	-135.3662798510621	57.0670082358122	
1717 HALIBUT POINT ROAD	99835	-135.36581842243325	57.067227625932546	
1709 HALIBUT POINT ROAD	99835	-135.36491007656065	57.06633888000524	
1605 DAVIDOFF STREET	99835	-135.3623898539294	57.06578815205799	
1605 DAVIDOFF STREET	99835	-135.36264313482206	57.06557139076168	
1409 EDGECUMBE DRIVE	99835	-135.3578805339853	57.0653773850923	
1409 EDGECUMBE DRIVE	99835	-135.35754713504738	57.065258559232575	
1509 DAVIDOFF STREET	99835	-135.36117998763336	57.064904790988926	
1509 DAVIDOFF STREET	99835	-135.36079246789453	57.06525900611779	
711 HALIBUT POINT ROAD	99835	-135.3463917633227	57.05769015997036	
711 HALIBUT POINT ROAD	99835	-135.34609556721395	57.05737231885524	
711 HALIBUT POINT ROAD	99835	-135.34625052570217	57.05750217882678	
603 HALIBUT POINT ROAD	99835	-135.34527494991372	57.05674529904775	
207 LAKEVIEW DRIVE	99835	-135.34084399540174	57.056317826835134	
1709 HALIBUT POINT ROAD	99835	-135.36594273130228	57.06607295003287	
1107 EDGECUMBE DRIVE	99835	-135.3505333426339	57.06268673306107	
320 WACHUSETTS STREET	99835	-135.34453890720084	57.0623978838951	
324 WACHUSETTS STREET	99835	-135.3443768645983	57.0620531670456	
205 KIMSHAM STREET	99835	-135.3489716646316	57.06101648076953	
1008 HALIBUT POINT ROAD	99835	-135.34970646227947	57.061269298832	
1803 ALDER WAY	99835	-135.3661116621864	57.06780544414858	
1801 ALDER WAY	99835	-135.36595208635762	57.06765473518175	
1806 ALDER WAY	99835	-135.36686178509305	57.067833618928574	
1804 ALDER WAY	99835	-135.3666723357895	57.067668115963926	
800 HALIBUT POINT ROAD	99835	-135.3463826418293	57.058496838982926	
1805 ALDER WAY	99835	-135.3662615928039	57.06796913223048	
1415 DAVIDOFF STREET	99835	-135.35848835027622	57.06456832710021	
725 SIGINAKA WAY	99835	-135.35043443991773	57.05768255306712	
3418 HALIBUT POINT ROAD	99835	-135.3923599200537	57.0965249078258	
3416 HALIBUT POINT ROAD	99835	-135.39274174986355	57.096403600239974	
3414 HALIBUT POINT ROAD	99835	-135.39313173637615	57.09627882020211	
3412 HALIBUT POINT ROAD	99835	-135.39354245331057	57.0961385572018	
3618 HALIBUT POINT ROAD	99835	-135.39655433467664	57.10006380495581	
106 GRANITE CREEK ROAD	99835	-135.39746505659315	57.10120165191662	
104 GRANITE CREEK ROAD	99835	-135.3980289820976	57.101104144150284	
3706 HALIBUT POINT ROAD	99835	-135.39707198975742	57.100487251948216	
3702 HALIBUT POINT ROAD	99835	-135.39749039357574	57.100290311875945	
3704 HALIBUT POINT ROAD	99835	-135.39766496138824	57.10055500221786	
108 GRANITE CREEK ROAD	99835	-135.39676729289113	57.10133280182671	
118 GRANITE CREEK ROAD	99835	-135.39634025536466	57.10115681001792	
3708 HALIBUT POINT ROAD	99835	-135.39633155518112	57.100575033879714	
101 SHULER DRIVE	99835	-135.39547915818105	57.09805665479107	
3603 HALIBUT POINT ROAD	99835	-135.39633624169196	57.097727571957286	
114 HARBOR MOUNTAIN ROAD	99835	-135.39493714977291	57.09880268516788	
107 SHULER DRIVE	99835	-135.39465270811968	57.09847513383828	
3605 HALIBUT POINT ROAD	99835	-135.39658636859966	57.09790335899843	
108 HARBOR MOUNTAIN ROAD	99835	-135.3954575896311	57.09855645212566	
110 HARBOR MOUNTAIN ROAD	99835	-135.3954881170794	57.098759698999835	
103 SHULER DRIVE	99835	-135.39514683722146	57.09828005002762	
104 HARBOR MOUNTAIN ROAD	99835	-135.39556287218238	57.09831386790748	
105 SHULER DRIVE	99835	-135.39488905487093	57.09836176008969	
110 SHULER DRIVE	99835	-135.39408818433725	57.098162700222794	
114 TOIVO CIRCLE	99835	-135.39373052459842	57.097620507856604	
112 TOIVO CIRCLE	99835	-135.39341367711964	57.09746873323104	
110 TOIVO CIRCLE	99835	-135.39323848228307	57.09727468302865	
3514 HALIBUT POINT ROAD	99835	-135.39499822173752	57.09749096293606	
3510 HALIBUT POINT ROAD	99835	-135.39476315239057	57.09722465209642	
3511 HALIBUT POINT ROAD	99835	-135.39594033079004	57.09725563090707	
3601 HALIBUT POINT ROAD	99835	-135.39606895965727	57.09753711899287	
3509 HALIBUT POINT ROAD	99835	-135.39576225415803	57.097054905965976	
3507 HALIBUT POINT ROAD	99835	-135.39552832387486	57.096872689140774	
3516 HALIBUT POINT ROAD	99835	-135.39522311227395	57.09767900506576	
104 SHULER DRIVE	99835	-135.39477335635388	57.09769641006349	
108 SHULER DRIVE	99835	-135.39426352110766	57.09790289884316	
106 SHULER DRIVE	99835	-135.3945090109119	57.09780571519487	
105 TOIVO CIRCLE	99835	-135.39427656105232	57.097247016141814	
107 TOIVO CIRCLE	99835	-135.39424934928576	57.097482973809505	
3501 HALIBUT POINT ROAD	99835	-135.39474357271064	57.096301955843245	
3505 HALIBUT POINT ROAD	99835	-135.39527281066873	57.09668794219108	
3503 HALIBUT POINT ROAD	99835	-135.3950169048988	57.09650390775907	
3411 HALIBUT POINT ROAD	99835	-135.39437914506453	57.096000152930145	
106 TOIVO CIRCLE	99835	-135.39315595585452	57.0968835999528	
104 TOIVO CIRCLE	99835	-135.39349121340675	57.09676887205958	
102 TOIVO CIRCLE	99835	-135.39393009611862	57.09656662098714	
103 TOIVO CIRCLE	99835	-135.39401231981486	57.09707324817921	
101 TOIVO CIRCLE	99835	-135.39433252070464	57.09693120802523	
3484 HALIBUT POINT ROAD	99835	-135.393380396335	57.0964666298542	
3482 HALIBUT POINT ROAD	99835	-135.39377577992585	57.09633791194848	
3486 HALIBUT POINT ROAD	99835	-135.39293652438008	57.0966097790297	
112 SHULER DRIVE	99835	-135.3938027275877	57.09787760200686	
108 TOIVO CIRCLE	99835	-135.39284279955322	57.09700690083561	
3488 HALIBUT POINT ROAD	99835	-135.39254296796253	57.09673496883683	
3201 HALIBUT POINT ROAD	99835	-135.39093987942223	57.09185591783963	
3319 HALIBUT POINT ROAD	99835	-135.39318954386297	57.09415296306695	
3315 HALIBUT POINT ROAD	99835	-135.39306857313358	57.093926212210015	
3313 HALIBUT POINT ROAD	99835	-135.3928049607168	57.09377283101337	
3311 HALIBUT POINT ROAD	99835	-135.39260518887235	57.09356561012565	
3301 HALIBUT POINT ROAD	99835	-135.39186929977137	57.093004224962115	
3211 HALIBUT POINT ROAD	99835	-135.3917126263993	57.09276039700597	
3207 HALIBUT POINT ROAD	99835	-135.39156907741355	57.09250012584901	
108 HAVEN LANE	99835	-135.393996370227	57.0944095381044	
104 HAVEN LANE	99835	-135.393883540929	57.094647732825116	
3321 HALIBUT POINT ROAD	99835	-135.3936123629009	57.09408034920288	
3205 HALIBUT POINT ROAD	99835	-135.39132738119477	57.092261048124406	
116 DARRIN DRIVE	99835	-135.39082678691787	57.094432944784494	
115 DARRIN DRIVE	99835	-135.39031886418485	57.09461751508716	
3312 HALIBUT POINT ROAD	99835	-135.39194049215598	57.09422461685754	
3410 HALIBUT POINT ROAD	99835	-135.39213229504557	57.09628285393463	
3410 HALIBUT POINT ROAD	99835	-135.39184881189473	57.09601576582493	
107 DARRIN DRIVE	99835	-135.39146693716913	57.095531645909325	
105 DARRIN DRIVE	99835	-135.39160671772228	57.09576249588809	
101 DARRIN DRIVE	99835	-135.39270484707166	57.09514804119054	
100 HAVEN LANE	99835	-135.39354055966191	57.09476591312732	
3406 HALIBUT POINT ROAD	99835	-135.39313539341768	57.095588993758824	
3404 HALIBUT POINT ROAD	99835	-135.39289444729215	57.0953451452251	
3407 HALIBUT POINT ROAD	99835	-135.3939368622293	57.095536014003635	
3403 HALIBUT POINT ROAD	99835	-135.39353510958313	57.09502815310476	
3408 HALIBUT POINT ROAD	99835	-135.39285570744553	57.09593459421855	
103 DARRIN DRIVE	99835	-135.39222183821477	57.09539431785743	
105 DARRIN DRIVE	99835	-135.39205334930173	57.095622077214394	
102 DARRIN DRIVE	99835	-135.39244446320004	57.09483979301022	
3314 HALIBUT POINT ROAD	99835	-135.39210540038425	57.094408900756164	
3316 HALIBUT POINT ROAD	99835	-135.3922803616589	57.09465660781697	
3317 HALIBUT POINT ROAD	99835	-135.39289644424704	57.09421645719677	
106 DARRIN DRIVE	99835	-135.3917288652447	57.09475823476444	
112 DARRIN DRIVE	99835	-135.3913138642447	57.09489022293651	
104 DARRIN DRIVE	99835	-135.39200855391178	57.09496471990208	
110 DARRIN DRIVE	99835	-135.39155142102663	57.095109415024936	
108 DARRIN DRIVE	99835	-135.3914353919296	57.094534055050396	
114 DARRIN DRIVE	99835	-135.3910732783436	57.09466121514032	
111 DARRIN DRIVE	99835	-135.3908092374305	57.09507937822575	
109 DARRIN DRIVE	99835	-135.3910722003653	57.09532388194418	
113 DARRIN DRIVE	99835	-135.39055865507692	57.094839744209246	
140 PATTERSON WAY	99835	-135.38862213975094	57.09294374920371	
3310 HALIBUT POINT ROAD	99835	-135.39177028207087	57.0940207780379	
3308 HALIBUT POINT ROAD	99835	-135.391611093416	57.093804919057746	
3307 HALIBUT POINT ROAD	99835	-135.39225009202707	57.09332253205896	
3302 HALIBUT POINT ROAD	99835	-135.39141221898853	57.09359176980681	
130 DARRIN DRIVE	99835	-135.39121319723733	57.094240479877136	
3306 HALIBUT POINT ROAD	99835	-135.3910571077702	57.09399519598827	
118 DARRIN DRIVE	99835	-135.39063437407222	57.094200874777385	
3304 HALIBUT POINT ROAD	99835	-135.3908353227097	57.093781198181865	
120 DARRIN DRIVE	99835	-135.39025422321365	57.093961401985794	
3202 HALIBUT POINT ROAD	99835	-135.39008742223507	57.092465604766645	
3208 HALIBUT POINT ROAD	99835	-135.3900297027831	57.09325109809088	
141 PATTERSON WAY	99835	-135.38938466569672	57.09269898820919	
117 DARRIN DRIVE	99835	-135.39009570290534	57.09440588091608	
119 DARRIN DRIVE	99835	-135.38978577425087	57.09414844693996	
130 PATTERSON WAY	99835	-135.3883762600779	57.09270919210666	
103 KINCROFT WAY	99835	-135.3895527018588	57.09232992616738	
100 KINCROFT WAY	99835	-135.39005966788605	57.092174891215315	
107 KINCROFT WAY	99835	-135.38903204101507	57.092500221993	
108 WALTON CIRCLE	99835	-135.3784798700374	57.088932126779284	
105 WALTON CIRCLE	99835	-135.3792311293129	57.08858473710097	
2804 HALIBUT POINT ROAD	99835	-135.3820260837075	57.08772918902361	
2803 HALIBUT POINT ROAD	99835	-135.38378459157173	57.0871377420565	
3113 HALIBUT POINT ROAD	99835	-135.39070190761865	57.091578677087405	
3107 HALIBUT POINT ROAD	99835	-135.389774055728	57.0909685690214	
3111 HALIBUT POINT ROAD	99835	-135.39034096363915	57.091270170819335	
104 PATTERSON WAY	99835	-135.38701536542305	57.09141957105703	
106 PATTERSON WAY	99835	-135.38726407389092	57.09165086587749	
301 NICOLE DRIVE	99835	-135.38683249897394	57.09126227893966	
110 PATTERSON WAY	99835	-135.38750310301162	57.091878788790176	
112 PATTERSON WAY	99835	-135.38766914221884	57.092035004101376	
116 PATTERSON WAY	99835	-135.38787130987018	57.092227569770024	
120 PATTERSON WAY	99835	-135.38811895293614	57.09246375704307	
115 SOMER DRIVE	99835	-135.3887921001044	57.091686600037946	
117 SOMER DRIVE	99835	-135.3883328840261	57.091838975210784	
3110 HALIBUT POINT ROAD	99835	-135.38935686283867	57.09146533398062	
102 KINCROFT WAY	99835	-135.3898463018364	57.09196968777023	
3114 HALIBUT POINT ROAD	99835	-135.38970994835606	57.091803391028456	
3112 HALIBUT POINT ROAD	99835	-135.38953060420113	57.09165365704572	
106 KINCROFT WAY	99835	-135.38850873014127	57.09200725424042	
108 KINCROFT WAY	99835	-135.38869833934493	57.092192794162656	
101 SOMER DRIVE	99835	-135.38827609882205	57.09089897783163	
107 SOMER DRIVE	99835	-135.38849479457627	57.09110905998324	
109 SOMER DRIVE	99835	-135.3887269192457	57.09129833119936	
111 SOMER DRIVE	99835	-135.38888973260273	57.091514687946294	
100 BENSON STREET	99835	-135.3773928124239	57.08569241511401	
109 HOPE STREET	99835	-135.37656083502853	57.08642060407482	
112 HOPE STREET	99835	-135.37589343528148	57.08658836783617	
111 HOPE STREET	99835	-135.3767038414319	57.086705757208414	
114 HOPE STREET	99835	-135.3759986666288	57.086858574092986	
110 HOPE STREET	99835	-135.37582662937044	57.08629663391208	
104 HOPE STREET	99835	-135.37591557605828	57.085417627034644	
101 HOPE STREET	99835	-135.37685809743752	57.08538579678841	
103 HOPE STREET	99835	-135.37667715428145	57.08554371814137	
100 HOPE STREET	99835	-135.3763997024194	57.084922499795425	
205 CUSHING STREET	99835	-135.37145597606855	57.07944949815004	
213 CUSHING STREET	99835	-135.37201876071256	57.08039826677835	
118 EMMONS STREET	99835	-135.37104777801017	57.08075007320071	
120 EMMONS STREET	99835	-135.37127562310556	57.08102803493477	
122 EMMONS STREET	99835	-135.3714912106889	57.081325330241924	
117 EMMONS STREET	99835	-135.37203754628177	57.08086522218031	
119 EMMONS STREET	99835	-135.3723756640699	57.081154362115285	
121 EMMONS STREET	99835	-135.37210289332882	57.08136743982606	
3106 HALIBUT POINT ROAD	99835	-135.3889538597376	57.09107891598638	
3108 HALIBUT POINT ROAD	99835	-135.38915555397676	57.09127239879869	
3104 HALIBUT POINT ROAD	99835	-135.3887715933631	57.090903898957514	
3102 HALIBUT POINT ROAD	99835	-135.38861549760776	57.09074751586755	
104 SOMER DRIVE	99835	-135.38801168061647	57.09125202681442	
105 PATTERSON WAY	99835	-135.3876964986142	57.09134328898039	
110 SOMER DRIVE	99835	-135.38821043556806	57.09148495082818	
107 PATTERSON WAY	99835	-135.38794310861758	57.09157272479542	
201 NICOLE DRIVE	99835	-135.38776652139228	57.091051224953176	
101 PATTERSON WAY	99835	-135.38745482664996	57.091121987198264	
3005 HALIBUT POINT ROAD	99835	-135.38852444167557	57.08976560117701	
3003 HALIBUT POINT ROAD	99835	-135.38812650327608	57.08940418111265	
3009 HALIBUT POINT ROAD	99835	-135.3891297831079	57.09017021791098	
3011 HALIBUT POINT ROAD	99835	-135.38924249562493	57.09041702108142	
3007 HALIBUT POINT ROAD	99835	-135.38896767492838	57.0899592792389	
304 NICOLE DRIVE	99835	-135.386614237106	57.09088284885276	
106 ROSS STREET	99835	-135.38545935758683	57.08994841714866	
2922 HALIBUT POINT ROAD	99835	-135.38520787062978	57.089722137927765	
2920 HALIBUT POINT ROAD	99835	-135.38494929237189	57.08946278206985	
3009 BARKER STREET	99835	-135.38799533037997	57.09054072416374	
3003 BARKER STREET	99835	-135.38748958695987	57.09008264122145	
3001 BARKER STREET	99835	-135.38730911272435	57.08992343603734	
3005 BARKER STREET	99835	-135.38770836176585	57.090226227955235	
3007 BARKER STREET	99835	-135.38800743068688	57.09034593878187	
3003 MIKELE STREET	99835	-135.3866206932979	57.09047542521105	
3004 BARKER STREET	99835	-135.38697182138628	57.090360922984914	
3006 BARKER STREET	99835	-135.38727375593308	57.09066225592106	
302 NICOLE DRIVE	99835	-135.38687631609855	57.09078671517126	
3002 BARKER STREET	99835	-135.3866288832384	57.090060685763596	
3001 MIKELE STREET	99835	-135.38630093976917	57.090168795183125	
2909 HALIBUT POINT ROAD	99835	-135.38714066513384	57.08914490210058	
2911 HALIBUT POINT ROAD	99835	-135.3875454648655	57.08920503897985	
2907 HALIBUT POINT ROAD	99835	-135.3866824138462	57.088986203917315	
2924 HALIBUT POINT ROAD	99835	-135.3859771878391	57.08942340614538	
102 ROSS STREET	99835	-135.3865007385631	57.08962849482975	
104 ROSS STREET	99835	-135.3859626701658	57.08978098681338	
3004 MIKELE STREET	99835	-135.38609997675863	57.09064434003309	
306 NICOLE DRIVE	99835	-135.38635970575845	57.09095466807125	
3002 MIKELE STREET	99835	-135.3857641128436	57.090345063186106	
100 BAHOVEC COURT	99835	-135.3837149020686	57.088158503769776	
2906 HALIBUT POINT ROAD	99835	-135.38487826258236	57.0890718581862	
101 BAHOVEC COURT	99835	-135.38415667016912	57.08849772578365	
2827 HALIBUT POINT ROAD	99835	-135.38446766692053	57.08800148921435	
2875 HALIBUT POINT ROAD	99835	-135.38544140295923	57.088557140847435	
2821 HALIBUT POINT ROAD	99835	-135.38429822309834	57.087761868022135	
2805 HALIBUT POINT ROAD	99835	-135.38403807817858	57.08744721987266	
109 BAHOVEC COURT	99835	-135.38271666897205	57.088923263107425	
105 BAHOVEC COURT	99835	-135.3834849414407	57.08867723679732	
103 BAHOVEC COURT	99835	-135.38385981469696	57.08856287202952	
107 BAHOVEC COURT	99835	-135.38306068689496	57.08881268618246	
111 BAHOVEC COURT	99835	-135.38236304536386	57.08904975423984	
101 JOHNSON STREET	99835	-135.38235812798595	57.08831507886236	
2806 HALIBUT POINT ROAD	99835	-135.38301550612775	57.08798573383601	
104 BAHOVEC COURT	99835	-135.3831315846321	57.08834177915294	
102 BAHOVEC COURT	99835	-135.3834180151554	57.08825163905487	
108 BAHOVEC COURT	99835	-135.38256292680276	57.08852190787106	
106 BAHOVEC COURT	99835	-135.38284664082062	57.08843183312733	
103 JOHNSON STREET	99835	-135.3821577668467	57.0881264489103	
100 JOHNSON STREET	99835	-135.38184480907304	57.088479058161965	
112 BAHOVEC COURT	99835	-135.3820104027159	57.0887373978633	
102 JOHNSON STREET	99835	-135.38164453507034	57.08829086589	
107 WALTON CIRCLE	99835	-135.3792967287865	57.08879652212989	
112 WALTON CIRCLE	99835	-135.37880375940972	57.089395472763556	
111 WALTON CIRCLE	99835	-135.37927313902713	57.089331010807626	
109 WALTON CIRCLE	99835	-135.3793812521699	57.089025160063656	
110 WALTON CIRCLE	99835	-135.378499500023	57.08923319214276	
2711 HALIBUT POINT ROAD	99835	-135.38293846660895	57.08627906882735	
2801 HALIBUT POINT ROAD	99835	-135.38373094687788	57.08692561319593	
2715 HALIBUT POINT ROAD	99835	-135.38342629941897	57.086658457186026	
2709 HALIBUT POINT ROAD	99835	-135.38239963823693	57.085880057761365	
2701 HALIBUT POINT ROAD	99835	-135.38192656834033	57.08539406382958	
2716 HALIBUT POINT ROAD	99835	-135.38156948531994	57.08724776801899	
2625 HALIBUT POINT ROAD	99835	-135.3812430950379	57.08489351986639	
2613 HALIBUT POINT ROAD	99835	-135.38042555356915	57.08408263598594	
2517 HALIBUT POINT ROAD	99835	-135.37945561740406	57.08308868680554	
2609 HALIBUT POINT ROAD	99835	-135.38016681541114	57.083796522984365	
105 BENSON STREET	99835	-135.3780110671384	57.08663985795115	
113 HOPE STREET	99835	-135.3769254980333	57.086996015765116	
110 BENSON STREET	99835	-135.3773836738625	57.086842124129376	
116 HOPE STREET	99835	-135.37614987824395	57.0871097088425	
102 WITZ LANE	99835	-135.37704483832047	57.088073627861284	
106 WITZ LANE	99835	-135.37741658184632	57.08848804396335	
111 BENSON STREET	99835	-135.37837965128935	57.08755070185951	
101 WITZ LANE	99835	-135.37775071919938	57.087806439121	
103 WALTON CIRCLE	99835	-135.37916456504865	57.08837198297021	
101 WALTON CIRCLE	99835	-135.37909297830365	57.08814634183535	
105 WITZ LANE	99835	-135.3778552157248	57.088406765089665	
102 WALTON CIRCLE	99835	-135.37831976330432	57.08818089280829	
104 WALTON CIRCLE	99835	-135.37837587028034	57.088443624016676	
106 WALTON CIRCLE	99835	-135.37842692333456	57.0886831949231	
103 WITZ LANE	99835	-135.37778093942387	57.08807425116357	
124 HOPE STREET	99835	-135.37825368413036	57.087896942960455	
112 BENSON STREET	99835	-135.37757998359987	57.08706497778166	
109 BENSON STREET	99835	-135.3783038882766	57.08722453398672	
107 BENSON STREET	99835	-135.37817094659772	57.086907107813005	
114 BENSON STREET	99835	-135.37761203279425	57.087364510024905	
120 HOPE STREET	99835	-135.3768518541463	57.08750484087622	
100 WITZ LANE	99835	-135.37704272907618	57.087788908918604	
115 HOPE STREET	99835	-135.3771957894242	57.08719506823411	
118 HOPE STREET	99835	-135.37649873000137	57.08732519483838	
104 WITZ LANE	99835	-135.3770344133716	57.08838344490264	
105 HOPE STREET	99835	-135.37659594118983	57.08582560511604	
108 HOPE STREET	99835	-135.37581497642455	57.08598832580728	
107 HOPE STREET	99835	-135.37657343569705	57.086119867814205	
108 BENSON STREET	99835	-135.3772168261715	57.086618985053164	
106 BENSON STREET	99835	-135.3771471474482	57.0863392601426	
104 BENSON STREET	99835	-135.3771452448164	57.08606246285072	
116 BRIGHTMAN STREET	99835	-135.3808169818778	57.08815727376336	
107 BRIGHTMAN STREET	99835	-135.38027951265678	57.088277509139495	
105 BRIGHTMAN STREET	99835	-135.38012152594777	57.08838189617774	
108 BRIGHTMAN STREET	99835	-135.38132627184666	57.08893438711288	
112 BRIGHTMAN STREET	99835	-135.3814568419732	57.08858499823026	
110 BRIGHTMAN STREET	99835	-135.38151431528678	57.0888414351116	
114 BRIGHTMAN STREET	99835	-135.38105807622534	57.08837685611007	
100 BRIGHTMAN STREET	99835	-135.38044269611973	57.089319452039625	
104 BRIGHTMAN STREET	99835	-135.3806903104396	57.088655571897796	
101 BRIGHTMAN STREET	99835	-135.38016651627217	57.088948252213875	
102 BRIGHTMAN STREET	99835	-135.38069360815498	57.089144822054664	
106 BRIGHTMAN STREET	99835	-135.3808116386985	57.08892577285438	
103 BRIGHTMAN STREET	99835	-135.38007098134	57.0886639490068	
111 BRIGHTMAN STREET	99835	-135.3800627410939	57.08782102020161	
2624 HALIBUT POINT ROAD	99835	-135.38010282212525	57.08583223097154	
2706 HALIBUT POINT ROAD	99835	-135.38147123298404	57.08609722712328	
2704 HALIBUT POINT ROAD	99835	-135.3812780844182	57.085904198112424	
113 BRIGHTMAN STREET	99835	-135.38041507292473	57.08778685205397	
2710 HALIBUT POINT ROAD	99835	-135.3809311290043	57.0866554669779	
2702 HALIBUT POINT ROAD	99835	-135.38089388934424	57.086022211034596	
101 SHARON DRIVE	99835	-135.38055749901642	57.08528213107915	
2618 HALIBUT POINT ROAD	99835	-135.38000592175385	57.08457980316763	
101 NEVERS DRIVE	99835	-135.3794596706026	57.084898609221554	
103 BENSON STREET	99835	-135.37791729020927	57.086386302844204	
101 BENSON STREET	99835	-135.37800928937241	57.08613562105652	
102 BENSON STREET	99835	-135.37720733726715	57.08587080188142	
102 HOPE STREET	99835	-135.37616634795637	57.08518390585477	
106 HOPE STREET	99835	-135.3758116589462	57.08567411705929	
111 HANLON STREET	99835	-135.37550889615275	57.083549359911224	
102 HANLON STREET	99835	-135.3741181495827	57.082162690144095	
122 HANLON STREET	99835	-135.37608790616744	57.083987000163745	
104 CHUBAROFF LANE	99835	-135.37515966889953	57.08307411509206	
102 CHUBAROFF LANE	99835	-135.37519544610234	57.08278330301126	
100 CHUBAROFF LANE	99835	-135.375607081115	57.082691038068106	
2513 HALIBUT POINT ROAD	99835	-135.37852197766804	57.08207922696838	
101 CHUBAROFF LANE	99835	-135.37596182043077	57.083190775044535	
113 HANLON STREET	99835	-135.3760087529128	57.083554603220705	
103 CHUBAROFF LANE	99835	-135.37549097116957	57.08324045879388	
100 HANLON STREET	99835	-135.3743323016582	57.081964717855065	
101 HANLON STREET	99835	-135.37476836366008	57.0823211548907	
103 HANLON STREET	99835	-135.374723160435	57.08263114300938	
105 HANLON STREET	99835	-135.37471106461967	57.082951214054916	
110 HANLON STREET	99835	-135.37412493455804	57.083160555779585	
120 HANLON STREET	99835	-135.37559079825215	57.08398879412483	
109 HANLON STREET	99835	-135.37509973240543	57.08344024315753	
114 HANLON STREET	99835	-135.37437656794052	57.08363854293514	
118 HANLON STREET	99835	-135.3751522613917	57.08391753597134	
116 HANLON STREET	99835	-135.37477272677742	57.0837783557962	
107 HANLON STREET	99835	-135.3748556457697	57.08324957083423	
112 HANLON STREET	99835	-135.37422094380065	57.083462545223234	
106 HANLON STREET	99835	-135.37401888215055	57.08261318321117	
108 HANLON STREET	99835	-135.3740700609689	57.08287845816349	
104 HANLON STREET	99835	-135.37402672983288	57.08234623485289	
111 EMMONS STREET	99835	-135.3707767814418	57.08004742903467	
208 CUSHING STREET	99835	-135.37112632759693	57.07993648585233	
210 CUSHING STREET	99835	-135.3712135064003	57.08026377477972	
4274 HALIBUT POINT ROAD	99835	-135.39572318822295	57.109363099965776	
4306 VALHALLA DRIVE	99835	-135.39570979344373	57.10986626587422	
4306 HALIBUT POINT ROAD	99835	-135.39669870741753	57.109970895063945	
4118 HALIBUT POINT ROAD	99835	-135.39815093468562	57.10793430818686	
4302 HALIBUT POINT ROAD	99835	-135.39703519296674	57.10965164503581	
4262 HALIBUT POINT ROAD	99835	-135.3972514444051	57.109204054159456	
4270 HALIBUT POINT ROAD	99835	-135.39655283808335	57.10954340998253	
4272 HALIBUT POINT ROAD	99835	-135.39614015922837	57.109453732169285	
4266 HALIBUT POINT ROAD	99835	-135.39659378059906	57.10905738617284	
4268 HALIBUT POINT ROAD	99835	-135.39608591805322	57.10894541899254	
4258 HALIBUT POINT ROAD	99835	-135.39723614609582	57.108718617144895	
4202 HALIBUT POINT ROAD	99835	-135.39724906476792	57.10822263412587	
4256 HALIBUT POINT ROAD	99835	-135.39782385270078	57.10878162094117	
4106 HALIBUT POINT ROAD	99835	-135.39914115031823	57.10710645389584	
4102 HALIBUT POINT ROAD	99835	-135.39927550235214	57.106818516871286	
4018 HALIBUT POINT ROAD	99835	-135.39950484044755	57.10654844093814	
4017 HALIBUT POINT ROAD	99835	-135.40086446398624	57.106836157112916	
4013 HALIBUT POINT ROAD	99835	-135.4010802509956	57.10649928017415	
4014 HALIBUT POINT ROAD	99835	-135.3996090324441	57.10637201091804	
4120 HALIBUT POINT ROAD	99835	-135.39760479582378	57.10767837411302	
4112 HALIBUT POINT ROAD	99835	-135.39877076684175	57.10751338792919	
4116 HALIBUT POINT ROAD	99835	-135.39844737244115	57.10767709401867	
101 KRESTOF DRIVE	99835	-135.39826157838252	57.10731204823427	
4110 HALIBUT POINT ROAD	99835	-135.39884001257712	57.107293641813335	
103 KRESTOF DRIVE	99835	-135.39800491533282	57.10710619679977	
4122 HALIBUT POINT ROAD	99835	-135.39708490483628	57.10755920416401	
102 KRESTOF DRIVE	99835	-135.3975668851222	57.10696322280495	
105 LITTLEBYRD WAY	99835	-135.3979103236317	57.106441910174354	
4016 HALIBUT POINT ROAD	99835	-135.39875952262932	57.106408223138054	
103 LITTLEBYRD WAY	99835	-135.39871223621108	57.106685274940986	
107 LITTLEBYRD WAY	99835	-135.39829908484228	57.10658937298473	
3884 HALIBUT POINT ROAD	99835	-135.39786429575318	57.103041734106675	
3876 HALIBUT POINT ROAD	99835	-135.39765687744904	57.102721268040334	
125 GRANITE CREEK ROAD	99835	-135.39785055871585	57.10220967399736	
3802 HALIBUT POINT ROAD	99835	-135.39831680411126	57.101517446096366	
3804 HALIBUT POINT ROAD	99835	-135.39845829685333	57.10173572123438	
90 BERRY KNOLL LANE	99835	-135.39962728710898	57.103812841814054	
3896 HALIBUT POINT ROAD	99835	-135.3979537221414	57.103620981802884	
4002 HALIBUT POINT ROAD	99835	-135.39971202429143	57.10524049379091	
3914 HALIBUT POINT ROAD	99835	-135.400210942312	57.1045500349631	
102 MCCONKEY DRIVE	99835	-135.40015350313442	57.10420156310983	
4008 HALIBUT POINT ROAD	99835	-135.39979016694133	57.10566720499485	
3916 HALIBUT POINT ROAD	99835	-135.40037661680321	57.104827848088014	
3922 HALIBUT POINT ROAD	99835	-135.39890113125412	57.104891730824704	
108 MCCONKEY DRIVE	99835	-135.39868881174175	57.10445058983915	
101 BERRY KNOLL LANE	99835	-135.39885247939662	57.103944861174355	
106 MCCONKEY DRIVE	99835	-135.39929348931906	57.10434845620401	
104 MCCONKEY DRIVE	99835	-135.39971162723603	57.10427715813402	
102 BERRY KNOLL LANE	99835	-135.39823752419417	57.10395822984527	
104 BERRY KNOLL LANE	99835	-135.39837405643925	57.10417362476105	
3878 HALIBUT POINT ROAD	99835	-135.39924588669385	57.10280474184711	
3870 HALIBUT POINT ROAD	99835	-135.39876535718713	57.10263219579809	
3900 HALIBUT POINT ROAD	99835	-135.39880597810594	57.10347420682358	
3890 HALIBUT POINT ROAD	99835	-135.39857732273015	57.103157308121006	
3902 HALIBUT POINT ROAD	99835	-135.3994285896496	57.10336919482948	
3898 HALIBUT POINT ROAD	99835	-135.39837949933155	57.10354667982631	
3880 HALIBUT POINT ROAD	99835	-135.39866422844568	57.102903343898724	
3836 HALIBUT POINT ROAD	99835	-135.39827729530674	57.10213632891778	
3850 HALIBUT POINT ROAD	99835	-135.39899446531382	57.102352975179826	
3852 HALIBUT POINT ROAD	99835	-135.3984083074044	57.10245135984977	
3820 HALIBUT POINT ROAD	99835	-135.39874480014015	57.10205606896451	
117 GRANITE CREEK ROAD	99835	-135.39688170322404	57.101899036166834	
131 GRANITE CREEK ROAD	99835	-135.39726127466926	57.102311447105215	
115 GRANITE CREEK ROAD	99835	-135.39736030314955	57.10181372379675	
107 GRANITE CREEK ROAD	99835	-135.397824787847	57.10173331091413	
107 EMMONS STREET	99835	-135.3703100841938	57.07956804179143	
204 CUSHING STREET	99835	-135.37069539407705	57.079400944906226	
110 EMMONS STREET	99835	-135.36974458214604	57.07987144992161	
203 CUSHING STREET	99835	-135.3714703437232	57.079187408205186	
211 CUSHING STREET	99835	-135.37198077634912	57.080097457760836	
209 CUSHING STREET	99835	-135.371799781989	57.07987370787828	
207 CUSHING STREET	99835	-135.37158962202662	57.07966577512734	
115 EMMONS STREET	99835	-135.37180407413945	57.080610820114956	
116 EMMONS STREET	99835	-135.37074995774742	57.08053283688932	
206 CUSHING STREET	99835	-135.3708153901344	57.07969799987358	
109 EMMONS STREET	99835	-135.37047442558514	57.07985445006692	
114 EMMONS STREET	99835	-135.37036384117704	57.08036181580166	
112 EMMONS STREET	99835	-135.36998877927454	57.080154284160564	
200 CUSHING STREET	99835	-135.37081601176854	57.0788631650626	
201 CUSHING STREET	99835	-135.37152483463	57.07901611288281	
106 JACOBS CIRCLE	99835	-135.3685011071803	57.0762326037801	
100 EMMONS STREET	99835	-135.3696016655742	57.07855444413005	
102 EMMONS STREET	99835	-135.36943773740794	57.07876845512005	
106 EMMONS STREET	99835	-135.36954070500073	57.0792991621109	
108 EMMONS STREET	99835	-135.36961780111335	57.07957223796341	
103 EMMONS STREET	99835	-135.37020248309074	57.07900088389217	
105 EMMONS STREET	99835	-135.37023762608297	57.079274215812084	
202 CUSHING STREET	99835	-135.3706889396817	57.07909361303286	
101 EMMONS STREET	99835	-135.37027173062273	57.07877484496077	
104 EMMONS STREET	99835	-135.36946379214442	57.07904426011082	
197 BRIGHTMAN STREET	99835	-135.37483031597364	57.08083607992971	
191 BRIGHTMAN STREET	99835	-135.3750345937676	57.08006887390096	
189 BRIGHTMAN STREET	99835	-135.37496650955387	57.0798060540678	
2370 HALIBUT POINT ROAD	99835	-135.3738898167021	57.07909941305142	
100 KUHNLE DRIVE	99835	-135.37581870892456	57.0792694220315	
103 KUHNLE DRIVE	99835	-135.37549622182243	57.07992111907717	
101 KUHNLE DRIVE	99835	-135.37590746337295	57.07988559522427	
2406 HALIBUT POINT ROAD	99835	-135.37624522003833	57.07983114598298	
2410 HALIBUT POINT ROAD	99835	-135.37564758525284	57.080199430229406	
104 KUHNLE DRIVE	99835	-135.37536222911461	57.07956806620196	
2003 CASCADE CREEK ROAD	99835	-135.36305788788707	57.07451941602063	
2005 CASCADE CREEK ROAD	99835	-135.36273857183784	57.07471662092811	
2009 CASCADE CREEK ROAD	99835	-135.3624033493199	57.07491832714415	
2007 CASCADE CREEK ROAD	99835	-135.3627547442079	57.07510913506594	
2011 CASCADE CREEK ROAD	99835	-135.36218158492065	57.075314207212834	
2013 CASCADE CREEK ROAD	99835	-135.36200354601786	57.07509611291532	
2015 CASCADE CREEK ROAD	99835	-135.36173109507703	57.075388061891694	
2017 CASCADE CREEK ROAD	99835	-135.3614512159671	57.0755441479514	
2610 HALIBUT POINT ROAD	99835	-135.3786229087801	57.08442110009209	
2620 HALIBUT POINT ROAD	99835	-135.3804793985873	57.084977068967724	
109 SHARON DRIVE	99835	-135.37927933470766	57.08561798201145	
103 SHARON DRIVE	99835	-135.38014447431	57.08535877805825	
105 SHARON DRIVE	99835	-135.3798090999768	57.08546657511301	
107 SHARON DRIVE	99835	-135.37948873020375	57.0855614109768	
100 SHARON DRIVE	99835	-135.37987208984453	57.085124089994835	
102 SHARON DRIVE	99835	-135.3794047610809	57.08527922813637	
103 NEVERS DRIVE	99835	-135.37858476182157	57.08521763512526	
104 NEVERS DRIVE	99835	-135.37835474909136	57.08497988309272	
111 SHARON DRIVE	99835	-135.37892410311508	57.085740045856056	
104 SHARON DRIVE	99835	-135.37882101694464	57.08546078682891	
109 BRIGHTMAN STREET	99835	-135.37992597438853	57.08804486613441	
2600 HALIBUT POINT ROAD	99835	-135.37876132209738	57.083651706093654	
2522 HALIBUT POINT ROAD	99835	-135.37829419096312	57.08316744913665	
2520 HALIBUT POINT ROAD	99835	-135.37797642271116	57.08284712318088	
2514 HALIBUT POINT ROAD	99835	-135.37762102043865	57.082479886966965	
2412 HALIBUT POINT ROAD	99835	-135.37572474694247	57.080420737149254	
2408 HALIBUT POINT ROAD	99835	-135.37622541308463	57.08025611001241	
195 BRIGHTMAN STREET	99835	-135.3749028279834	57.08064548795279	
2414 HALIBUT POINT ROAD	99835	-135.37610472622282	57.0806261538952	
2416 HALIBUT POINT ROAD	99835	-135.37615292173612	57.080975469840055	
2502 HALIBUT POINT ROAD	99835	-135.37690867438468	57.081289900001345	
2506 HALIBUT POINT ROAD	99835	-135.37691522939127	57.08167687499297	
2510 HALIBUT POINT ROAD	99835	-135.37737890291	57.08195537019662	
2500 HALIBUT POINT ROAD	99835	-135.3764025545704	57.08131328811355	
199 BRIGHTMAN STREET	99835	-135.37455440292572	57.08104541797013	
102 KUHNLE DRIVE	99835	-135.37559977691342	57.07938230395104	
187 BRIGHTMAN STREET	99835	-135.3749154484148	57.079535752000226	
2316 HALIBUT POINT ROAD	99835	-135.37516072711492	57.07872505807356	
2318 HALIBUT POINT ROAD	99835	-135.37545227623872	57.07907624909976	
2314 HALIBUT POINT ROAD	99835	-135.37474913162816	57.07841974820304	
193 BRIGHTMAN STREET	99835	-135.37501812495344	57.08037759297063	
102 SAND DOLLAR DRIVE	99835	-135.37104607300776	57.07696208288399	
2214 HALIBUT POINT ROAD	99835	-135.37257065597873	57.07652469224175	
2310 HALIBUT POINT ROAD	99835	-135.37305643344334	57.07810264604045	
105 SAND DOLLAR DRIVE	99835	-135.37197142488696	57.07688203695948	
2302 HALIBUT POINT ROAD	99835	-135.37368346379986	57.07741913122916	
2306 HALIBUT POINT ROAD	99835	-135.37419683930665	57.07785273093506	
2308 HALIBUT POINT ROAD	99835	-135.37448236432812	57.07809094120938	
2304 HALIBUT POINT ROAD	99835	-135.3739460350692	57.07764162796778	
2220 HALIBUT POINT ROAD	99835	-135.37313026777318	57.077033694218215	
2222 HALIBUT POINT ROAD	99835	-135.37336541078193	57.077229739858666	
111 SAND DOLLAR DRIVE	99835	-135.3726558126744	57.077467023062525	
109 SAND DOLLAR DRIVE	99835	-135.37253146158457	57.07726152876872	
2216 HALIBUT POINT ROAD	99835	-135.372821251807	57.07672607224322	
107 SAND DOLLAR DRIVE	99835	-135.37224484331338	57.07708038498171	
108 SAND DOLLAR DRIVE	99835	-135.37151753402168	57.077427719842646	
110 SAND DOLLAR DRIVE	99835	-135.37166779342266	57.077593968760546	
112 SAND DOLLAR DRIVE	99835	-135.37188370619612	57.07773145013736	
104 SAND DOLLAR DRIVE	99835	-135.37120913609644	57.07711729910788	
106 SAND DOLLAR DRIVE	99835	-135.3713722458975	57.07727252005302	
2180 HALIBUT POINT ROAD	99835	-135.3716513821007	57.076449635796365	
2168 HALIBUT POINT ROAD	99835	-135.37115956975404	57.07614447906511	
2212 HALIBUT POINT ROAD	99835	-135.37232488590016	57.07637792177817	
2210 HALIBUT POINT ROAD	99835	-135.3721085464269	57.07620821788892	
2166 HALIBUT POINT ROAD	99835	-135.37187242874606	57.07592071608086	
2174 HALIBUT POINT ROAD	99835	-135.37115228801034	57.07635322691827	
2176 HALIBUT POINT ROAD	99835	-135.37053428841736	57.076477000839766	
2178 HALIBUT POINT ROAD	99835	-135.37084897185463	57.07677421690706	
105 KRAMER AVENUE	99835	-135.370453181327	57.07611785397291	
2150 HALIBUT POINT ROAD	99835	-135.37133407827775	57.07561513997567	
2160 HALIBUT POINT ROAD	99835	-135.37146197861125	57.07579998509567	
101 KRAMER AVENUE	99835	-135.3706846421414	57.075819627807846	
103 KRAMER AVENUE	99835	-135.37008891627588	57.07600839798937	
2018 CASCADE CREEK ROAD	99835	-135.36064117543103	57.07537130216232	
2016 CASCADE CREEK ROAD	99835	-135.36066750595032	57.07517238984113	
205 CEDAR HEIGHTS ROAD	99835	-135.36165381121648	57.0737203899726	
2000 CASCADE CREEK ROAD	99835	-135.36249317635674	57.074102896065234	
1921 CASCADE CREEK ROAD	99835	-135.3633990051499	57.07382679408038	
1922 CASCADE CREEK ROAD	99835	-135.36256606835383	57.07384878795836	
2014 CASCADE CREEK ROAD	99835	-135.3608274536816	57.075037451170665	
2010 CASCADE CREEK ROAD	99835	-135.3612340976545	57.07495474196673	
2008 CASCADE CREEK ROAD	99835	-135.36146084590695	57.07478854811526	
2002 CASCADE CREEK ROAD	99835	-135.36222868089607	57.074328609948836	
2006 CASCADE CREEK ROAD	99835	-135.36151141476924	57.074402867954824	
203 CEDAR HEIGHTS ROAD	99835	-135.3618110190862	57.07406222013502	
2012 CASCADE CREEK ROAD	99835	-135.36094064500065	57.07468969403377	
2309 HALIBUT POINT ROAD	99835	-135.37591563804204	57.07786819621367	
2407 HALIBUT POINT ROAD	99835	-135.37733148623605	57.0797013279951	
2325 HALIBUT POINT ROAD	99835	-135.37668063255822	57.07916876909557	
2323 HALIBUT POINT ROAD	99835	-135.37622313405873	57.07859659689411	
2301 MERGANSER DRIVE	99835	-135.3752486596048	57.07695792987058	
2309 MERGANSER DRIVE	99835	-135.37583999001365	57.077109000927216	
2305 HALIBUT POINT ROAD	99835	-135.37485378176552	57.07745175291215	
2303 HALIBUT POINT ROAD	99835	-135.37458682581925	57.077228463106835	
2307 MERGANSER DRIVE	99835	-135.37525013913012	57.07730465215954	
2217 HALIBUT POINT ROAD	99835	-135.37428916186335	57.076607299807606	
2219 HALIBUT POINT ROAD	99835	-135.37428855639885	57.07696424092747	
2221 HALIBUT POINT ROAD	99835	-135.3748237555771	57.0767168638801	
101 HARBOR MOUNTAIN ROAD	99835	-135.39637288666734	57.0985802548514	
3614 HALIBUT POINT ROAD	99835	-135.39627106891808	57.09963647394981	
109 HARBOR MOUNTAIN ROAD	99835	-135.3959349391017	57.09915755312578	
4257 HALIBUT POINT ROAD	99835	-135.3987341757653	57.10903616100226	
3918 HALIBUT POINT ROAD	99835	-135.3994996948976	57.10467341280034	
2512 HALIBUT POINT ROAD	99835	-135.37720494056202	57.08219225411313	
120 GRANITE CREEK ROAD	99835	-135.39557873732863	57.101309079912326	
140 GRANITE CREEK ROAD	99835	-135.39428400539109	57.10136392016589	
3920 HALIBUT POINT ROAD	99835	-135.39963438559633	57.104885648943146	
4260 HALIBUT POINT ROAD	99835	-135.39644068342017	57.10853667913004	
2213 HALIBUT POINT ROAD	99835	-135.37351385738265	57.07614514895219	
4010 HALIBUT POINT ROAD	99835	-135.3997414288456	57.10604777612839	
104 KINCROFT WAY	99835	-135.38904039085566	57.09184267316041	
104 KINCROFT WAY	99835	-135.38922272640048	57.09203689284225	
3700 HALIBUT POINT ROAD	99835	-135.39961025774613	57.10052080481744	
4010 HALIBUT POINT ROAD	99835	-135.40136884376378	57.10609328877389	
3700 HALIBUT POINT ROAD	99835	-135.40156902883328	57.10537827519039	
3203 HALIBUT POINT ROAD	99835	-135.39111544526307	57.092070086837865	
2703 HALIBUT POINT ROAD	99835	-135.38213853301815	57.08558447276431	
2102 HALIBUT POINT ROAD	99835	-135.37101568479832	57.074102329168944	
2112 HALIBUT POINT ROAD	99835	-135.36996992273842	57.07502445584978	
2100 HALIBUT POINT ROAD	99835	-135.36903100719672	57.07417711106592	
2916 HALIBUT POINT ROAD	99835	-135.3853909553695	57.08928215080383	
103 JACOBS CIRCLE	99835	-135.36834201284853	57.07690340602459	
107 JACOBS CIRCLE	99835	-135.3676728649799	57.076798043871264	
111 JACOBS CIRCLE	99835	-135.36730189670018	57.076606395080695	
115 JACOBS CIRCLE	99835	-135.36722712722414	57.07629439822542	
102 KRAMER AVENUE	99835	-135.36822549776292	57.07538803699011	
118 JACOBS CIRCLE	99835	-135.36748405437856	57.07563383116187	
114 JACOBS CIRCLE	99835	-135.36818574820992	57.07580983086609	
110 JACOBS CIRCLE	99835	-135.36824580238326	57.076070408129425	
102 JACOBS CIRCLE	99835	-135.36861880265218	57.076412449049265	
440 KRAMER AVENUE	99835	-135.3691754140736	57.07839990376542	
420 KRAMER AVENUE	99835	-135.36840511770063	57.07807574796802	
410 KRAMER AVENUE	99835	-135.36902225940247	57.07802372892617	
430 KRAMER AVENUE	99835	-135.36856963606007	57.07846442622186	
240 KRAMER AVENUE	99835	-135.36886306625604	57.07761054293239	
220 KRAMER AVENUE	99835	-135.36812657169054	57.07725905680342	
230 KRAMER AVENUE	99835	-135.36823780198736	57.07767943793626	
210 KRAMER AVENUE	99835	-135.36877045534013	57.07715059678411	
2957 SAWMILL CREEK ROAD	99835	-135.2495622501513	57.03386139293848	
302 ISLANDER DRIVE	99835	-135.2790697881089	57.03613524806848	
305 ISLANDER DRIVE	99835	-135.27702804862213	57.035665820025066	
303 ISLANDER DRIVE	99835	-135.27760051440998	57.036193752822754	
301 ISLANDER DRIVE	99835	-135.27830236993805	57.03637875275927	
304 ISLANDER DRIVE	99835	-135.27848774178852	57.035601766192144	
306 ISLANDER DRIVE	99835	-135.2783469533256	57.03503059190429	
307 ISLANDER DRIVE	99835	-135.27706137971242	57.035274797921296	
2906 SAWMILL CREEK ROAD	99835	-135.25405807021332	57.03488877993472	
2902 SAWMILL CREEK ROAD	99835	-135.2542480108953	57.03517848100907	
2810 SAWMILL CREEK ROAD	99835	-135.25686746143288	57.03564979997852	
2904 SAWMILL CREEK ROAD	99835	-135.2545350307134	57.03478142687172	
2840 SAWMILL CREEK ROAD	99835	-135.25591019510654	57.03570989796823	
2820 SAWMILL CREEK ROAD	99835	-135.25618352100645	57.03612120877113	
2840 SAWMILL CREEK ROAD	99835	-135.25591090118235	57.03660757595548	
2956 SAWMILL CREEK ROAD	99835	-135.25376258377366	57.03345404880556	
2954 SAWMILL CREEK ROAD	99835	-135.25385965482494	57.03370449414468	
2950 SAWMILL CREEK ROAD	99835	-135.25405402689623	57.03412544885884	
2908 SAWMILL CREEK ROAD	99835	-135.25386003840558	57.03462952703184	
313 ISLANDER DRIVE	99835	-135.2763322540272	57.03393546013869	
315 ISLANDER DRIVE	99835	-135.2758801193683	57.03333977480802	
316 ISLANDER DRIVE	99835	-135.27639470310913	57.03309033202969	
314 ISLANDER DRIVE	99835	-135.27709207784062	57.03304878992545	
105 PEACE LANE	99835	-135.25790596241035	57.0370819159692	
312 ISLANDER DRIVE	99835	-135.2774419842202	57.033749290037726	
310 ISLANDER DRIVE	99835	-135.27789202760113	57.03404056418746	
308 ISLANDER DRIVE	99835	-135.2781597569968	57.03462401383217	
311 ISLANDER DRIVE	99835	-135.2765404430859	57.03449401714746	
309 ISLANDER DRIVE	99835	-135.27652193779105	57.035051267027946	
2802 SAWMILL CREEK ROAD	99835	-135.2560774012253	57.03723001001253	
2800 SAWMILL CREEK ROAD	99835	-135.25667575196806	57.036574316192535	
218 SHOTGUN ALLEY	99835	-135.2804295050724	57.036999839197854	
220 SHOTGUN ALLEY	99835	-135.27981272269662	57.036789022890666	
222 SHOTGUN ALLEY	99835	-135.28031262976234	57.036366314794904	
217 SHOTGUN ALLEY	99835	-135.27874057891344	57.03684210710063	
2898 SAWMILL CREEK ROAD	99835	-135.255519442331	57.03478151094534	
2200 SAWMILL CREEK ROAD	99835	-135.2731097338967	57.03733054797201	
2808 SAWMILL CREEK ROAD	99835	-135.25755587457107	57.03630190291613	
2960 SAWMILL CREEK ROAD	99835	-135.25036112193348	57.03279707997318	
132 WOLFF DRIVE	99835	-135.29815995807692	57.04973870381974	
137 WOLFF DRIVE	99835	-135.29751230060484	57.04913768603711	
111 WOLFF DRIVE	99835	-135.29702400785743	57.049136854909314	
107 WOLFF DRIVE	99835	-135.29701476868476	57.048717261998185	
109 WOLFF DRIVE	99835	-135.2970186269489	57.04894611523337	
715 LINCOLN STREET	99835	-135.32631476526896	57.05122346011861	
105 JEFF DAVIS STREET	99835	-135.32518914028535	57.051415209233184	
103 JEFF DAVIS STREET	99835	-135.32561675722522	57.051306545171585	
101 JEFF DAVIS STREET	99835	-135.32528203327223	57.05108125898858	
106 KELLY STREET	99835	-135.32057002555229	57.04920937794527	
108 KELLY STREET	99835	-135.3204758515678	57.04933902118589	
111 METLAKATLA STREET	99835	-135.3196825619168	57.04959781086373	
105 METLAKATLA STREET	99835	-135.32009573574354	57.049094112146996	
101 METLAKATLA STREET	99835	-135.320327441798	57.0488302881763	
103 METLAKATLA STREET	99835	-135.32020797215344	57.04896236212702	
1000 RAPTOR WAY	99835	-135.3153963367769	57.0524981309773	
113 METLAKATLA STREET	99835	-135.3195063286277	57.049826316162736	
1410 SAWMILL CREEK ROAD	99835	-135.30228963740555	57.04640158494388	
1410 SAWMILL CREEK ROAD	99835	-135.3021825851731	57.04639895699879	
1410 SAWMILL CREEK ROAD	99835	-135.30207664595335	57.04639774124432	
1410 SAWMILL CREEK ROAD	99835	-135.30196980931663	57.04639790103196	
1410 SAWMILL CREEK ROAD	99835	-135.30185441712513	57.046362075836676	
181 PRICE STREET	99835	-135.30519704290742	57.05015942802098	
214 SMITH STREET	99835	-135.30735501900207	57.050172646055685	
207 SMITH STREET	99835	-135.30860102811522	57.04996312795002	
1207 SAWMILL CREEK ROAD	99835	-135.31177949037263	57.049402143991514	
104 SMITH STREET	99835	-135.3076175875765	57.04913160087186	
1305 SAWMILL CREEK ROAD	99835	-135.30938615567356	57.04870568617572	
1303 SAWMILL CREEK ROAD	99835	-135.30982367833604	57.04846753986054	
100 SMITH STREET	99835	-135.30855834196956	57.04842053702148	
1307 SAWMILL CREEK ROAD	99835	-135.30932202225048	57.04835468213017	
1311 SAWMILL CREEK ROAD	99835	-135.30754836429898	57.047985026832656	
107 SMITH STREET	99835	-135.3092399171318	57.0494124677841	
101 SMITH STREET	99835	-135.30928334977747	57.04907753891818	
1211 SAWMILL CREEK ROAD	99835	-135.31064495859297	57.04875334779736	
110 JARVIS STREET	99835	-135.3106593424173	57.050008142190045	
120 JARVIS STREET	99835	-135.30963335407344	57.04993962088822	
105 SMITH STREET	99835	-135.3088411675536	57.04910629616996	
103 SMITH STREET	99835	-135.30895482779326	57.048930895887885	
109 SMITH STREET	99835	-135.30871935510274	57.04929454213914	
201 SMITH STREET	99835	-135.30883058000967	57.049592665850426	
1315 SAWMILL CREEK ROAD	99835	-135.30697721364473	57.04775880578545	
113 HARVEST WAY	99835	-135.3055330128237	57.0493966989459	
119 HARVEST WAY	99835	-135.30642056898566	57.04929133295372	
115 HARVEST WAY	99835	-135.30597763487188	57.04939433701539	
143 PRICE STREET	99835	-135.30589065729112	57.04882983718434	
202 SMITH STREET	99835	-135.30726886517644	57.049740086078614	
208 SMITH STREET	99835	-135.30720084114986	57.04995663005261	
165 PRICE STREET	99835	-135.30510571568405	57.04939879605079	
153 PRICE STREET	99835	-135.3052818600399	57.04904814205041	
151 PRICE STREET	99835	-135.305281424357	57.048862731241826	
141 PRICE STREET	99835	-135.30528092219876	57.048674996132114	
101 BURKHART STREET	99835	-135.30411303327767	57.04919228684068	
179 PRICE STREET	99835	-135.30519829066736	57.049899882970365	
310 JARVIS STREET	99835	-135.30733744166693	57.0533144657709	
1204 BEARDSLEE WAY	99835	-135.30827243336742	57.05174502213662	
202 JARVIS STREET	99835	-135.3094110381086	57.05087175187221	
219 SMITH STREET	99835	-135.30805003835087	57.0509425780759	
217 SMITH STREET	99835	-135.3081773233384	57.050675877220556	
215 SMITH STREET	99835	-135.30785074530846	57.05041017900019	
210 JARVIS STREET	99835	-135.30879549900118	57.05152064199799	
221 SMITH STREET	99835	-135.307910774329	57.05123414397967	
223 SMITH STREET	99835	-135.30776526162603	57.051640240795265	
1202 BEARDSLEE WAY	99835	-135.3088765297348	57.05183750915275	
302 JARVIS STREET	99835	-135.30858560404178	57.052265831759904	
304 JARVIS STREET	99835	-135.30782879497448	57.052571666109586	
308 JARVIS STREET	99835	-135.30747219524773	57.0531478588987	
220 SMITH STREET	99835	-135.3070046832278	57.05096289305106	
213 PRICE STREET	99835	-135.30552612005053	57.05144719712613	
222 SMITH STREET	99835	-135.30696425993833	57.05125169292444	
224 SMITH STREET	99835	-135.30694225121388	57.051584426051676	
307 PRICE STREET	99835	-135.3056487409851	57.05228210114115	
1205 BEARDSLEE WAY	99835	-135.30690012831187	57.05248469880072	
312 JARVIS STREET	99835	-135.3071983213755	57.05348751103846	
118 CHIRIKOV DRIVE	99835	-135.29557335084448	57.049869687889874	
120 WOLFF DRIVE	99835	-135.29651787636513	57.049901874997595	
122 WOLFF DRIVE	99835	-135.29696162614917	57.04986220886382	
124 WOLFF DRIVE	99835	-135.29729834975194	57.049861823845646	
126 WOLFF DRIVE	99835	-135.29764287522298	57.049861430032635	
128 WOLFF DRIVE	99835	-135.29798561124997	57.04985373211129	
210 LANCE DRIVE	99835	-135.30117560338405	57.0500132607614	
209 LANCE DRIVE	99835	-135.30172612063453	57.050005600005086	
105 CHIRIKOV DRIVE	99835	-135.29637047270847	57.04819091291976	
103 CHIRIKOV DRIVE	99835	-135.29637036670724	57.04797248623306	
1603 SAWMILL CREEK ROAD	99835	-135.29637146894012	57.04774772220284	
108 WOLFF DRIVE	99835	-135.29643245376812	57.0485182581024	
110 WOLFF DRIVE	99835	-135.2963158775971	57.0488455652196	
112 WOLFF DRIVE	99835	-135.2963201742391	57.049067408034304	
207 LANCE DRIVE	99835	-135.30172364128438	57.04972962703391	
205 LANCE DRIVE	99835	-135.30172110623863	57.04945573592126	
203 LANCE DRIVE	99835	-135.3017185550232	57.04918441923271	
103 BURKHART STREET	99835	-135.30332342582102	57.04919509879432	
105 BURKHART STREET	99835	-135.30239061882327	57.0491971411862	
311 PRICE STREET	99835	-135.3057901151496	57.05308552220038	
114 LANCE DRIVE	99835	-135.30116730564578	57.048489924028644	
109 LANCE DRIVE	99835	-135.3017245422946	57.04847637020172	
123 LILLIAN DRIVE	99835	-135.30210042076567	57.04753431800528	
121 LILLIAN DRIVE	99835	-135.30209595344377	57.04767119393992	
119 LILLIAN DRIVE	99835	-135.30203827711094	57.04784332098692	
130 LILLIAN DRIVE	99835	-135.30286596235587	57.0473804908431	
110 LILLIAN DRIVE	99835	-135.3030322971088	57.047608246054075	
132 LILLIAN DRIVE	99835	-135.30336923990052	57.04737964990332	
135 LILLIAN DRIVE	99835	-135.30376260228198	57.047174685774955	
106 LILLIAN DRIVE	99835	-135.30353440864022	57.04760820500904	
203 VITSKARI STREET	99835	-135.30080419403149	57.04919082687232	
201 VITSKARI STREET	99835	-135.30080122509946	57.048943806044534	
202 LANCE DRIVE	99835	-135.30117052790268	57.048928598913434	
201 LANCE DRIVE	99835	-135.30171678534214	57.048927680807694	
204 LANCE DRIVE	99835	-135.30117255090872	57.04918283808862	
205 VITSKARI STREET	99835	-135.30080560887808	57.04942562403153	
208 LANCE DRIVE	99835	-135.30117389299173	57.049734607857495	
206 LANCE DRIVE	99835	-135.30117308810125	57.04945442107956	
101 KIKSADI COURT	99835	-135.30010600812133	57.04986526799917	
106 WOLFF DRIVE	99835	-135.29679518270007	57.04838202489468	
104 WOLFF DRIVE	99835	-135.29678409659115	57.04809565706786	
1601 SAWMILL CREEK ROAD	99835	-135.29680854873317	57.04779069421583	
134 WOLFF DRIVE	99835	-135.29817987821835	57.04951038120902	
136 WOLFF DRIVE	99835	-135.29817614032845	57.04929186114033	
138 WOLFF DRIVE	99835	-135.29817273481524	57.04907306323141	
140 WOLFF DRIVE	99835	-135.2981692080294	57.04884652779134	
105 KIKSADI COURT	99835	-135.2991857281302	57.04986919879965	
103 KIKSADI COURT	99835	-135.29965526135953	57.04986496702051	
108 KIKSADI COURT	99835	-135.29862305487725	57.04965651282534	
107 KIKSADI COURT	99835	-135.29870014739663	57.04987293611345	
141 WOLFF DRIVE	99835	-135.2974624521914	57.04870836819409	
139 WOLFF DRIVE	99835	-135.297507118224	57.04894786593655	
113 WOLFF DRIVE	99835	-135.29702966185383	57.04932674489221	
123 WOLFF DRIVE	99835	-135.29703561498923	57.04951868116447	
133 WOLFF DRIVE	99835	-135.29752344061268	57.04951771176961	
135 WOLFF DRIVE	99835	-135.29751772373425	57.04932629292908	
116 WOLFF DRIVE	99835	-135.2963301383522	57.0495110330099	
114 WOLFF DRIVE	99835	-135.2963248885977	57.0492866550085	
118 WOLFF DRIVE	99835	-135.29636693693948	57.04976471021327	
106 CHIRIKOV DRIVE	99835	-135.29557981871451	57.04831587822771	
1607 SAWMILL CREEK ROAD	99835	-135.29558267715373	57.04775342206621	
104 CHIRIKOV DRIVE	99835	-135.29558221272475	57.048047985806946	
1613 SAWMILL CREEK ROAD	99835	-135.29459555891222	57.04930874893774	
112 CHIRIKOV DRIVE	99835	-135.29554269134383	57.049097409788196	
108 CHIRIKOV DRIVE	99835	-135.29553571412902	57.048580898082065	
110 CHIRIKOV DRIVE	99835	-135.29553897411517	57.048838356191496	
114 CHIRIKOV DRIVE	99835	-135.29554713710615	57.04935464200024	
116 CHIRIKOV DRIVE	99835	-135.295552305114	57.04960781212256	
219 LANCE DRIVE	99835	-135.3017373801183	57.05137302705358	
217 LANCE DRIVE	99835	-135.30173511905878	57.05109568594433	
215 LANCE DRIVE	99835	-135.30173293166104	57.050823842811596	
213 LANCE DRIVE	99835	-135.30173073617848	57.05055266803801	
211 LANCE DRIVE	99835	-135.3017284688307	57.05028026979368	
180 PRICE STREET	99835	-135.30318437380157	57.05022154585394	
216 LANCE DRIVE	99835	-135.301180350082	57.050834587861225	
212 LANCE DRIVE	99835	-135.30117721496165	57.05028696795894	
214 LANCE DRIVE	99835	-135.3011787933016	57.050561251144195	
218 LANCE DRIVE	99835	-135.30118192033711	57.05110798315103	
220 LANCE DRIVE	99835	-135.30118388764757	57.05138013201032	
231 LANCE DRIVE	99835	-135.30166101074275	57.05286879078625	
229 LANCE DRIVE	99835	-135.3016514796176	57.052629993038	
227 LANCE DRIVE	99835	-135.30164315492988	57.052406910021155	
225 LANCE DRIVE	99835	-135.3019616723768	57.052182234876284	
223 LANCE DRIVE	99835	-135.3019573119544	57.05196108685453	
221 LANCE DRIVE	99835	-135.3020303333089	57.05168239579956	
228 LANCE DRIVE	99835	-135.30089939029878	57.05228777099444	
226 LANCE DRIVE	99835	-135.3008913153427	57.05206491115371	
604 VERSA PLACE	99835	-135.29809832197037	57.05145911996358	
610 VERSA PLACE	99835	-135.2978951176632	57.052169690808256	
608 VERSA PLACE	99835	-135.29788729423538	57.05191781284198	
606 VERSA PLACE	99835	-135.2981072000203	57.051688161017076	
612 VERSA PLACE	99835	-135.29732123433382	57.05235188693454	
112 NANCY COURT	99835	-135.29688840267374	57.051637828195275	
108 NANCY COURT	99835	-135.29724211970677	57.051656286193236	
104 NANCY COURT	99835	-135.29766192759183	57.05155269087252	
116 NANCY COURT	99835	-135.2964772267002	57.05159094418461	
323 ELIASON LOOP	99835	-135.29563216174952	57.05014057400318	
321 ELIASON LOOP	99835	-135.29563869070495	57.05055597483294	
317 ELIASON LOOP	99835	-135.29576058220758	57.05097594077145	
1602 HALEY AVENUE	99835	-135.2951376409822	57.051788098965666	
1807 SAWMILL CREEK ROAD	99835	-135.28638123459683	57.046558688128805	
1705 SAWMILL CREEK ROAD	99835	-135.29136558635813	57.048239066756835	
1701 SAWMILL CREEK ROAD	99835	-135.29225330781009	57.04825089680867	
1617 SAWMILL CREEK ROAD	99835	-135.29314902696302	57.04829697783214	
1615 SAWMILL CREEK ROAD	99835	-135.29363209510876	57.0483464112319	
1619 SAWMILL CREEK ROAD	99835	-135.29264228371798	57.04750050805063	
1621 SAWMILL CREEK ROAD	99835	-135.29264106470416	57.04815621622131	
1623 SAWMILL CREEK ROAD	99835	-135.29264512598755	57.048919657764394	
1719 SAWMILL CREEK ROAD	99835	-135.288189033919	57.04729475495423	
112 JAMESTOWN DRIVE	99835	-135.2865204635844	57.04707353091721	
107 JAMESTOWN DRIVE	99835	-135.28716281830137	57.04695769117909	
1801 SAWMILL CREEK ROAD	99835	-135.28744386881442	57.04673803612119	
105 JAMESTOWN DRIVE	99835	-135.28669824287408	57.04680063708015	
1805 SAWMILL CREEK ROAD	99835	-135.28680322898134	57.046588399211096	
1803 SAWMILL CREEK ROAD	99835	-135.2871639196359	57.04667909108845	
111 JAMESTOWN DRIVE	99835	-135.28665865232287	57.047492581936964	
109 JAMESTOWN DRIVE	99835	-135.28710811179886	57.047528149998406	
113 JAMESTOWN DRIVE	99835	-135.2862282595888	57.0474575738153	
101 JAMESTOWN DRIVE	99835	-135.286093520381	57.04645234118959	
310 PRICE STREET	99835	-135.30423112580493	57.052187058051004	
302 PRICE STREET	99835	-135.30423037571165	57.0516436540034	
108 JEWELLS COURT	99835	-135.30326100009532	57.05171449583514	
107 MARY'S COURT	99835	-135.30222228082724	57.0526735232057	
316 PRICE STREET	99835	-135.3037518126171	57.05248678302849	
105 MARY'S COURT	99835	-135.3027898633732	57.05286870186796	
103 MARY'S COURT	99835	-135.30326570277583	57.05288823115895	
101 MARY'S COURT	99835	-135.3037383774137	57.05279515999542	
318 PRICE STREET	99835	-135.30422572962502	57.052793521843114	
320 PRICE STREET	99835	-135.3042256568615	57.05307453987357	
317 PRICE STREET	99835	-135.30513314574125	57.05306647619856	
306 PRICE STREET	99835	-135.30423075569902	57.051915255153354	
104 LILLIAN DRIVE	99835	-135.30378550662675	57.04760812975981	
105 LILLIAN DRIVE	99835	-135.30377766882592	57.04796013912542	
102 SMITH STREET	99835	-135.307397856963	57.0484210691294	
1319 SAWMILL CREEK ROAD	99835	-135.3059630839609	57.04831289714426	
1319 SAWMILL CREEK ROAD	99835	-135.3059769476607	57.04765351821364	
1317 SAWMILL CREEK ROAD	99835	-135.30646106863193	57.0478979921013	
104 ROCKFISH WAY	99835	-135.30596896792602	57.048024445772185	
145 PRICE STREET	99835	-135.30601960236535	57.04844721619104	
149 PRICE STREET	99835	-135.30645192018906	57.048372538801246	
139 LILLIAN DRIVE	99835	-135.30410325421747	57.04723728795249	
100 LILLIAN DRIVE	99835	-135.30433344571242	57.047607851239896	
102 LILLIAN DRIVE	99835	-135.30403666300379	57.047608053044655	
1321 SAWMILL CREEK ROAD	99835	-135.30528684119818	57.04796445809714	
101 LILLIAN DRIVE	99835	-135.3043226479627	57.047960328223986	
103 LILLIAN DRIVE	99835	-135.30402852426732	57.04796024515745	
102 BURKHART STREET	99835	-135.30394505281112	57.0483544378194	
100 LANCE DRIVE	99835	-135.30157391638102	57.046934717764664	
101 LANCE DRIVE	99835	-135.30215519643843	57.04704932620483	
131 LILLIAN DRIVE	99835	-135.3031588149351	57.0470070310768	
129 LILLIAN DRIVE	99835	-135.30263450423638	57.04688972911787	
1531 SAWMILL CREEK ROAD	99835	-135.3001843241461	57.048422427006315	
108 LILLIAN DRIVE	99835	-135.3032833393998	57.04760824019048	
125 LILLIAN DRIVE	99835	-135.30211331608157	57.047410933241714	
127 LILLIAN DRIVE	99835	-135.30260644266352	57.047108520832616	
112 LILLIAN DRIVE	99835	-135.30270639191698	57.04759638990004	
109 LILLIAN DRIVE	99835	-135.3032760055538	57.04795986109683	
104 BURKHART STREET	99835	-135.30302711113467	57.04835467724394	
111 LILLIAN DRIVE	99835	-135.3030252102995	57.04795965489633	
115 LILLIAN DRIVE	99835	-135.30244861765127	57.047988836164166	
110 BURKHART STREET	99835	-135.302069248327	57.048232357961176	
117 LILLIAN DRIVE	99835	-135.30216545969054	57.04793419303526	
106 OCEANVIEW STREET	99835	-135.3008311354052	57.04763522778116	
108 LANCE DRIVE	99835	-135.3012019967854	57.047665856139254	
105 LANCE DRIVE	99835	-135.30174180521942	57.047770900827345	
106 LANCE DRIVE	99835	-135.3012133281344	57.04739297202923	
103 LANCE DRIVE	99835	-135.3017522301683	57.0474150807668	
102 OCEANVIEW STREET	99835	-135.30085079144192	57.047243804893895	
1511 SAWMILL CREEK ROAD	99835	-135.30026698622024	57.04739934821668	
112 OCEANVIEW STREET	99835	-135.30080422457422	57.048405172828815	
110 OCEANVIEW STREET	99835	-135.30081564485644	57.048066314148926	
112 LANCE DRIVE	99835	-135.3011790627962	57.0482105062374	
107 LANCE DRIVE	99835	-135.30173233158644	57.048137008888304	
110 LANCE DRIVE	99835	-135.30119106159344	57.04793505301895	
108 OCEANVIEW STREET	99835	-135.3008239470863	57.04784623223422	
1527 SAWMILL CREEK ROAD	99835	-135.3002537468496	57.047869688826545	
1529 SAWMILL CREEK ROAD	99835	-135.3003781976524	57.048181110149244	
220 VITSKARI STREET	99835	-135.30012435800762	57.04919549114854	
218 VITSKARI STREET	99835	-135.3001216172477	57.048937940235156	
100 KIKSADI COURT	99835	-135.30010225406173	57.04945945080073	
142 WOLFF DRIVE	99835	-135.2981338197971	57.04840406707967	
146 WOLFF DRIVE	99835	-135.29754517175772	57.048398339953394	
1537 SAWMILL CREEK ROAD	99835	-135.2986382391005	57.0484195118952	
1535 SAWMILL CREEK ROAD	99835	-135.2991354745766	57.04842062790494	
1533 SAWMILL CREEK ROAD	99835	-135.299560226789	57.04842155188666	
1547 SAWMILL CREEK ROAD	99835	-135.29854093987714	57.04772315976411	
1515 SAWMILL CREEK ROAD	99835	-135.29943780617873	57.04781517696342	
1545 SAWMILL CREEK ROAD	99835	-135.29853986369542	57.04804154278913	
105 WOLFF DRIVE	99835	-135.29740081159326	57.04823625912845	
144 WOLFF DRIVE	99835	-135.29775798803843	57.04810340812513	
102 KIKSADI COURT	99835	-135.29965102400635	57.04945817797939	
104 KIKSADI COURT	99835	-135.29920849503276	57.04945628316118	
106 KIKSADI COURT	99835	-135.29866397942666	57.04944296519563	
611 MERRILL STREET	99835	-135.32963812937496	57.0554432781533	
605 MERRILL STREET	99835	-135.33046504296703	57.05551708591392	
607 MERRILL STREET	99835	-135.3302030466195	57.05549377484762	
609 MERRILL STREET	99835	-135.32992175715458	57.055468655236155	
613 MERRILL STREET	99835	-135.3293707853565	57.05552378313457	
100 ANDREW P. HOPE STREET	99835	-135.31324291424244	57.05542067784981	
101 ANDREW P. HOPE STREET	99835	-135.3140548520204	57.05536554002774	
495 INDIAN RIVER ROAD	99835	-135.31440322407747	57.05530441811865	
102 LANCE DRIVE	99835	-135.3012477309148	57.04694838405275	
104 LANCE DRIVE	99835	-135.3013490033867	57.04715997584088	
143 LILLIAN DRIVE	99835	-135.3043413445987	57.04726161909912	
407 DEGROFF STREET	99835	-135.33383791143171	57.055198871032815	
409 DEGROFF STREET	99835	-135.3336372080343	57.05518094582977	
506 HIGHLAND STREET	99835	-135.33198508764917	57.055555109931234	
504 MONASTERY STREET	99835	-135.33302809996601	57.0554766480415	
505 HIGHLAND STREET	99835	-135.3325271176169	57.05540778118091	
503 HIGHLAND STREET	99835	-135.33250846679496	57.0552785079368	
413 BARANOF STREET	99835	-135.3317298951416	57.05449590708572	
406 MONASTERY STREET	99835	-135.3323232835907	57.05412876199381	
621 MERRILL STREET	99835	-135.32837003518054	57.055337682120694	
615 MERRILL STREET	99835	-135.32914036209624	57.055398657904895	
617 MERRILL STREET	99835	-135.3288227187101	57.055362976225716	
506 BARANOF STREET	99835	-135.3308551453623	57.05548229298062	
406 HOLLYWOOD WAY	99835	-135.33344753055871	57.05397716598335	
404 HOLLYWOOD WAY	99835	-135.3334103142548	57.0538426119141	
420 LAKE STREET	99835	-135.33474400343124	57.05489336121323	
411 HOLLYWOOD WAY	99835	-135.33412650330158	57.05437906993319	
408 LAKE STREET	99835	-135.3345592253672	57.054248339200456	
416 LAKE STREET	99835	-135.33464853317778	57.05457467296549	
410 LAKE STREET	99835	-135.33459677225113	57.05438525780958	
409 SAWMILL CREEK ROAD	99835	-135.333235378133	57.05367081410809	
402 HOLLYWOOD WAY	99835	-135.33345673290046	57.05364115510392	
402 LAKE STREET	99835	-135.3342973323259	57.053722164757275	
405 SAWMILL CREEK ROAD	99835	-135.33400661504206	57.05360336705161	
405 HOLLYWOOD WAY	99835	-135.3338850253734	57.05395579299686	
404 LAKE STREET	99835	-135.3342881048313	57.05401770515241	
505 DEGROFF STREET	99835	-135.33243211358908	57.05506958484799	
504 HIGHLAND STREET	99835	-135.3319582648531	57.05527409308661	
507 BARANOF STREET	99835	-135.33156701800416	57.05551765993353	
417 MONASTERY STREET	99835	-135.33324507993805	57.05471694279252	
414 HOLLYWOOD WAY	99835	-135.33338755094547	57.05445701384584	
502 MONASTERY STREET	99835	-135.3329538497162	57.055279489883034	
503 DEGROFF STREET	99835	-135.33282690698678	57.05509235488614	
405 DEGROFF STREET	99835	-135.33414331796706	57.055262109919184	
505 MONASTERY STREET	99835	-135.33365253958127	57.05540141223071	
510 LAKE STREET	99835	-135.33469515663936	57.05546869089872	
401 DEGROFF STREET	99835	-135.33482550039042	57.055246001104656	
403 DEGROFF STREET	99835	-135.3345281203022	57.055250036858226	
404 HIRST STREET	99835	-135.33421510323973	57.05555025202004	
419 MONASTERY STREET	99835	-135.33337975626375	57.05484525410993	
406 DEGROFF STREET	99835	-135.33382084074637	57.054835537124085	
415 HOLLYWOOD WAY	99835	-135.33421964961337	57.05463722798344	
402 DEGROFF STREET	99835	-135.33429505868992	57.05490260577015	
411 DEGROFF STREET	99835	-135.33337495926017	57.05515703219238	
405 MONASTERY STREET	99835	-135.33295014865723	57.05390470502133	
401 MONASTERY STREET	99835	-135.33287243091044	57.053718082913825	
411 MONASTERY STREET	99835	-135.3331098601316	57.054308308908915	
409 MONASTERY STREET	99835	-135.33327180661436	57.05414624019724	
407 MONASTERY STREET	99835	-135.33299698142625	57.05403961306202	
303 LINCOLN STREET	99835	-135.33502364089435	57.050366935916166	
104 CATHEDRAL WAY	99835	-135.3351263057549	57.0504550461201	
328 LINCOLN STREET	99835	-135.3338528046008	57.050205604884454	
331 LINCOLN STREET	99835	-135.33404456077798	57.05079764416693	
321 LINCOLN STREET	99835	-135.3343416947279	57.050674329852704	
322 LINCOLN STREET	99835	-135.33411360708735	57.05033905422641	
329 HARBOR DRIVE	99835	-135.3336996921505	57.05034325517	
337 LINCOLN STREET	99835	-135.33379208387748	57.051015165987764	
342 LINCOLN STREET	99835	-135.33324277575935	57.05067048903823	
407 LINCOLN STREET	99835	-135.3321841677909	57.05128517309079	
103 BARLOW STREET	99835	-135.32621998043007	57.051505392926984	
711 LINCOLN STREET	99835	-135.3265703242892	57.05134384013885	
102 BARLOW STREET	99835	-135.32583483404022	57.05160233686785	
106 FINN ALLEY	99835	-135.32643962660188	57.05175731912824	
107 FINN ALLEY	99835	-135.32683882443942	57.051947043765836	
498 DEGROFF STREET	99835	-135.33291322879737	57.05485092992282	
410 MONASTERY STREET	99835	-135.33244284486346	57.0543990869719	
408 MONASTERY STREET	99835	-135.33238260114555	57.05426275808617	
501 BARANOF STREET	99835	-135.33151959234706	57.05500512185587	
509 DEGROFF STREET	99835	-135.33191345688675	57.055027384835455	
415 BARANOF STREET	99835	-135.3316273686216	57.05466412692634	
503 BARANOF STREET	99835	-135.33153608002578	57.05527118681835	
400 LAKE STREET	99835	-135.33446933814324	57.053493075180015	
505 SAWMILL CREEK ROAD	99835	-135.33153575124237	57.05403824122264	
402 MONASTERY STREET	99835	-135.3322458227621	57.05395351001252	
200 FLUME CIRCLE	99835	-135.31608145219968	57.0537500781055	
105 KAASDA HEEN CIRCLE	99835	-135.31702833489965	57.05380717399158	
107 KAASDA HEEN CIRCLE	99835	-135.31735364540674	57.05369554018637	
104 KAASDA HEEN CIRCLE	99835	-135.31783903030757	57.05363252287726	
102 KAASDA HEEN CIRCLE	99835	-135.31798116893836	57.05395750779986	
100 KAASDA HEEN CIRCLE	99835	-135.318083879613	57.05423500976272	
101 KAASDA HEEN CIRCLE	99835	-135.31749626194124	57.054376664839296	
202 INDIAN RIVER ROAD	99835	-135.31725769724957	57.05442417701737	
103 KAASDA HEEN CIRCLE	99835	-135.31723583764546	57.054127858184415	
201 INDIAN RIVER ROAD	99835	-135.3185293595523	57.054901025846576	
100 INDIAN RIVER ROAD	99835	-135.31932371460522	57.05379011480449	
865 SAWMILL CREEK ROAD	99835	-135.32216027896376	57.05438383517458	
805 SAWMILL CREEK ROAD	99835	-135.3237567630901	57.055378180233504	
877 SAWMILL CREEK ROAD	99835	-135.32140612441816	57.05517941086295	
615 ETOLIN STREET	99835	-135.32819036134393	57.05263428508413	
611 ETOLIN STREET	99835	-135.32852809824638	57.05255410313162	
612 BIORKA STREET	99835	-135.32877472172447	57.053216678163764	
614 OJA STREET	99835	-135.32820121389088	57.05286897008858	
613 OJA STREET	99835	-135.32865901422429	57.053001834824165	
611 OJA STREET	99835	-135.32895731239083	57.0529622379572	
609 OJA STREET	99835	-135.32925671818003	57.05292245392898	
612 OJA STREET	99835	-135.32861752193963	57.05277068492773	
209 PARK STREET	99835	-135.32819711397994	57.053068323930866	
211 PARK STREET	99835	-135.32790983365038	57.053330577866255	
618 BIORKA STREET	99835	-135.32818702769592	57.053294152082216	
616 BIORKA STREET	99835	-135.32842712311685	57.05326251119006	
702 ETOLIN STREET	99835	-135.32749220238324	57.052394284926635	
700 ETOLIN STREET	99835	-135.32775335611106	57.05233606511321	
614 ETOLIN STREET	99835	-135.3279881640482	57.052242747791944	
416 GEODETIC WAY	99835	-135.32555892009395	57.055101473840615	
623 MERRILL STREET	99835	-135.3279257733568	57.0552368939104	
618 MERRILL STREET	99835	-135.32893434516393	57.05500701101707	
616 MERRILL STREET	99835	-135.3292109409315	57.05503194822924	
610 MERRILL STREET	99835	-135.32996184627075	57.05509958517273	
613 DEGROFF STREET	99835	-135.32960137211018	57.05478895076137	
612 MERRILL STREET	99835	-135.3297169412698	57.05507750494781	
614 MERRILL STREET	99835	-135.3294624422616	57.055054596157085	
604 MERRILL STREET	99835	-135.3304890306801	57.055148037827266	
606 MERRILL STREET	99835	-135.33022654295405	57.055123682046776	
611 DEGROFF STREET	99835	-135.329847960554	57.05481240589993	
609 DEGROFF STREET	99835	-135.3300919304087	57.05483583610831	
605 DEGROFF STREET	99835	-135.33058989082522	57.054885535850055	
603 DEGROFF STREET	99835	-135.33084702998204	57.05491258996725	
600 DEGROFF STREET	99835	-135.3309668212235	57.054608574188	
504 BARANOF STREET	99835	-135.33100982896602	57.055197205140246	
601 DEGROFF STREET	99835	-135.33109369837592	57.054942112143166	
602 MERRILL STREET	99835	-135.33072953213951	57.05517056110871	
406 BARANOF STREET	99835	-135.33072726299508	57.054354950102926	
408 BARANOF STREET	99835	-135.33077940301084	57.05448975684541	
606 DEGROFF STREET	99835	-135.33026769567553	57.05447696293531	
604 DEGROFF STREET	99835	-135.3305806453643	57.0546134322224	
607 DEGROFF STREET	99835	-135.33034017534592	57.054860287830685	
105 MONASTERY STREET	99835	-135.331855213717	57.051729232791395	
407 ETOLIN WAY	99835	-135.33234876879536	57.052037183173574	
408 OJA STREET	99835	-135.33274682667079	57.05227568719495	
404 ETOLIN WAY	99835	-135.3324064711793	57.051782138821686	
402 ETOLIN WAY	99835	-135.33247556420105	57.05156673997332	
104 LAKE STREET	99835	-135.3327618339259	57.051528347879646	
330 SEWARD STREET	99835	-135.33367709502957	57.05121808911617	
320 SEWARD STREET	99835	-135.33438402603903	57.050918628973484	
107 CATHEDRAL WAY	99835	-135.33547081325963	57.05049890814931	
305 SEWARD STREET	99835	-135.33574227156208	57.05104804394065	
107 CATHEDRAL WAY	99835	-135.33545392223735	57.05071585176304	
402 SAWMILL CREEK ROAD	99835	-135.33433739089935	57.053185842837756	
306 LAKE STREET	99835	-135.33425360143954	57.05295637913382	
203 LAKE STREET	99835	-135.33419993877942	57.05177113998634	
325 SEWARD STREET	99835	-135.33541949789733	57.05157765678786	
218 OBSERVATORY STREET	99835	-135.33574019914872	57.05183170975814	
319 SEWARD STREET	99835	-135.3351280026725	57.0513329252099	
323 SEWARD STREET	99835	-135.3348622783165	57.051102440149805	
315 SEWARD STREET	99835	-135.3353507651	57.05101975088385	
327 SEWARD STREET	99835	-135.3346517778926	57.05148979109473	
210 LAKE STREET	99835	-135.33382499455624	57.05220627794654	
208 LAKE STREET	99835	-135.33329527689781	57.05191784606504	
406 OJA STREET	99835	-135.3329891777614	57.0522451999268	
403 ETOLIN WAY	99835	-135.33290964721434	57.051910336182694	
405 ETOLIN WAY	99835	-135.33264403514775	57.05195678789055	
315 LINCOLN STREET	99835	-135.33480873064073	57.050600973208006	
318 LINCOLN STREET	99835	-135.3342396739594	57.050099218061774	
300 LINCOLN STREET	99835	-135.33458974922226	57.049957895039284	
237 LINCOLN STREET	99835	-135.33572551528707	57.05025828784242	
401 LINCOLN STREET	99835	-135.33257007415546	57.05126577780568	
101 MONASTERY STREET	99835	-135.3317479728384	57.05149394109578	
406 ETOLIN WAY	99835	-135.33207242455606	57.051650818026346	
419 LINCOLN STREET	99835	-135.33177023039616	57.051308911866265	
209 LAKE STREET	99835	-135.3350848386231	57.052207185222684	
305 LAKE STREET	99835	-135.33567072793622	57.05275685222757	
402 LAKE STREET	99835	-135.33495178465475	57.05289003786092	
313 LAKE STREET	99835	-135.33574078215534	57.05318693281066	
239 LINCOLN STREET	99835	-135.33539472415845	57.05008503110952	
103 CATHEDRAL WAY	99835	-135.33580889601345	57.05043170793469	
109 JEFF DAVIS STREET	99835	-135.32507648256555	57.05179680393037	
107 JEFF DAVIS STREET	99835	-135.32543160186873	57.051811443138725	
104 BARLOW STREET	99835	-135.32565181308087	57.052064707907455	
106 BARLOW STREET	99835	-135.32594418506145	57.05219069692876	
110 FINN ALLEY	99835	-135.3263023173141	57.052242955922935	
206 PARK STREET	99835	-135.32736351782046	57.052936826916245	
612 DEGROFF STREET	99835	-135.32946795791742	57.05442086421581	
613 SAWMILL CREEK ROAD	99835	-135.32912483381824	57.05422156306953	
616 SAWMILL CREEK ROAD	99835	-135.32848536987987	57.05389728592226	
708 ETOLIN STREET	99835	-135.32675396688273	57.05253769316235	
617 BIORKA STREET	99835	-135.32837967410356	57.05363913103284	
610 BIORKA STREET	99835	-135.32915390419916	57.05316668012196	
608 BIORKA STREET	99835	-135.32946227517493	57.05312605110606	
307 BARANOF STREET	99835	-135.33129273899172	57.052635831881744	
302 MONASTERY STREET	99835	-135.33193400764551	57.05289471779506	
304 MONASTERY STREET	99835	-135.33197321281943	57.05305751112917	
412 SAWMILL CREEK ROAD	99835	-135.33298814110552	57.05325662505483	
205 MONASTERY STREET	99835	-135.3321200756903	57.05225002407047	
410 OJA STREET	99835	-135.3324549074411	57.052326871217055	
201 MONASTERY STREET	99835	-135.33203491809633	57.052056802799335	
207 MONASTERY STREET	99835	-135.33218667498883	57.052407987802724	
300 MONASTERY STREET	99835	-135.3318638716797	57.052750999234526	
601 BIORKA STREET	99835	-135.3302350814408	57.05336168812893	
308 BARANOF STREET	99835	-135.33052073402308	57.05366058188137	
304 BARANOF STREET	99835	-135.33041991609872	57.05351303895544	
308 MONASTERY STREET	99835	-135.332073954387	57.05333783683216	
306 MONASTERY STREET	99835	-135.3320200752329	57.05318801789794	
300 BARANOF STREET	99835	-135.33050334623243	57.05332580809268	
210 BARANOF STREET	99835	-135.33005988390929	57.05297668177039	
611 SAWMILL CREEK ROAD	99835	-135.32937006400934	57.05418992589889	
606 SAWMILL CREEK ROAD	99835	-135.32991167536215	57.05374140682014	
605 SAWMILL CREEK ROAD	99835	-135.33011320431126	57.054093796768456	
603 SAWMILL CREEK ROAD	99835	-135.3303116053266	57.05413629487772	
601 SAWMILL CREEK ROAD	99835	-135.33069408012682	57.053943613007654	
404 BARANOF STREET	99835	-135.33079643057704	57.05420328906241	
402 BARANOF STREET	99835	-135.33074320180322	57.05406862588958	
608 DEGROFF STREET	99835	-135.3299823799615	57.05441287118319	
610 DEGROFF STREET	99835	-135.32972201764943	57.05441686696691	
609 SAWMILL CREEK ROAD	99835	-135.3296173252913	57.05415804394013	
607 SAWMILL CREEK ROAD	99835	-135.32986785374592	57.05412567682819	
611 BIORKA STREET	99835	-135.329126952944	57.0535374558845	
608 SAWMILL CREEK ROAD	99835	-135.3294755388001	57.05376317419023	
605 BIORKA STREET	99835	-135.3298759556515	57.053409545059914	
607 BIORKA STREET	99835	-135.32976712834807	57.0535768381519	
609 BIORKA STREET	99835	-135.32936894111523	57.05350454886817	
614 SAWMILL CREEK ROAD	99835	-135.3287351626143	57.05386346417239	
612 SAWMILL CREEK ROAD	99835	-135.328982685306	57.0538299560405	
610 SAWMILL CREEK ROAD	99835	-135.32923343205124	57.05379599890096	
615 BIORKA STREET	99835	-135.32862916320738	57.05360517811575	
613 BIORKA STREET	99835	-135.32887641999778	57.053571535887265	
601 LINCOLN STREET	99835	-135.32990817372914	57.05152186882213	
501 LINCOLN STREET	99835	-135.33117645567145	57.05144465797118	
611 LINCOLN STREET	99835	-135.32830361913832	57.051607467922516	
701 LINCOLN STREET	99835	-135.32777867961892	57.05184287322553	
109 FINN ALLEY	99835	-135.3268132736578	57.0521259108782	
111 FINN ALLEY	99835	-135.32678498301456	57.05232255421834	
706 ETOLIN STREET	99835	-135.32733167344196	57.05203907297441	
609 ETOLIN STREET	99835	-135.32888760761634	57.05261285807105	
612 ETOLIN STREET	99835	-135.32843981271856	57.052283939141105	
610 ETOLIN STREET	99835	-135.32894043304663	57.05223468686771	
603 ETOLIN STREET	99835	-135.32986327413462	57.05248240790887	
200 BARANOF STREET	99835	-135.33020102271516	57.05245213284879	
607 ETOLIN STREET	99835	-135.3291861492263	57.0525721067962	
606 OJA STREET	99835	-135.32959580435204	57.05262238705227	
607 OJA STREET	99835	-135.32953515729056	57.05289622305406	
605 ETOLIN STREET	99835	-135.32948297415572	57.05240574722869	
607 LINCOLN STREET	99835	-135.32877858268355	57.05162636077043	
102 BARANOF STREET	99835	-135.329642540103	57.051688955933	
603 LINCOLN STREET	99835	-135.32962196508973	57.05203192417212	
611 LINCOLN STREET	99835	-135.328384214189	57.052033961033715	
608 ETOLIN STREET	99835	-135.32890118026194	57.052110746090165	
105 FINN ALLEY	99835	-135.32687366919097	57.0517403728379	
101 FINN ALLEY	99835	-135.32696549138606	57.05152716893652	
105 BARLOW STREET	99835	-135.3262231847207	57.05180137016408	
719 LINCOLN STREET	99835	-135.32598364535693	57.051199821936834	
622 SAWMILL CREEK ROAD	99835	-135.32775072943716	57.053996958995484	
709 SAWMILL CREEK ROAD	99835	-135.32605684906943	57.054518640835106	
625 DEGROFF STREET	99835	-135.3281128582945	57.05464818688677	
623 DEGROFF STREET	99835	-135.3283475701119	57.054670320129134	
621 DEGROFF STREET	99835	-135.32859987723083	57.05469411976205	
703 ETOLIN STREET	99835	-135.327319892037	57.052735005120205	
200 PARK STREET	99835	-135.3277463187091	57.05266314315755	
705 LINCOLN STREET	99835	-135.3274740159903	57.05152559912949	
709 LINCOLN STREET	99835	-135.3270234165522	57.051319863934566	
611 LINCOLN STREET	99835	-135.327991907328	57.05149286719631	
1328 CANNON ISLAND DRIVE	99835	-135.30053224165565	57.042804808104066	
1618 SAWMILL CREEK ROAD	99835	-135.29236404762673	57.04671504791162	
1616 SAWMILL CREEK ROAD	99835	-135.2928320070077	57.046703027776985	
1614 SAWMILL CREEK ROAD	99835	-135.29345111602007	57.04677985903846	
1616 SAWMILL CREEK ROAD	99835	-135.29307181676435	57.046474070808905	
337 ELIASON LOOP	99835	-135.29962752587514	57.05011793382722	
339 ELIASON LOOP	99835	-135.3001142995714	57.05011780386007	
318 ELIASON LOOP	99835	-135.29647722400526	57.05051317214117	
316 ELIASON LOOP	99835	-135.2969233893591	57.05053257612543	
314 ELIASON LOOP	99835	-135.2973334577099	57.05055040683115	
500 LINCOLN STREET	99835	-135.32805949207838	57.049584005809336	
216 SMITH STREET	99835	-135.30708005457507	57.05041888819664	
620 MERRILL STREET	99835	-135.32863555382232	57.05498003708831	
617 SAWMILL CREEK ROAD	99835	-135.3286527547634	57.054304110856584	
615 SAWMILL CREEK ROAD	99835	-135.32887548395325	57.05425378304617	
619 DEGROFF STREET	99835	-135.3288565393822	57.05471837713967	
617 DEGROFF STREET	99835	-135.3291015324181	57.05474158219158	
303 PARK STREET	99835	-135.32793787366364	57.05377846679214	
619 SAWMILL CREEK ROAD	99835	-135.3283951224315	57.054308666034025	
622 DEGROFF STREET	99835	-135.32808941226557	57.054368298062194	
621 SAWMILL CREEK ROAD	99835	-135.3280473199063	57.05428087914991	
620 SAWMILL CREEK ROAD	99835	-135.32799592459395	57.05396365519703	
618 SAWMILL CREEK ROAD	99835	-135.32823668386987	57.05393098501577	
624 SAWMILL CREEK ROAD	99835	-135.3275457033466	57.0540247920155	
630 MERRILL STREET	99835	-135.32732541577766	57.055026197209806	
505 PARK STREET	99835	-135.3273491923866	57.05490314022792	
626 MERRILL STREET	99835	-135.32776414308097	57.0549010991269	
622 MERRILL STREET	99835	-135.32834739494044	57.054953982073805	
624 MERRILL STREET	99835	-135.32805458637864	57.05492746000146	
703 SAWMILL CREEK ROAD	99835	-135.3268607523155	57.054529121980984	
503 PARK STREET	99835	-135.32737095227776	57.05478999623036	
631 DEGROFF STREET	99835	-135.3273625215888	57.054577121038044	
629 DEGROFF STREET	99835	-135.32761345338702	57.05460098082101	
627 DEGROFF STREET	99835	-135.3278685452833	57.05462512589551	
701 SAWMILL CREEK ROAD	99835	-135.32711931260712	57.054518976950966	
700 PARK ST EXIT	99835	-135.32684996893883	57.054818006971736	
704 PARK ST EXIT	99835	-135.32636092430153	57.05474154115442	
707 SAWMILL CREEK ROAD	99835	-135.32631291384118	57.05449015012079	
705 SAWMILL CREEK ROAD	99835	-135.3266012622676	57.054438126834924	
117 JEFF DAVIS STREET	99835	-135.32503989867564	57.05252284708799	
713 ETOLIN STREET	99835	-135.3258043685757	57.05302662681498	
706 BIORKA STREET	99835	-135.3265134267957	57.05343251691205	
701 BIORKA STREET	99835	-135.32719337870225	57.053797131848356	
112 FINN ALLEY	99835	-135.32622443337894	57.05253031580691	
208 PARK STREET	99835	-135.32693711719946	57.05323301210657	
700 BIORKA STREET	99835	-135.32731258244556	57.0534287701854	
702 BIORKA STREET	99835	-135.32703825222913	57.05345069407619	
704 BIORKA STREET	99835	-135.32678061540565	57.053406151067726	
707 ETOLIN STREET	99835	-135.326540438238	57.052927400125036	
709 ETOLIN STREET	99835	-135.32630027724008	57.05295971209701	
711 ETOLIN STREET	99835	-135.32605264495388	57.05299313795889	
1703 SAWMILL CREEK ROAD	99835	-135.2919051872813	57.046742324939174	
1406 SAWMILL CREEK ROAD	99835	-135.3026612129464	57.04611784886947	
712 ETOLIN STREET	99835	-135.3259062788514	57.05252392584332	
714 ETOLIN STREET	99835	-135.3256143641133	57.05252379099891	
111 JEFF DAVIS STREET	99835	-135.325116344408	57.052122511882956	
113 JEFF DAVIS STREET	99835	-135.32504524275325	57.05225334292853	
115 JEFF DAVIS STREET	99835	-135.32508008391153	57.05238819980641	
205 JEFF DAVIS STREET	99835	-135.32473598514028	57.05335082411431	
203 JEFF DAVIS STREET	99835	-135.3247240609032	57.05320082886312	
722 BIORKA STREET	99835	-135.3245042745942	57.05370301208926	
717 BIORKA STREET	99835	-135.32502505311726	57.05400674606304	
715 SAWMILL CREEK ROAD	99835	-135.3252713217608	57.05435640693702	
713 SAWMILL CREEK ROAD	99835	-135.32556331195738	57.054416981774246	
711 SAWMILL CREEK ROAD	99835	-135.3258188422315	57.05446971494	
712 BIORKA STREET	99835	-135.32572352918328	57.05353866993963	
708 BIORKA STREET	99835	-135.32614799842634	57.05348166695453	
709 BIORKA STREET	99835	-135.32613214585655	57.0539394310362	
706 SAWMILL CREEK ROAD	99835	-135.32620799331093	57.05412286915624	
705 BIORKA STREET	99835	-135.32650397112906	57.05388920581528	
703 BIORKA STREET	99835	-135.32687611081192	57.053839997197784	
704 SAWMILL CREEK ROAD	99835	-135.3264687436952	57.05411741210059	
304 PARK STREET	99835	-135.3269226058144	57.054078597120174	
713 BIORKA STREET	99835	-135.32563602788468	57.05399371308684	
715 BIORKA STREET	99835	-135.32538669688435	57.05399782323571	
711 BIORKA STREET	99835	-135.325893806642	57.053989494968526	
714 BIORKA STREET	99835	-135.3254204780306	57.053579280916146	
715 ETOLIN STREET	99835	-135.32556513374078	57.05305907598584	
207 JEFF DAVIS STREET	99835	-135.32481960931008	57.05354519896628	
716 BIORKA STREET	99835	-135.32517649020954	57.05361196704058	
718 BIORKA STREET	99835	-135.32491429174104	57.053760116841616	
717 SAWMILL CREEK ROAD	99835	-135.32500395528447	57.05430157189699	
719 SAWMILL CREEK ROAD	99835	-135.32477000613673	57.05424047119799	
201 JEFF DAVIS STREET	99835	-135.32470872935625	57.053030294924056	
119 JEFF DAVIS STREET	99835	-135.32487592918682	57.052646424951924	
121 JEFF DAVIS STREET	99835	-135.32483628922827	57.05280237900379	
615 DEGROFF STREET	99835	-135.329345428611	57.05476468805596	
614 DEGROFF STREET	99835	-135.32908138230795	57.05442737696545	
301 PARK STREET	99835	-135.3279375179308	57.05362374310583	
210 PARK STREET	99835	-135.32732593141066	57.05319229278003	
705 ETOLIN STREET	99835	-135.32680097033165	57.05289248213602	
716 ETOLIN STREET	99835	-135.3252810900412	57.05271156576912	
1604 SAWMILL CREEK ROAD	99835	-135.29566723916471	57.04717725600599	
1612 SAWMILL CREEK ROAD	99835	-135.2945528700716	57.04714515107116	
1610 SAWMILL CREEK ROAD	99835	-135.29499273104878	57.04725280801457	
1326 CANNON ISLAND DRIVE	99835	-135.30165974321991	57.04275741007461	
1323 CANNON ISLAND DRIVE	99835	-135.3009816059102	57.04357351820066	
1321 CANNON ISLAND DRIVE	99835	-135.3033487205828	57.04417388177211	
1320 CANNON ISLAND DRIVE	99835	-135.3040421418287	57.04427771611436	
1324 CANNON ISLAND DRIVE	99835	-135.30178924614788	57.04334115778048	
1802 SAWMILL CREEK ROAD	99835	-135.28764885717572	57.04622288914006	
1720 SAWMILL CREEK ROAD	99835	-135.28805847457224	57.04628080775691	
1804 SAWMILL CREEK ROAD	99835	-135.28719931056315	57.0462625117619	
320 HARBOR DRIVE	99835	-135.33386342717904	57.04955096287732	
330 HARBOR DRIVE	99835	-135.3325781571964	57.0500680488769	
300 HARBOR DRIVE	99835	-135.33445535137426	57.04938097505289	
10 MAKSOUTOFF STREET	99835	-135.33434188876396	57.049237739809534	
3 MAKSOUTOFF STREET	99835	-135.3344148229819	57.04897487698448	
225 HARBOR DRIVE	99835	-135.3354640058264	57.049414358207066	
224 LINCOLN STREET	99835	-135.3356399687226	57.04965559913502	
236 LINCOLN STREET	99835	-135.33530299089657	57.04966168714605	
228 HARBOR WAY	99835	-135.3348580643195	57.0492932360867	
7 MAKSOUTOFF STREET	99835	-135.3346104526946	57.04909433104514	
9 MAKSOUTOFF STREET	99835	-135.3347134131009	57.04918829000616	
1 MAKSOUTOFF STREET	99835	-135.3336761706631	57.048339328171316	
803 LINCOLN STREET	99835	-135.32214382721767	57.050528104034186	
901 LINCOLN STREET	99835	-135.32086900104852	57.04881531700001	
107 METLAKATLA STREET	99835	-135.31999005344193	57.04922020115106	
109 METLAKATLA STREET	99835	-135.31988726730881	57.0493430751714	
104 KELLY STREET	99835	-135.32067205710058	57.04907792687614	
102 KELLY STREET	99835	-135.32077395120663	57.04894854413247	
110 KELLY STREET	99835	-135.32037550885224	57.04946392497513	
108 EAGLE WAY	99835	-135.308490682659	57.04715426611368	
110 EAGLE WAY	99835	-135.30878184191394	57.047120512983675	
1312 SAWMILL CREEK ROAD	99835	-135.30770931185518	57.04746580924131	
104 EAGLE WAY	99835	-135.30797978290914	57.04717925697469	
1308 SAWMILL CREEK ROAD	99835	-135.30833458331037	57.04759677200993	
1318 SAWMILL CREEK ROAD	99835	-135.30653831206826	57.047336357847506	
1314 SAWMILL CREEK ROAD	99835	-135.30716221359265	57.047362487104664	
216 VITSKARI STREET	99835	-135.29912977117283	57.04897807105021	
1302 SAWMILL CREEK ROAD	99835	-135.309870980924	57.04736187093642	
111 EAGLE WAY	99835	-135.30863065904487	57.0464203079479	
305 MONASTERY STREET	99835	-135.33285019042063	57.053040773070116	
301 MONASTERY STREET	99835	-135.33235951084953	57.052775956038666	
215 VITSKARI STREET	99835	-135.3008156143137	57.05083479990884	
213 VITSKARI STREET	99835	-135.30081335864404	57.050561088931445	
211 VITSKARI STREET	99835	-135.30081110207604	57.05028737789109	
209 VITSKARI STREET	99835	-135.30080884730467	57.05001366581055	
207 VITSKARI STREET	99835	-135.3008063670562	57.04971258405192	
325 ELIASON LOOP	99835	-135.2965075259764	57.05011819718175	
327 ELIASON LOOP	99835	-135.2970526757931	57.0501182147713	
329 ELIASON LOOP	99835	-135.29759689585347	57.05011822991786	
331 ELIASON LOOP	99835	-135.29813975855944	57.0501182421328	
333 ELIASON LOOP	99835	-135.2986539434483	57.05011818887559	
335 ELIASON LOOP	99835	-135.29914075667043	57.050118062817184	
312 ELIASON LOOP	99835	-135.2977560818134	57.05056878377463	
310 ELIASON LOOP	99835	-135.2981912589747	57.05058770402356	
308 ELIASON LOOP	99835	-135.2986520102738	57.05072695302631	
332 ELIASON LOOP	99835	-135.29866100959632	57.05049059180076	
334 ELIASON LOOP	99835	-135.29927795277052	57.050497564028944	
306 ELIASON LOOP	99835	-135.29914403821618	57.050758476863074	
304 ELIASON LOOP	99835	-135.29964214865132	57.05078419378601	
336 ELIASON LOOP	99835	-135.29966260868025	57.05050966208763	
230 VITSKARI STREET	99835	-135.3001349060257	57.05051057575694	
302 ELIASON LOOP	99835	-135.30011344437526	57.050809905805274	
401 LOUISE COURT	99835	-135.2988683111195	57.05118393122283	
600 VERSA PLACE	99835	-135.29814936514308	57.05111878577149	
309 ELIASON LOOP	99835	-135.2977104213458	57.05107731610176	
313 ELIASON LOOP	99835	-135.29718950088898	57.051027663052956	
407 LOUISE COURT	99835	-135.30024789612213	57.05130422196059	
405 LOUISE COURT	99835	-135.29975716894032	57.051261434788735	
403 LOUISE COURT	99835	-135.29926643187702	57.0512186461018	
219 VITSKARI STREET	99835	-135.30075737294055	57.051382220208744	
315 ELIASON LOOP	99835	-135.2966374349429	57.050950066167545	
217 VITSKARI STREET	99835	-135.30081786998338	57.05110851082317	
101 JARVIS STREET	99835	-135.31154716178565	57.05289008476285	
409 BARANOF STREET	99835	-135.331670615316	57.05435885306978	
1613 SAWMILL CREEK ROAD	99835	-135.2938903535664	57.04838072711673	
113 LILLIAN DRIVE	99835	-135.30277445636779	57.047959358788475	
107 LILLIAN DRIVE	99835	-135.30352682865586	57.04796001501424	
218 SMITH STREET	99835	-135.30704249062313	57.050690561821156	
839 LINCOLN STREET	99835	-135.32172965536267	57.0490237099541	
416 MONASTERY STREET	99835	-135.33269427073506	57.05468925782989	
414 MONASTERY STREET	99835	-135.332655469803	57.05459935887022	
412 MONASTERY STREET	99835	-135.33261668683724	57.05450950219587	
502 DEGROFF STREET	99835	-135.3324061612605	57.05464640811706	
500 DEGROFF STREET	99835	-135.3324448570897	57.05473606513673	
508 DEGROFF STREET	99835	-135.3319618428429	57.05461043503413	
506 DEGROFF STREET	99835	-135.33200050273945	57.05470001299745	
418 MONASTERY STREET	99835	-135.3327356372556	57.054785099136105	
504 DEGROFF STREET	99835	-135.33236746632966	57.0545567508809	
1512 SAWMILL CREEK ROAD	99835	-135.29850916287228	57.04662119508168	
1408 SAWMILL CREEK ROAD	99835	-135.30211418565074	57.04618173211446	
1504 SAWMILL CREEK ROAD	99835	-135.30128067303463	57.046422271820234	
1502 SAWMILL CREEK ROAD	99835	-135.30163818814466	57.04633684498826	
1510 SAWMILL CREEK ROAD	99835	-135.29944358773585	57.04595777818434	
1506 SAWMILL CREEK ROAD	99835	-135.30081817361398	57.046211578854276	
1410 SAWMILL CREEK ROAD	99835	-135.30244141585763	57.04640776486539	
101 EAGLE WAY	99835	-135.3078202133686	57.04699306283105	
1412 SAWMILL CREEK ROAD	99835	-135.30192856586527	57.045941838805234	
1382 SAWMILL CREEK ROAD	99835	-135.3043595812973	57.04661306306104	
1209 SAWMILL CREEK ROAD	99835	-135.31024453186012	57.049306070871594	
101 SCARLETT WAY	99835	-135.30011199988428	57.051808704181056	
103 SCARLETT WAY	99835	-135.30013898797034	57.05248810509133	
201 PRICE STREET	99835	-135.30617806068986	57.05056090912941	
203 PRICE STREET	99835	-135.30530853281732	57.05075470103978	
199 PRICE STREET	99835	-135.30530821032215	57.05058654703724	
197 PRICE STREET	99835	-135.3053078447078	57.050398446866474	
215 SMITH STREET	99835	-135.30800687340317	57.050391776082655	
304 LAKE STREET	99835	-135.3338026911844	57.05264290777152	
404 SAWMILL CREEK ROAD	99835	-135.33356767214312	57.0530945390503	
404 SAWMILL CREEK ROAD	99835	-135.33396375102998	57.05305245111602	
304 LAKE STREET	99835	-135.33285483111737	57.05273422879209	
334 LINCOLN STREET	99835	-135.33346526599735	57.050505584776985	
1707 SAWMILL CREEK ROAD	99835	-135.29080325715992	57.04823016111126	
1711 SAWMILL CREEK ROAD	99835	-135.2900945717407	57.04747293400228	
1703 SAWMILL CREEK ROAD	99835	-135.2918587758221	57.04824654415527	
1707 SAWMILL CREEK ROAD	99835	-135.29042611296262	57.048223746953795	
1713 SAWMILL CREEK ROAD	99835	-135.28969793140678	57.04749348395332	
1715 SAWMILL CREEK ROAD	99835	-135.28927484197595	57.047447008094345	
99 SCARLETT WAY	99835	-135.29909486174256	57.05236623522562	
212 SMITH STREET	99835	-135.30685809434308	57.050176437084694	
1707 SAWMILL CREEK ROAD	99835	-135.29055906991286	57.04673668306914	
1713 SAWMILL CREEK ROAD	99835	-135.2896990300464	57.046520864039124	
1711 SAWMILL CREEK ROAD	99835	-135.2900497269434	57.04669704189604	
1715 SAWMILL CREEK ROAD	99835	-135.28934192726305	57.046637335001975	
1718 SAWMILL CREEK ROAD	99835	-135.28847982486465	57.04644700419102	
801 LINCOLN STREET	99835	-135.32159913374514	57.05115941600643	
121 ORION LANE	99835	-135.31982700472628	57.05004086419408	
601 VERSA PLACE	99835	-135.2986768783358	57.051167236780486	
602 VERSA PLACE	99835	-135.29797907690457	57.051102791931335	
311 ELIASON LOOP	99835	-135.29751633673544	57.05105881677484	
334 ELIASON LOOP	99835	-135.29904475641095	57.050493098773764	
1302 HALEY AVENUE	99835	-135.30374587565137	57.05306401678957	
117 HARVEST WAY	99835	-135.30642056988398	57.04957694106319	
335 HARBOR DRIVE	99835	-135.3332761688334	57.050303146839724	
719 ETOLIN STREET	99835	-135.32520443769633	57.05310762608359	
800 SAWMILL CREEK ROAD	99835	-135.32364170776682	57.053624574133224	
215 SMITH STREET	99835	-135.30865551902204	57.05039111403674	
215 SMITH STREET	99835	-135.30853352331488	57.050391239117005	
215 SMITH STREET	99835	-135.30840150779906	57.050391373969155	
215 SMITH STREET	99835	-135.30827235701065	57.050391505889756	
215 SMITH STREET	99835	-135.30814040168192	57.05039163976473	
605 VERSA PLACE	99835	-135.29906645880993	57.05169226506964	
802 SAWMILL CREEK ROAD	99835	-135.32232730002963	57.05341828188915	
212 JEFF DAVIS STREET	99835	-135.32344266265943	57.053013299870024	
121 JOHN BRADY DRIVE	99835	-135.32262434684293	57.05260255715356	
111 JOHN BRADY DRIVE	99835	-135.32388161723648	57.05235729001851	
837 LINCOLN STREET	99835	-135.32209176984696	57.04920813101171	
835 LINCOLN STREET	99835	-135.32232090941469	57.04943007377961	
833 LINCOLN STREET	99835	-135.32283949874338	57.04967742313529	
831 LINCOLN STREET	99835	-135.3230501069651	57.05016664900757	
842 LINCOLN STREET	99835	-135.32218842407994	57.04861836484849	
834 LINCOLN STREET	99835	-135.32360403422044	57.049851541220505	
116 HARVEST WAY	99835	-135.30579558409303	57.05015051110956	
120 HARVEST WAY	99835	-135.30636413771782	57.05015142087892	
118 HARVEST WAY	99835	-135.30636541602047	57.049865058877664	
114 HARVEST WAY	99835	-135.30579762506537	57.04989123717039	
803 SAWMILL CREEK ROAD	99835	-135.32377664460398	57.05443170104756	
200 JEFF DAVIS STREET	99835	-135.32404702941963	57.05282685991334	
124 JEFF DAVIS STREET	99835	-135.32410575588304	57.05262619786239	
202 JEFF DAVIS STREET	99835	-135.32398828858322	57.053020051772485	
501 SAWMILL CREEK ROAD	99835	-135.33216492138592	57.053767622930025	
805 LINCOLN STREET	99835	-135.3245084769131	57.05109321614448	
104 JEFF DAVIS STREET	99835	-135.32448215986855	57.05166415620898	
314 PRICE STREET	99835	-135.304239465764	57.052486106851454	
105 JEWELLS COURT	99835	-135.30326142589675	57.052122137148224	
112 JEWELLS COURT	99835	-135.30277463872577	57.05171528781906	
104 JEWELLS COURT	99835	-135.30374505189627	57.051713705805554	
106 BURKHART STREET	99835	-135.3022611176919	57.04850535708161	
108 BURKHART STREET	99835	-135.30245755229507	57.048232247043686	
205 PRICE STREET	99835	-135.30530913109533	57.05104465119837	
209 PRICE STREET	99835	-135.30617984115074	57.051041620009556	
113 MOLLY LANE	99835	-135.3030703937617	57.05137472194398	
101 MOLLY LANE	99835	-135.30427501479477	57.05137089390507	
102 MOLLY LANE	99835	-135.30387512705107	57.051372406065994	
109 MOLLY LANE	99835	-135.3034721868321	57.05137356595935	
117 MOLLY LANE	99835	-135.302668183873	57.05137587695143	
116 MOLLY LANE	99835	-135.3026705051197	57.050994314084264	
112 MOLLY LANE	99835	-135.30307271231342	57.05099265777486	
108 MOLLY LANE	99835	-135.3034744981973	57.05099100195393	
121 MOLLY LANE	99835	-135.30218366674472	57.0513469558277	
120 MOLLY LANE	99835	-135.30218259774955	57.0510203928865	
603 BIORKA STREET	99835	-135.33008532509643	57.053381634875564	
200 PRICE STREET	99835	-135.30407401315665	57.050872197953446	
208 JEFF DAVIS STREET	99835	-135.32371972105935	57.05324273977148	
118 MOLLY LANE	99835	-135.30217931530547	57.05057734879916	
130 INDIAN RIVER ROAD	99835	-135.31884616840355	57.05364062795628	
132 INDIAN RIVER ROAD	99835	-135.31833433530412	57.05344709391771	
140 INDIAN RIVER ROAD	99835	-135.31717086878913	57.05345125005126	
1210 BEARDSLEE WAY	99835	-135.306393693189	57.05147654079396	
204 JEFF DAVIS STREET	99835	-135.32411575413215	57.05327142100302	
1392 SAWMILL CREEK ROAD	99835	-135.30397704900489	57.046459950882316	
1402 SAWMILL CREEK ROAD	99835	-135.30338540418575	57.04642519099729	
110 MOLLY LANE	99835	-135.30308989977976	57.05068275413872	
114 MOLLY LANE	99835	-135.30266145638984	57.05061304387187	
100 CHARLIE JOSEPH STREET	99835	-135.31453305399222	57.0565518549567	
111 ANDREW P. HOPE STREET	99835	-135.31536478974076	57.05638537496894	
115 HERB DIDRICKSON STREET	99835	-135.30931022377754	57.05898684307838	
113 HERB DIDRICKSON STREET	99835	-135.30948543029223	57.05874687616421	
103 NAOMI KANOSH LANE	99835	-135.3100330783237	57.05729860906388	
101 NAOMI KANOSH LANE	99835	-135.30979293798705	57.0571405449869	
101 KATHERINE BENSON DRIVE	99835	-135.30844385977144	57.057962328002624	
113 NAOMI KANOSH LANE	99835	-135.30926383297964	57.058195637933366	
111 NAOMI KANOSH LANE	99835	-135.30936864032213	57.05803086283394	
109 NAOMI KANOSH LANE	99835	-135.3096289729898	57.05787333922043	
107 NAOMI KANOSH LANE	99835	-135.30984894435173	57.05770126989567	
108 NAOMI KANOSH LANE	99835	-135.30895689212176	57.05765316398796	
106 NAOMI KANOSH LANE	99835	-135.3092123038183	57.05746100889825	
110 NAOMI KANOSH LANE	99835	-135.30871153077663	57.05782035296215	
102 KATHERINE BENSON DRIVE	99835	-135.30830157830854	57.05839900982449	
108 KATHERINE BENSON DRIVE	99835	-135.30905700756355	57.0586831801287	
106 KATHERINE BENSON DRIVE	99835	-135.3086776382393	57.05855874405518	
100 KATHERINE BENSON DRIVE	99835	-135.30796812098012	57.0582387341464	
102 AUSTIN STREET	99835	-135.33471818405337	57.0617366371492	
501 VERSTOVIA AVENUE	99835	-135.33565935526474	57.06127207909867	
809 CHARLES STREET	99835	-135.33559520297703	57.06192639920685	
805 CHARLES STREET	99835	-135.3354885738511	57.061715112815044	
801 CHARLES STREET	99835	-135.33539373870659	57.0615273918795	
813 CHARLES STREET	99835	-135.335701746763	57.06213774398576	
815 CHARLES STREET	99835	-135.33580580401224	57.062344408818774	
704 MONASTERY STREET	99835	-135.3351225660684	57.05986026980544	
706 MONASTERY STREET	99835	-135.33521663315335	57.060044917917054	
708 MONASTERY STREET	99835	-135.33532892076724	57.0602267691346	
502 PHERSON STREET	99835	-135.33439633116177	57.05941541880243	
505 FIRST STREET	99835	-135.3339600248182	57.059196371820505	
706 SIRSTAD STREET	99835	-135.33569463929246	57.05951321988182	
709 MONASTERY STREET	99835	-135.33581494796348	57.05992470287548	
501 PHERSON STREET	99835	-135.33502857893347	57.05967556313559	
620 MONASTERY STREET	99835	-135.33472187792577	57.05903243793073	
622 MONASTERY STREET	99835	-135.3348114785872	57.05920946500735	
500 PHERSON STREET	99835	-135.33490121489416	57.05938641406054	
503 FIRST STREET	99835	-135.33426152458037	57.05915063697586	
701 PHERSON STREET	99835	-135.33463175534322	57.05983448003578	
710 PHERSON STREET	99835	-135.333841795747	57.06007181782694	
511 VERSTOVIA AVENUE	99835	-135.33461864982155	57.06127174695159	
512 VERSTOVIA AVENUE	99835	-135.33434515503836	57.0608816141976	
710 MONASTERY STREET	99835	-135.33538689623904	57.06041678900365	
709 CHARLES STREET	99835	-135.334867861346	57.060494475033906	
506 VERSTOVIA AVENUE	99835	-135.33506857911644	57.060850031059005	
711 CHARLES STREET	99835	-135.33498006811146	57.06067632600307	
714 MONASTERY STREET	99835	-135.33560857978995	57.06081139993843	
712 MONASTERY STREET	99835	-135.33549940034692	57.0605985128652	
505 VERSTOVIA AVENUE	99835	-135.33517443209794	57.06127184317655	
705 CHARLES STREET	99835	-135.33469789021277	57.06012252803622	
707 CHARLES STREET	99835	-135.33481009518164	57.06030439694673	
710 CHARLES STREET	99835	-135.3343354289788	57.06058226910848	
805 PHERSON STREET	99835	-135.33413142786594	57.06158135609193	
619 MONASTERY STREET	99835	-135.335180600829	57.05848596181612	
618 LAKE STREET	99835	-135.3356061103212	57.05826494512702	
703 SIRSTAD STREET	99835	-135.33576494144657	57.058970805244265	
415 ARROWHEAD STREET	99835	-135.3350715516417	57.058192986886674	
413 ARROWHEAD STREET	99835	-135.33557042474655	57.058069676125264	
504 SHENNET STREET	99835	-135.33369806709817	57.05828827203913	
417 ARROWHEAD STREET	99835	-135.33425459317962	57.05824882882244	
612 MONASTERY STREET	99835	-135.3342028241681	57.057888236890165	
501 SHENNET STREET	99835	-135.33355278166894	57.057944535050524	
601 BARANOF STREET	99835	-135.33198989363595	57.05608312796622	
501 LAKE STREET	99835	-135.3324172042503	57.05754982476257	
600 BARANOF STREET	99835	-135.33132583472343	57.05663131211717	
606 GEODETIC WAY	99835	-135.33007336492673	57.05576529996215	
604 GEODETIC WAY	99835	-135.33032457789764	57.055814594939406	
602 GEODETIC WAY	99835	-135.3305716101092	57.055836920941665	
510 BARANOF STREET	99835	-135.33086698336115	57.05581952414044	
508 BARANOF STREET	99835	-135.33083054409997	57.05561809808558	
608 GEODETIC WAY	99835	-135.32980311934992	57.05571230287894	
800 CHARLES STREET	99835	-135.33466257743896	57.061518142133764	
515 VERSTOVIA AVENUE	99835	-135.33417174784918	57.06127170592165	
720 PHERSON STREET	99835	-135.3335625993567	57.06103146314603	
708 PHERSON STREET	99835	-135.33388891238363	57.05990962724307	
702 PHERSON STREET	99835	-135.33398774143794	57.059502028923426	
706 PHERSON STREET	99835	-135.3339360101557	57.05974743790451	
101 CHARLIE JOSEPH STREET	99835	-135.3150040532721	57.056922141138315	
116 ANDREW P. HOPE STREET	99835	-135.31526245635854	57.057122671037405	
117 ANDREW P. HOPE STREET	99835	-135.3162738686386	57.057025253977805	
119 ANDREW P. HOPE STREET	99835	-135.31649382472918	57.05724381696081	
121 ANDREW P. HOPE STREET	99835	-135.3167842536538	57.057450291168095	
113 ANDREW P. HOPE STREET	99835	-135.31560364818154	57.05660799491126	
115 ANDREW P. HOPE STREET	99835	-135.31585750219935	57.05683393782954	
102 RUDOLPH WALTON CIRCLE	99835	-135.31327953675992	57.05741006594575	
104 RUDOLPH WALTON CIRCLE	99835	-135.31344446295452	57.05759630605329	
106 RUDOLPH WALTON CIRCLE	99835	-135.31362489586752	57.05783286776553	
109 RUDOLPH WALTON CIRCLE	99835	-135.3143851634487	57.058027475126046	
107 RUDOLPH WALTON CIRCLE	99835	-135.31465443704838	57.05779266103209	
103 CHARLIE JOSEPH STREET	99835	-135.31458933613973	57.057035789128925	
103 RUDOLPH WALTON CIRCLE	99835	-135.31413420559934	57.057352121207686	
105 RUDOLPH WALTON CIRCLE	99835	-135.31433372322056	57.05753687216715	
101 RUDOLPH WALTON CIRCLE	99835	-135.31404525891148	57.057164251197364	
108 RUDOLPH WALTON CIRCLE	99835	-135.31386024189555	57.058044439063956	
110 ANDREW P. HOPE STREET	99835	-135.31424470736246	57.056342397756616	
108 ANDREW P. HOPE STREET	99835	-135.31403651471052	57.05615491003239	
106 ANDREW P. HOPE STREET	99835	-135.31382841368674	57.05596745311533	
104 ANDREW P. HOPE STREET	99835	-135.31362032523936	57.05578000697641	
105 ANDREW P. HOPE STREET	99835	-135.31466417478606	57.055754464008146	
109 ANDREW P. HOPE STREET	99835	-135.3151319868433	57.056175628115106	
107 ANDREW P. HOPE STREET	99835	-135.31489809788263	57.055965015881945	
103 ANDREW P. HOPE STREET	99835	-135.31438199778563	57.0555985648565	
102 ANDREW P. HOPE STREET	99835	-135.31340852136	57.055589355158205	
101 PETER SIMPSON ROAD	99835	-135.31242218734772	57.05572213981239	
100 RUDOLPH WALTON CIRCLE	99835	-135.31314898370138	57.05715353191602	
107 PETER SIMPSON ROAD	99835	-135.31290940571006	57.0564418019336	
102 CHARLIE JOSEPH STREET	99835	-135.31416888775584	57.05667301593248	
104 CHARLIE JOSEPH STREET	99835	-135.31383870478663	57.05675867496988	
106 CHARLIE JOSEPH STREET	99835	-135.31327508201446	57.05674984904054	
108 CHARLIE JOSEPH STREET	99835	-135.31287320090914	57.05674508019471	
103 PETER SIMPSON ROAD	99835	-135.31273185369415	57.05590787592726	
105 PETER SIMPSON ROAD	99835	-135.31290068935684	57.05618247910035	
501 INDIAN RIVER ROAD	99835	-135.31342933263016	57.05626159802014	
102 GIL TRUITT COURT	99835	-135.31080969614135	57.05831252609166	
108 HERB DIDRICKSON STREET	99835	-135.31046299674733	57.058390904807155	
100 GIL TRUITT COURT	99835	-135.3112304463592	57.05829736187623	
116 HERB DIDRICKSON STREET	99835	-135.31001653674608	57.059065693219566	
104 THOMAS YOUNG SR CIRCLE	99835	-135.31094476413253	57.05917254185691	
102 THOMAS YOUNG SR CIRCLE	99835	-135.31137685019092	57.05904560200512	
100 THOMAS YOUNG SR CIRCLE	99835	-135.3117970506398	57.05895883694745	
103 THOMAS YOUNG SR CIRCLE	99835	-135.3110559297506	57.05863120814694	
105 THOMAS YOUNG SR CIRCLE	99835	-135.31069063612856	57.058667236929665	
101 THOMAS YOUNG SR CIRCLE	99835	-135.31145596661463	57.05857240020408	
114 HERB DIDRICKSON STREET	99835	-135.3101437139358	57.058907643993095	
106 THOMAS YOUNG SR CIRCLE	99835	-135.31046515899223	57.059140963126005	
110 HERB DIDRICKSON STREET	99835	-135.31034266831335	57.058656969931825	
118 HERB DIDRICKSON STREET	99835	-135.30994430321408	57.05930317807266	
100 HERB DIDRICKSON STREET	99835	-135.31134631286116	57.057528057169826	
99 GIL TRUITT COURT	99835	-135.31133524471855	57.057865814910635	
101 GIL TRUITT COURT	99835	-135.31091500294716	57.057862629913735	
107 HERB DIDRICKSON STREET	99835	-135.31002704344166	57.0581199831317	
105 HERB DIDRICKSON STREET	99835	-135.31021094924157	57.05789714901265	
111 HERB DIDRICKSON STREET	99835	-135.30967120997784	57.058538076151066	
109 HERB DIDRICKSON STREET	99835	-135.30985036279156	57.058329607137	
109 BAHRT CIRCLE	99835	-135.33461652979747	57.06274762302261	
817 PHERSON STREET	99835	-135.3335439790775	57.06205471003173	
103 AUSTIN STREET	99835	-135.33406684528524	57.06203128291349	
107 BAHRT CIRCLE	99835	-135.33483998931766	57.06274767479643	
102 BAHRT CIRCLE	99835	-135.33504788822052	57.06239005620612	
105 BAHRT CIRCLE	99835	-135.33504070708813	57.062747719243774	
820 CHARLES STREET	99835	-135.33537863892496	57.0627478017888	
814 CHARLES STREET	99835	-135.33517012287953	57.06233974424032	
101 AUSTIN STREET	99835	-135.3347743934373	57.06205900391911	
106 BAHRT CIRCLE	99835	-135.33469535696366	57.06236567489318	
110 BAHRT CIRCLE	99835	-135.33421026042205	57.06235107208262	
618 MONASTERY STREET	99835	-135.3345475122342	57.058746144902386	
502 HIRST STREET	99835	-135.3330382670984	57.05573466997873	
520 MONASTERY STREET	99835	-135.3334030109515	57.05644857812695	
518 MONASTERY STREET	99835	-135.33332169904529	57.056295425890426	
516 MONASTERY STREET	99835	-135.33325108697235	57.05616241514821	
519 MONASTERY STREET	99835	-135.33401142282545	57.056185532829865	
514 MONASTERY STREET	99835	-135.33318528807274	57.056038374143604	
519 HIGHLAND STREET	99835	-135.33278210620693	57.056380987118715	
521 HIGHLAND STREET	99835	-135.33284835606082	57.05651047195915	
520 KINCAID STREET	99835	-135.33293519080945	57.05668019412901	
505 HIRST STREET	99835	-135.33271206186927	57.05624388876651	
508 HIRST STREET	99835	-135.33244263914926	57.0558246721992	
507 HIGHLAND STREET	99835	-135.33265447267306	57.05558908988839	
616 MONASTERY STREET	99835	-135.33448481521725	57.05851134903153	
503 SHENNET STREET	99835	-135.33395361264365	57.05857204116603	
504 FIRST STREET	99835	-135.33412265222395	57.058772119098265	
506 FIRST STREET	99835	-135.33388513227294	57.058811466993106	
716 PHERSON STREET	99835	-135.33367279928586	57.06065300010302	
714 PHERSON STREET	99835	-135.33372784804646	57.0604637761711	
712 PHERSON STREET	99835	-135.33378680088532	57.06026103789518	
800 PHERSON STREET	99835	-135.3335034956009	57.06123422114857	
105 AUSTIN STREET	99835	-135.33387735196428	57.061877037123985	
815 PHERSON STREET	99835	-135.33360349066842	57.06186854015719	
802 PHERSON STREET	99835	-135.333389415848	57.06152084911454	
718 PHERSON STREET	99835	-135.3336177181859	57.06084222893184	
515 KINCAID STREET	99835	-135.33328069274918	57.05735591394628	
506 ARROWHEAD STREET	99835	-135.33343513111285	57.05756349496061	
606 MONASTERY STREET	99835	-135.33394613327062	57.05748454588261	
608 MONASTERY STREET	99835	-135.33404903708305	57.05768378213018	
511 KINCAID STREET	99835	-135.33316234060882	57.05712433391253	
510 KINCAID STREET	99835	-135.33304628815557	57.056897367869226	
513 BARANOF STREET	99835	-135.331569846799	57.05573999684924	
514 LAKE STREET	99835	-135.3345698748949	57.055987555765995	
521 MONASTERY STREET	99835	-135.33411465003138	57.05638554692654	
524 MONASTERY STREET	99835	-135.33349364737043	57.05661937823908	
612 LAKE STREET	99835	-135.3354111489551	57.05772074193319	
615 MONASTERY STREET	99835	-135.33488568571784	57.05787391808859	
524 LAKE STREET	99835	-135.33480834795841	57.056565517217436	
520 LAKE STREET	99835	-135.33469993298172	57.05631064221782	
600 LAKE STREET	99835	-135.33496776119213	57.056864391042616	
401 KINCAID STREET	99835	-135.33503356817656	57.056990876224035	
605 MONASTERY STREET	99835	-135.334532142958	57.057185241791366	
604 LAKE STREET	99835	-135.3351701210829	57.05725405894725	
606 LAKE STREET	99835	-135.335272593704	57.05745211523416	
602 LAKE STREET	99835	-135.3351013316917	57.05712136477179	
611 MONASTERY STREET	99835	-135.33471797294925	57.057546738904236	
613 MONASTERY STREET	99835	-135.33480700587538	57.05772033892208	
607 MONASTERY STREET	99835	-135.3346279518763	57.05737147081414	
601 MONASTERY STREET	99835	-135.33443229970575	57.05699152300854	
525 MONASTERY STREET	99835	-135.33425310467118	57.05665297422851	
602 MONASTERY STREET	99835	-135.33374913272883	57.05710367302596	
604 MONASTERY STREET	99835	-135.3338452282097	57.05728935924143	
502 KINCAID STREET	99835	-135.33358853461726	57.05679839284707	
509 BARANOF STREET	99835	-135.3313641945827	57.055573830763436	
408 HIRST STREET	99835	-135.33359555674784	57.05564511014433	
407 HIRST STREET	99835	-135.33387879555693	57.0559292961538	
517 MONASTERY STREET	99835	-135.33394391982176	57.056054994095085	
406 HIRST STREET	99835	-135.33385436856773	57.05560520392785	
877 SAWMILL CREEK ROAD	99835	-135.31888939084345	57.05585619024298	
701 INDIAN RIVER ROAD	99835	-135.31057717800985	57.05704666916314	
111 BAHRT CIRCLE	99835	-135.33440364524483	57.06277823500962	
113 BAHRT CIRCLE	99835	-135.33390919724107	57.062734578950035	
114 BAHRT CIRCLE	99835	-135.33386193867062	57.06247016221405	
819 PHERSON STREET	99835	-135.33340883023794	57.062318012181365	
821 PHERSON STREET	99835	-135.3333447767649	57.06253709398347	
825 PHERSON STREET	99835	-135.33328152728407	57.062753344028515	
827 PHERSON STREET	99835	-135.33323407377918	57.06291553977151	
829 PHERSON STREET	99835	-135.33320172724245	57.06302412297198	
103 HERB DIDRICKSON STREET	99835	-135.3103623486046	57.05756294979416	
102 HERB DIDRICKSON STREET	99835	-135.3112504949597	57.05735395602565	
701 SIRSTAD STREET	99835	-135.33549307800396	57.05882437713426	
1000 INDIAN RIVER ROAD	99835	-135.3060257549267	57.05845649277229	
696 INDIAN RIVER ROAD	99835	-135.31045749726118	57.056130937911476	
700 INDIAN RIVER ROAD	99835	-135.31018109822463	57.0562904459468	
704 INDIAN RIVER ROAD	99835	-135.30990194225856	57.05644718097379	
708 INDIAN RIVER ROAD	99835	-135.30962850676417	57.056607500047605	
712 INDIAN RIVER ROAD	99835	-135.30935261437747	57.05676619119938	
720 INDIAN RIVER ROAD	99835	-135.30866803974047	57.0571738620566	
728 INDIAN RIVER ROAD	99835	-135.30811230417646	57.0574954961295	
692 INDIAN RIVER ROAD	99835	-135.31080089714317	57.05593039386254	
694 INDIAN RIVER ROAD	99835	-135.310663655229	57.05601057096716	
1000 INDIAN RIVER ROAD	99835	-135.3104002934422	57.055610586020364	
714 INDIAN RIVER ROAD	99835	-135.30915893311064	57.0568896948548	
716 INDIAN RIVER ROAD	99835	-135.3089431290333	57.0570087658692	
724 INDIAN RIVER ROAD	99835	-135.30838845976956	57.05733664395782	
507 HIRST STREET	99835	-135.33264844407915	57.05611816508471	
112 HERB DIDRICKSON STREET	99835	-135.31022327592387	57.058804733240684	
688 INDIAN RIVER ROAD	99835	-135.31100461708328	57.05581047619821	
105 NAOMI KANOSH LANE	99835	-135.3099629351714	57.05753143222226	
104 KATHERINE BENSON DRIVE	99835	-135.30849305600796	57.058505943912074	
600 YAW DRIVE	99835	-135.31054894935036	57.05995974418421	
1000 YAW DRIVE	99835	-135.30982619811041	57.062827023941196	
504 GEODETIC WAY	99835	-135.32790173893136	57.05889969491284	
2089 SAWMILL CREEK ROAD	99835	-135.27402543068325	57.04226619190451	
2011 SAWMILL CREEK ROAD	99835	-135.27626705520223	57.042763006123025	
2013 SAWMILL CREEK ROAD	99835	-135.27524245385715	57.04268527223856	
2015 SAWMILL CREEK ROAD	99835	-135.27567032502023	57.04232087513783	
108 SEAVIEW HEIGHTS ROAD	99835	-135.2730511942829	57.04201244882184	
101 SEAVIEW HEIGHTS ROAD	99835	-135.27392467204774	57.04149203591765	
2103 SAWMILL CREEK ROAD	99835	-135.27461442906562	57.04133359812823	
2604 SAWMILL CREEK ROAD	99835	-135.2598394459222	57.03867991176683	
2606 SAWMILL CREEK ROAD	99835	-135.2594743202851	57.039081679233085	
2602 SAWMILL CREEK ROAD	99835	-135.2600198060717	57.03905526605519	
2012 KAINULAINEN DRIVE	99835	-135.27758639738528	57.04139394692017	
102 SHOTGUN ALLEY	99835	-135.27675554737561	57.04112865781548	
110 SHOTGUN ALLEY	99835	-135.27730571967308	57.04024392697421	
106 SHOTGUN ALLEY	99835	-135.2773021057507	57.04080530486502	
104 SHOTGUN ALLEY	99835	-135.2766787863346	57.040753749173795	
101 RANDS DRIVE	99835	-135.27763473573071	57.03903491817435	
103 RANDS DRIVE	99835	-135.27828580141096	57.03910149191445	
100 WINCHESTER WAY	99835	-135.27906091904208	57.03928906818867	
104 REMINGTON WAY	99835	-135.27855396379465	57.04012517118945	
102 REMINGTON WAY	99835	-135.27791061104944	57.03998235086063	
104 RANDS DRIVE	99835	-135.27835675933525	57.039676200232186	
102 RANDS DRIVE	99835	-135.27785035026352	57.03956321608605	
202 SHOTGUN ALLEY	99835	-135.2772427989756	57.03982961015563	
204 SHOTGUN ALLEY	99835	-135.27735418827424	57.03945251498347	
101 WINCHESTER WAY	99835	-135.27864576532846	57.03887463417472	
104 WINCHESTER WAY	99835	-135.27926333103517	57.038735197040644	
210 SHOTGUN ALLEY	99835	-135.27886321601773	57.03842376787519	
206 SHOTGUN ALLEY	99835	-135.27784716843078	57.0386964769279	
208 SHOTGUN ALLEY	99835	-135.27810961034274	57.03830673303935	
216 SHOTGUN ALLEY	99835	-135.28117632667036	57.03744847494647	
214 SHOTGUN ALLEY	99835	-135.28098553797875	57.03832292886913	
100 YAKOBI WAY	99835	-135.28009676280294	57.03792012778183	
102 KNUTSON DRIVE	99835	-135.2813981189174	57.04297339513645	
109 CEDAR BEACH ROAD	99835	-135.2800174568347	57.04168390711797	
111 KNUTSON DRIVE	99835	-135.2813056930544	57.04164635711745	
114 CEDAR BEACH ROAD	99835	-135.28104227826705	57.04134671911779	
110 CEDAR BEACH ROAD	99835	-135.28083250817346	57.04159039882275	
108 CEDAR BEACH ROAD	99835	-135.28050365920245	57.041522843811606	
2000 SAWMILL CREEK ROAD	99835	-135.2795828429171	57.0424355339784	
105 CEDAR BEACH ROAD	99835	-135.28014131385115	57.04204227007829	
107 KNUTSON DRIVE	99835	-135.2806523546365	57.04188847392799	
103 CEDAR BEACH ROAD	99835	-135.27937882024472	57.04193004622386	
101 CEDAR BEACH ROAD	99835	-135.2798280129211	57.04224125589329	
2002 SAWMILL CREEK ROAD	99835	-135.27942632944513	57.04275153986728	
2116 SAWMILL CREEK ROAD	99835	-135.27439355489682	57.038097881128444	
2113 SAWMILL CREEK ROAD	99835	-135.27223405795436	57.0410197950477	
2004 SAWMILL CREEK ROAD	99835	-135.27897142168695	57.04261077287791	
2109 SAWMILL CREEK ROAD	99835	-135.27284327471884	57.04137591291197	
2111 SAWMILL CREEK ROAD	99835	-135.27227947677514	57.04182554800758	
2012 SAWMILL CREEK ROAD	99835	-135.27708594594048	57.042101561141315	
203 CEDAR BEACH ROAD	99835	-135.27968065507847	57.04070679717428	
2008 SAWMILL CREEK ROAD	99835	-135.278183753693	57.042297937951545	
2006 SAWMILL CREEK ROAD	99835	-135.27864963616904	57.04241554323355	
2010 SAWMILL CREEK ROAD	99835	-135.27749956263665	57.042090593159465	
1901 SAWMILL CREEK ROAD	99835	-135.28298141577534	57.045364330144196	
1823 SAWMILL CREEK ROAD	99835	-135.28374825183784	57.04585431112008	
1819 SAWMILL CREEK ROAD	99835	-135.2846047209011	57.04567135794811	
1825 SAWMILL CREEK ROAD	99835	-135.2832980090309	57.04554996414296	
119 ANNA DRIVE	99835	-135.281261634283	57.04475566818061	
117 ANNA DRIVE	99835	-135.28150542088142	57.0445876292185	
115 ANNA DRIVE	99835	-135.28180316478742	57.044304925051385	
1903 SAWMILL CREEK ROAD	99835	-135.28296174716218	57.04456153612558	
1907 SAWMILL CREEK ROAD	99835	-135.28247499502547	57.0442285040448	
123 RIGGS ROAD	99835	-135.28230054129898	57.044496421083075	
118 MILLER DRIVE	99835	-135.2825858929456	57.04495313192556	
131 RIGGS ROAD	99835	-135.28187463744638	57.04496931801665	
125 RIGGS ROAD	99835	-135.28208726058926	57.04473307016815	
137 RIGGS ROAD	99835	-135.28172525929273	57.04524553306538	
116 ANNA DRIVE	99835	-135.28082979166805	57.04418138491146	
2009 SAWMILL CREEK ROAD	99835	-135.27669694128647	57.04321003877519	
2009 SAWMILL CREEK ROAD	99835	-135.27684279175602	57.043046347061555	
2009 SAWMILL CREEK ROAD	99835	-135.27698874732843	57.04288266488922	
2009 SAWMILL CREEK ROAD	99835	-135.27711704561565	57.042716195941225	
110 JAMESTOWN DRIVE	99835	-135.28603461605118	57.047025634059025	
115 JAMESTOWN DRIVE	99835	-135.28580054024096	57.04743899303791	
125 ANNA DRIVE	99835	-135.28043977910428	57.04509282719347	
116 MILLER DRIVE	99835	-135.28230649263776	57.04557944001027	
1815 SAWMILL CREEK ROAD	99835	-135.28496887635768	57.046010503817115	
102 JAMESTOWN DRIVE	99835	-135.2854268410828	57.04619833497727	
123 ANNA DRIVE	99835	-135.27956253919507	57.04476525195426	
1925 ANNA CIRCLE	99835	-135.27993046577924	57.04393195578157	
1930 ANNA CIRCLE	99835	-135.28011179700752	57.04352355311176	
111 ANNA DRIVE	99835	-135.2818269144469	57.043914398002386	
109 ANNA DRIVE	99835	-135.281305862836	57.04377864196468	
1915 SAWMILL CREEK ROAD	99835	-135.28082117323123	57.04365099513366	
106 ANNA DRIVE	99835	-135.28048690921568	57.04405610075717	
1919 ANNA CIRCLE	99835	-135.28020820330553	57.043989512927546	
121 ANNA DRIVE	99835	-135.28030337531828	57.04464523910225	
1955 ANNA CIRCLE	99835	-135.2790960683225	57.04375909713196	
1940 ANNA CIRCLE	99835	-135.27979357600466	57.04346537607873	
1950 ANNA CIRCLE	99835	-135.27950403371725	57.04340686713636	
1935 ANNA CIRCLE	99835	-135.27965255757306	57.043874342836794	
1945 ANNA CIRCLE	99835	-135.27937444814424	57.04381671611964	
2000 ANNA CIRCLE	99835	-135.27918403315178	57.04334253001504	
2001 ANNA CIRCLE	99835	-135.27875556371072	57.043644785921174	
122 ANNA DRIVE	99835	-135.27892550789448	57.04421697178149	
130 ANNA DRIVE	99835	-135.2780367470917	57.045530826806306	
114 JAMESTOWN DRIVE	99835	-135.2853417140315	57.0469660601146	
116 JAMESTOWN DRIVE	99835	-135.28468071388252	57.04679210685546	
106 JAMESTOWN DRIVE	99835	-135.28515343163954	57.04665282208695	
108 JAMESTOWN DRIVE	99835	-135.28574104122643	57.046784395104574	
104 JAMESTOWN DRIVE	99835	-135.2852101476733	57.04635639481709	
119 JAMESTOWN DRIVE	99835	-135.28492756822763	57.04725288277589	
117 JAMESTOWN DRIVE	99835	-135.28535797892806	57.047364029235524	
121 JAMESTOWN DRIVE	99835	-135.28449462607477	57.04715322189563	
1813 SAWMILL CREEK ROAD	99835	-135.28413799490698	57.0464686952104	
1817 SAWMILL CREEK ROAD	99835	-135.28441318481111	57.04613417078662	
118 JAMESTOWN DRIVE	99835	-135.28386077031874	57.04690519117692	
110 MILLER DRIVE	99835	-135.28065292596503	57.04603976480073	
112 MILLER DRIVE	99835	-135.28091596615494	57.046207095003744	
114 MILLER DRIVE	99835	-135.28115278003014	57.046349304047276	
127 ANNA DRIVE	99835	-135.28008161271566	57.04592603721959	
109 SEAVIEW HEIGHTS ROAD	99835	-135.27346969601757	57.04167006882192	
2007 SAWMILL CREEK ROAD	99835	-135.27750334005242	57.043426271901446	
2007 SAWMILL CREEK ROAD	99835	-135.2765198788524	57.04452228503459	
2002 ANNA CIRCLE	99835	-135.27848340382403	57.043184003846	
2003 ANNA CIRCLE	99835	-135.2784470687674	57.04345604022221	
2005 SAWMILL CREEK ROAD	99835	-135.2781581858434	57.04306136014731	
2005 SAWMILL CREEK ROAD	99835	-135.2776981819426	57.04292005188267	
2005 SAWMILL CREEK ROAD	99835	-135.27751559756447	57.04312895292201	
2005 SAWMILL CREEK ROAD	99835	-135.27798508138645	57.0432600301863	
2610 SAWMILL CREEK ROAD	99835	-135.25919247476304	57.03850744411601	
2334 SAWMILL CREEK ROAD	99835	-135.26613160460002	57.03891950007942	
205 BLUEBERRY LANE	99835	-135.26490678135448	57.03886594524218	
2702 SAWMILL CREEK ROAD	99835	-135.25918947798323	57.03742974888642	
101 PEACE LANE	99835	-135.25693770070492	57.03741956985899	
2413 SAWMILL CREEK ROAD	99835	-135.26252305683232	57.04086447278996	
2101 SAWMILL CREEK ROAD	99835	-135.27511141121676	57.04155440185142	
2097 SAWMILL CREEK ROAD	99835	-135.2749725649115	57.041895760054565	
2093 SAWMILL CREEK ROAD	99835	-135.27474289443944	57.04205828492515	
2085 SAWMILL CREEK ROAD	99835	-135.27463219325034	57.0424360480902	
2330 SAWMILL CREEK ROAD	99835	-135.26652774277568	57.039758334138156	
2213 SAWMILL CREEK ROAD	99835	-135.26988039465488	57.040844304771625	
2209 SAWMILL CREEK ROAD	99835	-135.27098386987853	57.0412038199146	
2219 SAWMILL CREEK ROAD	99835	-135.26928867976713	57.04142438591733	
2219 SAWMILL CREEK ROAD	99835	-135.2693935904159	57.041018105060594	
2217 SAWMILL CREEK ROAD	99835	-135.26992623658214	57.04138912087755	
2215 SAWMILL CREEK ROAD	99835	-135.26995519377533	57.041162228234796	
2309 SAWMILL CREEK ROAD	99835	-135.2674615118691	57.041305177935556	
2323 SAWMILL CREEK ROAD	99835	-135.26606076255837	57.04171361379154	
2305 SAWMILL CREEK ROAD	99835	-135.26852644757042	57.04131950996877	
2307 SAWMILL CREEK ROAD	99835	-135.2689989263756	57.04089738318773	
2207 SAWMILL CREEK ROAD	99835	-135.270696056848	57.04084329800763	
2205 SAWMILL CREEK ROAD	99835	-135.27111788414587	57.0403894499318	
2201 SAWMILL CREEK ROAD	99835	-135.27200080230602	57.04047610199203	
2332 SAWMILL CREEK ROAD	99835	-135.26711133689327	57.038888799016945	
2415 SAWMILL CREEK ROAD	99835	-135.26219898420368	57.04112634276469	
2412 SAWMILL CREEK ROAD	99835	-135.26454246240448	57.040428983963565	
204 BLUEBERRY LANE	99835	-135.26540812213142	57.039404639088346	
202 BLUEBERRY LANE	99835	-135.2646929122483	57.03950171578573	
203 BLUEBERRY LANE	99835	-135.2644658441956	57.039072313927726	
2401 SAWMILL CREEK ROAD	99835	-135.264761495027	57.04188629380757	
2405 SAWMILL CREEK ROAD	99835	-135.26327668137193	57.0417941597797	
2409 SAWMILL CREEK ROAD	99835	-135.2629695824106	57.04115533684709	
2411 SAWMILL CREEK ROAD	99835	-135.26251670125168	57.04151634981328	
2603 SAWMILL CREEK ROAD	99835	-135.2589972708518	57.03992794422862	
2502 SAWMILL CREEK ROAD	99835	-135.2628603131361	57.03872025209753	
2513 SAWMILL CREEK ROAD	99835	-135.26027965634407	57.04065556390345	
2511 SAWMILL CREEK ROAD	99835	-135.26075967201442	57.040285223024355	
2501 SAWMILL CREEK ROAD	99835	-135.2618735048133	57.0406064061707	
2417 SAWMILL CREEK ROAD	99835	-135.2618857236978	57.041389777219386	
2515 SAWMILL CREEK ROAD	99835	-135.26029318227728	57.040021781225846	
2575 SAWMILL CREEK ROAD	99835	-135.25980727635357	57.04040058800389	
2620 SAWMILL CREEK ROAD	99835	-135.258663915033	57.038037279182234	
2614 SAWMILL CREEK ROAD	99835	-135.25817822919655	57.03848534278384	
104 PEACE LANE	99835	-135.25731988624761	57.03781039001758	
2616 SAWMILL CREEK ROAD	99835	-135.2575128776083	57.03831844406633	
100 PEACE LANE	99835	-135.25682864522943	57.038073931074365	
2609 SAWMILL CREEK ROAD	99835	-135.2578240171918	57.03932541289447	
102 WINCHESTER WAY	99835	-135.2793291712573	57.03913174706763	
106 RANDS DRIVE	99835	-135.27886223595576	57.03988011781945	
112 SHOTGUN ALLEY	99835	-135.2785701927586	57.040573431003615	
108 SHOTGUN ALLEY	99835	-135.27823694922918	57.04096951716492	
2010 KAINULAINEN DRIVE	99835	-135.27830696482076	57.04170659397566	
110 RANDS DRIVE	99835	-135.27949015205115	57.03946866877104	
106 REMINGTON WAY	99835	-135.27911746798924	57.04024985475899	
108 RANDS DRIVE	99835	-135.2793628499956	57.0398191219284	
212 SHOTGUN ALLEY	99835	-135.27967553198644	57.03775119279056	
2103 SAWMILL CREEK ROAD	99835	-135.27435240307364	57.04093861009083	
2103 SAWMILL CREEK ROAD	99835	-135.2738802539502	57.040747053198984	
2710 SAWMILL CREEK ROAD	99835	-135.25647723686671	57.03745794379059	
116 CEDAR BEACH ROAD	99835	-135.28179553988727	57.04126241296484	
105 KNUTSON DRIVE	99835	-135.28113184299582	57.041974446123376	
101 KNUTSON DRIVE	99835	-135.2808093927246	57.04261006280095	
114 KNUTSON DRIVE	99835	-135.28314642461493	57.04234855319467	
112 KNUTSON DRIVE	99835	-135.28270916875206	57.04227378095197	
121 KNUTSON DRIVE	99835	-135.2833663941802	57.04178653691338	
125 KNUTSON DRIVE	99835	-135.28426644860275	57.04224780889785	
1908 SAWMILL CREEK ROAD	99835	-135.28514903528455	57.04214869122083	
127 KNUTSON DRIVE	99835	-135.2846023789931	57.04239912389718	
123 KNUTSON DRIVE	99835	-135.28381967419114	57.04207806180984	
117 KNUTSON DRIVE	99835	-135.2826459363392	57.041533332046576	
110 KNUTSON DRIVE	99835	-135.28230558533932	57.0422293340061	
119 KNUTSON DRIVE	99835	-135.28302211844084	57.041632869212485	
115 KNUTSON DRIVE	99835	-135.28223102606904	57.04158179702714	
113 KNUTSON DRIVE	99835	-135.28160329592492	57.0417580452271	
130 KNUTSON DRIVE	99835	-135.28257418610082	57.043318116156264	
118 KNUTSON DRIVE	99835	-135.28259991834213	57.04288855608964	
116 KNUTSON DRIVE	99835	-135.28296114169765	57.042629201153765	
1914 SAWMILL CREEK ROAD	99835	-135.2823524881769	57.043512347071335	
133 KNUTSON DRIVE	99835	-135.2837554796826	57.04287820507149	
129 KNUTSON DRIVE	99835	-135.28449826335336	57.042778379980156	
135 KNUTSON DRIVE	99835	-135.2833787298457	57.043174704081764	
137 KNUTSON DRIVE	99835	-135.28312884907638	57.04343739195905	
1912 SAWMILL CREEK ROAD	99835	-135.28287714742197	57.043660920781996	
122 KNUTSON DRIVE	99835	-135.28181757196793	57.04301740088077	
108 KNUTSON DRIVE	99835	-135.28187877957814	57.04221873698703	
106 KNUTSON DRIVE	99835	-135.28182803015446	57.04249017688917	
104 KNUTSON DRIVE	99835	-135.28166766290997	57.04270239614803	
120 KNUTSON DRIVE	99835	-135.282164550738	57.042755498787606	
124 KNUTSON DRIVE	99835	-135.28224458344332	57.043147048142835	
126 KNUTSON DRIVE	99835	-135.28167859900023	57.04327976098316	
113 CEDAR BEACH ROAD	99835	-135.27914569215716	57.04128340521774	
209 CEDAR BEACH ROAD	99835	-135.280620575835	57.03987255809572	
205 CEDAR BEACH ROAD	99835	-135.28001472505792	57.040217550788526	
207 CEDAR BEACH ROAD	99835	-135.28012619340828	57.03966846305582	
2015 KAINULAINEN DRIVE	99835	-135.2764229290737	57.04170790909163	
2013 KAINULAINEN DRIVE	99835	-135.27678584305858	57.04173871094203	
2107 SAWMILL CREEK ROAD	99835	-135.2730313576848	57.0409166890762	
2105 SAWMILL CREEK ROAD	99835	-135.27344104784484	57.04064609391936	
2108 SAWMILL CREEK ROAD	99835	-135.27520844184386	57.039981127076395	
2110 SAWMILL CREEK ROAD	99835	-135.27377651739948	57.039536693773286	
201 SHOTGUN ALLEY	99835	-135.27613539811418	57.03953895809441	
205 SHOTGUN ALLEY	99835	-135.27573454288495	57.03901021117033	
213 SHOTGUN ALLEY	99835	-135.27677492673126	57.03833339992365	
215 SHOTGUN ALLEY	99835	-135.2759414204033	57.03792751683731	
2220 SAWMILL CREEK ROAD	99835	-135.26771585277382	57.03876023804227	
2216 SAWMILL CREEK ROAD	99835	-135.26855140276902	57.0382425459302	
2210 SAWMILL CREEK ROAD	99835	-135.27001068989694	57.039713777149615	
2220 SAWMILL CREEK ROAD	99835	-135.26982011410607	57.04020088513877	
2222 SAWMILL CREEK ROAD	99835	-135.26980905943816	57.04029423320772	
2224 SAWMILL CREEK ROAD	99835	-135.26973224629484	57.04034628119595	
2222 SAWMILL CREEK ROAD	99835	-135.26923286923514	57.04027019415483	
2218 SAWMILL CREEK ROAD	99835	-135.26841471781034	57.03873886705012	
2202 SAWMILL CREEK ROAD	99835	-135.27194054421506	57.039005021192075	
2204 SAWMILL CREEK ROAD	99835	-135.27129904918584	57.03875198309114	
2206 SAWMILL CREEK ROAD	99835	-135.2706151060645	57.039042641797806	
2212 SAWMILL CREEK ROAD	99835	-135.26979337575162	57.038147002102406	
2214 SAWMILL CREEK ROAD	99835	-135.26886378202764	57.03818290706807	
1960 SAWMILL CREEK ROAD	99835	-135.28009512966574	57.042712467192466	
109 KNUTSON DRIVE	99835	-135.28169055018677	57.04145784415432	
2507 SAWMILL CREEK ROAD	99835	-135.26118849179846	57.04077431408301	
1900 SAWMILL CREEK ROAD	99835	-135.28417633769826	57.044285185025494	
1902 SAWMILL CREEK ROAD	99835	-135.28450962883835	57.044679454808765	
1902 SAWMILL CREEK ROAD	99835	-135.28419762687219	57.043605425862275	
1808 SAWMILL CREEK ROAD	99835	-135.28569638597367	57.045643763972805	
1812 SAWMILL CREEK ROAD	99835	-135.28540527432943	57.04421126795468	
111 CEDAR BEACH ROAD	99835	-135.28006380181856	57.04132863719267	
2710 SAWMILL CREEK ROAD	99835	-135.25606098810678	57.03756842013985	
2407 SAWMILL CREEK ROAD	99835	-135.26353408912502	57.04125442882904	
2403 SAWMILL CREEK ROAD	99835	-135.26390563771642	57.04158715476193	
2402 SAWMILL CREEK ROAD	99835	-135.26432137443666	57.04106665819377	
2226 SAWMILL CREEK ROAD	99835	-135.2687746197441	57.03937740603493	
209 SHOTGUN ALLEY	99835	-135.2764076118998	57.03902471123946	
211 SHOTGUN ALLEY	99835	-135.27649388609967	57.03870942387694	
207 SHOTGUN ALLEY	99835	-135.2755939574413	57.03827965900372	
4400 SAWMILL CREEK ROAD	99835	-135.23123882371928	57.04481074405924	
4500 SAWMILL CREEK ROAD	99835	-135.23108287438936	57.04622500499285	
4530 SAWMILL CREEK ROAD	99835	-135.2312813706261	57.04738217712035	
4620 SAWMILL CREEK ROAD	99835	-135.23276329440085	57.048463845892506	
4630 SAWMILL CREEK ROAD	99835	-135.2325686600215	57.04910680579194	
4690 SAWMILL CREEK ROAD	99835	-135.22900341194887	57.049627513162996	
4300 SAWMILL CREEK ROAD	99835	-135.23191542670645	57.0439434299805	
4606 SAWMILL CREEK ROAD	99835	-135.23185240539772	57.04762242613437	
4600 SAWMILL CREEK ROAD	99835	-135.2327255579724	57.047571074868145	
4610 SAWMILL CREEK ROAD	99835	-135.23185313662637	57.04795299295833	
4628 SAWMILL CREEK ROAD	99835	-135.23278634427274	57.04933701202717	
4644 SAWMILL CREEK ROAD	99835	-135.2314325660716	57.04960144804076	
4650 SAWMILL CREEK ROAD	99835	-135.23201928093647	57.050199961097505	
4654 SAWMILL CREEK ROAD	99835	-135.23153030097785	57.05023559985572	
4658 SAWMILL CREEK ROAD	99835	-135.23101514411184	57.05023200915748	
4662 SAWMILL CREEK ROAD	99835	-135.22982657417631	57.05009979900554	
4660 SAWMILL CREEK ROAD	99835	-135.2298519246336	57.049513150141216	
4670 SAWMILL CREEK ROAD	99835	-135.22959920788293	57.048843276057696	
4690 SAWMILL CREEK ROAD	99835	-135.22890541742944	57.048548383920554	
4680 SAWMILL CREEK ROAD	99835	-135.2279746873366	57.048751499850354	
4510 SAWMILL CREEK ROAD	99835	-135.2302457002401	57.04662083592806	
4550 SAWMILL CREEK ROAD	99835	-135.23025971575515	57.04741418900987	
4640 SAWMILL CREEK ROAD	99835	-135.23233611134728	57.04970808792033	
3016 SOUTH TONGASS HIGHWAY	99901	-131.58872126897225	55.31263062787529	
851 FOREST AVENUE	99901	-131.61255439362182	55.32470878891081	
1649 WATER STREET	99926	-131.68829211070906	55.327807845239946	
4222 NEWPORT WAY SOUTHEAST	99926	-131.6562944868014	55.321376864768354	
208 OLD COUNTY LANE	99926	-131.65491313391428	55.321552226037674	
4222 NEWPORT WAY SOUTHEAST	99926	-131.65586425576404	55.321161720764714	
662 LERMO DRIVE	99926	-131.65402585173845	55.32089397696838	
1009 MISTY MOUNTAIN ROAD	99926	-131.65482187496286	55.32088150913969	
4222 NEWPORT WAY SOUTHEAST	99926	-131.65538043662673	55.32105169698828	
21824 SOUTHEAST 266TH	99926	-131.6535995041181	55.31960271782067	
2417 TONGASS AVENUE	99926	-131.65753462991572	55.322187430148716	
4222 NEWPORT WAY SOUTHEAST	99926	-131.6571626456414	55.3219009559862	
11254 N 109TH AVENUE	99926	-131.65557470629008	55.32176933519156	
4222 NEWPORT WAY SOUTHEAST	99926	-131.6568117672847	55.321690908066884	
111 10TH AVENUE	99926	-131.62581535169375	55.300188911093514	
550 WEST 7TH AVENUE	99926	-131.63998262095419	55.29054964188397	
1341 PEYTON PLACE	99926	-131.68839029028143	55.32732882003285	
1005 JACKSON STREET	99926	-131.69232976662	55.32697845803189	
1365 BOSTWICK ROAD	99926	-131.68882614477246	55.32650802582959	
5247 SHORELINE DRIVE	99926	-131.69213970107216	55.32651271983046	
32 NUGGET LANE	99901	-131.57893100230615	55.31244209819245	
3153 TIDE AVENUE	99901	-131.58391286393748	55.31259912384528	
3136 TIDE AVENUE	99901	-131.58481226528477	55.31247291116194	
3004 CREST AVENUE	99901	-131.58842186767458	55.31246877580844	
3074 CREST AVENUE	99901	-131.58712310769133	55.31236394095109	
5247 SHORELINE DRIVE	99926	-131.693893948227	55.32618660682111	
8287 FAIRHAVEN LANE	99926	-131.68863611156397	55.326042283122234	
930 CARLANNA LAKE ROAD	99926	-131.68772411942965	55.32594513724614	
1649 WATER STREET	99926	-131.69125434398603	55.325813268217225	
1649 WATER STREET	99926	-131.69199968605872	55.325581585774934	
752 FOREST PARK DRIVE	99926	-131.68772905477383	55.3248362260181	
1731 FAIRY CHASM ROAD	99926	-131.69128246035612	55.32486867296355	
2417 TONGASS AVENUE	99926	-131.6895552992037	55.3245102709363	
3189 SOUTH 20TH STREET	99926	-131.6877311388653	55.32437075191378	
105 WEST 10TH AVENUE	99926	-131.68979745715654	55.32404514616221	
1649 WATER STREET	99926	-131.69061461414634	55.32385464021023	
1649 WATER STREET	99926	-131.68898171321672	55.32390707800411	
1101 WOODLEY AVENUE SOUTH	99926	-131.69147860929502	55.32393800523563	
4222 NEWPORT WAY SOUTHEAST	99926	-131.6589212631001	55.3231375610743	
1649 WATER STREET	99926	-131.68907982631373	55.323441744782286	
1649 WATER STREET	99926	-131.69152727462725	55.32344632619536	
2417 TONGASS AVENUE	99926	-131.65677315769378	55.3225197368885	
9416 FAIRHILL DRIVE NORTHEAST	99926	-131.63677145193557	55.31796959614212	
1815 LAFAYETTE STREET	99926	-131.63829808037045	55.31811072484386	
4928 SHORELINE DRIVE	99926	-131.61452942691054	55.3174971518958	
14789 NORTH TONGASS HIGHWAY	99926	-131.6353252308035	55.31769626216235	
915 SOUTH KAREY LANE	99926	-131.63485147818727	55.31747073477986	
294 KULIOUOU ROAD	99926	-131.63419168088245	55.31724905318109	
3810 CHATHAM AVENUE	99926	-131.63199362375644	55.317287724205116	
2066 CHURCHILL DRIVE	99926	-131.61453137176312	55.3169146437588	
1094 WOODY STORE ROAD	99926	-131.63112480195974	55.31709557405167	
3603 SOUTH TONGASS HIGHWAY	99901	-131.57562855996315	55.309193029853276	
14420 SOUTHWEST 15TH AVENUE	99901	-131.5782180471944	55.3099557957654	
3469 SOUTH TONGASS HIGHWAY	99901	-131.57861337778462	55.31007192822646	
428 GOLD ROAD	99901	-131.57546418084254	55.30983209418681	
428 GOLD ROAD	99901	-131.5749620019375	55.30962925818326	
143 E 9TH AVENUE	99901	-131.6009123488122	55.32125865602814	
2949 SOUTH TONGASS HIGHWAY	99926	-131.63166614471623	55.327749681863416	
2109 LUMMI SHORE ROAD	99926	-131.6291612176993	55.32692430821093	
411 FRONT STREET	99926	-131.63189945695845	55.3265860570701	
2777 SOUTH TONGASS HIGHWAY	99901	-131.59719619724652	55.31773979085126	
240 HALIBUT STREET	99901	-131.59820299128774	55.31767309311948	
851 FOREST AVENUE	99901	-131.61338740587635	55.32515084701567	
2703 TONGASS AVENUE	99901	-131.58170360302327	55.31023986078351	
2122 THIRD AVENUE	99901	-131.60785597920875	55.32815781203769	
221 FIREWEED LANE	99901	-131.61126560942978	55.3273621270619	
83 MOUNTAIN ASH HEIGHTS	99901	-131.6085905334132	55.32732616620116	
257 EAST FIREWEED LANE	99901	-131.61052994580592	55.32737443800729	
899 FOREST PARK DRIVE	99901	-131.61286907436417	55.3274656390481	
271 EAST FIREWEED LANE	99901	-131.60973661034086	55.32728654523439	
551 LAKEVIEW DRIVE	99901	-131.59686340467144	55.31742473583245	
10450 SOUTHWEST 6TH AVENUE	99901	-131.59853209627857	55.317535466905994	
2704 171ST STREET SOUTHEAST	99901	-131.59832002919285	55.31727798079954	
3910 SOUTH TONGASS HIGHWAY	99901	-131.56933714868367	55.30650574611272	
941 WEST 16TH AVENUE	99901	-131.5701211192119	55.30651345102181	
402 GOLD ROAD	99901	-131.5761730019074	55.31018582306852	
306 MAIN STREET	99926	-131.62301572965293	55.3233446548855	
625 WEST ANDREWS AVENUE	99926	-131.62205646188013	55.32316552711747	
331 PALM CANYON DRIVE	99926	-131.64901533474787	55.323316373113926	
625 WEST ANDREWS AVENUE	99926	-131.62170696962392	55.32287052776016	
331 PALM CANYON DRIVE	99926	-131.64869825460542	55.32307169681967	
625 WEST ANDREWS AVENUE	99926	-131.6225637701655	55.32260851114848	
625 WEST ANDREWS AVENUE	99926	-131.62128119602704	55.322565853100016	
2417 TONGASS AVENUE	99926	-131.64791198169513	55.32292390216334	
1235 WATER STREET	99926	-131.62119358243905	55.3220820071453	
4808 SCHOONER DRIVE	99926	-131.62044030015753	55.321719087242386	
4414 NORTHEAST MERLIE AVENUE	99926	-131.61968690738325	55.32135580112371	
64 MARTIN FARM ROAD	99926	-131.61905200239497	55.320948610883015	
6410 NORTHEAST 187TH STREET	99926	-131.61780596273906	55.320125379853586	
845 BROWN DEER ROAD	99926	-131.61655637473783	55.31930349801572	
3135 TALL FIR LANE	99926	-131.61593038103715	55.31889300409637	
4111 ENDEAVOR CIRCLE	99926	-131.64109570186315	55.31919992484365	
80312 HWY 99	99926	-131.63889894909096	55.31881340585933	
3135 TALL FIR LANE	99926	-131.61533809482088	55.31847002404956	
437 MAIN STREET	99926	-131.63812036306453	55.31868239023987	
1177 DE LUZ	99926	-131.63748404143303	55.318225602045224	
3135 TALL FIR LANE NORTHWEST	99926	-131.61488242798626	55.31800079483189	
6014 PINE STREET	99926	-131.635947300663	55.31783161416637	
3810 CHATHAM AVENUE	99926	-131.6331781907991	55.317284726195076	
2417 TONGASS AVENUE	99926	-131.62978593579228	55.31646103825277	
2417 TONGASS AVENUE	99926	-131.6291365778094	55.316156871010236	
23826 SOUTH 14TH AVENUE	99926	-131.61406228409817	55.31576894010269	
2417 TONGASS AVENUE	99926	-131.62860100044037	55.31577132684506	
2417 TONGASS AVENUE	99926	-131.62794048627995	55.31547514221413	
324 EAST WASHINGTON STREET	99926	-131.62725453542393	55.31519714323829	
18645 EAST 11TH AVENUE	99926	-131.62621165156617	55.31484994313053	
442 D 1 LOOP ROAD	99926	-131.61137267873016	55.31394270217975	
495 WESTLAND DRIVE	99926	-131.62894919013942	55.32641624611864	
294 GOLD ROAD	99901	-131.57786875885574	55.31129411806267	
177 MARTIN BUGGE ROAD	99901	-131.57869579282206	55.311099211858526	
318 GOLD ROAD	99901	-131.5775766060641	55.31101349313219	
318 ALDER STREET	99901	-131.58387013916425	55.31121979803041	
14 HUCKLEBERRY CIRCLE	99901	-131.60909172506976	55.32510964876034	
308 DEERMOUNT STREET	99926	-131.63472503761608	55.32770172582315	
19 STONEWALL ROAD	99926	-131.65447759383358	55.32786782014394	
6482 ROOSEVELT DRIVE	99926	-131.6309168734125	55.327291683237405	
10297 ROCKY PT DRIVE	99926	-131.65427421974482	55.32761962790736	
2230 RIVER RUN DRIVE	99926	-131.6540660450592	55.32709815882604	
2417 TONGASS AVENUE	99926	-131.65231168112342	55.32608891906819	
2417 TONGASS AVENUE	99926	-131.65180434319367	55.325742783821326	
2417 TONGASS AVENUE	99926	-131.62456246867202	55.32528027177285	
2417 TONGASS AVENUE	99926	-131.6242135926601	55.32508260196891	
2417 TONGASS AVENUE	99926	-131.65132376787284	55.32536937613153	
3930 AFFINITY LANE	99926	-131.65108567838993	55.324841001988496	
2417 TONGASS AVENUE	99926	-131.62478140876806	55.324333707918356	
3008 SOUTH TONGASS HIGHWAY	99901	-131.5888920692505	55.31276214915956	
3059 CREST AVENUE	99901	-131.58676458107826	55.31281091107676	
82 SHOUP STREET	99901	-131.58515196231113	55.31266638990864	
2417 TONGASS AVENUE	99901	-131.58340330537237	55.312308917915395	
16 NUGGET LANE	99901	-131.57876009063685	55.312164229788664	
374 EDMONDS STREET	99901	-131.5844725628685	55.31227943811731	
3202 TIDE AVENUE	99901	-131.5830636101426	55.31211542719984	
17 SHOUP STREET	99901	-131.58685870655376	55.312224327031956	
3072 SOUTH TONGASS HIGHWAY	99901	-131.58771927193467	55.31207030085571	
3219 TIDE AVENUE	99901	-131.5827239176078	55.311921953944804	
3202 TIDE AVENUE	99901	-131.58362330817533	55.31179575393219	
35444 NORTH 11TH AVENUE	99901	-131.57855958936034	55.31176162606201	
235 SOUTH FOREST PARK DRIVE	99901	-131.58734566170972	55.31188630780267	
3222 TIDE AVENUE	99901	-131.58328361743716	55.311602271960105	
3108 SOUTH TONGASS HIGHWAY	99901	-131.58696534466281	55.31171131686024	
3128 SOUTH TONGASS HIGHWAY	99901	-131.58660793285904	55.31155102698037	
49 DOUBLE EAGLE LANE	99901	-131.57935725560344	55.31089404386882	
3255 SOUTH TONGASS HIGHWAY	99901	-131.58336587257443	55.31102939711026	
25 DOUBLE EAGLE LANE	99901	-131.57888042176577	55.31072648013992	
1 DOUBLE EAGLE LANE	99901	-131.57838615612005	55.31056852016428	
11 SOUTH LODE LANE	99901	-131.5768837318922	55.31024287722033	
3912 FAWN MOUNTAIN ROAD	99901	-131.57816421385436	55.3102868931425	
127 HUCKLEBERRY CIRCLE	99901	-131.60832628409088	55.323649939931364	
320 BAWDEN STREET	99901	-131.60019797436226	55.32110270990849	
5446 JENKINS DRIVE	99901	-131.60099424103012	55.32277282518998	
1032 FOREST PARK DRIVE	99901	-131.612299095113	55.32523410199083	
2323 OYSTER AVENUE	99901	-131.60465396222625	55.323378028126875	
5446 JENKINS DRIVE	99901	-131.60062523197604	55.32321936519604	
153 HOLLAND ROAD	99901	-131.60526644436675	55.32312302810775	
2332 SOUTH TONGASS HIGHWAY	99901	-131.60500012712268	55.32291059881818	
108 HUCKLEBERRY CIRCLE	99901	-131.6085986281322	55.32487944380218	
67 BENSON DRIVE	99901	-131.60997434139597	55.32471765399859	
97 HUCKLEBERRY CIRCLE	99901	-131.60785598010702	55.32429142992521	
108 HUCKLEBERRY CIRCLE	99901	-131.60859966388975	55.324456160162605	
41 FOREST PARK DRIVE	99901	-131.60999246760176	55.32437113420036	
2100 SOUTH TONGASS HIGHWAY	99901	-131.61176314494313	55.32432517187952	
5446 JENKINS DRIVE	99901	-131.6028575050329	55.32422323603998	
2281 OYSTER AVENUE	99901	-131.60614136662258	55.324339720248794	
2110 SOUTH TONGASS HIGHWAY	99901	-131.61164198556753	55.32420014900683	
108 HUCKLEBERRY CIRCLE	99901	-131.6086022609192	55.32403394425421	
3708 FAIRVIEW AVENUE	99901	-131.6015192479232	55.32391418718592	
3228 NORTHWEST 56TH STREET	99926	-131.63045033067473	55.31675446181138	
443 FOREST PARK DRIVE	99901	-131.60415085176825	55.322247164138126	
5446 JENKINS DRIVE	99901	-131.60058568005238	55.322006925846416	
2572 SOUTH TONGASS HIGHWAY	99901	-131.60038591359782	55.32033624978755	
5446 JENKINS DRIVE	99901	-131.59485467916966	55.319565601898795	
5301 ANTELOPE VALLEY STREET	99901	-131.5986189238407	55.31953031991508	
763 NORTH MANBRIN DRIVE	99901	-131.59801961729045	55.31942497878402	
15421 DES MOINES MEMORIAL DRIVE	99901	-131.59672672420433	55.318986287134294	
5446 JENKINS DRIVE	99901	-131.59552920884516	55.31851583981348	
7050 INFANRTY RIDGE ROAD	99901	-131.5965734707185	55.31833847007032	
47 MARTIN BUGGE ROAD	99901	-131.57736145955354	55.309729276976725	
145 DOGWOOD PLACE	99901	-131.61334332105378	55.32581893893537	
284 FOREST PARK DRIVE	99901	-131.6059042841511	55.32565849092621	
31 WILLOW CIRCLE	99901	-131.60489348182708	55.325583408224446	
1023 FOREST PARK DRIVE	99901	-131.61181226392455	55.325634782766556	
87 CHACON STREET	99901	-131.58405610120786	55.31416835698439	
195 SHOUP STREET	99901	-131.5859557173352	55.31413031221786	
3016 SOUTH TONGASS HIGHWAY	99901	-131.58713036967208	55.314039602951176	
162 SHOUP STREET	99901	-131.5847029816372	55.313928067178146	
3013 FORSS AVENUE	99901	-131.58685708509464	55.31380827804548	
2978 FORSS AVENUE	99901	-131.58821761233855	55.3137387788855	
142 SHOUP STREET	99901	-131.5844761363667	55.313628662937866	
1445 KETCHIKAN LAKES ROAD	99901	-131.58405035199002	55.31344220076954	
3004 CREST AVENUE	99901	-131.58786871386872	55.31343967023437	
7942 SOUTH TONGASS HIGHWAY	99901	-131.5863105967882	55.31334555619335	
139 SHOUP STREET	99901	-131.58532716882584	55.313289127127774	
2997 SOUTH TONGASS HIGHWAY	99901	-131.58854861097802	55.31341102098629	
3133 HUGLI AVENUE	99901	-131.58356505242912	55.31317301175619	
3021 CREST AVENUE	99901	-131.58748649419005	55.313222048205596	
3004 CREST AVENUE	99901	-131.58839363721847	55.313139844125864	
87 SHOUP STREET	99901	-131.58563785655676	55.31296243806285	
3022 CREST AVENUE	99901	-131.58791575774185	55.31297683416742	
3115 TIDE AVENUE	99901	-131.5845922732616	55.312986038776295	
3322 SOUTH TONGASS HIGHWAY	99901	-131.5819112297366	55.30968671294704	
785 HARRIS STREET	99901	-131.57434989798773	55.30878831607827	
3596 SOUTH TONGASS HIGHWAY	99901	-131.5761510273189	55.30866056202526	
3642 SOUTH TONGASS HIGHWAY	99901	-131.5754382060561	55.30826633389422	
601 MAIN STREET	99901	-131.57502066911206	55.30813611375356	
3678 SOUTH TONGASS HIGHWAY	99901	-131.57437037418632	55.30829815887467	
601 MAIN STREET	99901	-131.57453810581953	55.30797395906566	
3714 JUSTICE COURT	99901	-131.57394553843056	55.3079707808887	
3726 JUSTICE COURT	99901	-131.5731635289246	55.30783035184301	
3601 C STREET	99901	-131.57714082613325	55.307782283249296	
3714 JUSTICE COURT	99901	-131.57444719900772	55.3075558819153	
3730 JUSTICE COURT	99901	-131.57334876962102	55.30749855188858	
3734 JUSTICE COURT	99901	-131.57383192669997	55.307101760815534	
4212 SOUTH TONGASS HIGHWAY	99901	-131.56353399421903	55.30431257281719	
591 SALMONBERRY CIRCLE	99901	-131.6090749652015	55.32812693102523	
2417 TONGASS AVENUE	99901	-131.61044487984012	55.32820705123059	
440 FOREST PARK DRIVE	99901	-131.60529793840232	55.32800649183157	
119 MOUNTAIN ASH HEIGHTS	99901	-131.60830636215283	55.327962078065006	
11332 NORTH TONGASS HIGHWAY	99901	-131.61218611220306	55.32817292879788	
595 SALMONBERRY CIRCLE	99901	-131.60939815298957	55.32793127611003	
930 CARLANNA LAKE ROAD	99901	-131.61318028491456	55.32786928885339	
683 BLUEBERRY DRIVE	99901	-131.6108675380796	55.32779886177238	
596 SOUTH SALMONBERRY CIRCLE	99901	-131.6101576956303	55.32769025614383	
420 FOREST PARK DRIVE	99901	-131.60531394727897	55.327718470915265	
101 MOUNTAIN ASH HEIGHTS	99901	-131.6084165270477	55.32764149719389	
599 SALMONBERRY CIRCLE	99901	-131.60947020865515	55.327578362206076	
207 E FIREWEED LANE	99901	-131.6119439740132	55.327331025171134	
866 FOREST PARK DRIVE	99901	-131.61367369266918	55.32734505219844	
567 WAYWARD PASS	99901	-131.60655574868332	55.327047678974296	
278 EAST FIREWEED LANE	99901	-131.6096805536705	55.326946019968155	
244 EAST FIREWEED LANE	99901	-131.61086631008263	55.326903488216466	
266 FIREWEED LANE	99901	-131.6102446291936	55.32690228777018	
1961 JUNEGRASS DRIVE	99901	-131.6063444182161	55.32678203087613	
30 MOUNTAIN ASH HEIGHTS	99901	-131.60716891534008	55.32679437113144	
43 MOUNTAIN ASH HEIGHTS	99901	-131.60821184860518	55.32659130912799	
327 FOREST PARK DRIVE	99901	-131.60607045091908	55.32653492293262	
64 BISON HOLLOW ROAD	99901	-131.61179921409843	55.32685473187589	
90 BULL PINE PLACE	99901	-131.61060696376515	55.32655411695913	
120 FIREWEED LANE	99901	-131.61272587841626	55.32656273684122	
58 BULL PINE PLACE	99901	-131.6095357730945	55.32652382291626	
235 FOREST PARK DRIVE	99901	-131.6065892073344	55.32636437380212	
235 FOREST PARK DRIVE	99901	-131.60700686285608	55.32645572179473	
317 FOREST PARK DRIVE	99901	-131.6058500178231	55.326236291036025	
76 BULL PINE PLACE	99901	-131.6100483113714	55.32651739696614	
253 FOREST PARK DRIVE	99901	-131.60622981564373	55.32610673192653	
67 BENSON DRIVE	99901	-131.6127067946064	55.32610758794522	
145 DOGWOOD PLACE	99901	-131.6132493788346	55.326140276090214	
95 BULL PINE PLACE	99901	-131.6109275832698	55.32599542685567	
664 LERMO DRIVE	99901	-131.60706580042356	55.32568394587953	
1071 FOREST PARK DRIVE	99901	-131.61093776926683	55.32558085597738	
2572 SOUTH TONGASS HIGHWAY	99901	-131.60069976070358	55.32053213080213	
19323 32ND AVENUE NORTHWEST	99901	-131.59693814899464	55.31818589377395	
3739 SOUTH TONGASS HIGHWAY	99901	-131.5725364293978	55.30812710997761	
362 GOLD ROAD	99901	-131.57707244457717	55.31054143686595	
36 LODE LANE	99901	-131.57651341039949	55.30973757023916	
62 LODE LANE	99901	-131.57588102518554	55.309563887867114	
3725 SOUTH TONGASS HIGHWAY	99901	-131.5728578484031	55.30848485076678	
3244 SOUTH TONGASS HIGHWAY	99901	-131.58437773491048	55.31034570179026	
3304 SOUTH TONGASS HIGHWAY	99901	-131.5825626170137	55.30999381181621	
8400 SOUTH TONGASS HIGHWAY	99901	-131.607307646661	55.32285693613792	
2110 SOUTH TONGASS HIGHWAY	99901	-131.61185953327484	55.32414226705242	
2100 SOUTH TONGASS HIGHWAY	99901	-131.61194175607278	55.3242539289503	
2573 SOUTH TONGASS HIGHWAY	99926	-131.61230550818584	55.313379107066616	
2573 SOUTH TONGASS HIGHWAY	99926	-131.61136270473557	55.31446556714315	
2557 SOUTH TONGASS HIGHWAY	99901	-131.60141216784302	55.32022575092322	
10450 SOUTHWEST 6TH AVENUE	99901	-131.5987676120882	55.31740750998274	
2704 171ST STREET SOUTHEAST	99901	-131.59860185135872	55.31714481778646	
20700 44TH AVENUE WEST	99926	-131.63241105290268	55.32811660208799	
851 FOREST AVENUE	99901	-131.61290447876613	55.32454596705919	
71 DOUBLE EAGLE LANE	99901	-131.5798463739026	55.31102586181415	
65 NUGGET LANE	99901	-131.57981269696091	55.31263998797831	
37 POTTER ROAD	99926	-131.74394716137314	55.21618520098425	
37 POTTER ROAD	99926	-131.74327848961164	55.216697626962535	
159 SHOUP STREET	99901	-131.57377183928892	55.308750634782676	
14047 NORTHEAST 22ND AVENUE	99901	-131.573281365432	55.30850191381473	
3725 SOUTH TONGASS HIGHWAY	99901	-131.57297175118785	55.308296592807075	
602 LOTUS STREET	99901	-131.59960209937643	55.32023983975642	
12110 BUSINESS BOULEVARD	99901	-131.58466861658601	55.31119873001161	
4672 SOUTH TONGASS HIGHWAY	99901	-131.5568624958614	55.29942032785413	
4592 SOUTH TONGASS HIGHWAY	99901	-131.55762358180777	55.3005970632098	
1060 COTTON GIN ROAD	99901	-131.55337107044045	55.30198140578185	
2415 HEMLOCK AVENUE	99901	-131.55896883409855	55.302112494995875	
19 SWIFTWATER TRAIL	99901	-131.55868288507227	55.301884339010236	
684 D 2 LOOP ROAD	99901	-131.5543606222181	55.30166114201227	
3930 AFFINITY LANE	99901	-131.55548259914335	55.302823667819865	
9103 NORTHEAST 54TH STREET	99901	-131.55555656642386	55.30356502189667	
3177 SOUTH TONGASS HIGHWAY	99901	-131.58506983832788	55.31135701723078	
707 NORTHEAST HALLER STREET	99901	-131.58504308919368	55.31051917010062	
5110 SURPRISE BEACH COURT	99901	-131.55411196764916	55.30126356178613	
4672 SOUTH TONGASS HIGHWAY	99901	-131.55705114476604	55.299697980756214	
5401 TROON DRIVE	99901	-131.55618767603008	55.29890814980841	
1060 COTTON GIN ROAD	99901	-131.5540513457405	55.302595229051995	
73 ERNIE ROBINSON ROAD	99901	-131.55426906592436	55.3034626849584	
4716 BUCEY AVENUE	99901	-131.55551157340452	55.303193255877744	
1060 COTTON GIN ROAD	99901	-131.554252428227	55.30299560019711	
1060 COTTON GIN ROAD	99901	-131.55342411955127	55.30277771477739	
4430 SOUTH TONGASS HIGHWAY	99901	-131.55948249167633	55.30250761320804	
550 W 7TH AVENUE	99901	-131.55469943620054	55.301972261005524	
2977 FORSS AVENUE	99901	-131.58772414260017	55.314092748975405	
4222 NEWPORT WAY SOUTHEAST	99926	-131.65815407130472	55.32279449424469	
495 WESTLAND DRIVE	99926	-131.62868441440438	55.326857614176795	
150 ZELMA LANE	99901	-131.6148523200512	55.328127775757594	
2269 OYSTER AVENUE	99901	-131.60726741381436	55.32434857724185	
62 WILLOW CIRCLE	99901	-131.60607943317362	55.32508080709409	
55 HUCKLEBERRY CIRCLE	99901	-131.60792192543207	55.32500496180352	
1049 WOODLAND AVENUE	99901	-131.61193556039225	55.325054467092144	
146 FOREST PARK DRIVE	99901	-131.60851850200214	55.325572377957215	
390 FOREST PARK DRIVE	99901	-131.60536691104983	55.32744590478411	
846 FOREST PARK DRIVE	99901	-131.6142411269931	55.32763844784111	
380 FOREST PARK DRIVE	99901	-131.60542069318586	55.32715108804013	
862 FOREST PARK DRIVE	99901	-131.6141714473715	55.327216985888604	
350 FOREST PARK DRIVE	99901	-131.60536092288012	55.32685452592422	
860 FOREST PARK DRIVE	99901	-131.61383049629697	55.32681472204224	
203 FOREST PARK DRIVE	99901	-131.60787722975508	55.32638927789878	
122 DOGWOOD PLACE	99901	-131.61413127111874	55.32611271996838	
81 BULL PINE PLACE	99901	-131.61020730599017	55.32597540106788	
192 FOREST PARK DRIVE	99901	-131.60736257594567	55.32594203716812	
151 FOREST PARK DRIVE	99901	-131.60896480120496	55.325934549144854	
122 DOGWOOD PLACE	99901	-131.61399451429483	55.32584302619089	
2417 TONGASS AVENUE	99901	-131.61039905498086	55.32555905301415	
117 FOREST PARK DRIVE	99901	-131.60956332083097	55.32548557793118	
254 FOREST PARK DRIVE	99901	-131.606702172278	55.325462578003126	
3255 SOUTH TONGASS HIGHWAY	99901	-131.58335616088792	55.31068513907938	
2138 SOUTH TONGASS HIGHWAY	99901	-131.58428368130026	55.31100140307798	
550 WEST 7TH AVENUE	99926	-131.68939158393815	55.268497425940836	
37 POTTER ROAD	99926	-131.7434353444434	55.21628154310237	
2417 TONGASS AVENUE	99901	-131.60486198779154	55.32453361077156	
2293 OYSTER AVENUE	99901	-131.6050566060012	55.324233467864545	
2293 OYSTER AVENUE	99901	-131.60513976843697	55.324456897135924	
2287 OYSTER AVENUE	99901	-131.60559872490217	55.32433866384906	
2287 OYSTER AVENUE	99901	-131.60540799460102	55.324136360996995	
108 RANDS DRIVE	99901	-131.60488649113756	55.32530953390145	
324 FOREST PARK DRIVE	99901	-131.604894980217	55.32645423821243	
310 FOREST PARK DRIVE	99901	-131.60488594316524	55.326078621796356	
2949 SOUTH TONGASS HIGHWAY	99901	-131.59034447528333	55.3140611740262	
2954 SOUTH TONGASS HIGHWAY	99901	-131.59020196834328	55.313830982097045	
2954 SOUTH TONGASS HIGHWAY	99901	-131.5898825112586	55.313665191918076	
2969 SOUTH TONGASS HIGHWAY	99901	-131.58841163316856	55.314352523995076	
2971 FORSS AVENUE	99901	-131.5881535058649	55.314214857116355	
2977 SOUTH TONGASS HIGHWAY	99901	-131.58893880500148	55.31384481912937	
2949 SOUTH TONGASS HIGHWAY	99901	-131.5887290995866	55.31481226912787	
2246 SOUTH TONGASS HIGHWAY	99901	-131.60786383317927	55.32310388915119	
8400 SOUTH TONGASS HIGHWAY	99901	-131.60751836178224	55.3230474070195	
8400 SOUTH TONGASS HIGHWAY	99901	-131.60730750472717	55.32296983493215	
2290 OYSTER AVENUE	99901	-131.60533120481392	55.323824038986125	
2290 OYSTER AVENUE	99901	-131.60574616089815	55.323998788907204	
2301 SOUTH TONGASS HIGHWAY	99901	-131.60627483112094	55.32331249903708	
3714 JUSTICE COURT	99926	-131.73663016239846	55.18730295399538	
1815 BRAGAW STREET	99926	-131.68469451609965	55.259197985154074	
21 MUIRFIELD COURT	99926	-131.73468585328908	55.16553536295383	
6410 NORTHEAST 187TH STREET	99926	-131.6683787138349	55.32583096978847	
37 POTTER ROAD	99926	-131.74458344078383	55.21612458314916	
97 HUCKLEBERRY CIRCLE	99926	-131.7574349296813	55.151121501761615	
220 WEST 7TH	99926	-131.7833653932455	55.166123312908496	
550 WEST 7TH AVENUE	99926	-131.75968977111305	55.15695636202018	
2600 CORDOVA STREET	99901	-131.58382568243917	55.32693215480097	
2969 SOUTH TONGASS HIGHWAY	99901	-131.58874128703008	55.31447610616504	
3955 SOUTH TONGASS HIGHWAY	99901	-131.57424260321017	55.310905455013234	
428 GOLD ROAD	99901	-131.57444156926584	55.310002759951956	
428 GOLD ROAD	99901	-131.57591533723613	55.3112030521031	
6860 GLACIER HIGHWAY	99901	-131.56781709142513	55.306996684751816	
3926 ANCHOR RIDGE ROAD	99901	-131.57094878828715	55.30897192113005	
3955 SOUTH TONGASS HIGHWAY	99901	-131.5762825999653	55.312519841182564	
3955 SOUTH TONGASS HIGHWAY	99901	-131.57190909181745	55.310200762117795	
3902 BIG ROCK ROAD	99901	-131.5713867376494	55.30971085090692	
3322 SOUTH TONGASS HIGHWAY	99901	-131.56897386459292	55.30970946895137	
3924 BIG ROCK ROAD	99901	-131.57087407271004	55.30971069803799	
3962 BIG ROCK ROAD	99901	-131.56943230362847	55.30970976395262	
3902 BIG ROCK ROAD	99901	-131.57114979082354	55.30939621524116	
435 DOCK STREET	99901	-131.56990951565683	55.30971007378061	
4212 SOUTH TONGASS HIGHWAY	99901	-131.57155774543847	55.310125328041714	
3902 FAWN MOUNTAIN ROAD	99901	-131.57192239856178	55.31042772300802	
3996 FAWN MOUNTAIN ROAD	99901	-131.56898894012	55.3104217177702	
3921 BIG ROCK ROAD	99901	-131.5710769365557	55.31012515012255	
3912 FAWN MOUNTAIN ROAD	99901	-131.57137560931966	55.31042660590909	
3982 FAWN MOUNTAIN ROAD	99901	-131.56945594818507	55.31042267484545	
3968 FAWN MOUNTAIN ROAD	99901	-131.56993493618276	55.310423659017374	
1926 HARBOURSIDE DRIVE	99901	-131.5701210248888	55.31012479581798	
3939 BIG ROCK ROAD	99901	-131.57059920799603	55.31012497220338	
3912 FAWN MOUNTAIN ROAD	99901	-131.57089153595916	55.31042562122602	
3954 FAWN MOUNTAIN ROAD	99901	-131.57041726860825	55.31042465188066	
4238 S TONGASS HIGHWAY	99901	-131.5638667328952	55.305463225749214	
4238 S TONGASS HIGHWAY	99901	-131.56024663009805	55.30438638883297	
4348 SOUTH TONGASS HIGHWAY	99901	-131.5607983412096	55.30320803392857	
4326 S TONGASS HIGHWAY	99901	-131.56120513520113	55.303450036255676	
4302 SOUTH TONGASS HIGHWAY	99901	-131.56160101196707	55.303674772053284	
4284 SOUTH TONGASS HIGHWAY	99901	-131.5622233638976	55.30399226906332	
4238 SOUTH TONGASS HIGHWAY	99901	-131.56294708441973	55.30433448206355	
89 DOUBLE EAGLE LANE	99901	-131.58067955324378	55.31170950604272	
3447 SOUTH TONGASS HIGHWAY	99901	-131.57915805239253	55.310298337182225	
3373 SOUTH TONGASS HIGHWAY	99901	-131.58090311607023	55.31066278292511	
3391 S TONGASS HIGHWAY	99901	-131.580539406178	55.310566893858095	
3349 SOUTH TONGASS HIGHWAY	99901	-131.5815895663895	55.310935565183385	
3349 S TONGASS HIGHWAY	99901	-131.58155051482748	55.31122776122632	
3357 SOUTH TONGASS HIGHWAY	99901	-131.58069538066079	55.310850849181	
3357 SOUTH TONGASS HIGHWAY	99901	-131.5814053066534	55.31072814989618	
4672 SOUTH TONGASS HIGHWAY	99901	-131.58981410095643	55.3152589581038	
2417 TONGASS AVENUE	99901	-131.6042835500037	55.32440205493691	
136 W FIREWEED LANE	99901	-131.61327984340085	55.32649805216184	
1027 MILLAR STREET	99926	-131.66648226606554	55.32272828596119	
51 PINE STREET	99926	-131.66234153206904	55.32325135501492	
1108 DUNTON STREET	99926	-131.6657989409851	55.32206473425271	
5110 SURPRISE BEACH COURT	99901	-131.55512167133355	55.29986856790605	
104 MOUNTAIN ASH HEIGHTS	99901	-131.60749350180507	55.327477565149564	
2417 TONGASS AVENUE	99901	-131.60714687876785	55.32768405319435	
443 FOREST PARK DRIVE	99901	-131.60636901588524	55.32798051098511	
417 FOREST PARK DRIVE	99901	-131.60644560534806	55.327575601073306	
4222 NEWPORT WAY SOUTHEAST	99926	-131.65653873333724	55.31858401182605	
51 PINE STREET	99926	-131.66607443362147	55.31323730306865	
3955 SOUTH TONGASS HIGHWAY	99901	-131.5696387921763	55.30768808317781	
308 DEERMOUNT STREET	99926	-131.63515838131588	55.32797215919207	
240 HALIBUT STREET	99901	-131.59819267683164	55.31803023612887	
3955 SOUTH TONGASS HIGHWAY	99901	-131.56788973458887	55.30884279284059	
2417 TONGASS AVENUE	99901	-131.56660308928556	55.30842037382253	
1900 FIRST AVENUE	99901	-131.5651873237365	55.313446146870426	
344 FRONT STREET	99901	-131.5654525899517	55.30678779113351	
344 FRONT STREET	99901	-131.56540025410328	55.30707887497839	
4212 SOUTH TONGASS HIGHWAY	99901	-131.5666136022693	55.3072919070478	
308 DEERMOUNT STREET	99926	-131.6360051916932	55.326630753966796	
308 DEERMOUNT STREET	99926	-131.6341842554083	55.327386717775504	
5446 JENKINS DRIVE	99901	-131.60199418901053	55.32229169419649	
4196 SOUTH TONGASS HIGHWAY	99901	-131.5640824390562	55.30456158083683	
2138 SOUTH TONGASS HIGHWAY	99901	-131.56583844960392	55.3059792338009	
2138 SOUTH TONGASS HIGHWAY	99901	-131.5655825447323	55.30584770178114	
4110 SOUTH TONGASS HIGHWAY	99901	-131.56537755367606	55.30571385918676	
1453 WREN LANE	99901	-131.56514460794645	55.305483800832796	
4172 SOUTH TONGASS HIGHWAY	99901	-131.56458579834754	55.304941206962376	
3933 ALASKA AVENUE	99901	-131.5648344888491	55.3051999650816	
38 SHOUP STREET	99901	-131.5861177168186	55.311885412111465	
3141 SOUTH TONGASS HIGHWAY	99901	-131.58584785302577	55.31173098994055	
291 SHORE ACRES	99901	-131.58536326942217	55.312013436957145	
3161 SOUTH TONGASS HIGHWAY	99901	-131.58530389796843	55.31176250181763	
2417 TONGASS AVENUE	99901	-131.56502792936746	55.30791253983075	
2417 TONGASS AVENUE	99901	-131.56434108109448	55.307553109161894	
7050 INFANTRY RIDGE ROAD	99901	-131.592877121615	55.31757979523489	
3617 SOUTH TONGASS HIGHWAY	99901	-131.57516300357557	55.30914960323918	
3912 FAWN MOUNTAIN ROAD	99901	-131.57256255420288	55.31001878294845	
3915 FAWN MOUNTIAN ROAD	99901	-131.57131416365593	55.31089114711455	
36 SEAWATCH DRIVE	99901	-131.57320552606245	55.31088081112947	
383 MISTY MOUNTAIN ROAD	99901	-131.57280942292107	55.310515295795675	
3912 FAWN MOUNTAIN ROAD	99901	-131.57268618574219	55.31026743918764	
3912 FAWN MOUNTAIN ROAD	99901	-131.5723496669553	55.30977061392105	
862 FOREST PARK DRIVE	99901	-131.6154618036153	55.327514150872105	
862 FOREST PARK DRIVE	99901	-131.61651486358855	55.32733379603067	
862 FOREST PARK DRIVE	99901	-131.61496783082032	55.32586274387695	
2417 TONGASS AVENUE	99901	-131.56433443895125	55.306714516969144	
1306 WATER STREET	99901	-131.56964523130026	55.30939291089413	
3940 BIG ROCK ROAD	99901	-131.57012284936715	55.3093939518427	
3219 EAST OTERO CIRCLE	99901	-131.5706073179864	55.30939500403926	
3956 ANCHOR RIDGE ROAD	99901	-131.56991775141137	55.30897159289033	
2051 SEA LEVEL DRIVE	99901	-131.57039635582848	55.30897174678467	
3601 C STREET	99901	-131.55782226938567	55.30436957201252	
4384 SOUTH TONGASS HIGHWAY	99901	-131.55993228712225	55.302831923151864	
101 VALLEY DRIVE	99901	-131.58642158094662	55.31197769478446	
2600 CORDOVA STREET	99926	-131.6466788562198	55.30045919823046	
550 WEST 7TH AVENUE	99926	-131.6953042466292	55.29056710497849	
2051 SEA LEVEL DRIVE	99901	-131.5701241213816	55.3086579790343	
3955 SOUTH TONGASS HIGHWAY	99901	-131.56964705218533	55.30865822598295	
3955 SOUTH TONGASS HIGHWAY	99901	-131.56908271255756	55.30865835124676	
4848 NORTHEAST HENDERICKSON ROAD	99901	-131.61098285121938	55.3239822809194	
2138 SOUTH TONGASS HIGHWAY	99901	-131.6112686556169	55.32356415225081	
2196 SOUTH TONGASS HIGHWAY	99901	-131.60940327428503	55.32349531723019	
10649 PAULF ROAD	99901	-131.78837796468315	55.42768795124852	
791 SUNSET DRIVE	99901	-131.76211671897343	55.41592852396658	
15001 NORTH TONGASS HIGHWAY	99901	-131.78353546499002	55.4757360907954	
1100 NORTH POINT HIGGINS ROAD	99901	-131.8217667178432	55.47139789094569	
298 SUNSET DRIVE	99901	-131.76180076531833	55.411694553917854	
1245 WATER STREET	99901	-131.76067364913132	55.41172286898023	
75 WEST MATTLE ROAD	99901	-131.80310125876505	55.47287086110322	
1150 SOUTH COLONY WAY	99901	-131.8011711205793	55.44052947505057	
1545 POND REEF ROAD	99901	-131.81067623861802	55.44037795892997	
1150 SOUTH COLONY WAY	99901	-131.800732210918	55.440416488876984	
10115 MULLEIN ROAD	99901	-131.80620753420285	55.44003110618042	
2600 CORDOVA STREET	99901	-131.7783357789703	55.42706419594361	
10451 KINGFISHER ROAD	99901	-131.7829281032467	55.42679303425146	
1545 POND REEF ROAD	99901	-131.78632484803327	55.430037735915526	
1920 SECOND AVENUE	99901	-131.78702154094344	55.42986383301099	
294 D 1 LOOP ROAD	99901	-131.7695535451222	55.423682003102876	
240 D 1 LOOP ROAD	99901	-131.76884962526557	55.4232448961124	
2600 CORDOVA STREET	99901	-131.77013447842992	55.42293336211045	
13226 HORIZON PIONEER ROAD SOUTHEAST	99926	-131.86720171008002	55.377712175866776	
1402 POND REEF ROAD	99901	-131.806966174935	55.43931510490557	
1164 POND REEF ROAD	99901	-131.8025939702426	55.43882670889167	
1374 POND REEF ROAD	99901	-131.8065517623315	55.43901765713717	
10709 GENA ROAD	99901	-131.7891277076024	55.42824734588486	
778 D 1 LOOP ROAD	99901	-131.78044656925803	55.42796203882991	
758 D 1 LOOP ROAD	99901	-131.77912414585356	55.42809037325279	
8997 HERON LANE	99901	-131.76022206783463	55.413432511927056	
739 S PT HIGGINS ROAD	99901	-131.76325790637102	55.413510509113124	
160 AVALON TRAIL	99926	-131.84794336560932	55.37928082224949	
160 AVALON TRAIL	99926	-131.84931344014805	55.37877115524318	
616 SOUTH PT HIGGINS ROAD	99901	-131.82335891790387	55.44749486191041	
12519 NORTH TONGASS HIGHWAY	99901	-131.81755820236523	55.44712395225454	
12388 NORTH TONGASS HIGHWAY	99901	-131.8129555573446	55.44718323799505	
716 BUREN ROAD	99901	-131.82471677086318	55.447436770883506	
651 DEERBERRY COURT	99901	-131.82566654434174	55.447441873938416	
102 EARL HINES LANE	99901	-131.8269345379248	55.44712940893895	
10773 NORTH TONGASS HIGHWAY	99901	-131.78987385636222	55.429501946897155	
6149 SOUTH TONGASS HIGHWAY	99901	-131.78800697035226	55.42864825694655	
662 LERMO DRIVE	99901	-131.76387475162886	55.41504031193545	
617 MISSION STREET	99926	-131.80434556557074	55.40538941094736	
8285 NORTH TONGASS HIGHWAY	99926	-131.80324590189883	55.4040933531039	
2425 TONGASS AVENUE	99926	-131.8028005207742	55.40355880292605	
260 SUNSET DRIVE	99901	-131.76123450958403	55.411156839254176	
625 SUNSET DRIVE	99901	-131.76611722595408	55.41520225398361	
574 SUNSET DRIVE	99901	-131.76518799604776	55.41441229791082	
247 HALIBUT STREET	99901	-131.7589635380031	55.41388192999119	
21193 NORTHWEST WAPINITIA LANE	99901	-131.80778114991696	55.468758693114815	
154 NORTH PT HIGGINS ROAD	99901	-131.80178766220655	55.46859465018731	
981 POND REEF ROAD	99901	-131.80166330842178	55.44065583885156	
15945 NORTH TONGASS HIGHWAY	99901	-131.80871541757537	55.44086962505557	
126 POND REEF ROAD	99901	-131.80336128690382	55.44087655323855	
147 POND REEF ROAD	99901	-131.80237176836386	55.440676222981395	
1011 SOUTH PT HIGGINS ROAD	99901	-131.80767881743304	55.44052890890772	
1563 POND REEF ROAD	99901	-131.81036293229806	55.44070045593846	
7847 WILLIAMS ROAD	99901	-131.80575153768655	55.440771218839565	
69 W MATTLE ROAD	99901	-131.8067974901893	55.47203118416984	
66 GARLAND COURT	99901	-131.80391946858032	55.471857004967006	
2417 TONGASS AVENUE	99926	-131.84072421293195	55.38930103112531	
410 KNUDSON COVE ROAD	99901	-131.77884858135195	55.42544744789048	
2507 GILSON ROAD	99926	-131.76689863987698	55.38571010010901	
777 MAIN STREET	99926	-131.76614968028863	55.38536643401892	
777 MAIN STREET	99926	-131.765423613367	55.38500715294383	
1545 POND REEF ROAD	99901	-131.7860646851472	55.42975372985687	
335 STRAWBERRY ROAD	99901	-131.82588348209296	55.45142322694974	
226 CRANBERRY ROAD	99901	-131.8202504388987	55.45136463685208	
349 STRAWBERRY ROAD	99901	-131.82678371707684	55.45145010187833	
12767 NORTH TONGASS HIGHWAY	99901	-131.81914505295845	55.45109532984807	
1011 SOUTH PT HIGGINS ROAD	99901	-131.80684280480546	55.44026422017817	
1545 POND REEF ROAD	99901	-131.8096420603337	55.44038763893871	
1011 SOUTH PT HIGGINS ROAD	99901	-131.80547394209407	55.43969060293645	
102 EARL HINES LANE	99901	-131.80921482607613	55.44017292879564	
199 POND REEF ROAD	99901	-131.80292215086706	55.43994905511086	
2600 CORDOVA STREET	99901	-131.77532997470715	55.42632773307677	
684 D 2 LOOP ROAD	99901	-131.77815554278834	55.42624552302072	
635 D 1 LOOP ROAD	99901	-131.77708517766942	55.42632091397804	
7807 WEST 11TH AVENUE	99926	-131.83494639814484	55.42120025606947	
707 NORTHEAST HALLER STREET	99926	-131.837353483356	55.42142702076478	
5166 SHORELINE DRIVE	99926	-131.83186637058134	55.42076516094891	
250 SOUTHEAST VALLEY VIEW WAY	99926	-131.83235343623005	55.4197611949631	
451 7TH STREET SOUTHWEST	99901	-131.82399737842408	55.44886045889155	
901 VIKING STREET	99901	-131.8266156377956	55.448783155107435	
742 SOUTH PT HIGGINS ROAD	99901	-131.82492617983402	55.44883038780731	
8311 TELEGRAPH ROAD	99901	-131.82698239836654	55.44858280384978	
131 STRAWBERRY ROAD	99901	-131.8236604086829	55.44857868881561	
716 SOUTH PT HIGGINS ROAD	99901	-131.82457111981964	55.44855814115002	
442 D 1 LOOP ROAD	99901	-131.77281741919683	55.42515025093292	
540 D 2 LOOP ROAD	99901	-131.77539694770485	55.42502379008037	
19487 WILDERNESS DRIVE	99901	-131.77211970041057	55.42484684718235	
2600 CORDOVA STREET	99901	-131.77841782569848	55.424858612949244	
465 D 1 LOOP ROAD	99901	-131.77452370799358	55.42466432084334	
362 D-1 LOOP ROAD	99901	-131.7713256642596	55.42450164780915	
2600 CORDOVA STREET	99901	-131.777067861744	55.42570830310083	
569 D 1 LOOP ROAD	99901	-131.7759769710192	55.42566415691767	
667 D 2 LOOP ROAD	99901	-131.779752805754	55.425445923155685	
613 POND REEF ROAD	99901	-131.81002426114773	55.4417160009213	
126 POND REEF ROAD	99901	-131.80380389672578	55.4413371258827	
2901 BARANOF AVENUE	99901	-131.8091600881326	55.44159011084407	
758 POND REEF ROAD	99901	-131.8072870639343	55.44141788485924	
93 POND REEF ROAD	99901	-131.80126259063476	55.44109641285775	
2901 BARANOF AVENUE	99901	-131.80823206107047	55.44143772794408	
166 STRAWBERRY ROAD	99901	-131.82309602413937	55.44947619679874	
790 SOUTH PT HIGGINS ROAD	99901	-131.8257340805831	55.44932272505374	
764 SOUTH PT HIGGINS ROAD	99901	-131.8253303543382	55.449076742900054	
359 D 2 LOOP ROAD	99901	-131.7733361253065	55.422650821125366	
11440 SOUTH PHOENIX DRIVE	99901	-131.7683928148756	55.42282450599341	
211 D 2 LOOP ROAD	99901	-131.76925994783957	55.42180437290569	
2600 CORDOVA STREET	99926	-131.84039499924495	55.41632988184336	
9809 TOTEM BIGHT ROAD	99901	-131.7685751926412	55.42046991304397	
486 BARBARA LANE	99901	-131.763011112213	55.41417265877142	
496 BARBARA LANE	99901	-131.76406627963397	55.414288531755425	
568 SUNSET DRIVE	99901	-131.76540826565036	55.41420515186709	
610 SUNSET DRIVE	99901	-131.76457542497405	55.41455938208925	
496 BARBARA LANE	99901	-131.76351550905855	55.414504554991936	
12347 NORTH TONGASS HIGHWAY	99901	-131.8138589382286	55.446009903118735	
26585 ANSELL ROAD NORTHWEST	99901	-131.81409587696965	55.44560695707297	
14836 NORTH TONGASS HIGHWAY	99901	-131.78699891777134	55.472500767938776	
2840 THIRD AVENUE	99926	-131.80603151561115	55.406651000161425	
5275 SHORELINE DRIVE	99926	-131.80560603935658	55.40653353493988	
5275 SHORELINE DRIVE	99926	-131.80517339185116	55.40636919392157	
5275 SHORELINE DRIVE	99926	-131.80578752779007	55.40581005294646	
617 MISSION STREET	99926	-131.80459175875583	55.40554800084977	
1521 SECOND AVENUE	99926	-131.80226118215913	55.4030897830363	
15629 GULLEY STREET	99926	-131.80057635770774	55.4023516861425	
428 GOLD ROAD	99926	-131.79987179375908	55.40197872099976	
12519 NORTH TONGASS HIGHWAY	99901	-131.81817911070308	55.44613319997136	
1452 POND REEF ROAD	99901	-131.80931918066773	55.439401682998486	
742 SOUTH PT HIGGINS ROAD	99901	-131.8045535363388	55.439557269921764	
1418 POND REEF ROAD	99901	-131.80749664987323	55.43951747687508	
466 SUNSET DRIVE	99901	-131.76390169839243	55.41342623010694	
6446 SOUTH GOVE STREET	99901	-131.7531366734048	55.41313231385032	
8840 SWAN AVENUE	99901	-131.75423953957068	55.41310018600459	
233 CRANBERRY ROAD	99901	-131.8230529328535	55.45070634418205	
2600 CORDOVA STREET	99901	-131.82627265742687	55.450083905238195	
2417 TONGASS AVENUE	99926	-131.7985039452456	55.40120809602708	
2417 TONGASS AVENUE	99926	-131.79630062219542	55.40014306312069	
95 KAUPEA STREET	99926	-131.79563770414333	55.39974514775315	
10805 NORTH TONGASS HIGHWAY	99926	-131.79497481932884	55.3993472319505	
95 KAUPEA STREET	99926	-131.79431193720933	55.3989493187735	
1649 WATER STREET	99926	-131.79376044438843	55.3984981300861	
533 EAST SPRUCE AVENUE	99926	-131.84813257506264	55.394978473217535	
2922 EDEN STREET	99926	-131.84790749318506	55.39446608110861	
1119 STEVEN PATRICK AVENUE	99926	-131.7803118390334	55.39357281886475	
7677 EAST TUCKEY LANE	99926	-131.8475944922923	55.394017296234146	
2507 GILSON ROAD	99926	-131.7786671818517	55.39294726201502	
234 CLAREMONT COURT	99926	-131.8470454518721	55.39353766399614	
2729 TONGASS AVENUE	99926	-131.77797603963162	55.39256532302078	
567 SUNSET DRIVE	99926	-131.846563017937	55.39315084103424	
95 KAUPEA STREET	99926	-131.77736629735276	55.39214049106931	
18011 NORTH TONGASS HIGHWAY	99926	-131.77675654339578	55.391715644858934	
3955 BIG ROCK ROAD	99926	-131.7761340701927	55.3912974901459	
3954 FAWN MOUNTAIN ROAD	99926	-131.77589704701003	55.39088132801314	
3954 FAWN MOUNTAIN ROAD	99926	-131.77507984690112	55.39093907981697	
3250 DENALI AVENUE	99926	-131.77504503089568	55.390565571251194	
49775 BISHOP DRIVE	99926	-131.8432865108545	55.391637655159236	
1731 FAIRY CHASM	99926	-131.84243341406687	55.39103686992391	
224 EAST 4735 NORTH	99926	-131.77414198777822	55.39010877383295	
2417 TONGASS AVENUE	99926	-131.8415054750396	55.39021137694333	
77 SOUTH WASHINGTON STREET	99926	-131.77140133744084	55.389128403025374	
500 MAIN STREET	99926	-131.76469236226785	55.3846514361176	
50 WEST MATTLE ROAD	99926	-131.83489549241432	55.38411816922875	
50 WEST MATTLE ROAD	99926	-131.8344911112976	55.3836627772367	
50 WEST MATTLE ROAD	99926	-131.83388094501393	55.38312323283338	
3345 FIRST STREET	99926	-131.8570670715548	55.380364627251495	
2054 33RD AVENUE	99926	-131.85259483586228	55.38060466689679	
17 PASEO CUARTO	99926	-131.85167805840243	55.38057979993932	
3345 FIRST STREET	99926	-131.8560454068024	55.380217896030565	
2054 33RD AVENUE	99926	-131.8532926902941	55.38054557818298	
9205 SOUTH KACHINA DRIVE	99926	-131.84957508615264	55.3803635748972	
7930 SOUTHEAST 30TH AVENUE	99926	-131.85508312158856	55.380109121752696	
7930 SOUTHEAST 30TH AVENUE	99926	-131.8540670659168	55.38015208225158	
3160 JACKSON HEIGHTS	99926	-131.8587842739839	55.38006616988328	
160 AVALON TRAIL	99926	-131.84839749003658	55.379649699177556	
170 FROGNER ROAD	99926	-131.8632783890435	55.37893705180495	
6010 SOUTHWEST 30TH AVENUE	99926	-131.85914642799412	55.37930447687463	
63436 JEROME ROAD	99926	-131.86456047180354	55.3788860321841	
435 HILLCREST STREET	99926	-131.8475325965726	55.37881844212202	
12731 CARDINAL CIRCLE	99926	-131.86101693511299	55.37902700776202	
435 HILLCREST STREET	99926	-131.84707579696243	55.37843148179155	
3607 BARANOF AVENUE	99926	-131.8468362081913	55.378029897154924	
203 MARINE VIEW DRIVE	99926	-131.86075159343932	55.37778742876389	
3607 BARANOF AVENUE	99926	-131.85812818941616	55.37775582697429	
832 BUREN ROAD	99926	-131.8499057506188	55.37769155405112	
87542 RICE ROAD	99926	-131.85687797798414	55.37772809187513	
32 WIGHTS LANE	99926	-131.85431744704775	55.37768780778409	
832 BUREN ROAD	99926	-131.85133623865704	55.37768693705768	
702 WEST CHERRY	99926	-131.8686691494191	55.37770333896786	
12336 CLOUDBERRY LANE	99901	-131.81240247989552	55.44684474325133	
12384 NORTH TONGASS HIGHWAY	99901	-131.81377669207447	55.44693417685988	
6 VAPPI VALE LANE	99901	-131.82502438276256	55.447089466093345	
12519 NORTH TONGASS HIGHWAY	99901	-131.8185831962741	55.446542161936975	
12519 NORTH TONGASS HIGHWAY	99901	-131.75804548403718	55.417082504251994	
3946 FAIRVIEW AVENUE	99901	-131.80664428611084	55.46788747114998	
25 KNUDSON COVE ROAD	99901	-131.80122397924723	55.467617079751875	
241 HIGGINS SPUR	99901	-131.80746977317824	55.467613021190786	
1028 SOUTH PT HIGGINS ROAD	99901	-131.83000420521816	55.45025912974731	
48 CARLTON'S DRIVE	99901	-131.80205999367146	55.44257189696216	
153 CEDAR PARK DRIVE	99901	-131.80798363108033	55.44427744510051	
218 LOGANBERRY COURT	99901	-131.81458822471222	55.444349883037546	
9543 SOUTH LEON RANCH ROAD	99926	-131.86195084793687	55.37777347114405	
215 STRAWBERRY ROAD	99901	-131.82496818595502	55.44972628322547	
899 FOREST PARK DRIVE	99926	-131.8372941765809	55.374442466104	
899 FOREST PARK DRIVE	99926	-131.83659710637832	55.374257206746705	
899 FOREST PARK DRIVE	99926	-131.83598716916504	55.37409509892931	
3100 N MEADOWLARK DRIVE	99901	-131.75348917411893	55.411806595774365	
345 OHLSON LANE	99901	-131.76199970532284	55.41209886099798	
29 EARL HINES LANE	99901	-131.8272725200673	55.448369625970194	
109 STRAWBERRY ROAD	99901	-131.82313891689756	55.44831323075847	
702 SOUTH PT HIGGINS ROAD	99901	-131.82423345208753	55.448269825159734	
59 EARL HINES LANE	99901	-131.82677811158945	55.44808402006552	
16169 WATERFALL ROAD	99901	-131.81604561369994	55.4479760229839	
61 STRAWBERRY ROAD	99901	-131.82288140044832	55.44800858303414	
716 SOUTH PT HIGGINS ROAD	99901	-131.82392206995888	55.44798151419535	
4418 NORTH TONGASS AVENUE	99901	-131.82031147133742	55.44786394514289	
5247 SHORELINE DRIVE	99901	-131.81793323192838	55.44754941088523	
105 EARL HINES LANE	99901	-131.82621950860306	55.447761321009644	
35 STRAWBERRY ROAD	99901	-131.82263573816755	55.44760163906586	
56 EARL HINES LANE	99901	-131.82762777860938	55.447706428933685	
70 EARL HINES LANE	99901	-131.82775316635502	55.4474503681594	
12440 CLOUDBERRY LANE	99901	-131.81476696969082	55.44726511200551	
12481 NORTH TONGASS HIGHWAY	99901	-131.81700182899738	55.446801426218336	
12533 NORTH TONGASS HIGHWAY	99901	-131.820004243917	55.446419866008135	
1192 POND REEF ROAD	99901	-131.80311580338784	55.43858319199821	
1153 POND REEF ROAD	99901	-131.80149170235472	55.438407993094295	
11448 JOHANNSEN ROAD	99901	-131.79706302507202	55.4381563601147	
38929 276TH AVENUE SOUTHEAST	99901	-131.80172601532016	55.437915887082376	
11380 ALDERWOOD STREET	99901	-131.79487173405676	55.43771098990776	
1211 POND REEF ROAD	99901	-131.80251171869858	55.437362082882295	
2630 EAST 17TH STREET	99901	-131.79591906637177	55.43721512489507	
11011 VICTORSON COURT	99901	-131.7923415940247	55.43235866509653	
12519 NORTH TONGASS HIGHWAY	99901	-131.75657879928292	55.4176835988227	
12519 NORTH TONGASS HIGHWAY	99901	-131.75737422243273	55.41779062795807	
12519 NORTH TONGASS HIGHWAY	99901	-131.75652098371123	55.417371718083345	
12519 NORTH TONGASS HIGHWAY	99901	-131.75742322912473	55.41726906105236	
3701 WEST DECAUTER	99901	-131.79168887813927	55.4318999907608	
10830 NORTH TONGASS HIGHWAY	99901	-131.78827823641524	55.43162236979011	
2413 KA SEE AN DRIVE	99901	-131.79110669437668	55.431530765853445	
2252 WEST SUNNYSIDE ROAD	99901	-131.7893196353578	55.43124991079265	
14702 NORTH TONGASS HIGHWAY	99901	-131.7876831276923	55.431087025838316	
10883 NORTH TONGASS HIGHWAY	99901	-131.79039080536722	55.430738176983546	
14702 NORTH TONGASS HIGHWAY	99901	-131.78872748209216	55.43071458319791	
10893 NORTH TONGASS HIGHWAY	99901	-131.7912427181753	55.43068878491726	
10734 NORTH TONGASS HIGHWAY	99901	-131.78678751364225	55.42945171682955	
10641 NORTH TONGASS HIGHWAY	99901	-131.7871781352638	55.42793643398184	
10540 NORTH TONGASS HIGHWAY	99901	-131.78365098025074	55.428044311068746	
1010 POND REEF ROAD	99901	-131.78322515005996	55.427841115149114	
4810 NORTHEAST TOK-A-LOU AVENUE	99901	-131.7877770959626	55.427818626795414	
100 PACIFIC COURT	99901	-131.78874908657477	55.42790623378877	
2600 CORDOVA STREET	99901	-131.77846046333514	55.42724586602258	
606 WARREN AVENUE	99901	-131.78900739982964	55.42745747993132	
10551 COLLINS COURT	99901	-131.7852012307843	55.42734672880152	
1036 BELL STREET	99901	-131.78843199295756	55.427224354013354	
2600 CORDOVA STREET	99901	-131.7779431541057	55.426888852116285	
10629 PAULF ROAD	99901	-131.78773403342282	55.42734454503359	
48 HUMMINGBIRD CIRCLE	99901	-131.75244986106443	55.415591759952854	
702 BAYVIEW STREET	99901	-131.76310053231305	55.41572738280454	
702 BAYVIEW STREET	99901	-131.76240286293412	55.415561681873164	
643 SUNSET DRIVE	99901	-131.765945722295	55.41553966889366	
686 LERMO DRIVE	99901	-131.76298011314918	55.41534149492683	
9782 TOTEM BIGHT ROAD	99901	-131.7695284839224	55.420420569822845	
345 COPPER ROAD	99901	-131.8076550453157	55.46925075516924	
126 GIMBAL LANE	99901	-131.8013389986379	55.472793452131135	
1249 POND REEF ROAD	99901	-131.82675950837825	55.46896442815882	
31 JENCK ROAD	99901	-131.80001573710524	55.468451198887635	
10331 ROCKY PT DRIVE	99901	-131.80594646042508	55.468607794096755	
79 KNUDSON COVE ROAD	99901	-131.8005936978877	55.46857454680046	
9047 NORTH TONGASS HIGHWAY	99901	-131.76212796857573	55.412944117957316	
395 OHLSON LANE	99901	-131.7633865379332	55.412562788787106	
422 SUNSET DRIVE	99901	-131.76365205477833	55.41277707900296	
8983 NORTH TONGASS HIGHWAY	99901	-131.76103435865053	55.41217988275434	
284 SUNSET DRIVE	99901	-131.76154354441482	55.41141103195002	
496 BARBARA LANE	99901	-131.76427217619204	55.41479391823558	
509 WATER STREET	99901	-131.7634693697889	55.41488740891898	
14 DEBERTIN DRIVE	99901	-131.75857641442127	55.414079552916604	
59 KNUDSON COVE ROAD	99901	-131.80105653507488	55.468271554180994	
75 KNUDSON COVE ROAD	99901	-131.80030463530062	55.4682525031903	
236 CHANDLER ROAD	99901	-131.80416802882618	55.46815829709757	
2417 TONGASS AVENUE	99901	-131.80701008638275	55.46818312322556	
6649 NORTH KITE LANE	99901	-131.80377371333222	55.4683157280828	
427 ALDER STREET	99901	-131.8083843174263	55.4683522030353	
169 NORTH PT HIGGINS ROAD	99901	-131.8034889967945	55.467877263199654	
300 YEOMAN ROAD	99901	-131.80897391588323	55.4681167801464	
453 KNUDSON COVE ROAD	99901	-131.80619186578767	55.46806810193655	
1249 POND REEF ROAD	99901	-131.82697106701755	55.46834962077944	
55 KNUDSON COVE ROAD	99901	-131.80082281230258	55.46798277883428	
75 POND REEF ROAD	99901	-131.80130738243147	55.4415006600272	
12429 BLACKBERRY LANE	99901	-131.79894999202185	55.44148780517861	
219 POTTER ROAD	99901	-131.7849357211257	55.473581668074075	
191 WEST MATTLE ROAD	99901	-131.80511203242568	55.473888627901324	
2101 W CLINTON AVENUE	99901	-131.81736943757795	55.4739602278926	
353 CHANDLER ROAD	99901	-131.8024284817027	55.469625931166895	
307 HUDDLE ROAD	99901	-131.80529981715097	55.46960882700836	
105 NORTH PT HIGGINS ROAD	99901	-131.80274775822602	55.46709655086036	
178 STAY COURT	99901	-131.80532856413836	55.46716791722809	
191 HIGGINS SPUR	99901	-131.80684931489634	55.4670877038946	
1245 WATER STREET	99901	-131.8001262020374	55.46687672305899	
55 WEST 700 NORTH	99901	-131.80482984464547	55.46676477682824	
142 STAY COURT	99901	-131.80526357641747	55.46659159589738	
3352 HAMMOCK STREET	99901	-131.80526357641747	55.46659159589738	
140 HIGGINS SPUR	99901	-131.8057303473273	55.46640684211614	
193 YEOMAN ROAD	99901	-131.80820836081833	55.466545088746756	
90 SPAR LANE	99901	-131.80419415273298	55.466447471217194	
14130 NORTH TONGASS HIGHWAY	99901	-131.80120643155647	55.46626852676168	
603 RIGGING LANE	99901	-131.80010168701332	55.466299746145204	
14168 TROLLERS ROAD	99901	-131.80010168701332	55.466299746145204	
90 SPAR LANE	99901	-131.80510166586728	55.46607901914971	
90 SPAR LANE	99901	-131.8046039120633	55.466242481817346	
520 WASHINGTON STREET	99901	-131.80081498528153	55.46610517114432	
14100 NORTH TONGASS HIGHWAY	99901	-131.8017738883383	55.46586438819751	
615 RANCH LANE	99901	-131.7897718930859	55.47215090118412	
69 W MATTLE ROAD	99901	-131.80654769386163	55.472422879113125	
550 KNUDSON COVE ROAD	99901	-131.79200490186298	55.4720637299667	
11969 ENRIGHT LANE	99901	-131.8049160748279	55.44335942389316	
11993 ENRIGHT LANE	99901	-131.80609718515336	55.44318960609729	
11983 ENRIGHT LANE	99901	-131.8058626179647	55.442851650845846	
11896 NORTH TONGASS HIGHWAY	99901	-131.80287443685074	55.44288696719957	
283 SOUTH PT HIGGINS ROAD	99901	-131.80870874129621	55.47360363800608	
14932 NORTH TONGASS HIGHWAY	99901	-131.78527582958046	55.47338277216944	
14861 NORTH TONGASS HIGHWAY	99901	-131.78787536356987	55.47318089210545	
32 WEST MATTLE ROAD	99901	-131.80559445378438	55.47178937680035	
156 OAKWOOD COURT	99901	-131.81758880886528	55.47206218615626	
5904 CRESCENT BEACH ROAD NORTHWEST	99901	-131.81825610440777	55.47206277119523	
2281 OYSTER AVENUE	99901	-131.80703985385634	55.47182185100312	
488 NORTH PT HIGGINS ROAD	99901	-131.80789952990511	55.47185052978853	
18 MOORE DRIVE	99901	-131.80851310619363	55.47183566187453	
19 MOORE DRIVE	99901	-131.80932593689698	55.47178577489039	
578 N PT HIGGINS ROAD	99901	-131.81002049271513	55.4717682449794	
630 NORTH PT HIGGINS ROAD	99901	-131.81129117315922	55.47172975990317	
189 POTTER ROAD	99901	-131.81917046629783	55.47180787820901	
169 NORTH PT HIGGINS ROAD	99901	-131.81758634658308	55.47175138717336	
900 NORTH PT HIGGINS ROAD	99901	-131.8182531498488	55.471751707954446	
477 NORTH 300 WEST	99901	-131.8017459291734	55.47127750105124	
412 NORTH PT HIGGINS ROAD	99901	-131.80504381526129	55.47147693712574	
501 NORTH PT HIGGINS ROAD	99901	-131.80811309987232	55.471317993764174	
193 YEOMAN ROAD	99901	-131.80475115761647	55.471122396136415	
42 MOORE DRIVE	99901	-131.8086293787341	55.47222466779623	
126 POTTER ROAD	99901	-131.79142288069542	55.47198375979535	
50 WEST MATTLE ROAD	99901	-131.80561826093603	55.47216443596961	
810 NORTH PT HIGGINS ROAD	99901	-131.81508511164196	55.472209357045074	
55 BEACON HILL LANE	99901	-131.8192308905771	55.472337930000414	
188 NORTH PT HIGGINS ROAD	99901	-131.80265593513263	55.46876213286181	
14138 RIDDLE ROAD	99901	-131.80043474818467	55.46595290277847	
90 SPAR LANE	99901	-131.8055491876772	55.46590033324965	
85 HIGGINS SPUR	99901	-131.80658184691038	55.465538077796175	
3773 VENURA AVENUE	99901	-131.7963876940993	55.468876705036585	
169 NORTH PT HIGGINS ROAD	99901	-131.80822543509692	55.46905435087814	
51 JENCK ROAD	99901	-131.79997671878087	55.46883442196571	
426 KNUDSON COVE ROAD	99901	-131.79361757632566	55.471193862145356	
419 KNUDSON COVE ROAD	99901	-131.79554561784352	55.4712688118519	
28 WEST MATTLE ROAD	99901	-131.80591657078065	55.47151128791208	
10405 NORTH TONGASS HIGHWAY	99901	-131.80681627216524	55.47131509804649	
609 SOUTH PT HIGGINS ROAD	99901	-131.8230153994443	55.44632936891664	
2417 TONGASS AVENUE	99901	-131.8256312890601	55.44683022102758	
3745 COMMUNITY PARK LOOP	99901	-131.82203563301505	55.44676011299771	
406 SOUTHEAST 18TH AVENUE	99901	-131.82643199340544	55.44701236110911	
39 HIGGINS SPUR	99901	-131.80561197272905	55.465064009020104	
12752 NORTH TONGASS HIGHWAY	99901	-131.80608147361903	55.464827214905135	
23 HIGGINS SPUR	99901	-131.80527090038197	55.46476222592077	
15458 PANDORAS LANE	99901	-131.82980696123292	55.464887772158875	
1105 SOUTH PT HIGGINS ROAD	99901	-131.8302702161367	55.45079219322912	
246 STRAWBERRY ROAD	99901	-131.8239773531798	55.4504589090392	
237 CRANBERRY ROAD	99901	-131.8234980148391	55.45057971300684	
359 BUNCHBERRY LANE	99901	-131.8302639072685	55.454122366873676	
522 STRWABERRY ROAD	99901	-131.8260622998351	55.45412740182255	
2507 GILSON ROAD	99901	-131.82459285635457	55.4541290410844	
537 STRAWBERRY ROAD	99901	-131.82778634473175	55.45412533007665	
2507 GILSON ROAD	99901	-131.8245574806987	55.453714726946295	
2730 11TH AVENUE	99901	-131.82760220536986	55.45371106989697	
345 BUNCHBERRY LANE	99901	-131.83024328194958	55.453708042986676	
1402 POND REEF ROAD	99901	-131.8240714930283	55.45324673700491	
2417 TONGASS AVENUE	99901	-131.82581841981184	55.45326160683513	
2417 TONGASS AVENUE	99901	-131.8306252572865	55.45325581580361	
2425 TONGASS AVENUE	99901	-131.82738323832442	55.45325955083565	
270 BUNCHBERRY LANE	99901	-131.8286194001054	55.4532580572304	
1235 SOUTH PT HIGGINS ROAD	99901	-131.83284955510024	55.45299193988662	
2417 TONGASS AVENUE	99901	-131.83007752660998	55.45328383515772	
420 STRAWBERRY ROAD	99901	-131.8257538587907	55.45280988089846	
280 BUNCHBERRY LANE	99901	-131.8289340718646	55.45283928924985	
606 RED HILL ROAD	99901	-131.83085464389092	55.45280376988419	
91 VIRGINIA LANE	99901	-131.82464469543467	55.45272988389755	
427 STRAWBERRY ROAD	99901	-131.82716428475368	55.45280803220975	
306 CRANBERRY ROAD	99901	-131.82038974424304	55.45236383091601	
313 CRANBERRY COURT	99901	-131.822163130005	55.452389295111615	
309 CRANBERRY COURT	99901	-131.82152385291621	55.45239001798767	
12865 NORTH TONGASS HIGHWAY	99901	-131.8197635088956	55.45234647780057	
7446 SOUTH TONGASS HIGHWAY	99901	-131.83068830284972	55.45235147986337	
96 BEARBERRY LANE	99901	-131.8237135233707	55.45236006013929	
411 STRAWBERRY ROAD	99901	-131.8269449916198	55.45235581202928	
244 BUNCHBERRY LANE	99901	-131.828348372096	55.452354118185056	
300 PARNELL STREET	99901	-131.81954921758117	55.45191151292662	
300 PARNELL STREET	99901	-131.8203335761816	55.45191071311751	
1144 SOUTH PT HIGGINS ROAD	99901	-131.83060308506862	55.45189838994178	
12814 SNOWBERRY LANE	99901	-131.81780197189568	55.451876457837926	
12810 SNOWBERRY LANE	99901	-131.81832437367444	55.45189255693661	
349 STRAWBERRY ROAD	99901	-131.82665144464283	55.45190289485513	
279 CRANBERRY ROAD	99901	-131.82164568243505	55.451882217996534	
2417 TONGASS AVENUE	99901	-131.82231198264424	55.451874295804174	
246 CRANBERRY ROAD	99901	-131.82031183874838	55.451551910996535	
12807 NORTH TONGASS HIGHWAY	99901	-131.81929644423664	55.45145860899119	
1122 SOUTH PT HIGGINS ROAD	99901	-131.83053026134348	55.45150134320869	
12745 NORTH TONGASS HIGHWAY	99901	-131.8188922032571	55.45084514511596	
12752 NORTH TONGASS HIGHWAY	99901	-131.81728343377097	55.45100800712908	
135 BUNCHBERRY LANE	99901	-131.8293982187955	55.45052063920678	
1039 SOUTH PT HIGGINS ROAD	99901	-131.8315339813498	55.4500747548951	
2600 CORDOVA STREET	99901	-131.82854202461672	55.449469222235884	
4130 EAST 500 NORTH	99901	-131.8144458893504	55.445793461163426	
12339 NORTH TONGASS HIGHWAY	99901	-131.8132959550569	55.44575041505574	
3339 DEER TRAILS LANE	99901	-131.8125099651159	55.445638771112336	
40 SOUTH PT HIGGINS ROAD	99901	-131.8115801486097	55.445469718227784	
164 S PT HIGGINS ROAD	99901	-131.81468299427976	55.44536065113753	
188 BERRY COURT	99901	-131.81556452633941	55.44527760484996	
19 SOUTH PT HIGGINS ROAD	99901	-131.81069565480456	55.44497478681855	
651 DEERBERRY COURT	99901	-131.8163609699754	55.444987469841394	
184 BERRY COURT	99901	-131.81515450020945	55.44506678195123	
61 STRAWBERRY ROAD	99901	-131.80929515971704	55.44465900309953	
276 SOUTH PT HIGGINS ROAD	99901	-131.81728777173547	55.444792508931066	
15001 NORTH TONGASS HIGHWAY	99901	-131.8158854108471	55.44484681707047	
101 RASPBERRY LANE	99901	-131.81111125587918	55.4445510190622	
247 SOUTH PT HIGGINS ROAD	99901	-131.81631491963898	55.444045294898544	
60 RASPBERRY LANE	99901	-131.81312704393568	55.44420766678783	
227 SOUTH PT HIGGINS ROAD	99901	-131.8159520182305	55.44422583924376	
1112 E DAIRY LANE	99901	-131.81398724819388	55.44422242181381	
283 SOUTH PT HIGGINS ROAD	99901	-131.81753925330264	55.4439675139268	
15261 NORTH TONGASS HIGHWAY	99901	-131.7811132216068	55.47763239676248	
10438 63RD AVENUE SOUTH	99901	-131.781769384328	55.4771744160767	
3504 CROWNRIDGE DRIVE	99901	-131.78280872433191	55.476743112120566	
15097 LIZZIE LANE	99901	-131.7836974321341	55.47615242595225	
7533 OAK LEAF DRIVE	99901	-131.7821769329044	55.4757970452119	
14789 NORTH TONGASS HIGHWAY	99901	-131.789098544695	55.47224609010857	
884 MIZZEN LANE	99901	-131.81759143374254	55.472368032045125	
100 CASCADE ROAD	99901	-131.79232090582374	55.47183687982169	
630 NORTH PT HIGGINS ROAD	99901	-131.81129246942817	55.47214043415119	
8520 EVANSTON AVENUE NORTH	99901	-131.8069362286967	55.44344096087822	
251 S PT HIGGINS ROAD	99901	-131.81667044138737	55.44385518215987	
11976 NORTH TONGASS HIGHWAY	99901	-131.80564844343127	55.44355541198402	
12023 NORTH TONGASS HIGHWAY	99901	-131.80646445506906	55.44330983208096	
44 CARLTON'S DRIVE	99901	-131.80226424721087	55.44231479904016	
29 POND REEF ROAD	99901	-131.80111542593	55.4421501559029	
82 CARLTON'S DRIVE	99901	-131.80358110555215	55.442172736986016	
1944 PACIFIC AVENUE	99901	-131.80767574160154	55.44218061679496	
74 CARLTON'S DRIVE	99901	-131.80243131858236	55.44192208904197	
12429 BLACKBERRY LANE	99901	-131.7992646601878	55.44190452801839	
57 POND REEF ROAD	99901	-131.80145408719883	55.44185385410547	
2901 BARANOF AVENUE	99901	-131.80901246169375	55.44191184787261	
802 POND REEF ROAD	99901	-131.80652656009624	55.440991396000314	
3825 DENALI AVENUE	99901	-131.8045138227184	55.44130154775193	
126 POND REEF ROAD	99901	-131.803132335084	55.441164756113864	
121 POND REEF ROAD	99901	-131.8021590266433	55.4409438807845	
199 POND REEF ROAD	99901	-131.80243513282906	55.43999395225017	
102 EARL HINES LANE	99901	-131.80868694996403	55.439971567130435	
1028 POND REEF ROAD	99901	-131.80094417110422	55.43977441007843	
1527 POND REEF ROAD	99901	-131.81029430729856	55.43989332000983	
1010 POND REEF ROAD	99901	-131.80167817194643	55.43979928720003	
1507 POND REEF ROAD	99901	-131.80981063189168	55.43964388825074	
477 NORTH 300 WEST	99901	-131.8044256908025	55.46688998110153	
15478 PANDORAS LANE	99901	-131.77626321828618	55.479250701926915	
15458 PANDORAS LANE	99901	-131.7768376882154	55.47883460720516	
5306 SHORELINE DRIVE	99901	-131.7816845438393	55.475678463929654	
5719 CAMELLIA AVENUE	99901	-131.78121954620383	55.475767407052516	
61 CLOVER VIEW ROAD	99901	-131.7824597854379	55.47550827305832	
152 CLOVER VIEW COURT	99901	-131.78071506222176	55.47538573395396	
15063 LIZZIE LANE	99901	-131.78432896574515	55.47546539123744	
219 POTTER ROAD	99901	-131.7919374303003	55.47512634186576	
56 CLOVER VIEW COURT	99901	-131.78104986702306	55.47505081195334	
62 CLOVER VIEW ROAD	99901	-131.7819241388986	55.47495613486367	
22 CLOVER VIEW ROAD	99901	-131.783213733371	55.474696121854365	
245 WEST MATTLE ROAD	99901	-131.8030750126874	55.47511078785788	
5245 VIA EL CERRO	99901	-131.7813889091776	55.47473051311218	
180 POTTER ROAD	99901	-131.7899050880897	55.474589171103	
204 POTTER ROAD	99901	-131.78939451712324	55.47485936499701	
14979 NORTH TONGASS HIGHWAY	99901	-131.78551792734615	55.47431800187509	
124 CLOVER VIEW COURT	99901	-131.78198335224886	55.47421769901585	
171 MARBLEHEAD LANE	99901	-131.80635360835288	55.474564505824176	
243 W MATTLE ROAD	99901	-131.8026113301855	55.474457528240336	
137 POTTER ROAD	99901	-131.7919486682245	55.474284027755125	
15008 NORTH TONGASS HIGHWAY	99901	-131.78299607517096	55.47390337895515	
265 MATTLE ROAD	99901	-131.80232028142333	55.47400336592466	
234 WEST MATTLE ROAD	99901	-131.8030679600141	55.4733222040328	
126 GIMBAL LANE	99901	-131.8012902569489	55.4734527829906	
1649 WATER STREET	99901	-131.80905585571188	55.47339398274813	
206 WEST MATTLE ROAD	99901	-131.80469352170783	55.4733786571765	
206 WEST MATTLE ROAD	99901	-131.80413682494648	55.47326947987218	
2101 W CLINTON AVENUE	99901	-131.8174766622869	55.473434586828446	
5020 146TH STREET EAST	99901	-131.81605436239252	55.473345627239894	
133 WEST MATTLE ROAD	99901	-131.8058190146391	55.47319861283148	
89 PHILLIPS LANE	99901	-131.80709122401583	55.47326221878764	
6664 VISTA DRIVE	99901	-131.8097117318705	55.473692898939	
126 GIMBAL LANE	99901	-131.80131468483643	55.47312316323624	
85 MATTLE ROAD	99901	-131.8024848132575	55.47307505993878	
39 MOORE DRIVE	99901	-131.80938794131285	55.47212683520188	
2350 OLD LAWSON CREEK ROAD	99901	-131.80506893215664	55.47204528825129	
2350 OLD LAWSON CREEK ROAD	99901	-131.80457062409212	55.47193721012462	
8320 SOUTH TONGASS HIGHWAY	99901	-131.7860877116629	55.472821930108815	
126 GIMBAL LANE	99901	-131.80036220832716	55.47282410423261	
148 BEACON HILL LANE	99901	-131.81751328660104	55.47297447795161	
84 MOORE DRIVE	99901	-131.80875242008025	55.4727069101338	
11319 EAST 25TH	99901	-131.78377727439653	55.47231102602392	
114 INMAN STREET	99901	-131.78485706643605	55.47227695190437	
665 CRYSTAL COURT	99901	-131.78639420515972	55.4722995860111	
19 POTTER ROAD	99901	-131.7948412057101	55.472437272770755	
1600 TONGASS AVENUE	99901	-131.81509092014858	55.47283535010238	
82 GARLAND COURT	99901	-131.80433263522056	55.472413117858956	
2417 TONGASS AVENUE	99901	-131.80944138658066	55.472487883983966	
630 NORTH PT HIGGINS ROAD	99901	-131.81062444894522	55.472209594827646	
75 BEACON HILL LANE	99901	-131.8194980549325	55.47282325698625	
5020 146TH STREET EAST	99901	-131.81577520373142	55.47274023286549	
5020 146TH STREET EAST	99901	-131.8163054190565	55.47273958113612	
1523 EAST WELLESLEY AVENUE	99901	-131.79313124460052	55.4709290802233	
670 RIVERSIDE ROAD	99901	-131.79483148773537	55.470945638979224	
601 RIGGING LANE	99901	-131.8097624435649	55.471163872752	
407 KNUDSON COVE ROAD	99901	-131.79615723490642	55.47107071795478	
435 HILLCREST STREET	99901	-131.82272995976277	55.4715491469115	
407 KNUDSON COVE ROAD	99901	-131.7954288602128	55.47095636194107	
405 NORTH PT HIGGINS ROAD	99901	-131.80642337511114	55.47094549895285	
2306 SECOND AVENUE	99901	-131.80526379380976	55.47091773299065	
9000 NORTH WASILLA FISHHOOK ROAD	99901	-131.80740194318778	55.47119110491647	
354 CHRISTOPHER ROAD	99901	-131.80380015793756	55.47073465282001	
14583 NORTH TONGASS HIGHWAY	99901	-131.79288950705921	55.47055021276612	
607 RIGGING LANE	99901	-131.8094753420001	55.47056844182964	
603 RIGGING LANE	99901	-131.81048950042998	55.47096332303033	
320 ALDER STREET	99901	-131.80292886038393	55.47053036395413	
334 CHRISTOPHER ROAD	99901	-131.80423394720174	55.47056149390962	
1821 26TH STREET COURT NORTHWEST	99901	-131.80612026556793	55.470581295860335	
458 RISING MOON ROAD	99901	-131.80264604108808	55.47080175120323	
351 KNUDSON COVE ROAD	99901	-131.79514526477254	55.470290836210836	
169 NORTH PT HIGGINS ROAD	99901	-131.79326600536785	55.4703623220583	
342 NORTH PT HIGGINS ROAD	99901	-131.8046677220929	55.47038832201801	
413 HIGGINS COURT	99901	-131.80739431110112	55.470624778238935	
657 NORTH PT HIGGINS ROAD	99901	-131.81201529792324	55.47078329718612	
9370 ISLAND DAWN STREET	99901	-131.8071725179558	55.47016118777443	
395 CANDLE COURT	99901	-131.80225322937392	55.470093018985665	
3060 NORTH LAZY EIGHT COURT	99901	-131.80288571160588	55.469995495785945	
2411 SECOND AVENUE	99901	-131.81216655625076	55.4719098318334	
12844 SNOWBERRY LANE	99901	-131.7894666419591	55.427668466228624	
273 NORTH PT HIGGINS ROAD	99901	-131.80440667706122	55.46936307675601	
75 BEACON HILL LANE	99901	-131.80614775671057	55.46928277979559	
3508 BARANOF AVENUE	99901	-131.80286225389887	55.46945272614077	
125 WEST HUNTERS TRAIL	99901	-131.81172787925314	55.469542261769035	
193 CHRISTOPHER ROAD	99901	-131.8076580133494	55.46996734318152	
14531 NORTH TONGASS HIGHWAY	99901	-131.7938021917946	55.46991529075126	
280 NORTH PT HIGGINS ROAD	99901	-131.80331933378343	55.46982220378252	
14505 NORTH TONGASS HIGHWAY	99901	-131.79444991843698	55.46970864919651	
310 NORTH PT HIGGINS ROAD	99901	-131.80410202960226	55.47006198897226	
307 HUDDLE ROAD	99901	-131.80490548099576	55.46976626594984	
11772 WHIPPLE SPUR	99901	-131.79965531594527	55.44278179612713	
4418 NORTH TONGASS AVENUE	99901	-131.81971621079924	55.448197202854125	
12332 NORTH TONGASS HIGHWAY	99901	-131.81267272098074	55.44651374191116	
12064 DEWBERRY LANE	99901	-131.80661971359456	55.4445881381307	
15458 PANDORAS LANE	99901	-131.80306125768377	55.44398884000473	
12519 NORTH TONGASS HIGHWAY	99901	-131.80219731912894	55.44375844499134	
11661 NORTH TONGASS HIGHWAY	99901	-131.80026913028735	55.440805345156924	
10910 NORTH TONGASS HIGHWAY	99901	-131.7894186108375	55.4319616240712	
2405 FIFTH AVENUE	99901	-131.78997324416864	55.43165005791647	
1649 WATER STREET	99901	-131.77972357906623	55.42660492994659	
1649 WATER STREET	99901	-131.77948421936551	55.42618539886614	
12519 NORTH TONGASS HIGHWAY	99901	-131.75794653371034	55.4175318797731	
2600 CORDOVA STREET	99901	-131.7641340081148	55.39489848907298	
4238 SOUTH TONGASS HIGHWAY	99901	-131.82773740990496	55.46638735991185	
2600 CORDOVA STREET	99901	-131.82808935905348	55.467136865052126	
2600 CORDOVA STREET	99901	-131.8304476899992	55.46759690202819	
375 METLAKO WAY	99901	-131.80384782613982	55.440610116948065	
5020 146TH STREET EAST	99901	-131.81569277791422	55.47328180299016	
1600 TONGASS AVENUE	99901	-131.8141397102639	55.47306473724331	
148 MATTLE ROAD	99901	-131.80002990263898	55.47427801222293	
15285 NORTH TONGASS HIGHWAY	99901	-131.78076403387942	55.47785748516885	
4988 SHORELINE DRIVE	99901	-131.77346049526096	55.42542941615159	
1070 WEST CENTURY DRIVE	99901	-131.79964529344164	55.470926620850314	
21 JEFFERSON WAY	99901	-131.79249700975538	55.431010028224364	
1249 POND REEF ROAD	99901	-131.80417096092725	55.437589125773805	
1231 POND REEF ROAD	99901	-131.80359634008104	55.43755112408849	
151 HOWARD NEWBY LANE	99901	-131.80301472135878	55.43737977180335	
218 RASPBERRY LANE	99901	-131.80884889824344	55.4432210898625	
192 RASPBERRY LANE	99901	-131.80962882275963	55.443241583238525	
251 SOUTH PT HIGGINS ROAD	99901	-131.81706128219784	55.44365824475787	
225 LOGANBERRY COURT	99901	-131.8146630894097	55.44349333513058	
601 MAIN STREET	99901	-131.81111549323236	55.44349258508582	
60 RASPBERRY LANE	99901	-131.8136983850328	55.443584101139635	
209 LOGANBERRY COURT	99901	-131.81598909439722	55.44359822507882	
2122 NORTH 80TH PLACE	99901	-131.81187972867215	55.443629018092004	
76 RASPBERRY LANE	99901	-131.8127023510121	55.44369562504039	
303 SOUTH PT HIGGINS ROAD	99901	-131.81816883217962	55.44426278792515	
361 SOUTH PT HIGGINS ROAD	99901	-131.81921186336106	55.444956483760265	
361 SOUTH PT HIGGINS ROAD	99901	-131.8196995174063	55.44531528625207	
425 S PT HIGGINS ROAD	99901	-131.82025327937163	55.44561003097062	
453 SOUTH PT HIGGINS ROAD	99901	-131.82079653464137	55.445925197195514	
1011 S PT HIGGINS ROAD	99901	-131.830893692758	55.44974605284591	
1061 SOUTH PT HIGGINS ROAD	99901	-131.83180646732492	55.45059626095032	
1151 SOUTH PT HIGGINS ROAD	99901	-131.83194310377456	55.4520745717625	
606 RED HILL ROAD	99901	-131.83196966875414	55.452535857829815	
2600 CORDOVA STREET	99901	-131.82576111089	55.470421092197974	
126 POTTER ROAD	99901	-131.7898267648784	55.4740084538326	
201 WEST MATTLE ROAD	99901	-131.8048883743778	55.474600883859296	
8009 28TH AVENUE NORTH	99901	-131.7894566158622	55.475199236876556	
201 WEST MATTLE ROAD	99901	-131.80382474392854	55.474740632225476	
168 RASPBERRY LANE	99901	-131.8103568758564	55.44334944602106	
8572 NORTH TONGASS HIGHWAY	99901	-131.75543945163503	55.40701838809062	
9809 TOTEM BIGHT ROAD	99901	-131.7712084916072	55.41870444610427	
9809 TOTEM BIGHT ROAD	99901	-131.77050612224275	55.418748540923986	
407 KNUDSON COVE ROAD	99901	-131.7971578108092	55.47188627487853	
25 POTTER ROAD	99901	-131.79536469894194	55.4729396890344	
407 KNUDSON COVE ROAD	99901	-131.79706807270557	55.47273325477841	
148 MATTLE ROAD	99901	-131.79899903464647	55.47385232914531	
126 GIMBAL LANE	99901	-131.799973943885	55.47348335311477	
148 MATTLE ROAD	99901	-131.80038785433024	55.47385019377358	
630 NORTH PT HIGGINS ROAD	99901	-131.8112942750419	55.47271342488637	
630 NORTH PT HIGGINS ROAD	99901	-131.81129584170378	55.47317190699572	
9809 TOTEM BIGHT ROAD	99901	-131.77095391534388	55.41948203301129	
6339 MAYO LANE	99901	-131.80793781879748	55.4452809651225	
12138 ELDERBERRY LANE	99901	-131.8076117590954	55.44562278919734	
192 BERRY COURT	99901	-131.81597761123294	55.44554077013385	
651 DEERBERRY COURT	99901	-131.81662336517493	55.44522413189539	
10437 KINGFISHER ROAD	99901	-131.78304619128232	55.426120501175596	
10451 KINGFISHER ROAD	99901	-131.78336761477922	55.42693033498917	
10429 KINGFISHER ROAD	99901	-131.78229340397255	55.42652926680979	
10805 NORTH TONGASS HIGHWAY	99901	-131.7902774451649	55.429042394752294	
12533 NORTH TONGASS HIGHWAY	99901	-131.78931259975252	55.429768151833926	
10405 NORTH TONGASS HIGHWAY	99901	-131.78192409038957	55.42619783508441	
1649 WATER STREET	99901	-131.78177704785566	55.42573366980158	
10413 PT SUSAN ROAD	99901	-131.78319631863093	55.4255301851842	
26824 SOUTHEAST 432ND STREET	99901	-131.81644863476734	55.446477085754054	
3250 DENALI AVENUE	99901	-131.82232872364784	55.45072172798392	
12429 BLACKBERRY LANE	99901	-131.81575051173922	55.446295281003465	
1395 POND REEF ROAD	99901	-131.80778241923647	55.43862366681802	
11350 NORTH TONGASS HIGHWAY	99901	-131.79564466698508	55.43696718521119	
11332 NORTH TONGASS HIGHWAY	99901	-131.79516905305957	55.43653731424918	
177 CRANBERRY ROAD	99901	-131.8209160123708	55.450076396872646	
12429 BLACKBERRY LANE	99901	-131.81607715893946	55.44605017721857	
37 POTTER ROAD	99901	-131.81555051172268	55.445830637147395	
1377 POND REEF ROAD	99901	-131.80730383458234	55.43838057725155	
1649 WATER STREET	99901	-131.78339751161016	55.425021496071544	
1910 TERRACINO DRIVE	99901	-131.7957639623565	55.435501418925874	
1910 TERRACINA DRIVE	99901	-131.7967016031888	55.43539889208972	
11385 NORTH TONGASS HIGHWAY	99901	-131.7967016031888	55.43539889208972	
11239 SHULL ROAD	99901	-131.7967016031888	55.43539889208972	
11239 SHULL ROAD	99901	-131.79579764828134	55.434571580021796	
1910 TERRICINO DRIVE	99901	-131.79765050889478	55.43622947804194	
11385 NORTH TONGASS HIGHWAY	99901	-131.79765050889478	55.43622947804194	
11385 NORTH TONGASS HIGHWAY	99901	-131.79765050889478	55.43622947804194	
11385 NORTH TONGASS HIGHWAY	99901	-131.79765050889478	55.43622947804194	
2417 TONGASS AVENUE	99901	-131.79765050889478	55.43622947804194	
11385 NORTH TONGASS HIGHWAY	99901	-131.79765050889478	55.43622947804194	
11385 NORTH TONGASS HIGHWAY	99901	-131.79765050889478	55.43622947804194	
14308 SOUTH QUARTZ AVENUE	99901	-131.79765050889478	55.43622947804194	
11385 NORTH TONGASS HIGHWAY	99901	-131.79765050889478	55.43622947804194	
11385 NORTH TONGASS HIGHWAY	99901	-131.79765050889478	55.43622947804194	
11385 NORTH TONGASS HIGHWAY	99901	-131.79765050889478	55.43622947804194	
11385 NORTH TONGASS HIGHWAY	99901	-131.79765050889478	55.43622947804194	
11385 NORTH TONGASS HIGHWAY	99901	-131.79765050889478	55.43622947804194	
727 JACKSON STREET	99901	-131.79765050889478	55.43622947804194	
11385 NORTH TONGASS HIGHWAY	99901	-131.79765050889478	55.43622947804194	
1162 POND REEF ROAD	99901	-131.79765050889478	55.43622947804194	
11385 NORTH TONGASS HIGHWAY	99901	-131.79765050889478	55.43622947804194	
11385 NORTH TONGASS HIGHWAY	99901	-131.79765050889478	55.43622947804194	
430 WASHINGTON STREET	99901	-131.79765050889478	55.43622947804194	
11440 SOUTH PHOENIX DRIVE	99901	-131.79765050889478	55.43622947804194	
11385 NORTH TONGASS HIGHWAY	99901	-131.79765050889478	55.43622947804194	
836 MONROE STREET	99901	-131.79765050889478	55.43622947804194	
11385 NORTH TONGASS HIGHWAY	99901	-131.79765050889478	55.43622947804194	
11385 NORTH TONGASS HIGHWAY	99901	-131.79765050889478	55.43622947804194	
11385 NORTH TONGASS HIGHWAY	99901	-131.79765050889478	55.43622947804194	
1462 WATER STREET	99901	-131.79765050889478	55.43622947804194	
11249 SHULL ROAD	99901	-131.79765050889478	55.43622947804194	
11385 NORTH TONGASS HIGHWAY	99901	-131.79765050889478	55.43622947804194	
11385 NORTH TONGASS HIGHWAY	99901	-131.79765050889478	55.43622947804194	
14351 LAKE VISTA DRIVE	99901	-131.79765050889478	55.43622947804194	
485 SOUTHWEST BAYSHORE DRIVE	99901	-131.79765050889478	55.43622947804194	
2600 CORDOVA STREET	99901	-131.79484932019207	55.44163920901052	
635 D 1 LOOP ROAD	99901	-131.796891684008	55.43869311204164	
10996 BRENTWOOD LANE	99901	-131.78945944825028	55.433038235034864	
2600 CORDOVA STREET	99901	-131.79459291585715	55.4405732530038	
11148 DRIFTWOOD LANE	99901	-131.79252357742993	55.43450074178816	
1793 KAUPAKALUA ROAD	99901	-131.79304592081817	55.4343174328962	
11092 CONNIE LANE	99901	-131.79190512418774	55.43388802184592	
731 DEERMOUNT STREET	99901	-131.79201220067463	55.43334974895059	
11008 COTTONWOOD COURT	99901	-131.78975841027182	55.43330966677703	
10293 ROCKY PT DRIVE	99901	-131.78071416031318	55.42474770924183	
10297 ROCKY PT DRIVE	99901	-131.78136315807168	55.424644141024295	
9809 TOTEM BIGHT ROAD	99901	-131.7705326162554	55.42016505801134	
11456 JOHANNSEN ROAD	99901	-131.79577867137095	55.43866424504588	
5765 ANNA COURT	99901	-131.79746636504132	55.43848136113476	
11288 ALDERWOOD STREET	99901	-131.79402566478956	55.43694626915484	
11288 ALDERWOOD STREET	99901	-131.79334878422296	55.43633447495389	
11234 ALDERWOOD STREET	99901	-131.79297855615505	55.43587564091763	
11226 BEACHWOOD ROAD	99901	-131.7934515829325	55.435362990076825	
11184 ALDERWOOD STREET	99901	-131.7922035777628	55.435299412167126	
11202 NORTH TONGASS HIGHWAY	99901	-131.79381780271763	55.435058945172706	
11072 CONNIE LANE	99901	-131.79147038091273	55.43357588987153	
11088 NORTH TONGASS HIGHWAY	99901	-131.7924008972065	55.43370237990815	
5759 NORTH TONGASS HIGHWAY	99901	-131.7905140614107	55.4326614020604	
5759 NORTH TONGASS HIGHWAY	99901	-131.7910296530613	55.43247698422058	
10910 NORTH TONGASS HIGHWAY	99901	-131.788677121639	55.432226817005414	
15458 PANDORAS LANE	99901	-131.82367957693447	55.4713522820597	
1395 POND REEF ROAD	99901	-131.82546239321024	55.470915620882565	
13807 NORTHEAST 18TH AVENUE SOUTHWEST	99901	-131.78040205414246	55.42442876714017	
9809 TOTEM BIGHT ROAD	99901	-131.77020532316652	55.42077191523837	
13807 NORTHEAST 18TH AVENUE SOUTHWEST	99901	-131.78085993083266	55.4241549598876	
11195 NORTH TONGASS HIGHWAY	99901	-131.79529324963917	55.434028899194175	
100 PACIFIC COURT	99901	-131.7952378667053	55.433062133747114	
10734 NORTH TONGASS HIGHWAY	99901	-131.7943644087034	55.43343250893094	
16766 WATERFALL ROAD	99901	-131.75278971260104	55.411755248841956	
90 OLD GURLEY ROAD	99901	-131.75724737761965	55.41473652303455	
8600 MICHELLE DRIVE	99901	-131.75401041796925	55.40866089801445	
3308 SYCAMORE DRIVE	99901	-131.75256538171502	55.414798937806786	
9125 HERON LANE	99901	-131.7585547228021	55.41482133414253	
2417 TONGASS AVENUE	99901	-131.75962725914906	55.41460797795973	
8596 MICHELLE DRIVE	99901	-131.7535557356882	55.408465841809964	
21 HUMMINGBIRD CIRCLE	99901	-131.7548404073929	55.41550532900869	
142 NORTH PT HIGGINS ROAD	99901	-131.75755024731265	55.41383061482169	
9520 ALBATROSS DRIVE	99901	-131.75418545290574	55.4126607227527	
13544 NORTH MERIDIAN	99901	-131.75922150720322	55.412646674942124	
9520 ALBATROSS DRIVE	99901	-131.75336547520598	55.41227279624774	
147 POND REEF ROAD	99901	-131.80908682333467	55.44591253791152	
2600 CORDOVA STREET	99901	-131.7954342608843	55.442708329075025	
1105 SOUTH PT HIGGINS ROAD	99901	-131.803942230093	55.444223774111315	
12448 CLOUDBERRY LANE	99901	-131.81417024939032	55.447898428079704	
12402 CLOUDBERRY LANE	99901	-131.81349077628582	55.44765776577582	
14877 NORTH TONGASS HIGHWAY	99901	-131.7872447579185	55.4735695492201	
14538 NORTH TONGASS HIGHWAY	99901	-131.79298653229642	55.46955762600417	
14198 TROLLERS ROAD	99901	-131.79959429428632	55.46667181584188	
14172 TROLLERS ROAD	99901	-131.79950590365561	55.466036038970344	
14702 NORTH TONGASS HIGHWAY	99901	-131.78960176205254	55.47130796797088	
14142 RIDDLE ROAD	99901	-131.79989885820197	55.46575460596728	
14082 NORTH TONGASS HIGHWAY	99901	-131.80193011973924	55.46552137112148	
14010 NORTH TONGASS HIGHWAY	99901	-131.80267972162304	55.464686092019186	
13988 NORTH TONGASS HIGHWAY	99901	-131.80330974875935	55.46458580284605	
13964 NORTH TONGASS HIGHWAY	99901	-131.80399198328502	55.464464821765475	
12844 SNOWBERRY LANE	99901	-131.81815526402556	55.45236643918072	
2720 SECOND AVENUE	99901	-131.80614068876594	55.44525956891985	
12519 NORTH TONGASS HIGHWAY	99901	-131.8013522038726	55.44353306200453	
3184 INDIAN COVE DRIVE	99901	-131.7783899213308	55.47758625798846	
3184 NORTH INDIAN COVE ROAD	99901	-131.7793112559441	55.476849699122695	
3184 NORTH INDIAN COVE ROAD	99901	-131.7802326273883	55.47611312700054	
73 CLOVER VIEW COURT	99901	-131.78038793262618	55.474758535030674	
75 CLOVER VIEW COURT	99901	-131.7807369721315	55.47446892078589	
10251 HUNTINGTON PARK DRIVE	99901	-131.78101184672698	55.4742115821538	
117 CLOVER VIEW COURT	99901	-131.78139368013007	55.4739798051294	
14820 NORTH TONGASS HIGHWAY	99901	-131.78727347166827	55.472266182967275	
12519 NORTH TONGASS HIGHWAY	99901	-131.80021125093526	55.44305392417275	
12519 NORTH TONGASS HIGHWAY	99901	-131.79894009977394	55.44288643981625	
12519 NORTH TONGASS HIGHWAY	99901	-131.7980442827046	55.44273572203908	
355 CARLANNA LAKE ROAD	99901	-131.77600739516123	55.478501137924844	
14951 NORTH TONGASS HIGHWAY	99901	-131.78629640377812	55.47431622903854	
12152 NORTH TONGASS HIGHWAY	99901	-131.8083095982559	55.44572510095715	
104 SHARON DRIVE	99901	-131.78657280281462	55.47362974478652	
7180 REVILLA ROAD	99901	-131.77582225597442	55.42837814191715	
1102 POND REEF ROAD	99901	-131.8016332112665	55.43931508808894	
355 KNUDSON COVE ROAD	99901	-131.79591583423337	55.470342974199134	
5712 TEDDY LANE	99901	-131.79584359441316	55.4699922980161	
1600 TONGASS AVENUE	99901	-131.81370100721512	55.474303840055335	
1600 TONGASS AVENUE	99901	-131.81563277135157	55.47415077293752	
1600 TONGASS AVENUE	99901	-131.8144081852613	55.47387554023144	
4418 NORTH TONGASS AVENUE	99901	-131.78912666106507	55.44200603310317	
1600 TONGASS AVENUE	99901	-131.81380188891984	55.472057331198044	
1815 BRAGAW STREET	99926	-131.85925885484684	55.3675001210827	
10353 NORTH TONGASS HIGHWAY	99901	-131.78118484877598	55.42560169508194	
11319 E 25TH	99901	-131.78430697858025	55.47201988308	
10319 NORTH TONGASS HIGHWAY	99901	-131.7808742212322	55.425270432973214	
11020 NORTH TONGASS HIGHWAY	99901	-131.79079160759582	55.43298400901208	
26824 SOUTHEAST 432ND STREET	99901	-131.7912711471591	55.43271127177787	
691 FRUITVALLE ROAD	99901	-131.79128680030294	55.43100626203288	
691 FRUITVALE ROAD	99901	-131.79208004324155	55.43075884810283	
2600 CORDOVA STREET	99901	-131.79957199181277	55.43855705487613	
313 FEDERAL BUILDING	99926	-131.85522198226687	55.42735361704903	
364 SOUTH PT HIGGINS ROAD	99901	-131.81761465519264	55.445815263157066	
361 SOUTH PT HIGGINS ROAD	99901	-131.81691796767234	55.44557239417775	
5321 EAST 29TH STREET	99926	-131.82911368371745	55.3772635581005	
3601 C STREET	99901	-131.7771852607719	55.46338204295145	
739 SOUTH PT HIGGINS ROAD	99901	-131.82553075320675	55.44818135087399	
739 S PT HIGGINS ROAD	99901	-131.82590109356408	55.44794323618648	
69 WEST MATTLE ROAD	99901	-131.8252263527845	55.447693091074925	
9809 TOTEM BIGHT ROAD	99901	-131.7700201731999	55.4195142897577	
1011 SOUTH PT HIGGINS ROAD	99901	-131.76865666714255	55.41969964100776	
2828 TONGASS AVENUE	99901	-131.76865666714255	55.41969964100776	
3933 ALASKA AVENUE	99901	-131.76865666714255	55.41969964100776	
17365 BANNER QUACKER HILL ROAD	99901	-131.76865666714255	55.41969964100776	
9737 MUD BAY ROAD	99901	-131.76865666714255	55.41969964100776	
2417 TONGASS AVENUE	99901	-131.76879528617403	55.41929578696656	
2417 TONGASS AVENUE	99901	-131.76879528617403	55.41929578696656	
2828 TONGASS AVENUE	99901	-131.76879528617403	55.41929578696656	
507 ANDERSON DRIVE	99901	-131.76879528617403	55.41929578696656	
859 SUMMIT TERRACE	99901	-131.76879528617403	55.41929578696656	
2417 TONGASS AVENUE	99901	-131.76879528617403	55.41929578696656	
2030 LOGAN'S TRAIL LANE	99901	-131.76412528188013	55.418987999857514	
855 D 1 LOOP ROAD	99901	-131.78118099141014	55.427140297971704	
16654 WATERFALL ROAD	99901	-131.7812552380667	55.426804126049824	
1649 WATER STREET	99901	-131.78010131704994	55.425981635185025	
2600 CORDOVA STREET	99901	-131.7802852677656	55.42705024399115	
1010 POND REEF ROAD	99901	-131.78203416994452	55.427126934810374	
12 MEADOWLARK LANE	99901	-131.78543565424255	55.426187440983576	
1016 N PT HIGGINS ROAD	99901	-131.82121603440433	55.47209029398509	
8905 NORTH TONGASS HIGHWAY	99901	-131.76004615075257	55.411182962900874	
2417 TONGASS AVENUE	99901	-131.75983045357475	55.41062910392851	
86 GARLAND COURT	99901	-131.80376199660597	55.472245313115224	
63 MATTLE ROAD	99901	-131.8025070564423	55.47277147512845	
1141 SOUTH PT HIGGINS ROAD	99901	-131.8321760557924	55.4517257040959	
1105 SOUTH PT HIGGINS ROAD	99901	-131.8319484253943	55.451104567069216	
1141 SOUTH PT HIGGINS ROAD	99901	-131.83158560663085	55.45162508597875	
453 KNUDSON COVE ROAD	99901	-131.79463496689394	55.471569215175734	
465 KNUDSON COVE ROAD	99901	-131.79393334762275	55.471865012760745	
3004 CREST AVENUE	99901	-131.79374996015073	55.47228597998829	
419 KNUDSON COVE ROAD	99901	-131.79552245478394	55.47149691682946	
453 KNUDSON COVE ROAD	99901	-131.79462404876998	55.47184135496241	
453 KNUDSON COVE ROAD	99901	-131.79538040957794	55.47180840724245	
952 N PT HIGGINS ROAD	99901	-131.82004603534065	55.472064877131835	
950 NORTH PT HIGGINS ROAD	99901	-131.81963045582557	55.47169515624622	
15458 PANDORAS LANE	99901	-131.82899972074557	55.46565075880028	
2600 CORDOVA STREET	99901	-131.8308357657952	55.45630225319949	
1925 VISTA CIELO DRIVE	99901	-131.82184478862789	55.47194759014284	
1012 NORTH PT HIGGINS ROAD	99901	-131.8205790057987	55.4716053739735	
26824 SOUTHEAST 432ND STREET	99901	-131.79161050821557	55.43304825424937	
11030 NORTH TONGASS HIGHWAY	99901	-131.79122311693584	55.43321825788316	
675 SUNSET DRIVE	99901	-131.7658084731943	55.4159254987468	
675 SUNSET DRIVE	99901	-131.76525469955087	55.415824942818226	
689 SUNSET DRIVE	99901	-131.76547566175458	55.416195306852146	
390 CHANDLER ROAD	99901	-131.80095250118185	55.469166081831986	
130 JENCK ROAD	99901	-131.79981387667775	55.47001307587755	
113 JENCK ROAD	99901	-131.80028710288124	55.46945677280077	
205 KNUDSON COVE ROAD	99901	-131.79833198434406	55.46880576695596	
133 WEST MATTLE ROAD	99901	-131.80600156667788	55.473757926154676	
66 GARLAND COURT	99901	-131.8067509646441	55.473718621251415	
351 D 2 LOOP ROAD	99901	-131.77244527861563	55.42255304294731	
275 D 2 LOOP ROAD	99901	-131.7708702336819	55.422090421883674	
241 D 2 LOOP ROAD	99901	-131.77001832626368	55.42191303096559	
367 D 2 LOOP ROAD	99901	-131.77292695706763	55.42298933782746	
303 D 2 LOOP ROAD	99901	-131.7716846418269	55.422336997958716	
210 STRAWBERRY ROAD	99901	-131.82352571798418	55.44986172976325	
14789 NORTH TONGASS HIGHWAY	99901	-131.788826019194	55.47264958179222	
14789 NORTH TONGASS HIGHWAY	99901	-131.78880508126136	55.473294156144526	
12034 NORTH TONGASS HIGHWAY	99901	-131.80546875522163	55.44492735486526	
12034 NORTH TONGASS HIGHWAY	99901	-131.80587378312535	55.44443659682997	
12068 DEWBERRY LANE	99901	-131.80635656920006	55.444922292246964	
1105 SOUTH PT HIGGINS ROAD	99901	-131.80480521014542	55.444453901962376	
130 CARLANNA LAKE ROAD	99901	-131.78345033793877	55.42596761199238	
10730 NORTH TONGASS HIGHWAY	99901	-131.78737443511966	55.429241804877144	
2066 CHURCHILL DRIVE	99901	-131.7858869570615	55.42835460381164	
2066 CHURCHILL DRIVE	99901	-131.7859699461224	55.42898442387217	
351 D 2 LOOP ROAD	99901	-131.77442378479125	55.42352721618264	
22 BUCKA LANE	99901	-131.77568170915833	55.42392630422659	
467 D 2 LOOP ROAD	99901	-131.77524535610235	55.42375570388256	
467 D 2 LOOP ROAD	99901	-131.77603133616185	55.423492905163	
12523 NORTH TONGASS HIGHWAY	99901	-131.81944892696794	55.447327424934024	
124 CLOVER VIEW COURT	99901	-131.8035139241453	55.439094654930656	
12533 NORTH TONGASS HIGHWAY	99901	-131.82046433405608	55.44675104595106	
12523 NORTH TONGASS HIGHWAY	99901	-131.8188384076463	55.44767009689955	
1445 POND REEF ROAD	99901	-131.808848523646	55.43918619086589	
1452 POND REEF ROAD	99901	-131.80815909720812	55.43977020188992	
1344 POND REEF ROAD	99901	-131.80521139597755	55.438859597031055	
8184 SAN BENITO WAY	99926	-131.82994819705684	55.375130535890804	
2417 TONGASS AVENUE	99901	-131.82380576058748	55.45190704724059	
186 MARBLEHEAD LANE	99901	-131.80545829613675	55.4742570120769	
8376 NORTH TONGASS HIGHWAY	99901	-131.80590884976078	55.474696958877715	
11043 VICTORSON COURT	99901	-131.79390176465398	55.432276061886995	
11039 VICTORSON COURT	99901	-131.79345510702336	55.43243582878564	
11067 NORTH TONGASS HIGHWAY	99901	-131.79289736013143	55.43304124110528	
11075 COBURN ROAD	99901	-131.79390759831344	55.43267142188023	
11079 COBURN ROAD	99901	-131.79466432024415	55.4326170811849	
10617 PAULF ROAD	99901	-131.78649058899984	55.42748538813122	
567 SUNSET DRIVE	99901	-131.7661989313224	55.41435782092264	
206 W MATTLE ROAD	99901	-131.80423509794363	55.47281256813696	
8526 NORTH TONGASS HIGHWAY	99901	-131.75248029059637	55.407263469071914	
692 D 1 LOOP ROAD	99901	-131.77672769310212	55.42744535505635	
670 D 1 LOOP ROAD	99901	-131.77621441191846	55.427061021199435	
7180 REVILLA ROAD	99901	-131.77713528569598	55.427914635873634	
2030 LOGAN'S TRAIL LANE	99901	-131.76545848237308	55.41946082319322	
58 RIVERS POINT ROW	99901	-131.76298880884113	55.41851636904133	
419 KNUDSON COVE ROAD	99901	-131.76795824587376	55.41908555385762	
140 WHITE ROCK COURT	99901	-131.77129989967895	55.42696815013417	
957 EAST 350 NORTH	99901	-131.81847322002545	55.47372669078337	
140 WHITE ROCK COURT	99901	-131.77285829972877	55.4269212378985	
6955 WESTMORELAND WAY	99901	-131.77348273036088	55.42775492102295	
78 WHITE ROCK COURT	99901	-131.77255969883	55.427351617810885	
5411 NORTH TONGASS HIGHWAY	99901	-131.77206410637262	55.427158601137	
6239 SOUTH TONGASS HIGHWAY	99901	-131.77288754168788	55.428207443056166	
444 SCHOENBAR ROAD	99901	-131.77228102166595	55.42798080904727	
4988 SHORELINE DRIVE	99901	-131.77046387088166	55.42730177802512	
810 NORTH PT HIGGINS ROAD	99901	-131.81517765608254	55.47174560089322	
9773 NORTH TONGASS HIGHWAY	99901	-131.7693340750202	55.42079088515989	
95 BULL PINE PLACE	99901	-131.8051508971381	55.44008466515779	
1093 SOUTH PT HIGGINS ROAD	99901	-131.83149539331842	55.451045666247076	
8184 SAN BENITO WAY	99926	-131.83099182112636	55.373927517009115	
13019 GRINDALL LANE	99901	-131.82130360307656	55.45464140895486	
648 BUREN ROAD	99901	-131.82093731681607	55.454980175045314	
8316 272ND STREET NORTHWEST	99926	-131.77248430322823	55.3885574129928	
93 POND REEF ROAD	99901	-131.80193060662614	55.44126432775444	
189 POTTER ROAD	99901	-131.79169786398708	55.4746936642438	
189 POTTER ROAD	99901	-131.79266264112746	55.47477536609383	
66 SUNSET DRIVE	99901	-131.75805743432542	55.40895692114399	
8572 NORTH TONGASS HIGHWAY	99901	-131.75463275642505	55.40784405901998	
8658 VIEW COURT	99901	-131.75593823131507	55.40903083197744	
8654 VIEW COURT	99901	-131.75675085181265	55.408737678095164	
8588 NORTH TONGASS HIGHWAY	99901	-131.7549559954171	55.40800725201597	
5351 COMMERCIAL BOULEVARD	99901	-131.75729603576534	55.409743593936334	
12849 GARDEN VALLEY ROAD	99901	-131.82818040600245	55.45280644179741	
689 SUNSET DRIVE	99901	-131.76454022538798	55.416283455134455	
689 SUNSET DRIVE	99901	-131.76513160610244	55.416354434152794	
1011 SOUTH PT HIGGINS ROAD	99901	-131.80809683856907	55.44066124802059	
261 POTTER ROAD	99901	-131.79123768132152	55.475816380211675	
261 POTTER ROAD	99901	-131.79174015667064	55.47552898589886	
1011 SOUTH PT HIGGINS ROAD	99901	-131.80726080977178	55.44039655915946	
12519 NORTH TONGASS HIGHWAY	99901	-131.75970247868105	55.41740408209793	
466 FOREST PARK DRIVE	99901	-131.75681296133138	55.41976364223179	
2960 TONGASS AVENUE	99901	-131.7610631325874	55.41975857383622	
1402 POND REEF ROAD	99901	-131.82016555618918	55.4551758211774	
1402 POND REEF ROAD	99901	-131.81961319739236	55.45534460121335	
4418 NORTH TONGASS AVENUE	99901	-131.70776364066808	55.36278141721457	
4418 NORTH TONGASS AVENUE	99901	-131.7058463223397	55.36248083283567	
4418 NORTH TONGASS AVENUE	99901	-131.70735449758203	55.36135227488394	
5791 NORTH TONGASS AVENUE	99901	-131.71350043388773	55.36604882982886	
3546 SOUTH ZION PLACE	99901	-131.709816039564	55.36481946119803	
4616 NORTH TONGASS HIGHWAY	99901	-131.7111508597194	55.36529703198099	
1355 DEER MOUNTAIN COURT	99901	-131.7124542235685	55.365255463959855	
3902 BIG ROCK ROAD	99901	-131.70353593537902	55.3611933008703	
853 WARREN STREET	99901	-131.65374573277836	55.345472872993135	
2514 SECOND AVENUE	99901	-131.65837193072744	55.347198151765724	
1410 TONGASS AVENUE	99901	-131.66050462194178	55.346326455160614	
1204 WEST LAKE SAMMAMISH PARKWAY SOUTHEAST	99901	-131.65806964044782	55.34530032484068	
2442 DOWN DRIVE	99901	-131.65583729013582	55.34521104513458	
808 WARREN STREET	99901	-131.65286042689618	55.344963070832996	
1200 TONGASS AVENUE	99901	-131.65747145230011	55.3452108540918	
312 YOUNG STREET	99901	-131.6539293825584	55.345200471885974	
684 D 2 LOOP ROAD	99901	-131.6543459906445	55.34610376520306	
3607 BARANOF AVENUE	99901	-131.65784556558165	55.34607709898177	
423 UPPER QUINN STREET	99901	-131.65473221770762	55.346076388971966	
738 HOPKINS ALLEY	99901	-131.65295232095647	55.344761426981144	
1105 MILLAR STREET	99901	-131.6559427343839	55.34608622694807	
5834 SOUTH TONGASS HIGHWAY	99901	-131.65567169379807	55.346058211184975	
5691 CHARLIE CHASE LANE	99901	-131.65622182477298	55.34599472703594	
1305 WATER STREET	99901	-131.65997632092655	55.34608850510829	
1012 DUNTON STREET	99901	-131.65505126066898	55.345972555779255	
1252 MILLAR STREET	99901	-131.6574607794162	55.34678955724123	
1271 MILLAR STREET	99901	-131.6588227349814	55.3466812810186	
1426 WATER STREET	99901	-131.66071504241563	55.34688475904086	
1204 WEST LAKE SAMMAMISH PARKWAY SOUTHEAST	99901	-131.6579226275583	55.345472388238036	
1234 TONGASS AVENUE	99901	-131.65857722810924	55.34546878398935	
1200 TONGASS AVENUE	99901	-131.65788160419422	55.34521263579552	
2442 DOWN DRIVE	99901	-131.6556637742505	55.345167326962944	
104 MOUNTAIN ASH HEIGHTS	99901	-131.66218150977758	55.34640489074763	
310 PARNELL STREET	99901	-131.65956657417263	55.346629349925436	
308 GORGE STREET	99901	-131.65909052636087	55.34641182477787	
4672 SOUTH TONGASS HIGHWAY	99901	-131.6554474958627	55.34512507476973	
1025 DUNTON STREET	99901	-131.65558691708975	55.34554914803221	
1035 DUNTON STREET	99901	-131.65584419818038	55.34557212404369	
1227 WATER STREET	99901	-131.6584516382426	55.34559624577657	
2960 TONGASS AVENUE	99901	-131.65397012025824	55.34567907776351	
1200 TONGASS AVENUE	99901	-131.6574596610137	55.34577142889076	
1242 WATER STREET	99901	-131.65867303343427	55.34591712119819	
2412 FALLING CREEK ROAD	99901	-131.65802278791583	55.345790483856625	
777 MAIN STREET	99901	-131.65312218159693	55.346176200897816	
777 MAIN STREET	99901	-131.65307258201685	55.34597888203356	
1250 MILLAR STREET	99901	-131.65811736614222	55.346774736178794	
435 HILLCREST STREET	99901	-131.6577681281092	55.346686346017904	
1234 SAYLES STREET	99901	-131.6581593363306	55.346140042064114	
918 WATER STREET	99901	-131.6543450105825	55.34498626274729	
1370 DEER MOUNTAIN COURT	99901	-131.65317310709037	55.34490378279436	
1200 TONGASS AVENUE	99901	-131.65760941376482	55.34565702075017	
1737 SECOND AVENUE	99901	-131.65813400473792	55.34554035400884	
838 HARDING STREET	99901	-131.6533043563433	55.345466591098116	
1200 TONGASS	99901	-131.6575799085993	55.34536377894348	
1204 WEST LAKE SAMMAMISH PARKWAY SOUTHEAST	99901	-131.65774484826863	55.3454016609275	
53 MAIN STREET	99901	-131.6536561276254	55.34515544398511	
830 WARREN STREET	99901	-131.6533386279697	55.345252387996	
918 WATER STREET	99901	-131.65427143856073	55.34522669276091	
777 MAIN STREET	99901	-131.65289516205328	55.34588489018688	
1260 WATER STREET	99901	-131.6591670807894	55.3460563779286	
10353 NORTH TONGASS HIGHWAY	99901	-131.65969907657538	55.34603274684298	
601 MAIN STREET	99901	-131.65892695213077	55.34597435583749	
708 ORLEANS AVENUE	99901	-131.65481721270652	55.3458491448363	
1044 DUNTON STREET	99901	-131.65601987810723	55.345886222866326	
1038 DUNTON STREET	99901	-131.6557288293451	55.34583748681568	
1215 SAYLES STREET	99901	-131.65781049175968	55.34583356998968	
1234 WATER STREET	99901	-131.65844159507773	55.34587029098436	
10805 NORTH TONGASS HIGHWAY	99901	-131.66051707798152	55.34571145196716	
875 FRONT STREET	99901	-131.65341651909137	55.345702350987075	
1214 WATER STREET	99901	-131.65789629075078	55.34570946187823	
283 SOUTH PT HIGGINS ROAD	99901	-131.65719423040682	55.345632513908	
4979 REX ALLEN DRIVE	99901	-131.6569319376152	55.34561438904091	
1245 WATER STREET	99901	-131.65894967232094	55.34566756220707	
1251 WATER STREET	99901	-131.65920473996272	55.345748136808076	
852 HARDING STREET	99901	-131.65366102524032	55.34563034912004	
1214 WATER STREET	99901	-131.65778579258097	55.34563565075604	
1235 WATER STREET	99901	-131.6587512299831	55.345602110834506	
321 JEFFERSON STREET	99901	-131.65487397006282	55.34555600712394	
4162 VALLENAR LANE	99901	-131.65611003841903	55.345439102049134	
844 HARDING STREET	99901	-131.65347240328518	55.34552526890331	
1019 DUNTON STREET	99901	-131.6552670090508	55.3455146911413	
14789 NORTH TONGASS HIGHWAY	99901	-131.6534142122177	55.345023317066165	
816 WARREN STREET	99901	-131.65301810009316	55.34504391095686	
53 MAIN STREET	99901	-131.65387078096086	55.345030473030626	
918 WATER STREET	99901	-131.65463373809797	55.345011045827896	
738 HOPKINS ALLEY	99901	-131.6531046698388	55.344853641817444	
1528 WATER STREET	99901	-131.65433983808308	55.344871309854206	
53 MAIN STREET	99901	-131.65362672666444	55.344829896102596	
738 HOPKINS ALLEY	99901	-131.65302890233446	55.34481087592082	
2417 TONGASS AVENUE	99901	-131.65346310841693	55.344637046820274	
4162 VALLENAR LANE	99901	-131.65643954585516	55.34544230123093	
830 HARDING STREET	99901	-131.65318309276307	55.34537581918751	
5191 BORCH STREET	99901	-131.65348974705836	55.34533555323812	
918 WATER STREET	99901	-131.65427176105592	55.345363761065215	
918 WATER STREET	99901	-131.65458932179706	55.345277161204706	
1228 TONGASS AVENUE	99901	-131.65844050542128	55.34542440409661	
918 WATER STREET	99901	-131.65444693343463	55.345280924843124	
858 MILLER RIDGE ROAD	99901	-131.65564851995867	55.345292617251765	
824 HARDING STREET	99901	-131.65302774171113	55.34529817076154	
14951 NORTH TONGASS HIGHWAY	99901	-131.6531910401584	55.34714847186722	
1108 DUNTON STREET	99901	-131.6565385491826	55.34602656413179	
1022 DUNTON STREET	99901	-131.65537490030965	55.34589936985662	
56 EARL HINES LANE	99901	-131.66115071544695	55.34589798201115	
6765 SPRINGWOOD COURT	99901	-131.65422016541925	55.34571212316247	
4162 VALLENAR LANE	99901	-131.6564241442396	55.345706805190986	
1304 MILLAR STREET	99901	-131.65918942638208	55.347120574846876	
1433 MILLAR STREET	99901	-131.66059706577104	55.34718821599534	
104 MOUNTAIN ASH HEIGHTS	99901	-131.66182138236672	55.347124771966485	
1427 MILLAR STREET	99901	-131.6603976289982	55.34712959377549	
1415 MILLAR STREET	99901	-131.66016809956162	55.34692338276589	
1252 MILLAR STREET	99901	-131.65764542363132	55.34695953475494	
1421 MILLAR STREET	99901	-131.6604805426006	55.34699836323243	
1401 MILLAR STREET	99901	-131.65988698167493	55.34692412085376	
1266 MILLAR STREET	99901	-131.65856451515128	55.3469701177497	
108 HUCKLEBERRY CIRCLE	99901	-131.6634358112391	55.34675279214938	
316 PARNELL STREET	99901	-131.6594660742519	55.346858678198046	
6540 EAST BEECHCRAFT ROAD	99901	-131.6629726973708	55.3466298270045	
1261 MILLAR STREET	99901	-131.65865211616284	55.34661634619906	
300 PARNELL STREET	99901	-131.6597845377999	55.34661386681733	
256 SOUTH ROBERTEON BOULEVARD	99901	-131.66040563837726	55.3466680811656	
1104 MILLAR STREET	99901	-131.65580995889331	55.34648496020661	
2954 SOUTH TONGASS HIGHWAY	99901	-131.6602470551869	55.34658172525085	
104 MOUNTAIN ASH HEIGHTS	99901	-131.66251489344415	55.34646619417314	
3190 RIVERSIDE TERRACE	99901	-131.66095313639008	55.34660995977317	
5 SALMON LANDING	99901	-131.65929522726128	55.346579569198234	
1198 MILLAR STREET	99901	-131.65661150136683	55.34642569283471	
1245 MILLAR STREET	99901	-131.65818245537278	55.346428015925284	
1200 MILLAR STREET	99901	-131.65690435394606	55.34645533981238	
1104 MILLAR STREET	99901	-131.65609187178907	55.34638874096513	
1410 TONGASS AVENUE	99901	-131.66070208781093	55.346458808100195	
3430 NORTHWEST 65TH STREET	99901	-131.65954564432485	55.346378248225655	
5825 FALLA COURT	99901	-131.65984910331264	55.346397035243335	
1219 MILLAR STREET	99901	-131.65733378817774	55.346326009747216	
1306 WATER STREET	99901	-131.65969538629616	55.346262942836994	
1027 MILLAR STREET	99901	-131.65538160623325	55.34621393397372	
300 MILL STREET	99926	-131.68838603226698	55.328287141123326	
2417 TONGASS AVENUE	99926	-131.65660317488246	55.3300798479759	
2417 TONGASS AVENUE	99926	-131.65622634509552	55.32988175599938	
1442 WATER STREET	99901	-131.66108439642278	55.34711106505176	
1252 MILLAR STREET	99901	-131.65796562272445	55.34703960820042	
1418 WATER STREET	99901	-131.66060076503337	55.34673357112898	
918 WATER STREET	99901	-131.6542055147953	55.34517323192763	
102 EDGECLIFF	99901	-131.6594527890672	55.34581556985025	
2417 TONGASS AVENUE	99926	-131.689153522303	55.32849359786588	
1260 SAYLES STREET	99901	-131.65899291182882	55.346236964765545	
2417 TONGASS AVENUE	99926	-131.65528853358327	55.330702819124376	
636 NICKEY WAY	99926	-131.68770752305477	55.32966889075845	
2417 TONGASS AVENUE	99926	-131.65761113314025	55.33135562118241	
2417 TONGASS AVENUE	99926	-131.65615790155567	55.333438473078225	
2417 TONGASS AVENUE	99926	-131.65617817114176	55.33312797289005	
2417 TONGASS AVENUE	99926	-131.6568850599304	55.33033607818829	
2417 TONGASS AVENUE	99926	-131.65747826691987	55.331085555820714	
2417 TONGASS AVENUE	99926	-131.65726853904712	55.33083918908021	
2417 TONGASS AVENUE	99926	-131.65710490283328	55.33057952310274	
1289 TONGASS AVENUE	99926	-131.6582401972826	55.33686432617725	
1215 SAYLES STREET	99926	-131.65728135620958	55.336795259817876	
4212 SOUTH TONGASS HIGHWAY	99926	-131.65584213924174	55.33617459778042	
2417 TONGASS AVENUE	99926	-131.65799712304818	55.332300023002354	
2417 TONGASS AVENUE	99926	-131.65746450293307	55.332308594113975	
3210 FIRST STREET	99926	-131.65901225525184	55.332289533173274	
2417 TONGASS AVENUE	99926	-131.65686181961573	55.33240096823977	
3210 FIRST STREET	99926	-131.65906751960813	55.33186114016196	
2417 TONGASS AVENUE	99926	-131.6580900241199	55.33149167923397	
2417 TONGASS AVENUE	99926	-131.6551482050578	55.32865024209557	
2417 TONGASS AVENUE	99926	-131.654959416016	55.32838142921973	
108 HUCKLEBERRY CIRCLE	99901	-131.6639547868434	55.34691386577238	
2417 TONGASS AVENUE	99926	-131.6559212808183	55.3283003752084	
3210 FIRST STREET	99926	-131.65877236644343	55.332756636760784	
3210 FIRST STREET	99926	-131.65893150569096	55.33308734907683	
2417 TONGASS AVENUE	99926	-131.65603561030278	55.32962990680876	
908 LINCOLN STREET	99901	-131.6616253277509	55.34702110599546	
19 STONEWALL ROAD	99926	-131.65584493120562	55.32937804681933	
2417 TONGASS AVENUE	99926	-131.6556025603521	55.329141113054874	
2417 TONGASS AVENUE	99926	-131.6529864982598	55.335018793014385	
777 MAIN STREET	99901	-131.65288130374338	55.34661240391054	
1101 TONGASS AVENUE	99901	-131.65748438534527	55.34472554984776	
1059 WATER STREET	99901	-131.6565759352681	55.34504727209784	
4212 SOUTH TONGASS HIGHWAY	99926	-131.65650452998278	55.335926466763276	
700 WATER STREET	99926	-131.65644809781665	55.33503420912347	
4212 SOUTH TONGASS HIGHWAY	99926	-131.65714192510106	55.335655627834306	
2417 TONGASS AVENUE	99926	-131.6560842980929	55.333783928989156	
700 WATER STREET	99926	-131.65612119818982	55.33446992105379	
700 WATER STREET	99926	-131.65766710806395	55.33483762824702	
2417 TONGASS AVENUE	99926	-131.65614893008097	55.33417948483458	
1115 WATER STREET	99901	-131.65709832896204	55.34520045094277	
1418 1/2 WATER	99901	-131.66048782703922	55.34685537697301	
3453 BARANOF AVENUE	99901	-131.68828361983302	55.35754170679397	
3443 BARANOF AVENUE	99901	-131.68806038668828	55.357437721869786	
3905 HILLSIDE ROAD	99901	-131.69419652686582	55.35958269113425	
5322 145TH STREET NORTHEAST	99901	-131.69250123883805	55.35889990512136	
652 BUREN ROAD	99901	-131.6878053055718	55.359073831957765	
648 BUREN ROAD	99901	-131.68800808317917	55.35893423189961	
3526 TONGASS AVENUE	99901	-131.69258338797414	55.35597547184447	
721 STEDMAN STREET	99901	-131.68771493056263	55.35553803705376	
878 JACKSON STREET	99901	-131.68015031636972	55.35650331393073	
884 MONROE STREET	99901	-131.67908696260162	55.356477389047114	
876 MONROE STREET	99901	-131.67908668502218	55.35632849898684	
3434 TONGASS AVENUE	99901	-131.6902341012667	55.356464062750526	
867 MONROE STREET	99901	-131.67970539338592	55.35629995375878	
3100 TONGASS AVENUE	99901	-131.68882651038678	55.35445223687775	
3100 TONGASS AVENUE	99901	-131.686747659699	55.354281463180186	
237 HECKMAN STREET	99901	-131.69231843257606	55.3578049120508	
9419 NORTHWEST STEAMBOAT ISLAND ROAD	99901	-131.6938586785723	55.3578259951332	
9419 NORTHWEST STEAMBOAT ISLAND ROAD	99901	-131.69422713965406	55.358001790030016	
612 ANDERSON DRIVE	99901	-131.68560681815276	55.35758566509866	
3955 SOUTH TONGASS HIGHWAY	99901	-131.69497786083872	55.35749109210293	
215 HECKMAN STREET	99901	-131.69278318137816	55.357491362748036	
3311 HAWKINS AVENUE	99901	-131.68420341881196	55.35737395314538	
507 ANDERSON DRIVE	99901	-131.68678181274777	55.357372602979666	
420 COOK STREET	99901	-131.68844110168885	55.357374415796706	
230 HECKMAN STREET	99901	-131.691869041372	55.35747194318977	
2401 THIRD AVENUE	99901	-131.680125981907	55.35971899692289	
4141 VALLENAR LANE	99901	-131.69693158519055	55.35996165979153	
3918 HILLSIDE ROAD	99901	-131.69381503122926	55.359954883872724	
1111 JACKSON STREET	99901	-131.6808113326884	55.35967776924567	
3912 FAWN MOUNTAIN ROAD	99901	-131.68004158788102	55.35309406981223	
3215 TIMBERLINE COURT	99901	-131.6818535859288	55.35998630278233	
201 4TH STREET SOUTH	99901	-131.68125768399352	55.35997442220848	
3205 TIMBERLINE COURT	99901	-131.68108273888856	55.35997289188287	
7950 NORTHWEST 77TH STREET	99901	-131.68230025164428	55.35998614500105	
716 BUREN ROAD	99901	-131.68576649998272	55.35579219118558	
355 CARLANNA LAKE ROAD	99901	-131.68707748873197	55.3559660310736	
1116 PARK AVENUE	99901	-131.67862022043784	55.35597926714912	
845 MONROE STREET	99901	-131.67970469180167	55.35593716181864	
5737 JURGEN DRIVE	99901	-131.68500056942204	55.35599949583085	
11 STEDMAN STREET	99901	-131.68556624574296	55.35596450110372	
836 MONROE STREET	99901	-131.67908575257093	55.355818656809674	
426 BUREN ROAD	99901	-131.6894609177084	55.35800592012326	
709 CARLANNA LAKE ROAD	99901	-131.68436407172072	55.35801478184756	
3451 ARNOLD AVENUE	99901	-131.68731467989957	55.35797455785534	
941 MONROE STREET	99901	-131.67973231409835	55.357832387920695	
933 LINCOLN STREET	99901	-131.68195804472498	55.35788433598303	
3816 BARANOF AVENUE	99901	-131.68028185757512	55.353094397176015	
3210 FIRST STREET	99901	-131.68628112504607	55.35447253987906	
3530 ARNOLD AVENUE	99901	-131.687851796981	55.358720295171366	
3163 JACKSON HTS STREET	99901	-131.67848377712596	55.35857756978848	
3608 BARANOF AVENUE	99901	-131.68933139771244	55.35875387402527	
765 ANDERSON DRIVE	99901	-131.68493941481242	55.35854454482684	
11 JANET ROAD	99901	-131.69006120701556	55.358695404244784	
3514 ARNOLD AVENUE	99901	-131.6876662113315	55.358633496773585	
3912 FAWN MOUNTAIN ROAD	99901	-131.69361733628978	55.35870767481741	
3217 TIMBERLINE COURT	99901	-131.68198815984655	55.35998625886912	
734 BUREN ROAD	99901	-131.69262888494836	55.35759631317013	
3208 LINCOLN COURT	99901	-131.6820948204135	55.357373876036846	
3810 CHATHAM AVENUE	99901	-131.68086094664153	55.35741326980828	
3204 LINCOLN COURT	99901	-131.68184490101663	55.357371471883894	
661 WHITES BRIDGE ROAD	99901	-131.68506571883972	55.357427409254	
3230 LINCOLN COURT	99901	-131.68259940500693	55.35736003887849	
3229 TIMBERLINE COURT	99901	-131.6828529221565	55.35998594279594	
3231 TIMBERLINE COURT	99901	-131.6830115817037	55.35998589122342	
3227 TIMBERLINE COURT	99901	-131.6827182449325	55.3599859928366	
3423 DENALI AVENUE	99901	-131.68531347419506	55.358719035944674	
5428 DENSLEY DRIVE	99901	-131.68615775222156	55.35877965290858	
602 BUREN ROAD	99901	-131.68820864194782	55.35879785089871	
3250 DENALI AVENUE	99901	-131.68210096578838	55.358620945838524	
639 DEERMOUNT STREET	99901	-131.68210096578838	55.358620945838524	
3212 TIMBERLINE COURT	99901	-131.68210096578838	55.358620945838524	
3250 DENALI AVENUE	99901	-131.68210096578838	55.358620945838524	
3250 DENALI AVENUE	99901	-131.68210096578838	55.358620945838524	
3250 DENALI AVENUE	99901	-131.68210096578838	55.358620945838524	
3250 DENALI AVENUE	99901	-131.68210096578838	55.358620945838524	
3250 DENALI AVENUE	99901	-131.68210096578838	55.358620945838524	
3250 DENALI AVENUE	99901	-131.68210096578838	55.358620945838524	
344 FRONT STREET	99901	-131.68210096578838	55.358620945838524	
3250 DENALI AVENUE	99901	-131.68210096578838	55.358620945838524	
3250 DENALI AVENUE	99901	-131.68210096578838	55.358620945838524	
3612 TONGASS AVENUE	99901	-131.68210096578838	55.358620945838524	
3250 DENALI AVENUE	99901	-131.68210096578838	55.358620945838524	
805 CLINTON COURT	99901	-131.68210096578838	55.358620945838524	
845 MONROE STREET	99901	-131.68210096578838	55.358620945838524	
885 JACKSON STREET	99901	-131.68210096578838	55.358620945838524	
3250 DENALI AVENUE	99901	-131.68210096578838	55.358620945838524	
3250 DENALI AVENUE	99901	-131.68210096578838	55.358620945838524	
787 SUMMIT TERRACE	99901	-131.68210096578838	55.358620945838524	
3250 DENALI AVENUE	99901	-131.68210096578838	55.358620945838524	
3250 DENALI AVENUE	99901	-131.68210096578838	55.358620945838524	
3250 DENALI AVENUE	99901	-131.68210096578838	55.358620945838524	
3250 DENALI AVENUE	99901	-131.68210096578838	55.358620945838524	
3250 DENALI AVENUE	99901	-131.68210096578838	55.358620945838524	
3250 DENALI AVENUE	99901	-131.68210096578838	55.358620945838524	
3250 DENALI AVENUE	99901	-131.68210096578838	55.358620945838524	
3250 DENALI AVENUE	99901	-131.68210096578838	55.358620945838524	
1954 NC 403 WEST	99901	-131.68210096578838	55.358620945838524	
3100 TONGASS AVENUE	99901	-131.68210096578838	55.358620945838524	
2051 NORTH SEA LEVEL DRIVE	99901	-131.68210096578838	55.358620945838524	
3250 DENALI AVENUE	99901	-131.68210096578838	55.358620945838524	
3250 DENALI AVENUE	99901	-131.68210096578838	55.358620945838524	
2343 SECOND AVENUE	99901	-131.68210096578838	55.358620945838524	
3250 DENALI AVENUE	99901	-131.68210096578838	55.358620945838524	
3311 EUREKA STREET	99901	-131.68210096578838	55.358620945838524	
3250 DENALI AVENUE	99901	-131.68210096578838	55.358620945838524	
3250 DENALI AVENUE	99901	-131.68210096578838	55.358620945838524	
3250 DENALI AVENUE	99901	-131.68210096578838	55.358620945838524	
3505 HAWKINS AVENUE	99901	-131.6871545569968	55.35874689875209	
812 MONROE STREET	99901	-131.67908454523518	55.3552782250022	
809 CLINTON COURT	99901	-131.67862706739697	55.35527662912804	
3318 FIRST STREET	99901	-131.68808780237245	55.35538557790483	
805 CLINTON COURT	99901	-131.67862741324834	55.35511912599028	
802 MONROE STREET	99901	-131.679084405098	55.355119664759535	
2514 FIRST AVENUE	99901	-131.68790399987878	55.355217461218295	
908 PARK AVENUE	99901	-131.68885340504806	55.35528696375261	
801 MONROE STREET	99901	-131.67966115944301	55.355155717854466	
2720 SEVENTH AVENUE	99901	-131.6802498739577	55.35515566219017	
3345 FIRST STREET	99901	-131.68866921897379	55.35519872179274	
3344 DALE STREET	99901	-131.68943833316382	55.35520865197861	
334 CARLANNA LAKE ROAD	99901	-131.6863568808723	55.35522450299114	
334 CARLANNA LAKE ROAD	99901	-131.68676261036023	55.35511429596178	
721 STEDMAN STREET	99901	-131.68769337997898	55.355251990865554	
3323 FIRST STREET	99901	-131.6884850266113	55.35511081209014	
3332 DALE STREET	99901	-131.68916203563697	55.355076756232954	
334 CARLANNA LAKE ROAD	99901	-131.68712843668328	55.35507870806074	
3328 DALE STREET	99901	-131.68897784237618	55.35498884421681	
1075 JACKSON STREET	99901	-131.6808198666836	55.35487316811742	
3212 FIRST STREET	99901	-131.68622705185587	55.35480552222112	
4085 TONGASS AVENUE	99901	-131.6882087524406	55.35497893184974	
14432 SOUTHEAST EASTGATE WAY	99901	-131.6867626139535	55.354783885989136	
3236 FIRST STREET	99901	-131.68694680272273	55.35487180816339	
727 JACKSON STREET	99901	-131.68085199942132	55.354700373914305	
3340 TONGASS	99901	-131.68965534188197	55.3548478708199	
407 CARLANNA LAKE ROAD	99901	-131.6893790560332	55.354715989192954	
44 FRANKLIN ROAD	99901	-131.68851737674132	55.35476904698044	
3220 FIRST STREET	99901	-131.68659112376912	55.354612717938615	
3100 TONGASS AVENUE	99901	-131.68769133810832	55.35464263711236	
3340 TONGASS	99901	-131.68996281274585	55.35463876201225	
1115 SOUTHEAST 164TH AVENUE	99901	-131.68724579977854	55.354519258804395	
3315 HAWKINS AVENUE	99901	-131.68438944014434	55.35746061183306	
3222 LINCOLN COURT	99901	-131.68234471375925	55.357373882164666	
942 JACKSON STREET	99901	-131.68017686967121	55.35782825985197	
783 HARRIS STREET	99901	-131.68130631159644	55.35783282094914	
228 MARTIN STREET	99901	-131.69339608123528	55.358141038990254	
3434 TONGASS AVENUE	99901	-131.69038852256233	55.35635916907469	
866 MONROE STREET	99901	-131.67908640744278	55.35617960274933	
404 ANDERSON DRIVE	99901	-131.68754586223625	55.356269973025434	
307 SPRUCE STREET	99901	-131.68944883536784	55.35636146298529	
1910 8TH AVENUE NORTHEAST	99901	-131.69290589663586	55.35650184883593	
5306 SHORELINE DRIVE	99901	-131.68544551935528	55.356205860783334	
619 TOWER ROAD	99901	-131.69242232812854	55.36240145590898	
721 STEDMAN STREET	99901	-131.68701593257543	55.35440953905384	
3100 TONGASS AVENUE	99901	-131.68755363176516	55.354328651146204	
130 CARLANNA LAKE ROAD	99901	-131.6880561978441	55.35419186921579	
3100 TONGASS AVENUE	99901	-131.68778688921014	55.35423469392632	
6810 RAVENWOOD DRIVE	99901	-131.68786134427583	55.35364125276768	
4206 CAMBRIA DRIVE WEST	99901	-131.69826760369855	55.36144835309552	
2725 FIFTH AVENUE	99901	-131.67980130920373	55.353093745002035	
525 MONROE STREET	99901	-131.67914056507462	55.35308257020094	
600 H STREET NORTHEAST	99901	-131.6790817847123	55.35278801977466	
4206 CAMBRIA DRIVE WEST	99901	-131.67932208584747	55.35277795313232	
506 JACKSON STREET	99901	-131.68028317540362	55.352779263108495	
2732 FOURTH AVENUE	99901	-131.68004291828595	55.352778936252825	
2724 FOURTH AVENUE	99901	-131.67968250161752	55.352778445969335	
908 LINCOLN STREET	99901	-131.68130538094184	55.35735368993088	
917 JACKSON STREET	99901	-131.68086066097726	55.35726267819366	
3236 LINCOLN COURT	99901	-131.68297569221144	55.357352879014	
841 CLINTON COURT	99901	-131.67867505539945	55.35575804705731	
1737 SECOND AVENUE	99901	-131.68596466563946	55.35566353710465	
827 MONROE STREET	99901	-131.67972814411883	55.35562952002356	
3350 FIRST STREET	99901	-131.68855737512763	55.35576246285107	
3817 FAIRVIEW AVENUE	99901	-131.69044668488374	55.36217011401109	
605 TOWER ROAD	99901	-131.69255896278156	55.36214572410125	
517 CANYON ROAD	99901	-131.69386605823237	55.362013267859	
3856 EVERGREEN AVENUE	99901	-131.6913433912852	55.36199309994709	
518 CANYON ROAD	99901	-131.69306615159098	55.36200229317487	
3844 EVERGREEN AVENUE	99901	-131.69101114937735	55.361924696240386	
320 ALDER STREET	99901	-131.6901029867611	55.3601937258855	
435 HILLCREST STREET	99901	-131.69092270933933	55.36024814325008	
630 CHATHAM AVENUE	99901	-131.68857380531418	55.35948964406238	
603 HILL ROAD	99901	-131.69006237213048	55.35947192076148	
716 BUREN ROAD	99901	-131.68742828264703	55.35937138508613	
6100 O'MALLEY ROAD	99901	-131.68884830800715	55.35933129676734	
3844 HILLSIDE ROAD	99901	-131.69313527515547	55.35941075287043	
318 ALDER STREET	99901	-131.689937853954	55.35673401079049	
440 ANDERSON DRIVE	99901	-131.68715266065325	55.35653652903009	
3305 BARANOF AVENUE	99901	-131.6859758945805	55.356551217752006	
3817 ALASKA AVENUE	99901	-131.6808589946024	55.35640019083539	
319 SPRUCE	99901	-131.6894494632902	55.35652300819053	
870 JACKSON STREET	99901	-131.68015005495997	55.35636641184677	
3360 DENALI AVENUE	99901	-131.68419323910314	55.358665109241805	
215 HECKMAN STREET	99901	-131.6932450025708	55.35873343483729	
3739 ALASKA AVENUE	99901	-131.69167197794815	55.35870188114678	
3438 HAWKINS AVENUE	99901	-131.6859680073723	55.35867109185311	
440 BAWDEN STREET	99901	-131.68848564824546	55.35860848579277	
2435 FOURTH AVENUE	99901	-131.67908808369907	55.357072973817424	
610 CARLANNA LAKE ROAD	99901	-131.68475452356063	55.35720626874568	
342 BRYANT STREET	99901	-131.68926684926768	55.35727652202451	
3337 ARNOLD AVENUE	99901	-131.68569808069742	55.35722149595975	
410 COOK STREET	99901	-131.68833705162612	55.35718429117611	
835 MONROE STREET	99901	-131.6797284127151	55.35577221109583	
3933 ALASKA AVENUE	99901	-131.68017294942334	55.355771930225494	
370 ANDERSON DRIVE	99901	-131.68802432292287	55.355954147250486	
351 CARLANNA LAKE ROAD	99901	-131.68738614177875	55.35575615092642	
2960 TONGASS AVENUE	99901	-131.6847228480654	55.35574576280359	
351 CARLANNA LAKE ROAD	99901	-131.68707918025964	55.355734652074545	
3219 TIMBERLINE COURT	99901	-131.68213680407663	55.3599862098497	
3903 ALASKA AVENUE	99901	-131.69348080494296	55.36016160095759	
3209 TIMBERLINE COURT	99901	-131.681392388167	55.3599862501886	
3531 BAILEY BOULEVARD	99901	-131.68644943160103	55.360096153114725	
3213 TIMBERLINE COURT	99901	-131.68170448804952	55.359986362014155	
3223 TIMBERLINE COURT	99901	-131.68244914830095	55.35998609291795	
933 JACKSON STREET	99901	-131.68086123859402	55.35756386085012	
915 LINCOLN STREET	99901	-131.6820033323917	55.35758739109547	
3434 TONGASS AVENUE	99901	-131.69007967997103	55.356568957169756	
3426 ARNOLD AVENUE	99901	-131.68651669026303	55.35809796777911	
407 BUREN ROAD	99901	-131.69003251931696	55.358228475748625	
950 JACKSON STREET	99901	-131.68017720474282	55.358003243835164	
258 HENEGHAN STREET	99901	-131.6923658312837	55.358247208123075	
944 LINCOLN STREET	99901	-131.6812941717637	55.358001665943405	
3718 HILLSIDE ROAD	99901	-131.69156542517902	55.358141974998496	
3508 BARANOF AVENUE	99901	-131.688234031931	55.35804767090921	
5737 JURGEN DRIVE	99901	-131.69090158186214	55.35808786010337	
942 MONROE STREET	99901	-131.6790896530559	55.35790541289539	
3418 ARNOLD AVENUE	99901	-131.68633066084578	55.358011316103706	
626 ANDERSON DRIVE	99901	-131.68510303665323	55.35782844011027	
1062 SCHOENBAR ROAD	99901	-131.68712865227897	55.35788789722879	
701 CARLANNA LAKE ROAD	99901	-131.6845494381813	55.35788886081792	
3710 HILLSIDE ROAD	99901	-131.69139568311618	55.3579038569575	
2115 FIRST AVENUE	99901	-131.6860516306438	55.357881322149616	
245 HECKMAN STREET	99901	-131.69211694135612	55.357977722832565	
10805 NORTH TONGASS HIGHWAY	99901	-131.68396152765874	55.35775643679975	
3517 BARANOF AVENUE	99901	-131.68897109962165	55.35785247624908	
228 MARTIN STREET	99901	-131.6935502474094	55.35803602516046	
348 FRONT STREET	99901	-131.6819817386889	55.35772912019934	
228 MARTIN STREET	99901	-131.69370443424475	55.35793101615856	
361 BUREN ROAD	99901	-131.6906096581409	55.35783429876089	
941 JACKSON STREET	99901	-131.6808615260549	55.357714453872354	
3520 ALASKA AVENUE	99901	-131.68980787761384	55.35784515408801	
177 MARTIN BUGGE ROAD	99901	-131.67973199699307	55.357663829189185	
3454 BARANOF AVENUE	99901	-131.68777146783165	55.35783365994179	
924 LINCOLN STREET	99901	-131.68130600616928	55.357673113807294	
5878 SOUTH TONGASS HIGHWAY	99901	-131.69301261379667	55.357868697953634	
627 CARLANNA LAKE ROAD	99901	-131.68473094817435	55.35765520688073	
612 ANDERSON DRIVE	99901	-131.6854547109173	55.357691640142484	
934 JACKSON STREET	99901	-131.680176532803	55.35765327203139	
928 MONROE STREET	99901	-131.6790891077785	55.357617197210345	
3507 BARANOF AVENUE	99901	-131.68871651078192	55.35770107590602	
3516 ALASKA AVENUE	99901	-131.6895820591177	55.35774962884333	
726 DEERMOUNT STREET	99901	-131.687432898191	55.357675929014164	
3409 ARNOLD AVENUE	99901	-131.68640151007392	55.35763756293046	
914 LINCOLN STREET	99901	-131.68130570074206	55.35751340806374	
2050 SEA LEVEL DRIVE	99901	-131.69315169366394	55.357667223983235	
2960 TONGASS AVENUE	99901	-131.69014346484778	55.35757240709161	
3316 ARNOLD AVENUE	99901	-131.6852517338839	55.357508659010186	
237 HECKMAN STREET	99901	-131.69247455168758	55.357701251058444	
3512 ALASKA AVENUE	99901	-131.6894288218016	55.35764195706734	
926 JACKSON STREET	99901	-131.68017619862968	55.35747444691362	
3508 ALASKA AVENUE	99901	-131.68926955319668	55.35752936181562	
1131 JACKSON STREET	99901	-131.68080983879008	55.35998167402093	
715 CHATHAM AVENUE	99901	-131.68859257112047	55.36007349802774	
971 VIA COLIINAS	99901	-131.68623204559051	55.35999240314696	
3615 DENLAI AVENUE	99901	-131.6878408878402	55.359988187987604	
3808 CHATHAM AVENUE	99901	-131.69015896078645	55.36001618878998	
707 CHATHAM AVENUE	99901	-131.68874696277175	55.35996857817195	
105 MAIN STREET	99901	-131.68937532443152	55.36002597479436	
523 NORTH 900 EAST	99901	-131.69399772969345	55.36156139214421	
908 LINCOLN STREET	99901	-131.69278516755327	55.36147212407747	
522 TOWER ROAD	99901	-131.69208301019123	55.36149689888382	
3817 EVERGREEN AVENUE	99901	-131.69023712499595	55.36129192992555	
3540 DENALI AVENUE	99901	-131.6869095019772	55.3599580400111	
61475 TAM MCARTHUR LOOP	99901	-131.69167424529593	55.35996064110599	
2030 SECOND AVENUE	99901	-131.68081090688696	55.35982986413287	
722 COLLEGE COURT	99901	-131.68799518696497	55.359883233183545	
3530 DENALI AVENUE	99901	-131.68669145300996	55.359854762005455	
4138 VALLENAR LANE	99901	-131.69613540476098	55.35990542984268	
3530 DENALI AVENUE	99901	-131.6865073028683	55.359766796771176	
3845 ALASKA AVENUE	99901	-131.693099330866	55.35988164923929	
3904 HILLSIDE ROAD	99901	-131.69361732730658	55.35979763780666	
3816 ALASKA AVENUE	99901	-131.6921139239151	55.3598291722414	
727 BUREN ROAD	99901	-131.68763981882847	55.359768073836335	
3740 BARANOF AVENUE	99901	-131.69027705331368	55.359758350064105	
706 CHATHAM AVENUE	99901	-131.68834388960207	55.35964602380284	
3356 FIRST STREET	99901	-131.69183424423116	55.359743942863666	
3754 BARANOF AVENUE	99901	-131.69061071815295	55.35974425996	
3530 DENALI AVENUE	99901	-131.68632294970735	55.35967897686895	
600 H STREET NORTHEAST	99901	-131.6815393076317	55.35953431610012	
932 CARLANNA LAKE ROAD	99901	-131.6815393076317	55.35953431610012	
3603 SOUTH TONGASS HIGHWAY	99901	-131.6815393076317	55.35953431610012	
932 CARLANNA LAKE ROAD	99901	-131.6815393076317	55.35953431610012	
932 CARLANNA LAKE ROAD	99901	-131.6815393076317	55.35953431610012	
1211 CHANNEL WAY	99901	-131.6815393076317	55.35953431610012	
932 CARLANNA LAKE ROAD	99901	-131.6815393076317	55.35953431610012	
932 CARLANNA LAKE ROAD	99901	-131.6815393076317	55.35953431610012	
3902 BIG ROCK ROAD	99901	-131.6815393076317	55.35953431610012	
932 CARLANNA LAKE ROAD	99901	-131.6815393076317	55.35953431610012	
932 CARLANNA LAKE ROAD	99901	-131.6815393076317	55.35953431610012	
12745 NORTH TONGASS HIGHWAY	99901	-131.6815393076317	55.35953431610012	
2005 GREENWAY ROAD	99901	-131.6815393076317	55.35953431610012	
3710 HILLSIDE ROAD	99901	-131.68527682832135	55.35953768775564	
1109 JACKSON STREET	99901	-131.68081094641283	55.35952504213101	
3933 ALASKA AVENUE	99901	-131.69288233741923	55.359718772249025	
237 HECKMAN STREET	99901	-131.6826011243824	55.35953369824408	
5854 KATAHDIN DRIVE	99901	-131.6826011243824	55.35953369824408	
930 CARLANNA LAKE ROAD	99901	-131.6826011243824	55.35953369824408	
930 CARLANNA LAKE ROAD	99901	-131.6826011243824	55.35953369824408	
755 GRANT STREET	99901	-131.6826011243824	55.35953369824408	
930 CARLANNA LAKE ROAD	99901	-131.6826011243824	55.35953369824408	
930 CARLANNA LAKE ROAD	99901	-131.6826011243824	55.35953369824408	
930 CARLANNA LAKE ROAD	99901	-131.6826011243824	55.35953369824408	
930 CARLANNA LAKE ROAD	99901	-131.6826011243824	55.35953369824408	
930 CARLANNA LAKE ROAD	99901	-131.6826011243824	55.35953369824408	
930 CARLANNA LAKE ROAD	99901	-131.6826011243824	55.35953369824408	
420 COOK STREET	99901	-131.6826011243824	55.35953369824408	
331 PALM CANYON DRIVE	99901	-131.6826011243824	55.35953369824408	
930 CARLANNA LAKE ROAD	99901	-131.6826011243824	55.35953369824408	
930 CARLANNA LAKE ROAD	99901	-131.6826011243824	55.35953369824408	
14071 SOUTHWEST 144 TERRACE	99901	-131.6826011243824	55.35953369824408	
734 BUREN ROAD	99901	-131.68713906465143	55.35956810413014	
3860 HILLSIDE ROAD	99901	-131.6933117950071	55.35959493283687	
3710 HILLSIDE ROAD	99901	-131.68509242844803	55.35944988981272	
3740 BARANOF AVENUE	99901	-131.69038458434815	55.35952502783349	
4122 VALLENAR LANE	99901	-131.69589914424802	55.35965446695952	
1077 JACKSON STREET	99901	-131.68081064907048	55.35937026885563	
3817 ALASKA AVENUE	99901	-131.69247692234163	55.359353640796556	
3827 ALASKA AVENUE	99901	-131.69269376936302	55.3594923600788	
3991 MARINE VIEW AVENUE	99901	-131.68595416613041	55.359503399797596	
709 BUREN ROAD	99901	-131.68797172835963	55.359514899075876	
3515 DENALI AVENUE	99901	-131.68677067992644	55.35943656502732	
3442 DENALI AVENUE	99901	-131.68540099525654	55.35924001179456	
1074 JACKSON STREET	99901	-131.68012854569884	55.35920101200404	
1075 JACKSON STREET	99901	-131.68081024123532	55.35921434912382	
3417 BAILEY BOULEVARD	99901	-131.68453896292678	55.35918644324191	
732 COOK STREET	99901	-131.68638658276885	55.35920946700012	
3760 ALASKA AVENUE	99901	-131.69137320816608	55.35930912684954	
629 BUREN ROAD	99901	-131.68839517082836	55.359226279967395	
709 COOK STREET	99901	-131.68700023631246	55.35927873887126	
10841 ALTA STREET	99901	-131.69968533026983	55.359454162219485	
526 HILL ROAD	99901	-131.6894141675844	55.3592318371402	
706 BUREN ROAD	99901	-131.6876614799049	55.359213018935385	
3409 BAILEY BOULEVARD	99901	-131.6842859227826	55.35906601215749	
4160 TONGASS AVENUE	99901	-131.69938889161597	55.35930946692761	
705 COOK STREET	99901	-131.6872060376491	55.359139379021165	
319 GARDEN LANE	99901	-131.69229228980464	55.35917455885359	
1061 JACKSON STREET	99901	-131.68080993041823	55.358978343890186	
2417 TONGASS AVENUE	99901	-131.6793816576255	55.35896202510959	
670 D 1 LOOP ROAD	99901	-131.69050979692233	55.35906120303575	
3734 ALASKA AVENUE	99901	-131.69122157703774	55.35903672899859	
3816 HILLSIDE ROAD	99901	-131.692719999271	55.35907532606333	
631 COOK STREET	99901	-131.68737422921976	55.35898357991029	
3451 DENALI AVENUE	99901	-131.68597291756365	55.35902510294481	
245 TOWER ROAD	99901	-131.69426452394293	55.359187336843206	
141 BRYANT STREET	99901	-131.68935916373954	55.35900135398238	
4620 ARVILLE STREET	99901	-131.6848655517365	55.35898509699771	
220 TOWER ROAD	99901	-131.69340917238392	55.35912239291338	
3502 HAWKINS AVENUE	99901	-131.686642942188	55.358987608796	
3004 CREST AVENUE	99901	-131.6838850819264	55.35887525481601	
2724 THIRD AVENUE	99901	-131.69030278106342	55.35889279506677	
3450 HAWKINS AVENUE	99901	-131.68637391742163	55.35888034123422	
3004 CREST AVENUE	99901	-131.6837006775615	55.358787465105884	
1649 WATER STREET	99901	-131.68549871578978	55.3588062431729	
3743 ALASKA AVENUE	99901	-131.6917911709116	55.35884667925434	
3515 HAWKINS AVENUE	99901	-131.68746648080955	55.35883445212869	
219 TOWER ROAD	99901	-131.6943358627529	55.35892832388044	
220 TOWER ROAD	99901	-131.69343800291463	55.3588855139488	
3405 DENALI AVENUE	99901	-131.68512825236326	55.35863180912012	
207 TOWER ROAD	99901	-131.69439993059896	55.35868893704386	
3350 DENALI AVENUE	99901	-131.6840088149753	55.3585773502145	
3423 DENALI AVENUE	99901	-131.68743098567774	55.358521748937044	
3422 HAWKINS AVENUE	99901	-131.68568897267875	55.358561252885224	
3346 DENALI AVENUE	99901	-131.6838243926441	55.358489580779874	
3725 ALASKA AVENUE	99901	-131.6914761155718	55.35856775483036	
3443 HAWKINS AVENUE	99901	-131.6865844843209	55.35848326111981	
320 ALDER STREET	99901	-131.68002070474557	55.35833105024973	
1004 JACKSON STREET	99901	-131.68027364517678	55.35833088888736	
888 MONROE STREET	99901	-131.67908752404867	55.35677518076496	
3302 BARANOF AVENUE	99901	-131.68566036223527	55.356803736884864	
894 JACKSON STREET	99901	-131.68015085266399	55.356783962080435	
196 HECKMAN STREET	99901	-131.6923296022283	55.3570119370331	
1675 SITKA STREET	99901	-131.6865982923251	55.356760467103776	
2417 TONGASS AVENUE	99901	-131.68110009613648	55.36037512702213	
3825 DENALI AVENUE	99901	-131.69068198509768	55.360569782803296	
4162 VALLENAR LANE	99901	-131.69650686262253	55.36062316413224	
3212 TIMBERLINE COURT	99901	-131.6817566307602	55.360361346059136	
1005 JACKSON STREET	99901	-131.6807677859567	55.35833057586485	
3443 HAWKINS AVENUE	99901	-131.6863984549036	55.35839659496858	
7805 STANLEY DRIVE	99901	-131.69206356436027	55.35854487776255	
967 LINCOLN STREET	99901	-131.68102251942517	55.358330411949304	
3418 HAWKINS AVENUE	99901	-131.68541365431554	55.35845283523094	
3607 BARANOF AVENUE	99901	-131.68981975064696	55.358499850225364	
3359 DENALI AVENUE	99901	-131.68460408988653	55.35838496719485	
961 LINCOLN STREET	99901	-131.68130319803566	55.35832961994609	
3404 HAWKINS AVENUE	99901	-131.6852256926221	55.358347224779266	
3713 ALASKA AVENUE	99901	-131.69135663335078	55.3584236450654	
232 GARDEN LANE	99901	-131.69286059100284	55.35842470310973	
3520 BARANOF AVENUE	99901	-131.68880291523752	55.35831380796415	
3353 DENALI AVENUE	99901	-131.6844188896143	55.358297772825885	
3527 ARNOLD AVENUE	99901	-131.68820884406878	55.35839111478511	
9360 CAMPBELL TERRACE DRIVE	99901	-131.69043511817614	55.3584724677549	
253 FOREST PARK DRIVE	99901	-131.69354269167954	55.35840725201344	
3926 ANCHOR RIDGE ROAD	99901	-131.68959614200642	55.358398015056984	
3734 HILLSIDE ROAD	99901	-131.69189840101043	55.35841056606277	
3505 ARNOLD AVENUE	99901	-131.68787825595936	55.3582371112089	
8297 FAIRHAVEN LANE	99901	-131.6862124245881	55.35830994190423	
3707 ALASKA AVENUE	99901	-131.6911870979005	55.35830927602889	
1365 BOSTWICK ROAD	99901	-131.68489081595555	55.358189440237865	
3950 TONGASS AVENUE	99901	-131.68423366239261	55.35821053281773	
237 HENEGHAN STREET	99901	-131.69308769678474	55.35835104998432	
8297 FAIRHAVEN LANE	99901	-131.68602641673039	55.35822326413944	
942 MONROE STREET	99901	-131.67907420023639	55.35809910804571	
365 MUSTANG STREET	99901	-131.6917310026522	55.35827649390857	
852 HARDING STREET	99901	-131.68404823125334	55.358123461129466	
228 MARTIN STREET	99901	-131.69462771371064	55.35837055592011	
3405 HAWKINS AVENUE	99901	-131.68567132078343	55.358146263887	
898 LINCOLN STREET	99901	-131.68189113011778	55.35805229683288	
228 MARTIN STREET	99901	-131.69391867974508	55.35821180023089	
708 ANDERSON DRIVE	99901	-131.6848287118267	55.35801896402515	
233 HENEGHAN	99901	-131.6932418773319	55.358246041818056	
957 JACKSON STREET	99901	-131.68086210367164	55.358015642794044	
342 BRYANT STREET	99901	-131.68885188240367	55.357322146885615	
3337 ARNOLD AVENUE	99901	-131.68597159704018	55.35734892707053	
230 HECKMAN STREET	99901	-131.6920859117496	55.35732570511805	
898 LINCOLN STREET	99901	-131.6813050674298	55.357193982898735	
211 HECKMAN STREET	99901	-131.69297607841577	55.357360176754774	
909 JACKSON STREET	99901	-131.68086035465177	55.357112078856964	
606 CARLANNA LAKE ROAD	99901	-131.68438288693434	55.357126531952986	
2960 TONGASS AVENUE	99901	-131.69069967472225	55.35719365607951	
628 ADAMS STREET	99901	-131.68130460030585	55.35695439305623	
901 JACKSON STREET	99901	-131.68086007976729	55.356961496820446	
9419 NORTHWEST STEAMBOAT ISLAND ROAD	99901	-131.69416373566298	55.35708541289885	
894 MONROE STREET	99901	-131.67908780701796	55.356924072209246	
407 ALDER STREET	99901	-131.68833651892513	55.35704739195761	
11472 JOHANNSEN ROAD	99901	-131.6891965560967	55.35704628076816	
748 BAYVIEW STREET	99901	-131.67970635188834	55.35680820975593	
158 DEL REY ROAD	99901	-131.68495954695626	55.356913928998345	
893 JACKSON STREET	99901	-131.68085980039126	55.35681774275541	
420 ALDER STREET	99901	-131.68845553671716	55.35675426921554	
320 ALDER STREET	99901	-131.68957051307137	55.35675285315345	
324 ALDER STREET	99901	-131.68933021103794	55.35675315801791	
3305 BARANOF AVENUE	99901	-131.68612663098685	55.356449481235835	
439 CARLANNA LAKE ROAD	99901	-131.68642360413833	55.35641059104248	
419 MAPLE STREET	99901	-131.68845428626224	55.35643117799057	
417 FOREST PARK DRIVE	99901	-131.68736066555726	55.356395901757715	
862 JACKSON STREET	99901	-131.68014977738056	55.3562226668556	
3434 TONGASS AVENUE	99901	-131.690542861213	55.3562542357996	
303 SPRUCE	99901	-131.68944830176855	55.356224561942796	
854 JACKSON STREET	99901	-131.68014948991967	55.3560720712227	
5737 JURGEN DRIVE	99901	-131.685195852385	55.356091589005445	
392 ANDERSON DRIVE	99901	-131.68778788634012	55.35611292986681	
3434 TONGASS AVENUE	99901	-131.69006264342167	55.35615456213139	
351 CARLANNA LAKE ROAD	99901	-131.6876783538592	55.355770614220255	
830 JACKSON STREET	99901	-131.68017267813212	55.35562924374829	
828 MONROE STREET	99901	-131.67908532497287	55.355605792004425	
3338 FIRST STREET	99901	-131.68833422013634	55.355655019048896	
3356 FIRST STREET	99901	-131.68888739999338	55.355844496842394	
819 MONROE STREET	99901	-131.67972788091242	55.35549262104612	
822 JACKSON STREET	99901	-131.6801724140274	55.35549233710972	
862 FOREST PARK DRIVE	99901	-131.68635051810512	55.355611110178685	
3320 FIRST STREET	99901	-131.688271974972	55.35547350997783	
811 MONROE STREET	99901	-131.67972760063807	55.35534886420085	
1151 SOUTH PT HIGGINS ROAD	99901	-131.69112463444552	55.36230968887186	
633 CANYON ROAD	99901	-131.69385605189842	55.36233235289082	
618 CANYON ROAD	99901	-131.6930959046915	55.36224476589288	
3831 FAIRVIEW AVENUE	99901	-131.69078560576568	55.36223988618529	
3832 EVERGREEN AVENUE	99901	-131.6906562941789	55.36185163374757	
8204 SOUTH TONGASS HIGHWAY	99901	-131.68503184426865	55.361658734087406	
3560 FAIRVIEW AVENUE	99901	-131.68503184426865	55.361658734087406	
3560 FAIRVIEW AVENUE	99901	-131.68503184426865	55.361658734087406	
201 DOCK STREET	99901	-131.68503184426865	55.361658734087406	
32 NUGGET LANE	99901	-131.68503184426865	55.361658734087406	
508 CANYON ROAD	99901	-131.69310940457362	55.36175160603216	
3828 EVERGREEN AVENUE	99901	-131.69032851959298	55.36171979893847	
437 CANYON ROAD	99901	-131.69389914138765	55.36171678999242	
521 TOWER ROAD	99901	-131.69270856641236	55.36168989481433	
905 HILL ROAD	99901	-131.69005849230675	55.36166420718076	
3803 EVERGREEN AVENUE	99901	-131.69001506684762	55.36120496202952	
3004 CREST AVENUE	99901	-131.68949729857908	55.36112433003185	
3868 DENALI AVENUE	99901	-131.69179091938332	55.36125954905579	
3004 CREST AVENUE	99901	-131.68928021530078	55.36105878523396	
418 CANYON ROAD	99901	-131.6934880947715	55.36121559023518	
411 CANYON ROAD	99901	-131.6942230100987	55.3611303480138	
2417 TONGASS AVENUE	99901	-131.68896131966315	55.36102779608426	
3740 BARANOF AVENUE	99901	-131.68089096744	55.360882835922524	
3850 DENALI AVENUE	99901	-131.6911693804281	55.36113159184567	
3834 DENALI AVENUE	99901	-131.69071735805863	55.361038533096426	
3824 DENALI	99901	-131.69043482263044	55.36098035314053	
1206 JACKSON STREET	99901	-131.6802021231105	55.36085059105042	
3225 FAIRVIEW AVENUE	99901	-131.6820611425735	55.36084801299133	
2619 THIRD AVENUE	99901	-131.6901132248604	55.360914139209015	
808 HILL ROAD	99901	-131.6894452888191	55.36075359892948	
3842 ALASKA AVENUE	99901	-131.69250368225562	55.36014474804883	
3820 BARANOF AVENUE	99901	-131.69165546331993	55.36084783683161	
3820 BARANOF AVENUE	99901	-131.69208887080012	55.360900067898214	
3847 DENALI AVENUE	99901	-131.69134367066124	55.360735130194264	
1167 JACKSON STREET	99901	-131.68081310057286	55.36051042111234	
428 TOWER ROAD	99901	-131.69249662688736	55.360666095752435	
3937 ALASKA AVENUE	99901	-131.69436322184322	55.3608183992553	
415 TOWER ROAD	99901	-131.69334072704748	55.36067776217308	
15120 283RD PLACE NORTHEAST	99901	-131.68908329021747	55.360725521036095	
4196 VALLENAR LANE	99901	-131.69794065825764	55.36079441189329	
3820 BARANOF AVENUE	99901	-131.6917519136354	55.36065706203533	
832 BUREN ROAD	99901	-131.68613924872335	55.360925540040974	
832 BUREN ROAD	99901	-131.68613924872335	55.360925540040974	
275 D 2 LOOP ROAD	99901	-131.68613924872335	55.360925540040974	
832 BUREN ROAD	99901	-131.68613924872335	55.360925540040974	
832 BUREN ROAD	99901	-131.68613924872335	55.360925540040974	
832 BUREN ROAD	99901	-131.68613924872335	55.360925540040974	
832 BUREN ROAD	99901	-131.68613924872335	55.360925540040974	
612 HILL ROAD	99901	-131.68613924872335	55.360925540040974	
832 BUREN ROAD	99901	-131.68613924872335	55.360925540040974	
832 BUREN ROAD	99901	-131.68613924872335	55.360925540040974	
832 BUREN ROAD	99901	-131.68613924872335	55.360925540040974	
832 BUREN ROAD	99901	-131.68613924872335	55.360925540040974	
832 BUREN ROAD	99901	-131.68613924872335	55.360925540040974	
431 DOCK STREET	99901	-131.68613924872335	55.360925540040974	
11385 NORTH TONGASS HIGHWAY	99901	-131.68613924872335	55.360925540040974	
832 BUREN ROAD	99901	-131.68613924872335	55.360925540040974	
215 MAIN STREET	99901	-131.68613924872335	55.360925540040974	
2603 SOUTHEAST 4TH STREET	99901	-131.68613924872335	55.360925540040974	
832 BUREN ROAD	99901	-131.68613924872335	55.360925540040974	
832 BUREN ROAD	99901	-131.68613924872335	55.360925540040974	
519 PINE STREET	99901	-131.68613924872335	55.360925540040974	
832 BUREN ROAD	99901	-131.68613924872335	55.360925540040974	
2417 TONGASS AVENUE	99901	-131.68613924872335	55.360925540040974	
832 BUREN ROAD	99901	-131.68613924872335	55.360925540040974	
132 FRANKLIN ROAD	99901	-131.68613924872335	55.360925540040974	
832 BUREN ROAD	99901	-131.68613924872335	55.360925540040974	
832 BUREN ROAD	99901	-131.68613924872335	55.360925540040974	
2417 TONGASS AVENUE	99901	-131.68613924872335	55.360925540040974	
832 BUREN ROAD	99901	-131.68613924872335	55.360925540040974	
832 BUREN ROAD	99901	-131.68613924872335	55.360925540040974	
832 BUREN ROAD	99901	-131.68613924872335	55.360925540040974	
832 BUREN ROAD	99901	-131.68613924872335	55.360925540040974	
2417 TONGASS AVENUE	99901	-131.68613924872335	55.360925540040974	
832 BUREN ROAD	99901	-131.68613924872335	55.360925540040974	
832 BUREN ROAD	99901	-131.68613924872335	55.360925540040974	
832 BUREN ROAD	99901	-131.68613924872335	55.360925540040974	
832 BUREN ROAD	99901	-131.68613924872335	55.360925540040974	
832 BUREN ROAD	99901	-131.68613924872335	55.360925540040974	
832 BUREN ROAD	99901	-131.68613924872335	55.360925540040974	
211 HECKMAN STREET	99901	-131.68613924872335	55.360925540040974	
832 BUREN ROAD	99901	-131.68613924872335	55.360925540040974	
8319 AIRPORT BOULEVARD	99901	-131.68613924872335	55.360925540040974	
832 BUREN ROAD	99901	-131.68613924872335	55.360925540040974	
832 BUREN ROAD	99901	-131.68613924872335	55.360925540040974	
832 BUREN ROAD	99901	-131.68613924872335	55.360925540040974	
832 BUREN ROAD	99901	-131.68613924872335	55.360925540040974	
832 BUREN ROAD	99901	-131.68613924872335	55.360925540040974	
832 BUREN ROAD	99901	-131.68613924872335	55.360925540040974	
832 BUREN ROAD	99901	-131.68613924872335	55.360925540040974	
832 BUREN ROAD	99901	-131.68613924872335	55.360925540040974	
832 BUREN ROAD	99901	-131.68613924872335	55.360925540040974	
426 KNUDSON COVE ROAD	99901	-131.6910209778449	55.360639578222866	
1301 SAIPAN ROAD	99901	-131.68012730243046	55.36044699791641	
3933 ALASKA AVENUE	99901	-131.69398786439498	55.360572129062916	
534 TOWER ROAD	99901	-131.6824656557426	55.360361244957545	
911 FOREST AVENUE	99901	-131.6824656557426	55.360361244957545	
3220 TIMBERLINE COURT	99901	-131.6824656557426	55.360361244957545	
3220 TIMBERLINE COURT	99901	-131.6824656557426	55.360361244957545	
3220 TIMBERLINE COURT	99901	-131.6824656557426	55.360361244957545	
3220 TIMBERLINE COURT	99901	-131.6824656557426	55.360361244957545	
3220 TIMBERLINE COURT	99901	-131.6824656557426	55.360361244957545	
2960 TONGASS AVENUE	99901	-131.6824656557426	55.360361244957545	
3220 TIMBERLINE COURT	99901	-131.6824656557426	55.360361244957545	
7950 NORTHWEST 77TH STREET	99901	-131.6824656557426	55.360361244957545	
661 WHITES BRIDGE ROAD	99901	-131.6824656557426	55.360361244957545	
344 FRONT STREET	99901	-131.6824656557426	55.360361244957545	
3220 TIMBERLINE COURT	99901	-131.6824656557426	55.360361244957545	
811 MONROE STREET	99901	-131.68151237973277	55.360361383844584	
3816 BARANOF AVENUE	99901	-131.69152142928968	55.36046637006011	
3356 FIRST STREET	99901	-131.68139454592028	55.36036139712055	
2644 SOUTH 226TH	99901	-131.6816277449748	55.36036136699433	
3704 DENALI AVENUE	99901	-131.68811787078164	55.36055022025202	
3310 OHANA COURT	99901	-131.6837430007878	55.3603543348156	
3813 DENALI AVENUE	99901	-131.6903429519263	55.36049997296351	
1147 JACKSON STREET	99901	-131.6808109859387	55.36028097990534	
1510 DAVIDOFF STREET	99901	-131.6937202113561	55.3603554469334	
730 HILL ROAD	99901	-131.68941546385335	55.36038858476178	
4154 VALLENAR LANE	99901	-131.69612038672605	55.36049630523471	
3950 HILLSIDE ROAD	99901	-131.69440750878672	55.36043315876851	
1145 JACKSON STREET	99901	-131.68080974356863	55.36013138520107	
3814 BARANOF AVENUE	99901	-131.69122398631933	55.360298869815104	
3829 BARANOF AVENUE	99901	-131.6920501013091	55.36030455806534	
3304 OHANA COURT	99901	-131.68347933896368	55.36011027219877	
3310 OHANA COURT	99901	-131.68376722655438	55.36013052481119	
1138 JACKSON STREET	99901	-131.68012667271145	55.36008041792046	
723 CHATHAM AVENUE	99901	-131.68837167269714	55.36016793515763	
2600 CORDOVA STREET	99901	-131.68697572308497	55.364962291203874	
717 CANYON ROAD	99901	-131.69386056772933	55.363456371975786	
637 TOWER ROAD	99901	-131.69385933973237	55.363153768790966	
669 CANYON ROAD	99901	-131.69385851687554	55.362948413222924	
657 CANYON ROAD	99901	-131.69385769401873	55.362743053015365	
3806 FAIRVIEW AVENUE	99901	-131.6899232841784	55.36253590418039	
3708 FAIRVIEW AVENUE	99901	-131.688095505426	55.362440914117336	
637 TOWER ROAD	99901	-131.69221054131717	55.36262121485681	
3818 FAIRVIEW AVENUE	99901	-131.69009875839106	55.36273889124961	
3760 FAIRVIEW AVENUE	99901	-131.68954357529097	55.36244098713131	
628 CANYON ROAD	99901	-131.6930241346902	55.362515364827935	
645 CANYON ROAD	99901	-131.6938568747552	55.362537708081035	
3857 FAIRVIEW AVENUE	99901	-131.69152384216451	55.362453822784055	
3726 FAIRVIEW AVENUE	99901	-131.68882527520324	55.362425231935035	
3810 CHATHAM AVENUE	99901	-131.6905512766306	55.36020805990412	
3940 HILLSIDE ROAD	99901	-131.69421031061555	55.360274128980734	
826 BUREN ROAD	99901	-131.68663408390097	55.360183769887335	
104 MOUNTAIN ASH HEIGHTS	99901	-131.68941527790207	55.36017564904256	
3211 TIMBERLINE COURT	99901	-131.6815412740439	55.35998641920346	
3225 TIMBERLINE COURT	99901	-131.6825837356934	55.359986043898495	
3930 HILLSIDE ROAD	99901	-131.69401259501478	55.36011446385672	
3725 BARANOF AVENUE	99901	-131.6910224717432	55.359477380880946	
201 DOCK STREET	99901	-131.68824147537146	55.3538977769662	
201 MARTIN STREET	99901	-131.6947796502662	55.35826554014595	
4085 TONGASS AVENUE	99901	-131.69937452575795	55.357841124064755	
429 DEERMOUNT STREET	99901	-131.68443175259085	55.36239995682306	
1022 JACKSON STREET	99901	-131.6801766109564	55.35858995682285	
3175 JACKSON HEIGHTS	99901	-131.6789036038757	55.35857880706232	
3193 JACKSON HEIGHTS	99901	-131.67961825500674	55.35858090322774	
3195 JACKSON HTS STREET	99901	-131.6798276549944	55.35858151599226	
228 MARTIN STREET	99901	-131.6797677445515	55.358330167863194	
3149 TONGASS AVENUE	99901	-131.68785057078063	55.35287565323313	
2729 TONGASS AVENUE	99901	-131.68045067257654	55.350774722088296	
5021 NORTH TONGASS HIGHWAY	99901	-131.68045067257654	55.350774722088296	
2729 TONGASS AVENUE	99901	-131.68045067257654	55.350774722088296	
821 JACKSON STREET	99901	-131.68045067257654	55.350774722088296	
2729 TONGASS AVENUE	99901	-131.68045067257654	55.350774722088296	
1621 TONGASS AVENUE	99901	-131.68045067257654	55.350774722088296	
522 TOWER ROAD	99901	-131.68045067257654	55.350774722088296	
2729 TONGASS AVENUE	99901	-131.68045067257654	55.350774722088296	
2729 TONGASS AVENUE	99901	-131.68045067257654	55.350774722088296	
2729 TONGASS AVENUE	99901	-131.68045067257654	55.350774722088296	
2729 TONGASS AVENUE	99901	-131.68045067257654	55.350774722088296	
2729 TONGASS AVENUE	99901	-131.68045067257654	55.350774722088296	
115 SOUTHEAST 164TH AVENUE	99901	-131.68045067257654	55.350774722088296	
2729 TONGASS AVENUE	99901	-131.68045067257654	55.350774722088296	
2729 TONGASS AVENUE	99901	-131.68045067257654	55.350774722088296	
2729 TONGASS AVENUE	99901	-131.68045067257654	55.350774722088296	
2729 TONGASS AVENUE	99901	-131.68045067257654	55.350774722088296	
2729 TONGASS AVENUE	99901	-131.68045067257654	55.350774722088296	
2729 TONGASS AVENUE	99901	-131.68045067257654	55.350774722088296	
2729 TONGASS AVENUE	99901	-131.68045067257654	55.350774722088296	
2729 TONGASS AVENUE	99901	-131.68045067257654	55.350774722088296	
2729 TONGASS AVENUE	99901	-131.68045067257654	55.350774722088296	
2729 TONGASS AVENUE	99901	-131.68045067257654	55.350774722088296	
2729 TONGASS AVENUE	99901	-131.68045067257654	55.350774722088296	
2729 TONGASS AVENUE	99901	-131.68045067257654	55.350774722088296	
2729 TONGASS AVENUE	99901	-131.68045067257654	55.350774722088296	
2729 TONGASS AVENUE	99901	-131.68045067257654	55.350774722088296	
2729 TONGASS AVENUE	99901	-131.68045067257654	55.350774722088296	
2618 THIRD AVENUE	99901	-131.67788356507396	55.35205038923923	
2724 THIRD AVENUE	99901	-131.6795053763014	55.35205261700572	
2724 THIRD AVENUE	99901	-131.6785443092031	55.352051300876866	
14472 FAIRVIEW LANE	99901	-131.6802879760005	55.35164297399358	
2701 THIRD AVENUE	99901	-131.67914670685622	55.351641421895366	
2960 TONGASS AVENUE	99901	-131.68439962075146	55.35256166397929	
2557 TONGASS AVENUE	99901	-131.67815390677052	55.35060860784291	
2652 TONGASS AVENUE	99901	-131.67846385878119	55.35063250586872	
6810 RAVENWOOD DRIVE	99901	-131.68689153836647	55.35273243079465	
2635 FOURTH AVENUE	99901	-131.678482896777	55.35236609600394	
2617 FOURTH AVENUE	99901	-131.67782214725796	55.35236518590573	
1804 TONGASS AVENUE	99901	-131.68004465383106	55.35236822875924	
2724 THIRD AVENUE	99901	-131.67968424165423	55.35236774306713	
2724 THIRD AVENUE	99901	-131.6793238393589	55.352367250224994	
415 SIXTH STREET	99901	-131.68028491903357	55.35236855715044	
2724 THIRD AVENUE	99901	-131.67908357415635	55.35236692081234	
2724 THIRD AVENUE	99901	-131.67980570735537	55.35205302813638	
2630 THIRD AVENUE	99901	-131.67818389972123	55.35205080088065	
2652 TONGASS AVENUE	99901	-131.6784890789828	55.35091493213687	
2737 THIRD AVENUE	99901	-131.67980743571397	55.35164232077421	
1234 TONGASS AVENUE	99901	-131.67848627084925	55.351572063115434	
2738 SECOND AVENUE	99901	-131.68004904299957	55.35132776708669	
3250 DENALI AVENUE	99901	-131.67956851528945	55.35132711590504	
4616 NORTH TONGASS HIGHWAY	99901	-131.67788666605833	55.35132480791304	
2712 SECOND AVENUE	99901	-131.67932825637513	55.35132679108035	
2728 SECOND AVENUE	99901	-131.67980877420376	55.35132744175122	
5191 BORCH STREET	99901	-131.6784856950291	55.35170896288088	
2557 TONGASS AVENUE	99901	-131.67810716203638	55.3499774691984	
2557 TONGASS AVENUE	99901	-131.67843611611028	55.350070993192425	
2557 TONGASS AVENUE	99901	-131.6786349411304	55.35014898876166	
2703 TONGASS AVENUE	99901	-131.67936620031443	55.35039866711891	
3137 TONGASS AVENUE	99901	-131.68763763412568	55.35299681099236	
1944 NORTHEAST CALHOUN STREET	99901	-131.68805069296806	55.353270368848676	
119 AUSTIN STREET	99901	-131.67955016001326	55.350463766835404	
119 AUSTIN STREET	99901	-131.67981434016525	55.35051980487734	
2837 TONGASS AVENUE	99901	-131.68190892304864	55.35126300076608	
2843 TONGASS AVENUE	99901	-131.68215642777403	55.351317661768256	
2843 TONGASS AVENUE	99901	-131.68215642777403	55.351317661768256	
15261 NORTH TONGASS HIGHWAY	99901	-131.68215642777403	55.351317661768256	
2843 TONGASS AVENUE	99901	-131.68215642777403	55.351317661768256	
428 GOLD ROAD	99901	-131.68215642777403	55.351317661768256	
2050 SEA LEVEL DRIVE	99901	-131.68241558364866	55.351418281227105	
2840 THIRD AVENUE	99901	-131.68160288230268	55.35206534775418	
415 SIXTH STREET	99901	-131.68114845693978	55.352575291889586	
618 HILL ROAD	99901	-131.68940683014515	55.359889059871584	
903 MONROE STREET	99901	-131.67973135110438	55.357321568825995	
612 HILL ROAD	99901	-131.6894148907282	55.359752155198336	
899 MONROE STREET	99901	-131.67970699598038	55.3571504607696	
3609 TONGASS AVENUE	99901	-131.69377568322318	55.355573653139764	
918 JACKSON STREET	99901	-131.68017581504907	55.3572733728215	
6860 GLACIER HIGHWAY	99901	-131.69328984557146	55.35418983818674	
3434 TONGASS AVENUE	99901	-131.69051723766785	55.35554182678288	
50 NORTH TEMPLE STREET	99901	-131.68342618744495	55.35406470576134	
2720 SEVENTH AVENUE	99901	-131.6810102951508	55.35497886392882	
3229 LINCOLN COURT	99901	-131.6825854784251	55.35698635921909	
3221 LINCOLN COURT	99901	-131.68233795483505	55.35698655020507	
3207 LINCOLN COURT	99901	-131.68209045729617	55.35698671004093	
2930 TONGASS AVENUE	99901	-131.69186700489126	55.363210274943114	
2930 TONGASS AVENUE	99901	-131.6923184253895	55.36329615601146	
730 CANYON ROAD	99901	-131.69306102131242	55.36349374394938	
3857 FAIRVIEW AVENUE	99901	-131.69097477299826	55.36317067607163	
2901 BARANOF AVENUE	99901	-131.68099413356052	55.35421582125532	
648 MISSION STREET	99901	-131.685895456735	55.35216938509319	
2816 TONGASS AVENUE	99901	-131.6810192181165	55.35160738807959	
2660 NORTHEAST HIGHWAY 20	99901	-131.68079210694466	55.35163355976882	
9047 NORTH TONGASS HIGHWAY	99901	-131.68080907162883	55.35138442393213	
120 CARLANNA LAKE ROAD	99901	-131.68860212290687	55.354097858048306	
3153 JACKSON HEIGHTS STREET	99901	-131.6779949435928	55.358564748197885	
5446 JENKINS DRIVE	99901	-131.68148746316172	55.361992937067875	
5446 JENKINS DRIVE	99901	-131.68232080869123	55.36232007322999	
5446 JENKINS DRIVE	99901	-131.68313258926403	55.362288706210514	
5446 JENKINS DRIVE	99901	-131.68290861321256	55.36232889212027	
5446 JENKINS DRIVE	99901	-131.68265112371276	55.362329268934765	
5446 JENKINS DRIVE	99901	-131.68201482992905	55.36206278410086	
5446 JENKINS DRIVE	99901	-131.68221438078794	55.36199258680101	
5446 JENKINS DRIVE	99901	-131.68309857814904	55.3619456780735	
5446 JENKINS DRIVE	99901	-131.68238755531348	55.36187310017376	
5446 JENKINS DRIVE	99901	-131.682705496042	55.36187034908971	
5446 JENKINS DRIVE	99901	-131.68293303211692	55.36190386297904	
5446 JENKINS DRIVE	99901	-131.68175776443408	55.362595386906065	
5446 JENKINS DRIVE	99901	-131.68157473988148	55.36251511719354	
5446 JENKINS DRIVE	99901	-131.6814360651544	55.36245436298525	
5446 JENKINS DRIVE	99901	-131.68127006637138	55.36239011983619	
5446 JENKINS DRIVE	99901	-131.68108665374658	55.36230881780697	
5446 JENKINS DRIVE	99901	-131.68086370626608	55.36223757219171	
5446 JENKINS DRIVE	99901	-131.6806430926087	55.362191555756226	
5446 JENKINS DRIVE	99901	-131.68047530797492	55.36201489613953	
2960 TONGASS AVENUE	99901	-131.68130760337385	55.362978926029264	
5446 JENKINS DRIVE	99901	-131.68287363101877	55.361562849903386	
5446 JENKINS DRIVE	99901	-131.6821855799016	55.36162520722554	
5446 JENKINS DRIVE	99901	-131.681705096209	55.36208109903906	
25 JEFFERSON WAY	99901	-131.6988248062114	55.360935546913275	
76 FRONT STREET	99901	-131.7001089559949	55.361167003253556	
3321 OHANA COURT	99901	-131.68427959235478	55.359895389009026	
3309 OHANA COURT	99901	-131.68384767787458	55.359424144045924	
3309 OHANA COURT	99901	-131.68386384844803	55.359713886102575	
3847 EVERGREEN AVENUE	99901	-131.6912310210263	55.361496555760965	
2618 SECOND AVENUE	99901	-131.69156834290706	55.361565998765165	
534 TOWER ROAD	99901	-131.6919602482211	55.36170644223896	
5959 SOUTH TONGASS AVENUE	99901	-131.6914518880086	55.36118974400672	
4159 VALLENAR LANE	99901	-131.69701713624661	55.360252645858296	
3405 BARANOF AVENUE	99901	-131.68749747178853	55.357009998067085	
427 ALDER STREET	99901	-131.68792651974462	55.35720115606898	
428 ALDER STREET	99901	-131.68821494901943	55.356754463777285	
3726 JUSTICE COURT	99901	-131.69707761981473	55.358672418995916	
4085 TONGASS AVENUE	99901	-131.69980296016473	55.35834064313806	
360 WEST BENSON BOULEVARD	99901	-131.68506118414413	55.354232592934494	
360 WEST BENSON BOULEVARD	99901	-131.68415747986663	55.35482150106644	
2960 TONGASS AVENUE	99901	-131.6829418068606	55.36265103096734	
2724 THIRD AVENUE	99901	-131.67914497220937	55.352052128245425	
3150 JACKSON HEIGHTS STREET	99901	-131.6785089039028	55.35919512087543	
631 COOK STREET	99901	-131.67801260357294	55.35921059395835	
2960 TONGASS AVENUE	99901	-131.70011480582403	55.35966583190003	
6810 RAVENWOOD DRIVE	99901	-131.69989438620277	55.35990300286554	
1900 FIRST AVENUE	99901	-131.70082751839067	55.36005074591028	
1617 WATER STREET	99901	-131.69967524039257	55.3600978907463	
3912 FAWN MOUNTAIN ROAD	99901	-131.70052923908878	55.36036787323934	
631 COOK STREET	99901	-131.67807694001527	55.36025430995437	
837 JACKSON STREET	99901	-131.68107422555462	55.35579097220887	
3817 ALASKA AVENUE	99901	-131.68130260784255	55.356468363055384	
853 JACKSON STREET	99901	-131.68107656566593	55.356092300878366	
845 JACKSON STREET	99901	-131.6810753951611	55.35594155716558	
861 JACKSON STREET	99901	-131.6810777927646	55.3562494579976	
885 JACKSON STREET	99901	-131.68108132224535	55.3567033808246	
821 JACKSON STREET	99901	-131.68107242982236	55.35553612099595	
723 JACKSON STREET	99901	-131.68085332892792	55.35455822286282	
1626 WATER STREET	99901	-131.6630534657963	55.348566249120495	
1626 WATER STREET	99901	-131.66279919406188	55.34842334513703	
1936 SECOND AVENUE	99901	-131.66759981968633	55.35009000114393	
2024 FIRST AVENUE	99901	-131.66933036928393	55.35005053317769	
2115 FIRST AVENUE	99901	-131.67040221392813	55.35004742323817	
3933 ALASKA AVENUE	99901	-131.67135297285853	55.350049373781616	
3300 MAVERICK COURT	99901	-131.67258941940548	55.353911706749486	
1075 JACKSON STREET	99901	-131.66904631300795	55.349156686977736	
1649 WATER STREET	99901	-131.6639903861798	55.34843753682713	
2031 SECOND AVENUE	99901	-131.66912767072827	55.350273690236115	
304 MADISON STREET	99901	-131.6715990061435	55.35022756387266	
2000 TONGASS AVENUE	99901	-131.6706213238057	55.349539614186476	
2000 TONGASS AVENUE	99901	-131.6708087312386	55.349766889243554	
2031 SECOND AVENUE	99901	-131.67082564112548	55.35057405218425	
1768 SECOND AVENUE	99901	-131.66535008877023	55.34912897575602	
4482 CAMROSE AVENUE	99901	-131.6659213606971	55.34889097103505	
331 DOCK STREET	99901	-131.6709508599879	55.34901416104465	
1712 SECOND AVENUE	99901	-131.66378672912174	55.34886420504867	
844 HARDING STREET	99901	-131.6707057879003	55.348028109759845	
2051 SEA LEVEL DRIVE	99901	-131.6707057879003	55.348028109759845	
2417 TONGASS AVENUE	99901	-131.6707057879003	55.348028109759845	
2051 SEA LEVEL DRIVE	99901	-131.6707057879003	55.348028109759845	
117 WEST 2ND STREET	99901	-131.6707057879003	55.348028109759845	
2051 SEA LEVEL DRIVE	99901	-131.6707057879003	55.348028109759845	
2051 SEA LEVEL DRIVE	99901	-131.6707057879003	55.348028109759845	
2051 SEA LEVEL DRIVE	99901	-131.6707057879003	55.348028109759845	
395 OHLSON LANE	99901	-131.6707057879003	55.348028109759845	
11301 174TH AVENUE EAST	99901	-131.6707057879003	55.348028109759845	
2051 SEA LEVEL DRIVE	99901	-131.6707057879003	55.348028109759845	
2051 SEA LEVEL DRIVE	99901	-131.6707057879003	55.348028109759845	
2051 SEA LEVEL DRIVE	99901	-131.6707057879003	55.348028109759845	
2417 TONGASS AVENUE	99901	-131.6707057879003	55.348028109759845	
2051 SEA LEVEL DRIVE	99901	-131.6707057879003	55.348028109759845	
2051 SEA LEVEL DRIVE	99901	-131.6707057879003	55.348028109759845	
13428 LAKE BOULEVARD	99901	-131.6707057879003	55.348028109759845	
2051 SEA LEVEL DRIVE	99901	-131.6707057879003	55.348028109759845	
2051 SEA LEVEL DRIVE	99901	-131.6707057879003	55.348028109759845	
5303 NORTHWEST SHILSHOLE AVENUE	99901	-131.66411532836108	55.347944175837796	
11910 SOUTH STATE STREET	99901	-131.66474628615202	55.34790233675914	
2327 SIXTH AVENUE	99901	-131.6730718066282	55.353494835078195	
2404 SIXTH AVENUE	99901	-131.67403292403216	55.35349620222937	
2425 SIXTH AVENUE	99901	-131.6747537591656	55.353497209845806	
2411 SIXTH AVENUE	99901	-131.67427318564143	55.35349653776105	
119 AUSTIN STREET	99901	-131.67024237758793	55.350391108126814	
215 WHITE CLIFF AVENUE	99901	-131.66871006820722	55.349965234226	
201 DOCK STREET	99901	-131.6708182920082	55.34994484412915	
360 WEST BENSON BOULEVARD	99901	-131.67179719695307	55.34993327209844	
2660 NORTHEAST HIGHWAY 20	99901	-131.6672180895895	55.349923683812655	
2630 PIRINEOS WAY	99901	-131.6670415796193	55.34982972124725	
2431 FIFTH AVENUE	99901	-131.67475555938944	55.3530865031634	
2303 FIFTH AVENUE	99901	-131.67230601979796	55.35308303800951	
14951 NORTH TONGASS HIGHWAY	99901	-131.653694935744	55.348255017054	
11910 SOUTH STATE STREET	99901	-131.6652528389542	55.34811737800799	
1639 WATER STREET	99901	-131.66370413621786	55.34805636112806	
2501 SECOND AVENUE	99901	-131.675726069578	55.3509111077455	
2221 SECOND AVENUE	99901	-131.671585311327	55.35089079014951	
2520 THIRD AVENUE	99901	-131.6762016853001	55.35204805983909	
5215 EAST HOSPITAL ROAD	99901	-131.67512048560053	55.352046549125205	
65050 SOUTH VICTORY ROAD	99901	-131.67283793383726	55.35204333106949	
2417 TONGASS AVENUE	99901	-131.66360206873696	55.34763102499596	
1804 TONGASS AVENUE	99901	-131.6628950083701	55.34761065412838	
1462 WATER STREET	99901	-131.66145426696124	55.34736690011726	
1600 TONGASS AVENUE	99901	-131.6631998022544	55.347501345821094	
200 WILEY STREET	99901	-131.6613496536548	55.34752705081761	
1438 MILLAR STREET	99901	-131.66051501724624	55.34752152213779	
1600 TONGASS AVENUE	99901	-131.6626370831874	55.34740318297226	
114 ELLIOTT STREET	99901	-131.662466043059	55.3474037249112	
1455 MILLAR STREET	99901	-131.66099803239135	55.34739819417105	
1600 TONGASS AVENUE	99901	-131.66268254422897	55.347335437991376	
2960 TONGASS AVENUE	99901	-131.67677375043934	55.354322775123975	
706 COLLEGE COURT	99901	-131.67590014691038	55.35420977106984	
902 BROWN DEER ROAD	99901	-131.67046373684698	55.35156313508656	
5160 SHORELINE DRIVE	99901	-131.66600561997578	55.3493897240247	
2427 THIRD AVENUE	99901	-131.6747618592745	55.35163533709784	
2521 THIRD AVENUE	99901	-131.67620587234765	55.35163735906481	
4822 LARSON STREET	99901	-131.67572292816942	55.35163668796995	
2509 THIRD AVENUE	99901	-131.6759631897787	55.351637020963764	
11763 SOUTHWEST WINDMILL DRIVE	99901	-131.6744615147458	55.35163491421611	
12152 NORTH TONGASS HIGHWAY	99901	-131.67643891689195	55.35163768184409	
1204 WEST LAKE SAMMAMISH PARKWAY SOUTHEAST	99901	-131.66334439508253	55.34869706789958	
2341 FOURTH AVENUE	99901	-131.67355734514098	55.352359226855896	
450 WASHINGTON STREET	99901	-131.6716191427789	55.352346861875695	
3816 BARANOF AVENUE	99901	-131.67523924827103	55.35236159198798	
2525 FOURTH AVENUE	99901	-131.6762171417129	55.352362963774745	
10353 NORTH TONGASS HIGHWAY	99901	-131.67574380860992	55.352362301885066	
5834 SOUTH TONGASS HIGHWAY	99901	-131.67189696474682	55.350616784788656	
2438 FIRST AVENUE	99901	-131.67500663401975	55.35059803909969	
2430 FIRST AVENUE	99901	-131.67476637959703	55.350597700989766	
2441 FIRST AVENUE	99901	-131.67524689832396	55.350598377209636	
2122 FIRST AVENUE	99901	-131.67042686459783	55.350437804798744	
2111 SECOND AVENUE	99901	-131.66957072072475	55.35049588992906	
2417 TONGASS AVENUE	99901	-131.66937019339713	55.35035830514897	
2532 FIRST AVENUE	99901	-131.67644819828544	55.35060005601224	
2126 FIRST AVENUE	99901	-131.6706077349904	55.350489129244494	
158 WASHINGTON STREET	99901	-131.67189386106753	55.35019976708439	
2729 TONGASS AVENUE	99901	-131.67090265638976	55.350226140937444	
201 DOCK STREET	99901	-131.6728481386989	55.34955918115736	
1137 VILLANOVA STREET NORTHEAST	99901	-131.67242846286615	55.34954967399083	
2323 FIRST AVENUE	99901	-131.67284611838784	55.35018427924316	
2441 FIRST AVENUE	99901	-131.6752485099016	55.350228737053634	
2303 FIRST AVENUE	99901	-131.67236561493223	55.35018359790875	
2123 FIRST AVENUE	99901	-131.67080270893294	55.35013741219389	
3525 EUREKA STREET	99901	-131.67500867229717	55.35013224906193	
1920 SECOND AVENUE	99901	-131.66740896362106	55.35000685610043	
135 TUTTLE WAY	99901	-131.67008386356784	55.349997906778	
2021 FIRST AVENUE	99901	-131.6698318484014	55.349846168925986	
5191 BORCH STREET	99901	-131.6668506669602	55.34974660681304	
201 DOCK STREET	99901	-131.67242710461343	55.34985575008004	
6100 O'MALLEY ROAD	99901	-131.66944724010241	55.3496294617962	
2000 TONGASS AVENUE	99901	-131.6699783447596	55.34963071211846	
2415 HEMLOCK AVENUE	99901	-131.67416992699447	55.34963680692834	
2415 HEMLOCK AVENUE	99901	-131.67416992699447	55.34963680692834	
3222 LINCOLN COURT	99901	-131.67416992699447	55.34963680692834	
2415 HEMLOCK AVENUE	99901	-131.67416992699447	55.34963680692834	
2415 HEMLOCK AVENUE	99901	-131.67416992699447	55.34963680692834	
2415 HEMLOCK AVENUE	99901	-131.67416992699447	55.34963680692834	
2415 HEMLOCK STREET	99901	-131.67416992699447	55.34963680692834	
1111 JACKSON STREET	99901	-131.67416992699447	55.34963680692834	
452 WOODLAND COURT	99901	-131.67416992699447	55.34963680692834	
2415 HEMLOCK AVENUE	99901	-131.67416992699447	55.34963680692834	
10883 NORTH TONGASS HIGHWAY	99901	-131.67416992699447	55.34963680692834	
2617 ENGINEERS CUTTOFF ROAD	99901	-131.67416992699447	55.34963680692834	
2415 HEMLOCK AVENUE	99901	-131.67416992699447	55.34963680692834	
2415 HEMLOCK AVENUE	99901	-131.67416992699447	55.34963680692834	
359 D 2 LOOP ROAD	99901	-131.67416992699447	55.34963680692834	
1657 NW VIEWMONT COURT	99901	-131.67416992699447	55.34963680692834	
6939 SOUTH TONGASS HIGHWAY	99901	-131.67416992699447	55.34963680692834	
2415 HEMLOCK AVENUE	99901	-131.67416992699447	55.34963680692834	
734 BUREN ROAD	99901	-131.67416992699447	55.34963680692834	
2729 TONGASS AVENUE	99901	-131.67416992699447	55.34963680692834	
2415 HEMLOCK AVENUE	99901	-131.67416992699447	55.34963680692834	
2415 HEMLOCK	99901	-131.67416992699447	55.34963680692834	
2415 HEMLOCK AVENUE	99901	-131.67416992699447	55.34963680692834	
2415 HEMLOCK AVENUE	99901	-131.67416992699447	55.34963680692834	
2300 TONGASS AVENUE	99901	-131.67416992699447	55.34963680692834	
408 NORTH BASQUE AVENUE	99901	-131.67416992699447	55.34963680692834	
9898 MOUNT OROVILLE COURT	99901	-131.67416992699447	55.34963680692834	
2415 HEMLOCK AVENUE	99901	-131.67416992699447	55.34963680692834	
2415 HEMLOCK AVENUE	99901	-131.67416992699447	55.34963680692834	
4620 ARVILLE STREET	99901	-131.67416992699447	55.34963680692834	
2415 HEMLOCK AVENUE	99901	-131.67416992699447	55.34963680692834	
2415 HEMLOCK AVENUE	99901	-131.67416992699447	55.34963680692834	
2415 HEMLOCK AVENUE	99901	-131.67416992699447	55.34963680692834	
3302 BARANOF AVENUE	99901	-131.67416992699447	55.34963680692834	
2904 NORTH FRANCISCO WAY	99901	-131.67416992699447	55.34963680692834	
8184 SAN BENITO WAY	99901	-131.67416992699447	55.34963680692834	
3150 SOUTH TONGASS HIGHWAY	99901	-131.67416992699447	55.34963680692834	
493 TEAL PLAZA	99901	-131.67416992699447	55.34963680692834	
2415 HEMLOCK STREET	99901	-131.67416992699447	55.34963680692834	
2415 HEMLOCK AVENUE	99901	-131.67416992699447	55.34963680692834	
2415 HEMLOCK STREET	99901	-131.67416992699447	55.34963680692834	
2415 HEMLOCK AVENUE	99901	-131.67416992699447	55.34963680692834	
2417 TONGASS AVENUE	99901	-131.67416992699447	55.34963680692834	
2415 HEMLOCK AVENUE	99901	-131.67416992699447	55.34963680692834	
2415 HEMLOCK AVENUE	99901	-131.67416992699447	55.34963680692834	
2415 HEMLOCK AVENUE	99901	-131.67416992699447	55.34963680692834	
2415 HEMLOCK STREET	99901	-131.67416992699447	55.34963680692834	
2415 HEMLOCK STREET	99901	-131.67416992699447	55.34963680692834	
689 SUNSET DRIVE	99901	-131.67416992699447	55.34963680692834	
2415 HEMLCOK AVENUE	99901	-131.67416992699447	55.34963680692834	
1528 WATER STREET	99901	-131.67416992699447	55.34963680692834	
2415 HEMLOCK AVENUE	99901	-131.67416992699447	55.34963680692834	
7521 OLD SEWARD HIGHWAY	99901	-131.67416992699447	55.34963680692834	
2415 HEMLOCK AVENUE	99901	-131.67416992699447	55.34963680692834	
1224 SOUTH BROOK ROAD	99901	-131.67416992699447	55.34963680692834	
2415 HEMLOCK AVENUE	99901	-131.67416992699447	55.34963680692834	
3200 TIMBERLINE COURT	99901	-131.67416992699447	55.34963680692834	
5267 PICKFORD GROVE LANE	99901	-131.67416992699447	55.34963680692834	
2415 HEMLOCK STREET	99901	-131.67416992699447	55.34963680692834	
2417 TONGASS AVENUE	99901	-131.67416992699447	55.34963680692834	
2415 HEMLOCK AVENUE	99901	-131.67416992699447	55.34963680692834	
2415 HEMLOCK AVENUE	99901	-131.67416992699447	55.34963680692834	
1383 DEER MOUNTAIN COURT	99901	-131.67416992699447	55.34963680692834	
2415 HEMLOCK AVENUE	99901	-131.67416992699447	55.34963680692834	
2415 HEMLOCK AVENUE	99901	-131.67416992699447	55.34963680692834	
2415 HEMLOCK AVENUE	99901	-131.67416992699447	55.34963680692834	
2415 HEMLOCK AVENUE	99901	-131.67416992699447	55.34963680692834	
605 MAIN STREET	99901	-131.67416992699447	55.34963680692834	
2415 HEMLOCK AVENUE	99901	-131.67416992699447	55.34963680692834	
2415 HEMLOCK AVENUE	99901	-131.67416992699447	55.34963680692834	
247 SOUTH PT HIGGINS ROAD	99901	-131.67416992699447	55.34963680692834	
3353 FIRST STREET	99901	-131.67416992699447	55.34963680692834	
2415 HEMLOCK AVENUE	99901	-131.67416992699447	55.34963680692834	
2415 HEMLOCK AVENUE	99901	-131.67416992699447	55.34963680692834	
2415 HEMLOCK AVENUE	99901	-131.67416992699447	55.34963680692834	
443 FOREST PARK DRIVE	99901	-131.67416992699447	55.34963680692834	
2415 HEMLOCK STREET	99901	-131.67416992699447	55.34963680692834	
119 AUSTIN STREET	99901	-131.67144247560353	55.34969053805331	
119 AUSTIN STREET	99901	-131.67144247560353	55.34969053805331	
119 AUSTIN STREET	99901	-131.67144247560353	55.34969053805331	
2275 FIFTH AVENUE	99901	-131.67144247560353	55.34969053805331	
3824 80TH STREET NORTHEAST	99901	-131.67144247560353	55.34969053805331	
119 AUSTIN STREET	99901	-131.67144247560353	55.34969053805331	
107 DONNA DRIVE	99901	-131.67144247560353	55.34969053805331	
13988 NORTH TONGASS HIGHWAY	99901	-131.67144247560353	55.34969053805331	
2417 TONGASS AVENUE	99901	-131.67144247560353	55.34969053805331	
3954 FAWN MOUNTAIN ROAD	99901	-131.67144247560353	55.34969053805331	
242 SEAWATCH DRIVE	99901	-131.67144247560353	55.34969053805331	
119 AUSTIN STREET	99901	-131.67144247560353	55.34969053805331	
2415 HEMLOCK AVENUE	99901	-131.67144247560353	55.34969053805331	
119 AUSTIN STREET	99901	-131.67144247560353	55.34969053805331	
119 AUSTIN STREET	99901	-131.67144247560353	55.34969053805331	
612 ANDERSON DRIVE	99901	-131.67144247560353	55.34969053805331	
5267 PICKFORD GROVE LANE	99901	-131.67144247560353	55.34969053805331	
119 AUSTIN STREET	99901	-131.67144247560353	55.34969053805331	
119 AUSTIN STREET	99901	-131.67144247560353	55.34969053805331	
2417 TONGASS AVENUE	99901	-131.67144247560353	55.34969053805331	
11401 NORTHWEST 107TH STREET	99901	-131.67144247560353	55.34969053805331	
119 AUSTIN STREET	99901	-131.67144247560353	55.34969053805331	
886 MONROE STREET	99901	-131.67144247560353	55.34969053805331	
119 AUSTIN STREET	99901	-131.67144247560353	55.34969053805331	
2417 TONGASS AVENUE	99901	-131.67144247560353	55.34969053805331	
2415 HEMLOCK AVENUE	99901	-131.67144247560353	55.34969053805331	
119 AUSTIN STREET	99901	-131.67144247560353	55.34969053805331	
20328 SOUTHEAST 12TH DRIVE	99901	-131.67144247560353	55.34969053805331	
119 AUSTIN STREET	99901	-131.67144247560353	55.34969053805331	
2350 FISSURE LOOP NORTH	99901	-131.67144247560353	55.34969053805331	
493 TEAL PLAZA	99901	-131.67144247560353	55.34969053805331	
605 MAIN STREET	99901	-131.67144247560353	55.34969053805331	
119 AUSTIN STREET	99901	-131.67144247560353	55.34969053805331	
119 AUSTIN STREET	99901	-131.67144247560353	55.34969053805331	
3150 SOUTH TONGASS HIGHWAY	99901	-131.67144247560353	55.34969053805331	
119 AUSTIN STREET	99901	-131.67144247560353	55.34969053805331	
2051 SEA LEVEL DRIVE	99901	-131.67144247560353	55.34969053805331	
1101 SCAMMON CREEK ROAD	99901	-131.67144247560353	55.34969053805331	
119 AUSTIN STREET	99901	-131.67144247560353	55.34969053805331	
119 AUSTIN STREET	99901	-131.67144247560353	55.34969053805331	
2404 HEMLOCK AVENUE	99901	-131.67144247560353	55.34969053805331	
3810 CHATHAM AVENUE	99901	-131.67144247560353	55.34969053805331	
119 AUSTIN STREET	99901	-131.67144247560353	55.34969053805331	
119 AUSTIN STREET	99901	-131.67144247560353	55.34969053805331	
119 AUSTIN STREET	99901	-131.67144247560353	55.34969053805331	
832 BUREN ROAD	99901	-131.67144247560353	55.34969053805331	
119 AUSTIN STREET	99901	-131.67144247560353	55.34969053805331	
119 AUSTIN STREET	99901	-131.67144247560353	55.34969053805331	
119 AUSTIN STREET	99901	-131.67144247560353	55.34969053805331	
119 AUSTIN STREET	99901	-131.67144247560353	55.34969053805331	
119 AUSTIN STREET	99901	-131.67144247560353	55.34969053805331	
8617 TEAL STREET	99901	-131.67144247560353	55.34969053805331	
2505 NORTHWEST 85TH STREET	99901	-131.67144247560353	55.34969053805331	
3612 TONGASS AVENUE	99901	-131.67144247560353	55.34969053805331	
119 AUSTIN STREET	99901	-131.67144247560353	55.34969053805331	
119 AUSTIN STREET	99901	-131.67144247560353	55.34969053805331	
119 AUSTIN STREET	99901	-131.67144247560353	55.34969053805331	
957 PARK AVENUE	99901	-131.67144247560353	55.34969053805331	
13281 DEL MONTE DRIVE	99901	-131.67144247560353	55.34969053805331	
119 AUSTIN STREET	99901	-131.67144247560353	55.34969053805331	
119 AUSTIN STREET	99901	-131.67144247560353	55.34969053805331	
2300 TONGASS AVENUE	99901	-131.67144247560353	55.34969053805331	
119 AUSTIN STREET	99901	-131.67144247560353	55.34969053805331	
500 WESTOVER DRIVE	99901	-131.67144247560353	55.34969053805331	
23 REFLECTION LANE	99901	-131.67144247560353	55.34969053805331	
154 NORTH PT HIGGINS ROAD	99901	-131.67144247560353	55.34969053805331	
1732 SECOND AVENUE	99901	-131.67144247560353	55.34969053805331	
747 MIDDLE NECK ROAD	99901	-131.67144247560353	55.34969053805331	
359 D 2 LOOP ROAD	99901	-131.67144247560353	55.34969053805331	
119 AUSTIN STREET	99901	-131.67144247560353	55.34969053805331	
1980 LASSEN DRIVE	99901	-131.67144247560353	55.34969053805331	
119 AUSTIN STREET	99901	-131.67144247560353	55.34969053805331	
2307 SOUTH 24TH AVENUE	99901	-131.67144247560353	55.34969053805331	
151 WEST REDWOOD COURT	99901	-131.67144247560353	55.34969053805331	
119 AUSTIN STREET	99901	-131.67144247560353	55.34969053805331	
119 AUSTIN STREET	99901	-131.67144247560353	55.34969053805331	
119 AUSTIN STREET	99901	-131.67144247560353	55.34969053805331	
4340 PARKDALE AVENUE	99901	-131.67144247560353	55.34969053805331	
119 AUSTIN STREET	99901	-131.67144247560353	55.34969053805331	
1657 NW VIEWMONT COURT	99901	-131.67144247560353	55.34969053805331	
38 FRONT STREET	99901	-131.67144247560353	55.34969053805331	
119 AUSTIN STREET	99901	-131.67144247560353	55.34969053805331	
119 AUSTIN STREET	99901	-131.67144247560353	55.34969053805331	
1861 EAST FALCON STREET	99901	-131.67144247560353	55.34969053805331	
119 AUSTIN STREET	99901	-131.67144247560353	55.34969053805331	
119 AUSTIN STREET	99901	-131.67144247560353	55.34969053805331	
119 AUSTIN STREET	99901	-131.67144247560353	55.34969053805331	
5160 SHORELINE DRIVE	99901	-131.665781791248	55.34926133976018	
38 FRONT STREET	99901	-131.66660879916319	55.349220373936795	
2425 TONGASS AVENUE	99901	-131.6745035675792	55.34923652001081	
4482 CAMROSE AVENUE	99901	-131.666229227718	55.34895193504216	
1762 SECOND AVENUE	99901	-131.6651546459071	55.34903455417452	
1810 FIRST AVENUE	99901	-131.6668042887387	55.34897389113284	
1762 SECOND AVENUE	99901	-131.66491253736166	55.348990101152474	
101 NADEAU STREET	99901	-131.6683748897067	55.34887153602143	
2417 TONGASS AVENUE	99901	-131.6728740901291	55.34855353614544	
1788 FIRST AVENUE	99901	-131.66656058388696	55.3488208918585	
331 DOCK STREET	99901	-131.66984150798567	55.34871322797764	
3816 BARANOF AVENUE	99901	-131.66619474139424	55.34866274705706	
4107 WESTWOOD DRIVE	99901	-131.66457854643397	55.34850709825353	
3165 JACKSON HTS STREET	99901	-131.66428891790827	55.34843912889081	
2349 12TH AVENUE SOUTH	99901	-131.66256400613736	55.34828192595696	
1649 WATER STREET	99901	-131.663513725717	55.348327213860294	
1608 WATER STREET	99901	-131.6622141931826	55.34806850117575	
1500 WATER STREET	99901	-131.66174947492317	55.347866533979484	
1875 AUBURN RAVINE ROAD	99901	-131.6713430338982	55.34804600418525	
1600 WATER STREET	99901	-131.66214064811027	55.347900119996204	
1630 TONGASS AVENUE	99901	-131.66376897661507	55.34771114713997	
1528 WATER STREET	99901	-131.66194137842405	55.34774393494422	
1638 TONGASS AVENUE	99901	-131.66400903790003	55.34774734795528	
15458 PANDORAS LANE	99901	-131.66227643834694	55.3475920658686	
520 WASHINGTON STREET	99901	-131.67177957829537	55.35282618576281	
320 ALDER STREET	99901	-131.65779939307438	55.351968617048016	
1151 SOUTH PT HIGGINS ROAD	99901	-131.67283474032644	55.352768913018664	
2308 FOURTH AVENUE	99901	-131.6724743344378	55.35276840281729	
1601 GLENVIEW ROAD	99901	-131.67331528510448	55.352769598905006	
1439 MILLAR STREET	99901	-131.66076736389104	55.347280131992086	
1454 WATER STREET	99901	-131.66115920272975	55.347268864120146	
1219 MILLAR STREET	99901	-131.6588306994447	55.34732236809514	
435 HILLCREST STREET	99901	-131.66245269139893	55.3472567028852	
2417 TONGASS AVENUE	99901	-131.67500529283504	55.35091009189149	
1815 BRAGAW STREET	99901	-131.67737456526092	55.35557514993082	
722 COLLEGE COURT	99901	-131.67614795616467	55.3545352372546	
258 EAST BEACHWOOD LOOP	99901	-131.6758998253135	55.35445470402286	
212 SECOND AVENUE	99901	-131.66988635368128	55.35093096975472	
2533 SECOND AVENUE	99901	-131.67644684811756	55.350912105212984	
2417 TONGASS AVENUE	99901	-131.67596632579736	55.35091143512729	
2139 SECOND AVENUE	99901	-131.67082836661407	55.35089279478947	
1027 MILLAR STREET	99901	-131.671899509674	55.35090287416881	
2930 TONGASS AVENUE	99901	-131.67509531211135	55.35399734600568	
3300 MAVERICK COURT	99901	-131.67234914432152	55.353911370199945	
4004 NORTHWEST BARLOW COURT	99901	-131.67403124597922	55.35387952207894	
2420 SIXTH AVENUE	99901	-131.67451181411352	55.35388019722135	
2333 SIXTH AVENUE	99901	-131.6733120996785	55.353495176227604	
2303 FIFTH AVENUE	99901	-131.67259307824366	55.353083451172296	
2343 FIFTH AVENUE	99901	-131.67283334703944	55.353083789771745	
2275 FIFTH AVENUE	99901	-131.6714011531005	55.35309955992172	
544 WASHINGTON STREET	99901	-131.67187580043873	55.353095937981664	
2409 FIFTH AVENUE	99901	-131.67427500203493	55.35308583005024	
2409 FIFTH AVENUE	99901	-131.6745152708307	55.35308616507469	
2405 FIFTH AVENUE	99901	-131.6740347233577	55.35308549298297	
26824 SOUTHEAST 432ND STREET	99901	-131.67355417498632	55.35308481016637	
2409 FIFTH AVENUE	99901	-131.67523609787932	55.35308718087288	
520 WASHINGTON STREET	99901	-131.67135300968945	55.35282568015858	
2442 FOURTH AVENUE	99901	-131.67523746242023	55.35277230516821	
2334 FOURTH AVENUE	99901	-131.6730750082239	55.35276925519578	
2426 FOURTH AVENUE	99901	-131.674756908659	55.35277163000687	
2418 FOURTH AVENUE	99901	-131.67445658658812	55.35277120203019	
150 THOMAS STREET	99901	-131.67182980040798	55.35255247111251	
508 WASHINGTON STREET	99901	-131.67140323359865	55.352551931797606	
435 WASHINGTON STREET	99901	-131.67235601104352	55.352357526167026	
1314 PEYTON PLACE	99901	-131.67307681563426	55.35235855219824	
2509 FOURTH AVENUE	99901	-131.67600090015603	55.352362661940795	
2427 FOURTH AVENUE	99901	-131.67475869989966	55.35236092601255	
425 WASHINGTON STREET	99901	-131.6723573782794	55.352042653852834	
425 WASHINGTON STREET	99901	-131.67259766234653	55.35204299092903	
2438 THIRD AVENUE	99901	-131.674760077017	55.352046046064594	
2412 THIRD AVENUE	99901	-131.6742795421204	55.352045366805136	
2402 THIRD AVENUE	99901	-131.6740392679347	55.35204503585766	
2335 THIRD AVENUE	99901	-131.67356053595688	55.35163365425328	
2327 A THIRD AVENUE	99901	-131.6730800055518	55.35163296324003	
2335 THIRD AVENUE	99901	-131.67332027614427	55.35163331002349	
2405 THIRD AVENUE	99901	-131.67410113041677	55.35163441115031	
2433 THIRD AVENUE	99901	-131.6750021280703	55.351635680816905	
2512 THIRD AVENUE	99901	-131.67596142099592	55.352047724805864	
1149 WEST 17TH STREET	99901	-131.67349866898323	55.35204426415756	
1500 WATER STREET	99901	-131.6752457556669	55.35086114291704	
5943 ROOSEVELT DRIVE	99901	-131.67129803908227	55.35069155498845	
3438 HAWKINS AVENUE	99901	-131.67065981571733	55.351639609837235	
2321 THIRD AVENUE	99901	-131.6728397358577	55.3516326190102	
321 JEFFERSON STREET	99901	-131.67524238878121	55.35163601483215	
314 WASHINGTON STREET	99901	-131.6719018363106	55.351384280927725	
2417 TONGASS AVENUE	99901	-131.6715974197187	55.35149478996563	
2336 SECOND AVENUE	99901	-131.67283187829395	55.35131773991006	
2132 THIRD AVENUE	99901	-131.66980547655962	55.351323800752056	
2335 THIRD AVENUE	99901	-131.6735619139725	55.351318770054085	
2306 SECOND AVENUE	99901	-131.67236060233296	55.35131706574539	
4620 ARVILLE STREET	99901	-131.67260770910468	55.351317423767696	
2504 SECOND AVENUE	99901	-131.6757242900154	55.35132181094508	
2514 SECOND AVENUE	99901	-131.67596454803143	55.351322147005945	
2524 SECOND AVENUE	99901	-131.6762048168272	55.351322480002395	
2532 SECOND AVENUE	99901	-131.67644508382634	55.35132281197737	
1905 FIRST AVENUE	99901	-131.67161571211284	55.35123976809358	
2139 THIRD AVENUE	99901	-131.67039020884266	55.35111416515254	
2428 SECOND AVENUE	99901	-131.67476323639187	55.351320460062226	
2122 THIRD AVENUE	99901	-131.66950165824568	55.351213336181424	
300 AUSTIN STREET	99901	-131.67075507935826	55.351099330897284	
2134 SECOND AVENUE	99901	-131.67013447375265	55.35102118193657	
2329 SECOND AVENUE	99901	-131.6730831963677	55.3509073798829	
2309 SECOND AVENUE	99901	-131.67236241692981	55.35090636505027	
2349 SECOND AVENUE	99901	-131.67380398299213	55.350908403908775	
2309 SECOND AVENUE	99901	-131.67260266416602	55.350906705200494	
980 STEDMAN STREET	99901	-131.67332345079046	55.35090772105459	
13988 NORTH TONGASS HIGHWAY	99901	-131.6740442392115	55.350908744058984	
2411 SECOND AVENUE	99901	-131.67428449543084	55.350909080123344	
2343 SECOND AVENUE	99901	-131.6735637177896	55.35090806222634	
230 HECKMAN STREET	99901	-131.67452476063337	55.35090942180577	
2117 SECOND AVENUE	99901	-131.6701648565722	55.3506737940399	
3217 SOUTH DECKER LAKE DRIVE	99901	-131.67260405385977	55.350594644210204	
2326 FIRST AVENUE	99901	-131.67308456180695	55.35059532706975	
2417 TONGASS AVENUE	99901	-131.67236379943705	55.35059430712168	
2408 FIRST AVENUE	99901	-131.67368522121998	55.35059617898426	
2410 FIRST AVENUE	99901	-131.67404559836254	55.35059668614917	
522 WATER STREET	99901	-131.67284430738422	55.35059498589535	
2340 FIRST AVENUE	99901	-131.67332482521283	55.35059566875488	
2117 SECOND AVENUE	99901	-131.6698603007414	55.3505851010297	
320 ALDER STREET	99901	-131.66113352798064	55.35076726786928	
2104 FIRST AVENUE	99901	-131.6697791927527	55.35026610108628	
2034 FIRST AVENUE	99901	-131.66954055439916	55.350131687241216	
134 WHITECLIFF AVENUE	99901	-131.6687232626621	55.349419678812	
6347 SOUTH TONGASS HIGHWAY	99901	-131.66577869116196	55.34826997291656	
2417 TONGASS AVENUE	99901	-131.6617255968046	55.347556465077005	
1815 BRAGAW STREET	99901	-131.67543452943738	55.35666256313217	
2930 TONGASS AVENUE	99901	-131.6737905585685	55.35435833714853	
314 AUSTIN STREET	99901	-131.67090476473572	55.35140305178099	
2728 SECOND AVENUE	99901	-131.6716284816646	55.35060486820479	
225 WHITECLIFF AVENUE	99901	-131.6685433372972	55.35009994282601	
1931 FIRST AVENUE	99901	-131.6685673411799	55.34927826421136	
65050 SOUTH VICTORY ROAD	99901	-131.66956132075362	55.34822774803949	
1905 FIRST AVENUE	99901	-131.66824010917645	55.34905226580382	
1905 FIRST AVENUE	99901	-131.6682662393714	55.34919192675703	
3111 C STREET	99901	-131.67568346787397	55.348232818970246	
6810 RAVENWOOD DRIVE	99901	-131.67452297837588	55.35132012502284	
2557 TONGASS AVENUE	99901	-131.67764949106038	55.35060171693888	
2404 HEMLOCK AVENUE	99901	-131.67380779813715	55.35003504681037	
10331 ROCKY PT DRIVE	99901	-131.67415803240178	55.352360079243184	
300 AUSTIN STREET	99901	-131.67764815796048	55.350913772766106	
333 MADISON STREET	99901	-131.67752420033275	55.3517076370368	
332 MADISON STREET	99901	-131.6769170452019	55.351638349874584	
2533 THIRD AVENUE	99901	-131.67666956922258	55.35163800513406	
2538 FIRST AVENUE	99901	-131.67668846169133	55.350600389014765	
2600 TONGASS AVENUE	99901	-131.67739453570803	55.350266720108415	
201 DOCK STREET	99901	-131.6759860249532	55.34895516203201	
2603 FOURTH AVENUE	99901	-131.67746174496264	55.35236468999925	
2417 FOURTH AVENUE	99901	-131.67451843379882	55.35236059098196	
348 FRONT STREET	99901	-131.67668087721538	55.35236360574639	
1649 WATER STREET	99901	-131.6769224925858	55.352049065960195	
403 MADISON STREET	99901	-131.6775234610193	55.35198144486068	
323 MADISON STREET	99901	-131.67752523788693	55.35156389300637	
304 MADISON STREET	99901	-131.67692561243476	55.35132348205609	
2536 SECOND AVENUE	99901	-131.67668534274065	55.35132314395232	
225 MADISON STREET	99901	-131.67740789185967	55.35091343976621	
245 HECKMAN STREET	99901	-131.67681159466565	55.34905290476461	
21 JEFFERSON WAY	99901	-131.67633555763365	55.34840500906748	
902 WARREN STREET	99901	-131.67633555763365	55.34840500906748	
510 WARD STREET	99901	-131.67633555763365	55.34840500906748	
21 JEFFERSON WAY	99901	-131.67633555763365	55.34840500906748	
2417 TONGASS AVENUE	99901	-131.67633555763365	55.34840500906748	
607 CHURCH STREET	99901	-131.67633555763365	55.34840500906748	
25 JEFFERSON WAY	99901	-131.67633555763365	55.34840500906748	
25 JEFFERSON WAY	99901	-131.67633555763365	55.34840500906748	
25 JEFFERSON WAY	99901	-131.67633555763365	55.34840500906748	
25 JEFFERSON WAY	99901	-131.67633555763365	55.34840500906748	
25 JEFFERSON WAY	99901	-131.67633555763365	55.34840500906748	
6765 SPRINGWOOD COURT	99901	-131.67633555763365	55.34840500906748	
2960 TONGASS AVENUE	99901	-131.6767886400152	55.35496489213423	
2960 TONGASS AVENUE	99901	-131.67678922931	55.354828009754016	
2960 TONGASS AVENUE	99901	-131.67678713174382	55.35451313921154	
318 ALDER STREET	99901	-131.67639667092072	55.35445500584086	
2960 TONGASS AVENUE	99901	-131.6767898751987	55.354677418008485	
1732 SECOND AVENUE	99901	-131.66447262518048	55.3490536739692	
14951 NORTH TONGASS HIGHWAY	99901	-131.6618997747483	55.34986937483565	
331 DOCK STREET	99901	-131.67609023671272	55.350035305248525	
1940 SECOND AVENUE	99901	-131.66782402840144	55.35016890784591	
400 JUSTICE VALLEY STREET	99901	-131.6533752145546	55.35203472183714	
2417 TONGASS AVENUE	99901	-131.6652581111666	55.348362866057435	
4482 CAMROSE AVENUE	99901	-131.6656499419205	55.3487977261955	
1737 SECOND AVENUE	99901	-131.66493358399043	55.34859041499874	
4301 RIVERSIDE DRIVE	99901	-131.66537710739902	55.348719312202654	
2000 TONGASS AVENUE	99901	-131.66978854062157	55.34934333716742	
320 BAWDEN STREET	99901	-131.6759519698208	55.36147793776665	
2030 SECOND AVENUE	99901	-131.66885258143546	55.35055471708034	
2010 SECOND AVENUE	99901	-131.66849435755466	55.35042432120359	
5045 IMPERIAL STREET	99901	-131.668155819355	55.350312126788246	
2557 TONGASS	99901	-131.67704048090843	55.34974427523438	
2557 TONGASS AVENUE	99901	-131.6775087807509	55.349861080773856	
1627 WATER STREET	99901	-131.66310114028676	55.348187537088236	
1627 WATER STREET	99901	-131.66325125056738	55.347848936233575	
1617 WATER STREET	99901	-131.6628426518604	55.34794210107248	
1611 WATER STREET	99901	-131.6626608454233	55.34785838915544	
121 ELLIOTT STREET	99901	-131.66247229443508	55.347763768916984	
3133 JACKSON HEIGHTS STREET	99901	-131.6776943250779	55.358813467114466	
3133 JACKSON HTS STREET	99901	-131.67760817843876	55.359015712943076	
1737 SECOND AVENUE	99901	-131.65315610288036	55.35095210297473	
2417 TONGASS AVENUE	99901	-131.66032367968398	55.34743849990745	
5160 SHORELINE DRIVE	99901	-131.7277645208745	55.37702871701125	
5765 NORTH TONGASS HIGHWAY	99901	-131.7357770090169	55.39205673076658	
5757 NORTH TONGASS HIGHWAY	99901	-131.7358312753449	55.3923868689022	
5765 NORTH TONGASS HIGHWAY	99901	-131.73575316772926	55.392654137793514	
3450 HILLTOP DRIVE	99901	-131.73489053442657	55.391862560977934	
4834 NORTH TONGASS	99901	-131.7176383381911	55.370163947801274	
2417 TONGASS AVENUE	99901	-131.71886731524646	55.369837902049255	
4807 LARSON STREET	99901	-131.71729678704196	55.369544102147344	
4973 REX ALLEN DRIVE	99901	-131.71879996585466	55.37561777307178	
1117 BROADWAY	99901	-131.7254318673729	55.37638612387847	
5142 SHORELINE DRIVE	99901	-131.7273605817289	55.37668888313262	
5129 NORTH TONGASS HIGHWAY	99901	-131.7272466879273	55.376381956912056	
4973 REX ALLEN DRIVE	99901	-131.71913869000556	55.37633629787446	
5110 SURPRISE BEACH COURT	99901	-131.72057597200228	55.4011172580774	
5351 SHORELINE DRIVE	99901	-131.73411445200483	55.381130605126565	
5339 SHORELINE DRIVE	99901	-131.7338428535652	55.38087799417446	
5308 NORTH TONGASS HIGHWAY	99901	-131.73168178097777	55.380671009157915	
5526 NORTH TONGASS HIGHWAY	99901	-131.73556817406958	55.38594179478634	
5518 NORTH TONGASS	99901	-131.7355248546116	55.38569629479886	
15853 OLDEN STREET	99901	-131.7362509646524	55.385135978027584	
5166 SHORELINE DRIVE	99901	-131.72798243599277	55.3772971059117	
5161 SHORELINE DRIVE	99901	-131.728710598684	55.376874658858036	
5166 SHORELINE DRIVE	99901	-131.72794801165276	55.37625831816375	
4973 REX ALLEN DRIVE	99901	-131.71892346174832	55.375988472133706	
1117 BROADWAY PLAZA	99901	-131.72462530780854	55.37592866092467	
6973 SOUTH TONGASS HIGHWAY	99901	-131.73480760914606	55.38457906417428	
15853 OLDEN STREET	99901	-131.7359452850292	55.38430795321278	
5428 DENSLEY DRIVE	99901	-131.73455921958012	55.38347605817625	
5428 DENSLEY DRIVE	99901	-131.7336155896798	55.38335292691207	
5428 DENSLEY DRIVE	99901	-131.73445068333083	55.383243616745226	
5419 DENSLEY DRIVE	99901	-131.7344121725546	55.3830450771719	
2066 CHURCHILL DRIVE	99901	-131.73426888677523	55.382508751148634	
5124 SHORELINE DRIVE	99901	-131.7270675737411	55.37626764895088	
5372 NORTH TONGASS HIGHWAY	99901	-131.73374121727565	55.38196832190088	
11361 WEST BERRY AVENUE	99901	-131.73236985006122	55.38103369791811	
5306 SHORELINE DRIVE	99901	-131.73197847924476	55.38011423912595	
5311 SHORELINE DRIVE	99901	-131.7330538587596	55.38005738199445	
5247 SHORELINE DRIVE	99901	-131.73037605725443	55.37992108398248	
5247 SHORELINE DRIVE	99901	-131.73019968203155	55.37971756290573	
5260 SHORELINE DRIVE	99901	-131.73077806322556	55.37946202209479	
5247 SHORELINE DRIVE	99901	-131.73027836995885	55.37911840021219	
5247 SHORELINE DRIVE	99901	-131.73080451322076	55.37895659608164	
5247 SHORELINE DRIVE	99901	-131.72994062856483	55.37892188704422	
5224 SHORELINE DRIVE	99901	-131.72951458457504	55.378657556976236	
14 BORCH STREET	99901	-131.72670048259013	55.378612853952504	
5191 BORCH STREET	99901	-131.72760384101628	55.37845826096493	
5227 SHORELINE DRIVE	99901	-131.73034876194453	55.37850639391756	
5210 SHORELINE DRIVE	99901	-131.7291439037562	55.378397286757895	
5210 SHORELINE DRIVE	99901	-131.7289114269472	55.37819818899549	
5194 SHORELINE DRIVE	99901	-131.7287246231822	55.37802726101002	
5166 SHORELINE DRIVE	99901	-131.72942282077048	55.37771233510855	
6860 GLACIER HIGHWAY	99901	-131.72509705718164	55.3775529628606	
543 RIDGESTONE COURT	99901	-131.72839475642	55.377733086042	
707 NORTHEAST HALLER STREET	99901	-131.7282894999198	55.37749005695121	
5825 FALLA COURT	99901	-131.72622035283374	55.375924468899804	
4973 REX ALLEN DRIVE	99901	-131.71860847917205	55.37536213380645	
2332 SOUTH TONGASS HIGHWAY	99901	-131.72386576157453	55.37516722818628	
5067 NORTH TONGASS HIGHWAY	99901	-131.72553478376173	55.37502734596464	
283 S PT HIGGINS ROAD	99901	-131.71888559955573	55.37478572383523	
5038 NORTH TONGASS HIGHWAY	99901	-131.72355923214508	55.37495630597665	
4975 REX ALLEN DRIVE	99901	-131.71802735901477	55.37493900406713	
5038 NORTH TONGASS HIGHWAY	99901	-131.72340596518455	55.37485084674707	
2030 SEA LEVEL DRIVE	99901	-131.71764593883668	55.37437656512999	
5057 NORTH TONGASS HIGHWAY	99901	-131.72499648988727	55.374663488884124	
918 WATER STREET	99901	-131.71815916162987	55.374166765237426	
283 SOUTH PT HIGGINS ROAD	99901	-131.7188448151435	55.374194694757264	
5450 GLACIER HIGHWAY	99901	-131.72046589783727	55.37472985591214	
5021 NORTH TONGASS HIGHWAY	99901	-131.72397663703677	55.373907921756	
5007 NORTH TONGASS HIGHWAY	99901	-131.7231215522774	55.37373432195743	
90 SIGNAL ROAD	99901	-131.71996177767286	55.37352009616915	
4994 SHORELINE DRIVE	99901	-131.72355822423535	55.373504539862566	
607 CHURCH ROAD	99901	-131.71996117220834	55.37319762313694	
4988 SHORELINE DRIVE	99901	-131.7232263182974	55.37309093107687	
4971 NORTH TONGASS HIGHWAY	99901	-131.72211682436134	55.3730254520362	
4994 SHORELINE DRIVE	99901	-131.72407137695993	55.37318898124185	
2417 TONGASS AVENUE	99901	-131.72223379668947	55.37248732707967	
4967 NORTH TONGASS HIGHWAY	99901	-131.72167410404663	55.372671860179224	
4928 SHORELINE DRIVE	99901	-131.72137034681813	55.37190773075859	
4871 NORTH TONGASS HIGHWAY	99901	-131.71967992676088	55.37076840809411	
4776 BUCEY AVENUE	99901	-131.71564258705695	55.36892820676078	
15063 LIZZIE LANE	99901	-131.71736478861067	55.36851244275465	
4770 NORTH TONGASS AVENUE	99901	-131.716463446004	55.36848917783149	
4746 BUCEY AVENUE	99901	-131.71469638887325	55.36849064503521	
1105 MILLAR STREET	99901	-131.71542318882018	55.36795994818621	
4716 BUCEY AVENUE	99901	-131.71403320042825	55.367668532253106	
4693 NORTH TONGASS HIGHWAY	99901	-131.71406521638497	55.367245298790166	
5936 BARCELONA DRIVE SOUTHEAST	99901	-131.7492007085807	55.40018334219505	
56 CLOVER VIEW COURT	99901	-131.74737800710628	55.39911097480051	
5791 N TONGASS HIGHWAY	99901	-131.74597129927025	55.39611751599023	
2030 LOGAN'S TRAIL LANE	99901	-131.71816830108958	55.37086898118472	
5166 SHORELINE DRIVE	99901	-131.7290190433216	55.377295044933916	
5237 SHORELINE DRIVE	99901	-131.73057362283654	55.37871655817366	
5275 SHORELINE DRIVE	99901	-131.7315754536858	55.379533495969596	
5791 NORTH TONGASS AVENUE	99901	-131.7353437937762	55.393306840839934	
2947 NORTHWEST CELILO LANE	99901	-131.7164239309113	55.367720837023434	
4871 NORTH TONGASS HIGHWAY	99901	-131.72059408203842	55.370471163210176	
4994 SHORELINE DRIVE	99901	-131.72434379376477	55.37306352705212	
5121 SHORELINE DRIVE	99901	-131.72781844763932	55.375796825026455	
5166 SHORELINE DRIVE	99901	-131.72832105414247	55.37614914100221	
15853 OLDEN STREET	99901	-131.73663688179678	55.384112635962396	
15853 OLDEN STREET	99901	-131.73687143012083	55.38474093307732	
15853 OLDEN STREET	99901	-131.73769156502576	55.38470364291466	
15853 OLDEN STREET	99901	-131.73712773474276	55.385266750989786	
400 WILLOUGHBY	99901	-131.73759654303166	55.38565130325257	
4492 SOUTH TONGASS HIGHWAY	99901	-131.73581132376248	55.388612357225625	
5338 NORTH TONGASS HIGHWAY	99901	-131.73505923264702	55.393917946222075	
5581 NORTH TONGASS HIGHWAY	99901	-131.73773502821416	55.38793673701018	
5286 NORTH TONGASS HIGHWAY	99901	-131.73099137807122	55.38034861482587	
2030 LOGAN'S TRAIL LANE	99901	-131.7288168289579	55.37655053189265	
5161 SHORELINE DRIVE	99901	-131.72907008559605	55.37675764922828	
2030 LOGAN'S TRAIL LANE	99901	-131.72848670527753	55.376696384022004	
5351 COMMERCIAL BOULEVARD	99901	-131.71834946433293	55.36929170512411	
2947 NORTHWEST CELILO LANE	99901	-131.71616992867146	55.36760551924335	
2947 NORTHWEST CELILO LANE	99901	-131.7160639139932	55.3676769012048	
5121 SHORELINE DRIVE	99901	-131.72760775317934	55.37598232574526	
4794 BUCEY AVENUE	99901	-131.71625642924678	55.3695036560633	
4822 LARSON STREET	99901	-131.7168631873223	55.36992761375285	
7206 NORTH TONGASS HIGHWAY	99901	-131.71589751456156	55.36918356292063	
7206 NORTH TONGASS HIGHWAY	99901	-131.71696962331046	55.36899880679873	
4822 LARSON STREET	99901	-131.71440540389148	55.37124767690268	
5110 SURPRISE BEACH COURT	99901	-131.71786428424798	55.402559343197716	
4693 NORTH TONGASS HIGHWAY	99901	-131.7142863456753	55.36653057624526	
4640 NORTH TONGASS HIGHWAY	99901	-131.71044329719427	55.36645415578317	
222 WEST 7TH	99901	-131.67354934564335	55.37482374101012	
4677 NORTH TONGASS HIGHWAY	99901	-131.71377304742362	55.36628425122731	
4492 SOUTH TONGASS HIGHWAY	99901	-131.73608339561423	55.388878399998006	
12034 NORTH TONGASS HIGHWAY	99901	-131.72230218722865	55.375137716019246	
5765 NORTH TONGASS HIGHWAY	99901	-131.73597455214116	55.39193461295789	
15853 OLDEN STREET	99901	-131.73651813619432	55.38539932892965	
2155 LEMON AVENUE	99901	-131.73716852993473	55.38599266089621	
5528 NORTH TONGASS HIGHWAY	99901	-131.73669257375116	55.38610549002421	
426 MAIN STREET	99901	-131.72903593703887	55.38053668679882	
420 SPRUCE MILL WAY	99901	-131.72283671536545	55.37233128188766	
636 STEDMAN STREET	99901	-131.7239186822262	55.37258766303307	
636 STEDMAN STREET	99901	-131.72349422735618	55.37279602110022	
38 BAKER STREET	99901	-131.72221316598063	55.377976149877256	
540 WATER STREET	99901	-131.72221316598063	55.377976149877256	
326 FRONT STREET	99901	-131.72221316598063	55.377976149877256	
2729 TONGASS AVENUE	99901	-131.72221316598063	55.377976149877256	
2703 TONGASS AVENUE	99901	-131.72221316598063	55.377976149877256	
448 MAIN STREET	99901	-131.72221316598063	55.377976149877256	
4384 SOUTH TONGASS HIGHWAY	99901	-131.72221316598063	55.377976149877256	
4238 SOUTH TONGASS HIGHWAY	99901	-131.72221316598063	55.377976149877256	
423 CEDAR STREET	99901	-131.72221316598063	55.377976149877256	
2417 TONGASS AVENUE	99901	-131.72221316598063	55.377976149877256	
7100 FORT DENT WAY	99901	-131.72221316598063	55.377976149877256	
2417 TONGASS AVENUE	99901	-131.72221316598063	55.377976149877256	
4122 VALLENAR LANE	99901	-131.72221316598063	55.377976149877256	
324 ALDER STREET	99901	-131.72221316598063	55.377976149877256	
400 JUSTICE VALLEY STREET	99901	-131.72221316598063	55.377976149877256	
226 CRANBERRY ROAD	99901	-131.72221316598063	55.377976149877256	
301 FRONT STREET	99901	-131.72221316598063	55.377976149877256	
2417 TONGASS AVENUE	99901	-131.72318789914934	55.375131141763624	
126 POND REEF ROAD	99901	-131.72372298244494	55.375500893964606	
5338 NORTH TONGASS HIGHWAY	99901	-131.7327645491358	55.381258418065826	
34 RIDGE ROAD	99901	-131.73446376280137	55.383893005028675	
2330 BLOSSOM STREET	99901	-131.7227586607504	55.37479151515169	
5450 GLACIER HIGHWAY	99901	-131.72042714631255	55.37405987008451	
832 E SESAME STREET	99901	-131.6283684868004	55.341290451027035	
435 HILLCREST STREET	99901	-131.64509854895513	55.345303157784045	
955 FOREST AVENUE	99901	-131.64140944656097	55.34638520218154	
787 SUMMIT TERRACE	99901	-131.6470444157432	55.34682572825164	
2525 CAL YOUNG ROAD	99901	-131.65142588206615	55.3447545999332	
507 CEDAR STREET	99901	-131.64816672235014	55.344561546978724	
761 HARRIS STREET	99901	-131.6422077919304	55.34429522501928	
1626 WATER STREET	99901	-131.65243007278966	55.34441736579797	
307 STEDMAN STREET	99901	-131.64830274974204	55.34402116482659	
3338 FIRST STREET	99901	-131.63871757384518	55.34363409506417	
11704 114TH AVENUE NORTHEAST	99901	-131.64795679325476	55.343754879078254	
957 PARK AVENUE	99901	-131.6381507422908	55.34347133001925	
6061 SOUTH TONGASS HIGHWAY	99901	-131.64213431962162	55.34349594189747	
14 BORCH STREET	99901	-131.63499570629938	55.343338965052844	
69 WEST MATTLE ROAD	99901	-131.6430346624033	55.34319686822821	
3222 LINCOLN COURT	99901	-131.6358863230215	55.34266978307612	
1242 KETCHIKAN LAKES ROAD	99901	-131.63038307111447	55.34262149209855	
1043 WOODLAND AVENUE	99901	-131.63652207422282	55.342679302111115	
4352 BISHOP CIRCLE	99901	-131.63143788370087	55.3425895700198	
601 PITTINGER STREET	99901	-131.646930201243	55.34496021998686	
752 BROWN DEER ROAD	99901	-131.6437368853424	55.35062636422405	
6860 GLACIER HIGHWAY	99901	-131.639092254862	55.33999829916836	
158 THOMAS STREET	99901	-131.6393741318251	55.340031013150266	
612 DEERMOUNT STREET	99901	-131.63472584699812	55.33976698523141	
2417 TONGASS AVENUE	99901	-131.63850460574923	55.33998229084081	
6860 GLACIER HIGHWAY	99901	-131.63893205560242	55.33993207517612	
648 MAIN STREET	99901	-131.6495104268437	55.345200845798644	
158 DEL REY ROAD	99901	-131.62606196079884	55.34468822400687	
777 MAIN STREET	99901	-131.6509506427381	55.34519540925066	
723 GRANT STREET	99901	-131.64363028406424	55.34492328207438	
845 EAST SESAME STREET	99901	-131.64576259798616	55.34973651283842	
821 EAST SESAME STREET	99901	-131.6450394451993	55.34961302883925	
715 MILLER RIDGE ROAD	99901	-131.64576309655118	55.34598233912553	
320 ALDER STREET	99901	-131.63936959084134	55.34884641008094	
636 SCHOENBAR ROAD	99901	-131.64106840296	55.34882739591412	
636 MAIN STREET	99901	-131.64907413217819	55.34505747811387	
616 MAIN STREET	99901	-131.64903568608065	55.34455456205359	
600 MAIN STREET	99901	-131.64889793033018	55.34444256810654	
706 BAYVIEW STREET	99901	-131.65171713384757	55.3444791560455	
629 GRANT STREET	99901	-131.64504775192074	55.34439607788786	
623 GRANT STREET	99901	-131.64522077912255	55.34432696795777	
728 WATER STREET	99901	-131.6526565156149	55.344491180212195	
800 VENETIA AVENUE	99901	-131.64509477333596	55.34129592693635	
4172 SOUTH TONGASS HIGHWAY	99901	-131.63357887085687	55.341042993183756	
1391 BOSTWICK ROAD	99901	-131.62558457359893	55.340925271197925	
516 SCHOENBAR ROAD	99901	-131.63845943396515	55.34801146978593	
1155 COPPER RIDGE LANE	99901	-131.63777062916148	55.34807171291442	
1821 FAIRY CHASM ROAD	99901	-131.64954379296827	55.35004241382944	
275 D 2 LOOP ROAD	99901	-131.64245229718102	55.34994203092627	
1379 FAIRY CHASM ROAD	99901	-131.64335163115467	55.34990826685758	
1182 BLACK BEAR ROAD	99901	-131.64834643301768	55.349875405254345	
1192 BLACK BEAR ROAD	99901	-131.64871256297127	55.349885921072485	
1170 BLACK BEAR ROAD	99901	-131.64798047913385	55.349859016834706	
1819 SECOND AVENUE	99901	-131.64582708444715	55.35022932185645	
7048 WEIMER ROAD	99901	-131.63333655030894	55.34258901115712	
411 FRONT STREET	99901	-131.6490572276812	55.342937896749206	
1049 WOODLAND AVENUE	99901	-131.63628111731754	55.34263527719351	
1 CREEK STREET	99901	-131.6426874743258	55.342659974901956	
1236 KETCHIKAN LAKES ROAD	99901	-131.6305074563403	55.34245116391747	
636 NICKEY WAY	99901	-131.6349409108637	55.34256498414224	
524 WASHBURN STREET	99901	-131.6447584557717	55.34276138619694	
308 GRANT STREET	99901	-131.6481574454482	55.34273752122333	
6989 SOUTH TONGASS HIGHWAY	99901	-131.6298644817858	55.342416653246815	
619 NICKEY WAY	99901	-131.6355307365944	55.342548852205994	
22655 WALLACE CREEK ROAD	99901	-131.63252986498046	55.34239710880002	
712 DEERMOUNT STREET	99901	-131.63246823156882	55.34245584121544	
4108 SOUTH 670 EAST	99901	-131.6235160220959	55.342240918903904	
724 LOTUS STREET	99901	-131.63151685190255	55.34241551814787	
838 PETERSON STREET	99901	-131.64499402907347	55.34264986021981	
1232 KETCHIKAN LAKES ROAD	99901	-131.63073245557285	55.34233377408007	
924 BROWN DEER ROAD	99901	-131.63621621044499	55.342481342083765	
611 HARDCASTLE WAY	99901	-131.63595308761006	55.34248235100217	
330 MAIN STREET	99901	-131.64663064543512	55.342676975224755	
639 DEERMOUNT STREET	99901	-131.63350873938265	55.342424517203284	
721 STEDMAN STREET	99901	-131.63259401277656	55.34233601720773	
204 SQUIRREL HILL DRIVE	99901	-131.64520391504973	55.34256154207728	
611 NICKEY WAY	99901	-131.63575005038953	55.34238588500408	
615 PICKERING WAY	99901	-131.63512140935373	55.34236492090033	
1067 WOODLAND AVENUE	99901	-131.6361062782138	55.34237161809441	
635 DEERMOUNT STREET	99901	-131.63362266911685	55.34229242817213	
20829 GREENMONT DRIVE	99901	-131.6306099424361	55.34223448222022	
335 MAIN STREET	99901	-131.64725106598777	55.342495754033806	
850 NORDSTROM DRIVE	99901	-131.62589123957235	55.34201725783592	
716 LOTUS STREET	99901	-131.6316657198131	55.3422870300493	
610 NICKEY WAY	99901	-131.63553313419789	55.34228842108643	
850 NORDSTROM DRIVE	99901	-131.63895462577395	55.348687680045025	
320 ALDER STREET	99901	-131.63914988088916	55.34877856184078	
1401 NORTH DEEP CREEK ROAD	99901	-131.6446725471861	55.342341929746375	
1219 E FIFTH STREET	99901	-131.6314477840336	55.34209465318229	
1428 KETCHIKAN LAKES ROAD	99901	-131.62272414908807	55.34203628804368	
133 VIA PALACIO	99901	-131.64183226470058	55.34231296882212	
1042 WOODLAND AVENUE	99901	-131.62646823466582	55.34146430911881	
201 DOCK STREET	99901	-131.6481955600674	55.34196183100102	
301 FRONT STREET	99901	-131.64790693495988	55.34193678701062	
1381 BOSTWICK ROAD	99901	-131.62611626665267	55.341400013003884	
1376 DEER MOUNTAIN COURT	99901	-131.62694806079173	55.3405626101652	
1386 DEER MOUNTAIN COURT	99901	-131.62640040826864	55.340548996001125	
12 EAST 49TH STREET	99901	-131.64593533413384	55.34095510313894	
309 STEDMAN STREET	99901	-131.64004753591155	55.34080492096564	
1356 DEER MOUNTAIN COURT	99901	-131.62772362758045	55.34056251105652	
1961 JUNEGRASS DRIVE	99901	-131.6441461029886	55.34483159813641	
423 CEDAR STREET	99901	-131.64872833559104	55.34465023815549	
616 MAIN STREET	99901	-131.64894423938136	55.34475826912042	
435 HILLCREST STREET	99901	-131.64454316912395	55.34457443287007	
323 CARLANNA LAKE ROAD	99901	-131.62529374492405	55.344177096888885	
351 D 2 LOOP ROAD	99901	-131.64306716075535	55.3445425751958	
1431 SWEETBAY DRIVE	99901	-131.64121500262445	55.34589108722259	
5351 SHORELINE DRIVE	99901	-131.63724414813302	55.348486615978544	
1355 DEER MOUNTAIN COURT	99901	-131.63859350033476	55.34847456697561	
6425 NORTHEAST 175TH STREET	99901	-131.64589309534918	55.34652261483709	
821 SUMMIT TERRACE	99901	-131.64794825386966	55.34656626204501	
158 DEL REY ROAD	99901	-131.62475193324693	55.344358451884794	
319 MAIN STREET	99901	-131.64707035190207	55.342334582750325	
1109 WOODLAND AVENUE	99901	-131.63549322384645	55.342096152015436	
500 MISSION STREET	99901	-131.64460023011083	55.34150444311578	
716 BUREN ROAD	99901	-131.64097335221976	55.34152815404258	
237 BROWN WAY	99901	-131.64014780316862	55.34150185000368	
707 SOUTH OWYHEE STREET	99901	-131.63339625773264	55.339684464778784	
3373 HOLLYWOOD OAKS DRIVE	99901	-131.63796633523097	55.33982614608705	
5 SALMON LANDING	99901	-131.64450689694942	55.339801967197744	
308 DEERMOUNT STREET	99901	-131.635783803688	55.339747144188586	
11448 JOHANNSEN ROAD	99901	-131.6431957617748	55.3444552512413	
119 AUSTIN STREET	99901	-131.6425964911572	55.344349410870635	
615 MAIN STREET	99901	-131.64975841576103	55.344498204992405	
2846 NORTHEAST PURCELL BOULEVARD	99901	-131.62413754218645	55.343960408797464	
501 PITTINGER STREET	99901	-131.64800317686613	55.34441859176549	
8908 GEE STREET	99901	-131.64706858042433	55.34440208104494	
730 DEERMOUNT STREET	99901	-131.63186149595117	55.34303386589041	
1827 SANTAN CLARA STREET	99901	-131.62154545882402	55.34282106210527	
735 DEERMOUNT STREET	99901	-131.6327815872961	55.343033159912785	
850 NORDSTROM DRIVE	99901	-131.6266785796812	55.34289656475368	
351 CARLANNA LAKE ROAD	99901	-131.64575564502587	55.34328911786807	
509 WATER STREET	99901	-131.65069929412164	55.34330419411946	
722 PARK AVENUE	99901	-131.64294794982558	55.34364471317314	
915 PARK AVENUE	99901	-131.6390672277982	55.34357306310359	
426 MAIN STREET	99901	-131.64784708919564	55.3436509141352	
2846 NORTHEAST PURCELL BOULEVARD	99901	-131.62362569830725	55.34317432709263	
5088 NORTH THORTON LANE	99901	-131.65007591631505	55.34365337378006	
710 PARK AVENUE	99901	-131.6432346723013	55.34353687277593	
1155 COPPER RIDGE LANE	99901	-131.6371510647033	55.34757400574564	
326 FRONT STREET	99901	-131.647715960317	55.3423417667863	
1254 KETCHIKAN LAKES ROAD	99901	-131.62810994717006	55.342139981877025	
730 DEERMOUNT STREET	99901	-131.63640938775694	55.34214150318586	
739 GRANT STREET	99901	-131.64307424217472	55.3449000640717	
641 MAIN STREET	99901	-131.65011830871165	55.344790846870296	
20829 GREENMONT DRIVE	99901	-131.63062342794512	55.342106496210455	
435 DOCK STREET	99901	-131.645174719803	55.34222342389302	
2729 TONGASS AVENUE	99901	-131.647582890179	55.3422581768738	
1231 EAST FIFTH STREET	99901	-131.63120721609883	55.34203494399597	
108 LINCOLN STREET	99901	-131.64346939220363	55.34206714391332	
1407 KETCHIKAN LAKES ROAD	99901	-131.62426472925765	55.34177903004335	
2960 TONGASS AVENUE	99901	-131.63620179517963	55.342048323168996	
603 DEERMOUNT STREET	99901	-131.63401141505602	55.34204658985371	
14315 GRANBY ROAD	99901	-131.64234175768868	55.342053317241756	
420 SPRUCE MILL WAY	99901	-131.63229201804268	55.341675687755156	
1365 BOSTWICK ROAD	99901	-131.62675510716025	55.34153891115831	
1925 NE CARSON WAY	99901	-131.6353255497054	55.34150238180622	
1925 NORTHEAST CARSON WAY	99901	-131.6355583148736	55.34146857376021	
528 DEERMOUNT STREET	99901	-131.63399351073411	55.341465023808986	
602 LOTUS STREET	99901	-131.63253711618145	55.3414392229235	
10640 WEST LOUISA ROAD	99901	-131.62574904794096	55.34134694598665	
2417 TONGASS AVENUE	99901	-131.6352709779502	55.3413803342104	
450 3RD AVENUE WEST	99901	-131.63881211164738	55.34136174506983	
2514 SECOND AVENUE	99901	-131.64018353994723	55.341364458753866	
2514 SECOND AVENUE	99901	-131.64030227117667	55.34135839485501	
2307 FIRST AVENUE	99901	-131.6352196607913	55.341247773748876	
4172 SOUTH TONGASS HIGHWAY	99901	-131.63433511668046	55.34125347801881	
1376 BOSTWICK ROAD	99901	-131.62685853289383	55.34115817890163	
4810 NORTHEAST TOK-A-LOU AVENUE	99901	-131.64635637720247	55.341242949180334	
707 NORTHEAST HALLER STREET	99901	-131.64498579242064	55.34123309825143	
1363 DEER MOUNTAIN COURT	99901	-131.62720173334984	55.3409444291356	
1383 DEER MOUNTAIN COURT	99901	-131.62640625630112	55.340916018923764	
1355 DEER MOUNTAIN COURT	99901	-131.6268383100202	55.34093333111168	
158 THOMAS STREET	99901	-131.63452045888653	55.34085311096292	
2960 TONGASS AVENUE	99901	-131.6354347327417	55.340987791809226	
158 THOMAS STREET	99901	-131.63481312641284	55.34094080404028	
612 DEERMOUNT STREET	99901	-131.63601137659393	55.34096535618718	
612 DEERMOUNT STREET	99901	-131.6349775297879	55.33955000020258	
36952 SOUTH RIDGE CREST COURT	99901	-131.64408910668047	55.33973741294455	
5 SALMON LANDING	99901	-131.64408910668047	55.33973741294455	
330 SPRUCE MILL WAY	99901	-131.64408910668047	55.33973741294455	
5 SALMON LANDING	99901	-131.64408910668047	55.33973741294455	
4620 ARVILLE STREET	99901	-131.64408910668047	55.33973741294455	
5 SALMON LANDING	99901	-131.64408910668047	55.33973741294455	
76 FRONT STREET	99901	-131.64408910668047	55.33973741294455	
516 STEDMAN STREET	99901	-131.63839669293074	55.33957950723643	
114 INMAN STREET	99901	-131.63895922784315	55.33959335214143	
1009 MISTY MOUNTAIN ROAD	99901	-131.63366117540147	55.339456049807545	
2728 SECOND AVENUE	99901	-131.63877247438379	55.339500616218636	
108 INMAN STREET	99901	-131.63898925492984	55.33948036275943	
659 MAIN STREET	99901	-131.63911334820315	55.33939690883459	
858 MILLER RIDGE ROAD	99901	-131.63928882870405	55.339244672099	
16605 SOUTH 32ND	99901	-131.63112085835564	55.33967267211458	
949 STEDMAN STREET	99901	-131.6373596202746	55.33849316879336	
652 PARK AVENUE	99901	-131.64275321842817	55.34452872282577	
344 FRONT STREET	99901	-131.64164307231522	55.344534252945046	
2846 NORTHEAST PURCELL BOULEVARD	99901	-131.62667607427986	55.344200312250415	
541 PINE STREET	99901	-131.64675479889559	55.34456417922349	
525 GRANT STREET	99901	-131.64648907633622	55.34388558195731	
2846 NORTHEAST PURCELL BOULEVARD	99901	-131.62544135698982	55.34367895101262	
506 PINE STREET	99901	-131.64726830825134	55.34397704383276	
1168 PARK AVENUE	99901	-131.63474892112453	55.34374914400797	
635 DEERMOUNT STREET	99901	-131.6394787675894	55.34381220674788	
158 DEL REY ROAD	99901	-131.62347332157717	55.343541635765376	
1468 KETCHIKAN LAKES ROAD	99901	-131.62203720200046	55.34260296892842	
1445 KETCHIKAN LAKES ROAD	99901	-131.62316705265914	55.34260828782745	
2724 THIRD AVENUE	99901	-131.64745781504703	55.35011682605911	
1378 WOODSIDE DRIVE	99901	-131.64401593800224	55.35003874615323	
909 W SESAME STREET	99901	-131.64707180896946	55.350069209153524	
525 GRANT STREET	99901	-131.63862644335288	55.349333949976824	
851 FOREST AVENUE	99901	-131.64994577827815	55.34639782799605	
764 FOREST AVENUE	99901	-131.64682612512914	55.34627069110076	
637 MAIN STREET	99901	-131.64346080161457	55.34619262915129	
614 PICKERING STREET	99901	-131.63497399312064	55.34224581078285	
636 MAIN STREET	99901	-131.64958716722347	55.34500300615473	
611 PINE STREET	99901	-131.64677464537516	55.345057498035516	
435 HILLCREST STREET	99901	-131.64543543155972	55.345026945874345	
891 N LANDER STREET	99901	-131.6275332368425	55.34459283201125	
659 MAIN STREET	99901	-131.6503350380537	55.34503863478225	
659 MAIN STREET	99901	-131.65077782933534	55.34502895387604	
730 PARK AVENUE	99901	-131.64242967580554	55.343452285175914	
838 PETERSON STREET	99901	-131.64014902308077	55.34337243792836	
385 BAWDEN STREET	99901	-131.64552637610075	55.34344838190651	
1289 TONGASS AVENUE	99901	-131.63632932630557	55.34335920019258	
850 NORDSTROM DRIVE	99901	-131.62610610940177	55.34238106874773	
1355 DEER MOUNTAIN COURT	99901	-131.624506147897	55.342304521967044	
1234 WATER STREET	99901	-131.6455266608667	55.34220632886861	
612 DEERMOUNT STREET	99901	-131.63329838718073	55.341830102111004	
550 DEERMOUNT STREET	99901	-131.63359314868	55.3416629490688	
2050 SEA LEVEL DRIVE	99901	-131.6424715911967	55.34785587001096	
526 DEERMOUNT STREET	99901	-131.6341561677843	55.341364281996604	
2417 TONGASS AVENUE	99901	-131.64489423972014	55.34149001496845	
615 RIGGING LANE	99901	-131.64299464874563	55.34905581201049	
2846 NORTHEAST PURCELL BOULEVARD	99901	-131.6237068000077	55.344448333214736	
435 HILLCREST STREET	99901	-131.6451656692765	55.344850493158766	
659 MAIN STREET	99901	-131.6505020932555	55.34480473286243	
314 EDMONDS STREET	99901	-131.64504810585697	55.342459794134626	
1056 WOODLAND AVENUE	99901	-131.63656128299002	55.34229723881997	
1077 WOODLAND AVENUE	99901	-131.63589878984104	55.342278383958224	
640 DEERMOUNT STREET	99901	-131.63276665280452	55.34217151198626	
838 PETERSON STREET	99901	-131.64560223433492	55.342408680989514	
1418 KETCHIKAN LAKES ROAD	99901	-131.62297088665224	55.34196034493403	
2960 TONGASS AVENUE	99901	-131.64642385595164	55.342508803045696	
330 DEERMOUNT STREET	99901	-131.63528841335156	55.34017017614016	
2122 THIRD AVENUE	99901	-131.63640802501266	55.3402480502079	
777 MAIN STREET	99901	-131.65250715183427	55.34572377815516	
2417 TONGASS AVENUE	99901	-131.64631639768072	55.345616612061434	
748 MILLER RIDGE ROAD	99901	-131.64387568493527	55.34551786681991	
730 PARK AVENUE	99901	-131.64236210273324	55.34546172107084	
759 DEERMOUNT STREET	99901	-131.63249760917356	55.343419850890704	
701 MILLER RIDGE ROAD	99901	-131.6451511039925	55.3459480281895	
715 MILLER RIDGE ROAD	99901	-131.64523936616408	55.34649125317751	
829 SUMMIT TERRACE	99901	-131.64857738628393	55.34671041292839	
636 MAIN STREET	99901	-131.64946309281473	55.34490210681513	
659 MAIN STREET	99901	-131.6506399532106	55.344916846848186	
748 BAYVIEW STREET	99901	-131.6523995713925	55.34495247708564	
764 GRANT STREET	99901	-131.64175947690805	55.34465140281777	
222 FRONT STREET	99901	-131.64550763365065	55.34188358022803	
344 FRONT STREET	99901	-131.6462736261951	55.34171987210419	
891 NORDSTROM DRIVE	99901	-131.62452610936091	55.34175601300657	
639 DEERMOUNT STREET	99901	-131.63289285532213	55.34178251100118	
143 E 9TH AVENUE	99901	-131.63994619606603	55.34037295297972	
275 D 2 LOOP ROAD	99901	-131.63690426425708	55.340271355231664	
2960 TONGASS AVENUE	99901	-131.64614561536882	55.34229500590703	
1234 WATER STREET	99901	-131.64542113577028	55.34233874615044	
344 FRONT STREET	99901	-131.64805850590113	55.3426115470065	
1961 JUNEGRASS DRIVE	99901	-131.63530627096108	55.342448156061025	
307 BAWDEN STREET	99901	-131.64478293665982	55.34253066105057	
1444 KETCHIKAN LAKES ROAD	99901	-131.622461151119	55.342270600175816	
1355 DEER MOUNTAIN COURT	99901	-131.6282547340343	55.34065325517221	
1528 WATER STREET	99901	-131.63550125298843	55.34161814294462	
46 CHITTLEBOROUGH CIRCUIT	99901	-131.64120621979595	55.34175229501009	
608 LOTUS STREET	99901	-131.6324148932005	55.34155707620466	
8917 FINNSECH DRIVE	99901	-131.6332617871211	55.34154251882976	
777 MAIN STREET	99901	-131.65181838386155	55.345449873937774	
1123 WOODLAND AVENUE	99901	-131.63513668520514	55.34196397708797	
500 MISSION STREET	99901	-131.645334017154	55.34219349482427	
435 DOCK STREET	99901	-131.64514653785588	55.34215833719442	
3373 HOLLYWOOD OAKS DRIVE	99901	-131.64761237288664	55.34216231823996	
2635 STELLAR WAY	99901	-131.64324108357752	55.34202579312943	
2851 SOUTH TONGASS HIGHWAY	99901	-131.64216596098083	55.34194241915124	
5021 NORTH TONGASS HIGHWAY	99901	-131.64391179631136	55.34202405112865	
870 NORDSTROM DRIVE	99901	-131.62543707292423	55.34179382589996	
400 JUSTICE VALLEY STREET	99901	-131.64737484844403	55.342129762848856	
2960 TONGASS AVENUE	99901	-131.63594711561007	55.34193154413832	
101 NADEAU STREET	99901	-131.64528886513287	55.34189232193472	
5021 NORTH TONGASS HIGHWAY	99901	-131.64416645342305	55.342012201945636	
300 MILL STREET	99901	-131.64619048801387	55.34110499406207	
2417 TONGASS AVENUE	99901	-131.6250530215807	55.340768856847255	
3830 ROYAL WOODS DRIVE	99901	-131.63424968060875	55.34079993388762	
4620 ARVILLE STREET	99901	-131.64608396938075	55.34102160690679	
2960 TONGASS AVENUE	99901	-131.63555240934895	55.34084038887064	
3333 DENALI AVENUE	99901	-131.63984731131617	55.340909409863244	
143 E 9TH AVENUE	99901	-131.64006472876778	55.340990070773586	
158 THOMAS STREET	99901	-131.63485649887136	55.34079616880165	
1380 DEER MOUNTAIN COURT	99901	-131.6266742309369	55.34054896381637	
1370 DEERMOUNT STREET	99901	-131.62727941785897	55.3405625478391	
3333 DENALI AVENUE	99901	-131.6397257297324	55.34077321096525	
313 12TH STREET	99901	-131.63393103200778	55.34056659290372	
1392 DEERMOUNT COURT	99901	-131.62613618859075	55.34054901183809	
329 STEDMAN STREET	99901	-131.63959204424842	55.340638841019164	
331 DEERMOUNT STREET	99901	-131.6364753654213	55.34059266000957	
412 DEERMOUNT STREET	99901	-131.63517645541938	55.34033395095154	
331 STEDMAN STREET	99901	-131.63945238676445	55.34059235502068	
76 FRONT STREET	99901	-131.64560670794503	55.34056394608897	
53 MAIN STREET	99901	-131.64477845676151	55.34055806495885	
528 DEERMOUNT STREET	99901	-131.63623432587102	55.3405047551721	
528 DEERMOUNT STREET	99901	-131.63603192286106	55.340430929752685	
528 DEERMOUNT STREET	99901	-131.63632349084946	55.34042074400112	
1649 WATER STREET	99901	-131.6445404687882	55.34029718701933	
611 EAST FIRST STREET	99901	-131.63669713970202	55.34020038414232	
545 E 4TH AVENUE	99901	-131.63857269804774	55.34016847901481	
228 HARBOR DRIVE	99901	-131.63842725361673	55.34017262987069	
2122 THIRD AVENUE	99901	-131.63654767800503	55.340077186129776	
6860 GLACIER HIGHWAY	99901	-131.63919831715094	55.34005516993211	
2417 TONGASS AVENUE	99901	-131.63839771431523	55.340050261945514	
2417 TONGASS AVENUE	99901	-131.63542289025128	55.340055090746304	
307 DEERMOUNT STREET	99901	-131.63633566661483	55.340002841884555	
2417 TONGASS AVENUE	99901	-131.63828911698056	55.339993019767235	
150 THOMAS STREET	99901	-131.63960325612146	55.33990821411754	
511 STEDMAN STREET	99901	-131.63817190570057	55.33993315414969	
312 DEERMOUNT STREET	99901	-131.63570527835577	55.339814385139526	
320 BAWDEN STREET	99901	-131.6378927856671	55.3477623382316	
860 SUMMIT TERRACE	99901	-131.64867485798385	55.34774635602665	
721 STEDMAN STREET	99901	-131.63421479902627	55.33866399219049	
1155 COPPER RIDGE LANE	99901	-131.63334446177166	55.33818313124108	
1155 COPPER RIDGE LANE	99901	-131.6325168079678	55.33788210923149	
1155 COPPER RIDGE LANE	99901	-131.63189588166364	55.3376173001183	
110 JARVIS STREET	99901	-131.63067730170937	55.336672316894	
14328 LOMITAS AVENUE	99901	-131.63047543858693	55.33541333305408	
6425 NORTHEAST 175TH STREET	99901	-131.6312018019526	55.335647060001335	
7600 NORTHEAST SAND POINT WAY	99901	-131.62937391899564	55.334872472013046	
777 MAIN STREET	99901	-131.65140288699152	55.345312388090335	
323 CARLANNA LAKE ROAD	99901	-131.6252886936972	55.344732191985415	
719 GRANT STREET	99901	-131.64393766958818	55.34499585325018	
636 MAIN STREET	99901	-131.64920176481377	55.34515695598353	
777 MAIN STREET	99901	-131.65119513541237	55.34524365980109	
611 PINE STREET	99901	-131.6466194488334	55.345134051244685	
777 MAIN STREET	99901	-131.6527011322401	55.345804540106116	
757 FOREST AVENUE	99901	-131.64712779018134	55.34552467023923	
858 MILLER RIDGE ROAD	99901	-131.64093752381297	55.34543064819863	
777 MAIN STREET	99901	-131.65231314268237	55.34564305486064	
435 HILLCREST STREET	99901	-131.64449741074003	55.3453920138233	
757 FOREST AVENUE	99901	-131.6481393497851	55.345475743212994	
777 MAIN STREET	99901	-131.6520409253035	55.34550716697338	
625 PINE STREET	99901	-131.6464048026845	55.34544360991734	
777 MAIN STREET	99901	-131.65081762021086	55.345502590153636	
729 GRANT STREET	99901	-131.64337065926904	55.3449125248561	
755 GRANT STREET	99901	-131.64243495340784	55.34495238411772	
626 MAIN STREET	99901	-131.64895794407934	55.3449199720042	
755 GRANT STREET	99901	-131.64267799799785	55.34477639489012	
626 MAIN STREET	99901	-131.64935077286154	55.344763075893084	
435 HILLCREST	99901	-131.64495891931892	55.344682323056404	
425 CEDAR STREET	99901	-131.6484458684348	55.344706659873964	
637 MAIN STREET	99901	-131.6499672273522	55.34466544108213	
617 GARDEN STREET	99901	-131.64589376279744	55.34459095220266	
440 BAWDEN STREET	99901	-131.64617458513843	55.34458078182369	
535 PINE STREET	99901	-131.64692686040848	55.34449545423328	
435 HILLCREST	99901	-131.64530752314135	55.344543086014	
510 PITTINGER STREET	99901	-131.64717887737154	55.344491777870275	
639 GRANT STREET	99901	-131.6448277976268	55.344469033143966	
652 PARK AVENUE	99901	-131.64279429838612	55.34438918488111	
617 GARDEN STREET	99901	-131.64571701118044	55.34431601595471	
944 LINCOLN STREET	99901	-131.64648984888737	55.34433963478327	
519 PINE STREET	99901	-131.64732265722432	55.344337384106744	
823 HARRIS STREET	99901	-131.6410350655815	55.344109029168045	
511 PINE STREET	99901	-131.64752234283054	55.344264155829315	
311 BREE AVENUE	99901	-131.6420899509314	55.34424102376918	
423 UPPER QUINN STREET	99901	-131.64562258476934	55.34423921494815	
309 STEDMAN STREET	99901	-131.65012846686085	55.34437887601805	
4385 SOUTHWEST BEN HOGAN DRIVE	99901	-131.65203978893467	55.344305114009096	
17368 TOAKOANA DRIVE	99901	-131.64666439873358	55.34425478122695	
311 BREE AVENUE	99901	-131.64193046762912	55.34414822005976	
640 BAILEY ROAD	99901	-131.64536519318594	55.34420206999095	
601 MAIN STREET	99901	-131.649428954139	55.34423029599329	
419 BAWDEN STREET	99901	-131.64629250518914	55.34413126174513	
4 BETTY ROAD	99901	-131.6487349876157	55.34366082422986	
532 GRANT STREET	99901	-131.64590045614463	55.34363332013521	
2520 FIR AVENUE	99901	-131.63661248965616	55.34348296319473	
261 POTTER ROAD	99901	-131.63566027276005	55.343555319906415	
215 MAIN STREET	99901	-131.64235197512676	55.34435405882772	
11361 WEST BERRY AVENUE	99901	-131.64602749679042	55.34445549081555	
641 MAIN STREET	99901	-131.65035428715362	55.3445890402125	
605 MAIN STREET	99901	-131.64956678983958	55.344342416202466	
785 HARRIS STREET	99901	-131.6416903371739	55.34406478618505	
2703 TONGASS AVENUE	99901	-131.64846340444745	55.34429971513894	
1118 WATER STREET	99901	-131.64639608992454	55.344215344224246	
610 FRONT STREET	99901	-131.64997009926614	55.34418133518626	
1445 KETCHIKAN LAKES ROAD	99901	-131.62335466311131	55.342499155747745	
757 FOREST AVENUE	99901	-131.6479573879395	55.345381164787	
447 HILLCREST STREET	99901	-131.64584865030218	55.3453417069411	
757 FOREST AVENUE	99901	-131.6477755294001	55.3452865810271	
2521 EAST MOUNTAIN VILLAGE DRIVE	99901	-131.64654689999276	55.34532810514652	
777 MAIN STREET	99901	-131.65161063857065	55.345381117792726	
435 HILLCREST STREET	99901	-131.6446756948829	55.345033172160605	
2417 TONGASS AVENUE	99901	-131.64772715871533	55.344208947194716	
524 PINE STREET	99901	-131.64713666104478	55.34402963021613	
13988 NORTH TONGASS HIGHWAY	99901	-131.64131950184483	55.34403100893221	
524 PINE STREET	99901	-131.64680210597507	55.3441520767753	
1180 PARK AVENUE	99901	-131.63457772289263	55.343864395926744	
618 WATER STREET	99901	-131.6510414121077	55.3440712072466	
927 FREEMAN STREET	99901	-131.63893593722275	55.343829574882676	
917 FREEMAN STREET	99901	-131.63925364798257	55.34382688895222	
435 HILLCREST STREET	99901	-131.6475964080274	55.3439356041156	
158 DEL REY ROAD	99901	-131.62441558693658	55.34365556115257	
923 FREEMAN STREET	99901	-131.6391121220028	55.34382740897454	
3120 SHIRE LANE	99901	-131.6461619602154	55.34395353614797	
2846 NORTHEAST PURCELL BOULEVARD	99901	-131.6262143968177	55.34347482308831	
2350 SOUTHWEST FISSURE LOOP NORTH	99901	-131.64749047779077	55.34383514494408	
1066 FAIR STREET	99901	-131.63238241191644	55.343538517141404	
309 PINE STREET	99901	-131.6492006212584	55.34368622777567	
261 POTTER ROAD	99901	-131.6358887017604	55.34351288975666	
1105 MILLAR STREET	99901	-131.64038966198245	55.34350521195898	
609 SOUTH YORKTOWN DRIVE	99901	-131.63581744559542	55.34717550615338	
935 FOREST AVENUE	99901	-131.65095773403897	55.347394857236296	
609 SOUTH YORKTOWN DRIVE	99901	-131.63583163089206	55.34698233781308	
633 CANYON ROAD	99901	-131.64615310462332	55.34718322921019	
859 SUMMIT TERRACE	99901	-131.64910254319568	55.34714957414034	
312 UPLAND WAY	99901	-131.64267065067716	55.34351467613428	
374 EDMONDS STREET	99901	-131.64606467536507	55.34354140589137	
391 BAWDEN STREET	99901	-131.6456445764258	55.34356835120102	
8310 STONE AVENUE NORTH	99901	-131.63258937926634	55.343291607163785	
437 MAIN STREET	99901	-131.6486046232034	55.34355168279007	
11704 114TH AVENUE NORTHEAST	99901	-131.6471157761127	55.343649033771065	
900 FREEMAN STREET	99901	-131.6399128523993	55.34369713397828	
540 WILLIAMS CRK ROAD	99901	-131.6352034147594	55.34364018415616	
915 PARK AVENUE	99901	-131.63938245202127	55.34359302993778	
435 HILLCREST STREET	99901	-131.6457031214295	55.343712147242385	
900 FREEMAN STREET	99901	-131.6396396558568	55.34359228106036	
13236 N 7TH STREET	99901	-131.62745781608785	55.34346513515905	
1138 PARK AVENUE	99901	-131.63546493589817	55.343650619897296	
540 WATER STREET	99901	-131.65070676361321	55.34388770699616	
1307 FAIRY CHASM ROAD	99901	-131.6422351582072	55.34902978724878	
1062 SCHOENBAR ROAD	99901	-131.64690927409015	55.349005940864075	
646 SCHOENBAR ROAD	99901	-131.6413232927353	55.348894711856516	
514 BUREN ROAD	99901	-131.6387674222586	55.343436095876974	
904 PARK AVENUE	99901	-131.63989020587098	55.34336758705526	
832 BUREN ROAD	99901	-131.64286166843917	55.343482206141886	
420 FRONT STREET	99901	-131.64876382443467	55.34319854683375	
731 DEERMOUNT STREET	99901	-131.63298513386138	55.342947934221144	
850 NORDSTROM DRIVE	99901	-131.6262819106012	55.34268750112784	
10629 PAULF ROAD	99901	-131.63717131722137	55.34294078094542	
652 PARK AVENUE	99901	-131.6379507800035	55.342917353869076	
1827 SANTA CLARA STREET	99901	-131.62189638479143	55.34271390399361	
5314 SHORELINE DRIVE	99901	-131.63834445410035	55.34917834007522	
1326 PEYTON PLACE	99901	-131.64520616622784	55.34935161805794	
1135 BLACK BEAR ROAD	99901	-131.64758414063385	55.349444633796615	
536 SCHOENBAR ROAD	99901	-131.63938391717352	55.34829409096322	
516 SCHOENBAR ROAD	99901	-131.63899462865186	55.348168963911554	
652 PARK AVENUE	99901	-131.64263992290455	55.34340833620988	
522 WATER STREET	99901	-131.65043048495096	55.343618717037785	
12 EAST 49TH STREET	99901	-131.64887801018872	55.34345820112375	
2417 TONGASS AVENUE	99901	-131.6431551130082	55.34339947683537	
957 PARK AVENUE	99901	-131.638070451769	55.34330122004285	
1227 WATER STREET	99901	-131.6472229738722	55.34351318603891	
2417 TONGASS AVE	99901	-131.64282283965932	55.34341588018819	
741 DEERMOUNT STREET	99901	-131.63266158584887	55.343170398254074	
384 EDMONDS STREET	99901	-131.64590616403993	55.34343879818062	
2417 TONGASS AVENUE	99901	-131.64846479234456	55.34343785007561	
838 PETERSON STREET	99901	-131.64039901344455	55.34329955523419	
822 PETERSON STREET	99901	-131.64067598201294	55.34330156383426	
965 PARK AVENUE	99901	-131.63784242790888	55.34328873985064	
1469 KETCHIKAN LAKES ROAD	99901	-131.62275132312547	55.34294380204626	
444 FRONT STREET	99901	-131.6491802887903	55.343460742002904	
12 EAST 49TH STREET	99901	-131.64966533233127	55.34345899700026	
940 PARK AVENUE	99901	-131.63874805098783	55.34310452897709	
436 FRONT STREET	99901	-131.64899273133872	55.34330907411785	
13007 EASTBROOK DRIVE SOUTHWEST	99901	-131.62289140730917	55.34283259177117	
359 BUNCHBERRY LANE	99901	-131.64961024134988	55.34323588225188	
2846 NORTHEAST PURCELL BOULEVARD	99901	-131.62507990276728	55.34284003215859	
429 DEERMOUNT STREET	99901	-131.6377605797084	55.3429785717635	
1164 POND REEF ROAD	99901	-131.62302922684006	55.342720441235194	
948 PARK AVENUE	99901	-131.63851484025525	55.343048721046344	
1000 PARK AVENUE	99901	-131.6373008057763	55.34308334814795	
730 DEERMOUNT STREET	99901	-131.63188446766964	55.342811971188695	
727 DEERMOUNT STREET	99901	-131.6331708973773	55.34285174418885	
1168 PARK AVENUE	99901	-131.6382421593457	55.34299095090749	
433 FRONT STREET	99901	-131.64945009688753	55.34309535179413	
412 FRONT STREET	99901	-131.64869761231003	55.343081297137346	
1355 DEER MOUNTAIN COURT	99901	-131.62474547974995	55.34257802189279	
1254 KETCHIKAN LAKES ROAD	99901	-131.63034322634005	55.34274449318705	
2417 TONGASS AVENUE	99901	-131.63321279929372	55.34270649883059	
2420 SIXTH AVENUE	99901	-131.64560712117006	55.34290409810181	
1460 KETCHIKAN LAKES ROAD	99901	-131.62217875403135	55.34249222205419	
3373 HOLLYWOOD OAKS DRIVE	99901	-131.64974291802577	55.342953715893735	
429 DEERMOUNT STREET	99901	-131.63747136710268	55.34272754091235	
309 PINE STREET	99901	-131.64934529313828	55.34292298076187	
777 MAIN STREET	99901	-131.65152809237918	55.345820337162856	
14315 GRANBY ROAD	99901	-131.64765029167307	55.35012938122251	
935 W SESAME STREET	99901	-131.64782399261136	55.35013978103388	
832 EAST SESAME STREET	99901	-131.6451342641742	55.3500415220647	
836 SOUTH MCKENNY STREET	99901	-131.64470625826377	55.34997289289525	
1160 BLACK BEAR ROAD	99901	-131.6476148989492	55.349835778231004	
1204 BLACK BEAR ROAD	99901	-131.64910210122457	55.34989272323074	
1261 NORTH COPPER CREEK ROAD	99901	-131.64387961686126	55.349822080937315	
855 EAST SESAME STREET	99901	-131.64610994326887	55.349766644083154	
1325 WOODSIDE DRIVE	99901	-131.64393619275785	55.34911124117685	
1314 PEYTON PLACE	99901	-131.64454177224368	55.34915441920916	
1985 ROY ROGERS WAY	99901	-131.64830621723902	55.34910023482395	
1350 WOODSIDE DRIVE	99901	-131.6436789988038	55.34961904601745	
1144 BLACK BEAR ROAD	99901	-131.64682465997691	55.34964849294347	
1347 FAIRY CHASM	99901	-131.64281158466713	55.34944457914582	
1910 CUB COURT	99901	-131.64897643410285	55.349499713062805	
1359 WOODSIDE DRIVE	99901	-131.6443771442898	55.349511161107	
1173 BLACK BEAR ROAD	99901	-131.64816048175388	55.34947498693094	
5716 SOUTH TONGASS HIGHWAY	99901	-131.64594681190823	55.34946496286044	
1340 WOODSIDE DRIVE	99901	-131.64346266741538	55.34944199217185	
2420 SIXTH AVENUE	99901	-131.64957914796292	55.34950317291197	
1134 BLACK BEAR ROAD	99901	-131.64683877789992	55.34942875901842	
1330 PEYTON PLACE	99901	-131.64555845943113	55.349393323830476	
1335 FAIRY CHASM ROAD	99901	-131.64262736176192	55.34929910207443	
1324 PEYTON PLACE	99901	-131.64475811620852	55.34929540010869	
1345 WOODSIDE DRIVE	99901	-131.64416068713726	55.34929124816573	
1324 WOODSIDE DRIVE	99901	-131.64323406683684	55.34926143016425	
1164 POND REEF ROAD	99901	-131.6424432951636	55.3491536147642	
1913 CUB COURT	99901	-131.64813149491627	55.3492235268449	
1123 BLACK BEAR ROAD	99901	-131.64761854521095	55.349238212150894	
3903 ALASKA AVENUE	99901	-131.64687519021163	55.34921041007127	
1325 PEYTON PLACE	99901	-131.64520452500582	55.34895153409451	
69 W MATTLE ROAD	99901	-131.6459264048799	55.34898578113719	
1326 PEYTON PLACE	99901	-131.64555250629573	55.348977334172844	
2122 SECOND AVENUE	99901	-131.6408111533104	55.34875320293298	
616 SCHOENBAR ROAD	99901	-131.6405513470555	55.34867001524303	
606 SCHOENBAR ROAD	99901	-131.64029188485534	55.348586506106464	
731 EAST 8TH AVENUE	99901	-131.64673483114345	55.34852835177576	
1155 COPPER RIDGE LANE	99901	-131.63808969997064	55.34828141518699	
516 SCHOENBAR ROAD	99901	-131.63873306439396	55.34808750498074	
400 JUSTICE VALLEY STREET	99901	-131.64411601930806	55.34800837807416	
941 MONROE STREET	99901	-131.6381740679455	55.34792316717384	
1155 COPPER RIDGE LANE	99901	-131.63743316894016	55.347845737246224	
955 FOREST AVENUE	99901	-131.6512693200852	55.34775506987904	
400 JUSTICE VALLEY STREET	99901	-131.64565670817376	55.34757875905558	
1831 TONGASS AVENUE	99901	-131.64983919406802	55.34738632207818	
815 SUMMIT TERRACE	99901	-131.64762038585894	55.34696356077797	
425 MEADOWLANDS PARKWAY	99901	-131.64835294310853	55.34706980789933	
609 SOUTH YORKTOWN DRIVE	99901	-131.63576855837934	55.346812841049605	
600 SOUTH H STREET NORTHEAST	99901	-131.636687517847	55.346804657188876	
911 FOREST AVENUE	99901	-131.6506765164393	55.34704193789522	
641 S YORKTOWN DRIVE	99901	-131.63528211705972	55.34670459094096	
641 S YORKTOWN DRIVE	99901	-131.63557710313776	55.34663614702435	
885 SUMMIT TERRACE	99901	-131.64922569144136	55.34688001688495	
624 SOUTH YORKTOWN DRIVE	99901	-131.6365344449226	55.346519299792625	
717 SUMMIT TERRACE	99901	-131.6440227418422	55.346461112800284	
715 MILLER RIDGE ROAD	99901	-131.64627590522102	55.34611726916885	
841 FOREST AVENUE	99901	-131.64922671821571	55.34632407996298	
851 FOREST AVENUE	99901	-131.65060341513473	55.34600871425505	
815 FOREST AVENUE	99901	-131.6485819021149	55.34612456591589	
950 WEST SESAME STREET	99901	-131.648386779052	55.35059129477629	
948 WEST SESAME STREET	99901	-131.648208437417	55.35058608982281	
8596 MICHELLE DRIVE	99901	-131.6472530359932	55.35053056925524	
827 BROWN DEER ROAD	99901	-131.64553149110796	55.35046921593948	
651 DEERBERRY COURT	99901	-131.64683742773204	55.3505138097979	
2514 FIRST AVENUE	99901	-131.64679348125003	55.35121867486423	
815 BROWN DEER ROAD	99901	-131.6452097073867	55.35037102214135	
1415 FAIRY CHASM ROAD	99901	-131.64359956707142	55.35027500284887	
4196 VALLENAR LANE	99901	-131.64413377630626	55.34267859919223	
5 SALMON LANDING	99901	-131.64413377630626	55.34267859919223	
2729 TONGASS AVENUE	99901	-131.64413377630626	55.34267859919223	
320 BAWDEN STREET	99901	-131.64413377630626	55.34267859919223	
2417 TONGASS AVENUE	99901	-131.64413377630626	55.34267859919223	
320 BAWDEN STREET	99901	-131.64413377630626	55.34267859919223	
3150 SOUTH TONGASS HIGHWAY	99901	-131.64413377630626	55.34267859919223	
5052 MINDA COURT	99901	-131.64413377630626	55.34267859919223	
320 BAWDEN STREET	99901	-131.64413377630626	55.34267859919223	
10480 DOCK STREET	99901	-131.64413377630626	55.34267859919223	
2901 BARANOF AVENUE	99901	-131.64413377630626	55.34267859919223	
2417 TONGASS AVENUE	99901	-131.64413377630626	55.34267859919223	
8318 COUNTERPANE LANE	99901	-131.64413377630626	55.34267859919223	
2223 MUSTANG LANE	99901	-131.64413377630626	55.34267859919223	
320 BAWDEN STREET	99901	-131.64413377630626	55.34267859919223	
320 BAWDEN STREET	99901	-131.64413377630626	55.34267859919223	
2901 ASHBY	99901	-131.64413377630626	55.34267859919223	
1049 WOODLAND AVENUE	99901	-131.64413377630626	55.34267859919223	
625 WEST CLARK STREET	99901	-131.64413377630626	55.34267859919223	
320 BAWDEN STREET	99901	-131.64413377630626	55.34267859919223	
100 CALLE DE LA FORTALAZA	99901	-131.64413377630626	55.34267859919223	
320 BAWDEN STREET	99901	-131.64413377630626	55.34267859919223	
237 HECKMAN STREET	99901	-131.64413377630626	55.34267859919223	
320 BAWDEN STREET	99901	-131.64413377630626	55.34267859919223	
320 BAWDEN STREET	99901	-131.64413377630626	55.34267859919223	
3955 OLDE LINKS LANE	99901	-131.64413377630626	55.34267859919223	
2417 TONGASS AVENUE	99901	-131.64413377630626	55.34267859919223	
320 BAWDEN STREET	99901	-131.64413377630626	55.34267859919223	
2725 TONGASS AVENUE	99901	-131.64413377630626	55.34267859919223	
2417 TONGASS AVENUE	99901	-131.64413377630626	55.34267859919223	
1376 DEER MOUNTAIN COURT	99901	-131.64413377630626	55.34267859919223	
10305 NORTHEAST 60TH STREET	99901	-131.64413377630626	55.34267859919223	
320 BAWDEN STREET	99901	-131.64413377630626	55.34267859919223	
3100 TONGASS AVENUE	99901	-131.64413377630626	55.34267859919223	
320 BAWDEN STREET	99901	-131.64413377630626	55.34267859919223	
320 BAWDEN STREET	99901	-131.64413377630626	55.34267859919223	
320 BAWDEN STREET	99901	-131.64413377630626	55.34267859919223	
4 CREEK STREET	99901	-131.64413377630626	55.34267859919223	
200 BLAND STREET	99901	-131.64413377630626	55.34267859919223	
11301 NORTHEAST 7TH STREET	99901	-131.64413377630626	55.34267859919223	
2743 ADOBE DRIVE	99901	-131.64413377630626	55.34267859919223	
320 BAWDEN STREET	99901	-131.64413377630626	55.34267859919223	
930 CARLANNA LAKE ROAD	99901	-131.64413377630626	55.34267859919223	
308 DEERMOUNT STREET	99901	-131.64413377630626	55.34267859919223	
320 BAWDEN STREET	99901	-131.64413377630626	55.34267859919223	
48 HARRIS ROAD	99901	-131.64413377630626	55.34267859919223	
5820 SOUTH TONGASS HIGHWAY	99901	-131.64413377630626	55.34267859919223	
399 BAWDEN STREET	99901	-131.64413377630626	55.34267859919223	
625 MARTIN ROAD	99901	-131.64413377630626	55.34267859919223	
320 BAWDEN STREET	99901	-131.64413377630626	55.34267859919223	
320 BAWDEN STREET	99901	-131.64413377630626	55.34267859919223	
3868 DENALI AVENUE	99901	-131.64790043924202	55.3513073858631	
924 BROWN DEER ROAD	99901	-131.64827063227568	55.35131237774701	
934 BROWN DEER ROAD	99901	-131.64863091779006	55.3513173129391	
950 BROWN DEER ROAD	99901	-131.64899601737602	55.35132230992903	
3868 DENALI AVENUE	99901	-131.64752530008442	55.35129738013204	
874 BROWN DEER ROAD	99901	-131.64643366555455	55.351163814028894	
701 CARLANNA LAKE ROAD	99901	-131.64574136001622	55.351013988238655	
2425 TONGASS AVENUE	99901	-131.6486354767401	55.35088542179978	
909 BROWN DEER ROAD	99901	-131.64790043475048	55.35087270701554	
840 BROWN DEER ROAD	99901	-131.64541277155666	55.35091223596141	
826 BROWN DEER ROAD	99901	-131.64510179636486	55.35080744606763	
2960 TONGASS AVENUE	99901	-131.6467227020905	55.350772438068745	
2960 TONGASS AVENUE	99901	-131.64630924170118	55.35068562275591	
899 BROWN DEER ROAD	99901	-131.64758055096598	55.35085913214661	
429 DEERMOUNT STREET	99901	-131.6470710705543	55.3508139600117	
2300 TONGASS AVENUE	99901	-131.64291411657706	55.35056616890545	
845 BROWN DEER ROAD	99901	-131.64586030324804	55.35056389304572	
938 W SESAME STREET	99901	-131.6480294993006	55.35058037514983	
976 W SESAME STREET	99901	-131.64912073408019	55.350604978013926	
974 WEST SESAME STREET	99901	-131.64893050414068	55.35060301677227	
1731 FAIRY CHASM ROAD	99901	-131.6494847547895	55.35056162995438	
936 WEST SESAME STREET	99901	-131.64784881216434	55.35057354706197	
1388 FAIRY CHASM ROAD	99901	-131.64270655005083	55.35023735485054	
1395 WOODSIDE DRIVE	99901	-131.64484447664668	55.35027677717433	
1380 FAIRY CHASM ROAD	99901	-131.6426244404406	55.35007490806712	
1807 FAIRY CHASM ROAD	99901	-131.6495220169075	55.350233452249796	
8750 SOUTHEAST 155TH AVENUE	99901	-131.64841101559838	55.35016596697251	
935 W SESAME STREET	99901	-131.64801486664294	55.35015045715604	
947 WEST SESAME STREET	99901	-131.64822139471664	55.35016002291407	
975 SESAME STREET	99901	-131.64897519442775	55.350178361235514	
977 WEST SESAME STREET	99901	-131.649168175907	55.350180604940434	
417 DOCK STREET	99901	-131.6457372969362	55.34221824695808	
5021 NORTH TONGASS HIGHWAY	99901	-131.64389875457005	55.34193412189671	
6757 ROOSEVELT DRIVE	99901	-131.63640884607284	55.34064988599529	
331 DEERMOUNT STREET	99901	-131.63616735287331	55.34056177080657	
2960 TONGASS AVENUE	99901	-131.63596496423645	55.34048795724344	
731 DEERMOUNT STREET	99926	-131.65187211569193	55.33493809286565	
631 FOREST PARK DRIVE	99901	-131.61022052200462	55.32858001774582	
730 DEERMOUNT STREET	99901	-131.61247957024685	55.32912602221488	
1716 SOUTH TONGASS HIGHWAY	99926	-131.64614160439106	55.333573258842215	
1716 SOUTH TONGASS HIGHWAY	99926	-131.64686438976696	55.333432634833	
1716 SOUTH TONGASS HIGHWAY	99926	-131.6459707259594	55.3333329829157	
429 DEERMOUNT STREET	99901	-131.61194167971598	55.32912443806215	
2417 TONGASS AVENUE	99926	-131.63493976461336	55.330404202791335	
454 FOREST PARK DRIVE	99901	-131.60539158238078	55.32829375075652	
731 DEERMOUNT STREET	99926	-131.65190216703314	55.33472198984782	
2417 TONGASS AVENUE	99926	-131.64718926998106	55.334385439785315	
3700 WESTFALL DRIVE	99926	-131.64814816764795	55.334573777758465	
731 DEERMOUNT STREET	99926	-131.65163968020545	55.33445312005528	
1716 SOUTH TONGASS HIGHWAY	99926	-131.6469940346288	55.33383085524599	
587 SALMONBERRY CIRCLE	99901	-131.608683215296	55.32837611607588	
745 FOREST PARK DRIVE	99901	-131.61248238556695	55.328589369995605	
675 BLUEBERRY DRIVE	99901	-131.61082246690685	55.328546548212444	
717 FOREST PARK DRIVE	99901	-131.61192284294276	55.32858864076446	
222 WEST 7TH	99901	-131.62295567368292	55.35546154378779	
222 WEST 7TH	99901	-131.6190734927915	55.35360041200081	
771 FOREST PARK DRIVE	99901	-131.61307486312438	55.32854576890015	
631 FOREST PARK DRIVE	99901	-131.60960844500434	55.328615601866524	
795 FOREST PARK DRIVE	99901	-131.6133461660183	55.32835832723369	
1 CREEK STREET	99901	-131.6429609340747	55.34283977878188	
515 FRONT STREET	99901	-131.64094438694175	55.34176376215204	
1 CREEK STREET	99901	-131.64276993068572	55.342598573122416	
1289 TONGASS AVENUE	99901	-131.64191726239443	55.34335933607426	
908 PARK AVENUE	99901	-131.6396350726522	55.34330650002477	
420 SPRUCE MILL WAY	99901	-131.63379955368447	55.34217098581203	
619 NICKEY WAY	99901	-131.63566010387677	55.34269415075907	
1289 TONGASS AVENUE	99901	-131.63903487497325	55.343189302242266	
494 FOREST PARK ROAD	99901	-131.63942004112602	55.34325502119285	
731 DEERMOUNT STREET	99926	-131.65025357792544	55.33516236819934	
344 FRONT STREET	99901	-131.64227154985767	55.343291442164286	
309 PINE STREET	99901	-131.64891756840058	55.34281290909182	
949 STEDMAN STREET	99901	-131.63715620396502	55.338782961854086	
5303 NORTHWEST SHILSHOLE AVENUE	99901	-131.63536289087514	55.33780547609938	
731 DEERMOUNT STREET	99926	-131.65127222883007	55.33553481707968	
731 DEERMOUNT STREET	99926	-131.65056890814972	55.33417789577433	
1716 SOUTH TONGASS HIGHWAY	99926	-131.64439107895646	55.33335858980549	
851 FOREST AVENUE	99901	-131.6416626439103	55.34245466882595	
1810 FAIRY CHASM ROAD	99901	-131.6502850504014	55.35010590681257	
1922 FAIRY CHASM ROAD	99901	-131.65036695519572	55.349260639001145	
1902 FAIRY CHASM	99901	-131.65033166757476	55.349696057747515	
3175 JACKSON HEIGHTS STREET	99901	-131.65019181425808	55.35092560805	
1732 FAIRY CHASM ROAD	99901	-131.65023842963478	55.35051575980767	
1101 COPPER RIDGE LANE	99901	-131.65178339088797	55.34925885901175	
222 WEST 7TH	99901	-131.62560887212905	55.35136125210778	
1234 TONGASS AVENUE	99901	-131.6436725354253	55.34440943021157	
291 SHORE ACRES	99901	-131.63910501902387	55.33899682801558	
11983 ENRIGHT LANE	99901	-131.62166423856246	55.34455045201148	
507 CEDAR STREET	99901	-131.64798533632458	55.34468774792608	
634 SOUTH YORKTOWN DRIVE	99901	-131.63621707013272	55.346420101173486	
324 ALDER	99901	-131.63940200475176	55.33984473083942	
415 NORTHWEST 120TH STREET	99901	-131.6390134151194	55.339878775786225	
507 PITTINGER STREET	99901	-131.64779419369674	55.34448489611821	
757 FOREST AVENUE	99901	-131.64834396265064	55.34509343412228	
2417 TONGASS AVENUE	99901	-131.64751995600682	55.34505243487115	
905 NORDSTROM DRIVE	99901	-131.6243813180051	55.34125351377904	
2350 SOUTHWEST FISSURE LOOP NORTH	99901	-131.62406839975733	55.341241228090446	
664 EAST 2680 SOUTH	99901	-131.6243808661525	55.34104424377714	
324 ALDER STREET	99901	-131.63956301878326	55.3396795679856	
3161 CHANNEL DRIVE	99901	-131.6385735900748	55.33931035416893	
738 HOPKINS AVENUE	99901	-131.65255503203892	55.34469053187487	
777 MAIN STREET	99901	-131.65218444733983	55.346319685080715	
652 PARK AVENUE	99901	-131.64391933676984	55.343644749952865	
744 HOPKINS ALLEY	99901	-131.6527385946824	55.3448716750862	
2846 NORTHEAST PURCELL BOULEVARD	99901	-131.6248727189234	55.34505682682916	
313 FEDERAL BUILDING	99901	-131.62342399238997	55.3416898118761	
143 E 9TH AVENUE	99901	-131.63972736017462	55.34016399813342	
858 MILLER RIDGE ROAD	99901	-131.63920385167143	55.33992448302267	
6425 NORTHEAST 175TH STREET	99901	-131.63206259370898	55.336263716987574	
780 S YORKTOWN DRIVE	99901	-131.63236806402472	55.345128500776774	
5800 SOUTH TONGASS HIGHWAY	99901	-131.64703839523415	55.34478180493323	
738 HOPKINS ALLEY	99901	-131.6528222898191	55.34455528894762	
1657 NW VIEWMONT COURT	99901	-131.64420037021492	55.34426882678339	
158 DEL REY ROAD	99901	-131.6215337906068	55.34384483380451	
9626 EAGLE STREET	99901	-131.64400381523748	55.3440094367957	
711 HARRIS STREET	99901	-131.64362501814003	55.344160424136696	
827 PETERSON STREET	99901	-131.64061360479624	55.34350696615454	
935 FOREST AVENUE	99901	-131.65170166665501	55.34713178606389	
9626 EAGLE	99901	-131.64538851434904	55.34333626887243	
351 CARLANNA LAKE ROAD	99901	-131.64563268722304	55.3431814588711	
351 CARLANNA LAKE ROAD	99901	-131.64582712397302	55.343141378167715	
354 EDMONDS STREET	99901	-131.64575483294885	55.3430123187527	
420 SPRUCE MILL WAY	99901	-131.64300800759221	55.34013143496947	
800 FOREST PARK DRIVE	99901	-131.61428374037527	55.328633644060844	
752 FOREST PARK DRIVE	99901	-131.61310547142108	55.32911037282733	
308 DEERMOUNT STREET	99901	-131.61353174358294	55.32906710906577	
1716 SOUTH TONGASS HIGHWAY	99926	-131.64509680622345	55.331561425762644	
231 NW CLIFF STREET	99926	-131.64877740157183	55.33454054781191	
731 DEERMOUNT STREET	99926	-131.6500575412759	55.33410264884563	
10451 KINGFISHER ROAD	99926	-131.64300205984674	55.33287959183517	
1716 SOUTH TONGASS HIGHWAY	99926	-131.6481153000883	55.332251444988856	
808 FOREST PARK DRIVE	99901	-131.61458578182155	55.32842536777321	
759 DEERMOUNT STREET	99901	-131.61391949508712	55.328843010794	
1716 SOUTH TONGASS HIGHWAY	99901	-131.61784468192445	55.32916157876145	
1716 SOUTH TONGASS HIGHWAY	99901	-131.6188259656082	55.32922873700883	
1355 DEER MOUNTAIN COURT	99901	-131.62409803517858	55.34068710989218	
935 NORDSTROM DRIVE	99901	-131.62409803517858	55.34068710989218	
935 NORDSTROM DRIVE	99901	-131.62409803517858	55.34068710989218	
935 NORDSTROM DRIVE	99901	-131.62409803517858	55.34068710989218	
1 CREEK STREET	99901	-131.64316217735959	55.342765936769716	
1815 BRAGAW STREET	99901	-131.63792817300106	55.33909846019662	
731 DEERMOUNT STREET	99926	-131.6521702539583	55.335103706209516	
707 HARRIS STREET	99901	-131.64374032319498	55.34405661503796	
744 HOPKINS ALY	99901	-131.65263973778036	55.34478144787348	
5825 FALLA COURT	99901	-131.64752967308323	55.34458637680948	
531 PITTINGER STREET	99901	-131.6472607183855	55.34469381795587	
130 CARLANNA LAKE ROAD	99901	-131.64518056963212	55.34316712124173	
652 PARK AVENUE	99901	-131.64547624112475	55.34305338805702	
6425 NORTHEAST 175TH STREET	99901	-131.6329311271465	55.33666538422416	
1355 DEER MOUNTAIN COURT	99901	-131.62251141994398	55.34106072779994	
935 NORDSTROM DRIVE	99901	-131.62251141994398	55.34106072779994	
935 NORDSTROM DRIVE	99901	-131.62251141994398	55.34106072779994	
935 NORDSTROM DRIVE	99901	-131.62251141994398	55.34106072779994	
130 BRYANT STREET	99901	-131.62251141994398	55.34106072779994	
2417 TONGASS AVENUE	99926	-131.64936182303782	55.33384184795889	
494 FOREST PARK DRIVE	99901	-131.60630644014086	55.32891031675496	
482 FOREST PARK DRIVE	99901	-131.6057386941015	55.328765642192884	
429 DEERMOUNT STREET	99901	-131.61136916182582	55.329122746084764	
660 FOREST PARK DRIVE	99901	-131.61047181762055	55.3291191822518	
466 FOREST PARK DRIVE	99901	-131.60548926698138	55.32854507084069	
105 MAIN STREET	99901	-131.64539566404036	55.34103042696579	
105 MAIN STREET	99901	-131.64549040037025	55.34106802905454	
3004 NORTHWEST 130TH TERRACE	99901	-131.645643092409	55.340998655842235	
105 MAIN STREET	99901	-131.64550750159833	55.341131165029466	
318 MISSION STREET	99901	-131.64601546206055	55.34131345403021	
4810 NORTHEAST TOK-A-LOU AVENUE	99901	-131.6458263406421	55.3413895358011	
3004 NORTHWEST 130TH TERRACE	99901	-131.64578030737368	55.34111026922811	
105 MAIN STREET	99901	-131.6455935350497	55.34117916407851	
1716 SOUTH TONGASS HIGHWAY	99901	-131.61862431358986	55.32844008225398	
1716 SOUTH TONGASS HIGHWAY	99901	-131.61889843180384	55.32857870696917	
1716 SOUTH TONGASS HIGHWAY	99901	-131.61998041303772	55.32895245593436	
1716 SOUTH TONGASS HIGHWAY	99901	-131.61947983582877	55.32887892786377	
25 JEFFERSON WAY	99901	-131.6286382553718	55.33765995525146	
622 FOREST PARK DRIVE	99901	-131.60930026986128	55.329102231811504	
558 FOREST PARK DRIVE	99901	-131.60824697632603	55.329117697747144	
222 WEST 7TH	99901	-131.62174266777498	55.35233185597035	
222 WEST 7TH	99901	-131.613436796149	55.34505115375561	
2600 CORDOVA STREET	99901	-131.61493056780404	55.3372221311229	
237 BROWN WAY	99901	-131.64025137892088	55.34129908200795	
207 STEDMAN STREET	99901	-131.64038355703178	55.34099618990216	
1716 SOUTH TONGASS HIGHWAY	99901	-131.61922028828872	55.328955629874706	
207 STEDMAN STREET	99901	-131.64053164340805	55.34124020483632	
1716 SOUTH TONGASS HIGHWAY	99901	-131.61824188370542	55.329416228214995	
222 WEST 7TH	99901	-131.60519144492199	55.34272268280846	
2600 CORDOVA STREET	99901	-131.58556840061564	55.33271544692224	
400 JUSTICE VALLEY STREET	99901	-131.646382115732	55.34820390781185	
1716 SOUTH TONGASS HIGHWAY	99901	-131.619051287336	55.32884865706072	
400 JUSTICE VALLEY STREET	99901	-131.6513532038681	55.35146799203107	
1802 FAIRY CHASM ROAD	99901	-131.65026173372988	55.350310831031294	
1718 FAIRY CHASM ROAD	99901	-131.65021511925147	55.35072068496983	
1220 COPPER RIDGE LANE	99901	-131.6511705745742	55.35092318818344	
1155 COPPER RIDGE LANE	99901	-131.65210510993055	55.34966666397511	
12068 DEWBERRY LANE	99901	-131.6488459951303	55.34910839011852	
724 BAYVIEW STREET	99901	-131.65197204608077	55.34466505183987	
777 MAIN STREET	99901	-131.65239121975532	55.34526076219839	
730 BAYVIEW STREET	99901	-131.65214646207804	55.34485241279854	
1355 DEER MOUNTAIN COURT	99901	-131.62762146487813	55.340977960229694	
624 E EWING STREET	99901	-131.64163770757634	55.341630889819065	
2417 TONGASS AVENUE	99926	-131.63770143732503	55.330655966834655	
2417 TONGASS AVENUE	99926	-131.6368163730897	55.33048542317374	
2417 TONGASS AVENUE	99926	-131.63872679235664	55.330743796947615	
2417 TONGASS AVENUE	99926	-131.63993284530426	55.32986158193898	
235 FOREST PARK DRIVE	99926	-131.6356119505843	55.33030615086949	
12 EAST 49TH STREET	99901	-131.64943782140918	55.34368087275248	
2417 TONGASS AVENUE	99901	-131.64898137124362	55.34385738789142	
324 CEDAR STREET	99901	-131.6491881562355	55.34402555587729	
730 DEERMOUNT STREET	99901	-131.63219367138367	55.34291739218202	
726 DEERMOUNT STREET	99901	-131.6322166529836	55.34269550397956	
2960 TONGASS AVENUE	99901	-131.6368925690904	55.339930417889	
2960 TONGASS AVENUE	99901	-131.63719933387844	55.33966053920004	
119 AUSTIN STREET	99901	-131.64437519764058	55.34308592685307	
320 BAWDEN STREET	99901	-131.64399684880246	55.34306369879765	
4971 NORTH TONGASS HIGHWAY	99901	-131.65081622512722	55.344357344936604	
55 MT MUIR COURT	99901	-131.65097441216054	55.34451993112993	
428 GOLD ROAD	99901	-131.65163961193346	55.34434096189572	
702 BAYVIEW STREET	99901	-131.6514921013773	55.344427924952704	
55 MT MUIR COURT	99901	-131.65118114415182	55.34461716990541	
55 MT MUIR COURT	99901	-131.6512881002645	55.34433909893224	
55 MT MUIR COURT	99901	-131.65157172355254	55.34422133974641	
420 SPRUCE MILL WAY	99901	-131.63047186059717	55.341801349751634	
1244 EAST FIFTH STREET	99901	-131.63078230039304	55.34172703019805	
2417 TONGASS AVENUE	99901	-131.63113647197358	55.34151603497862	
2417 TONGASS AVENUE	99901	-131.6313635292465	55.34159841010875	
1226 E FIFTH STREET	99901	-131.63156084419865	55.341695944178795	
3817 FAIRVIEW AVENUE	99901	-131.6317807463903	55.34175269194376	
1212 EAST FIFTH STREET	99901	-131.6319890261788	55.341820890916416	
620 LOTUS STREET	99901	-131.63220587859007	55.34188712605494	
225 STANDIFER STREET	99901	-131.6294948735554	55.34231346076771	
2600 CORDOVA STREET	99901	-131.63629898211357	55.34961339709204	
550 WEST 7TH AVENUE	99901	-131.6388610482708	55.35059569224891	
222 WEST 7TH	99901	-131.62685494142937	55.34636117798018	
400 WILLOUGHBY AVENUE	99901	-131.6521529299481	55.355094195008974	
201 DOCK STREET	99901	-131.6470732570537	55.341830390232154	
2349 12TH AVENUE SOUTH	99901	-131.64693550579474	55.34171727185423	
216 FRONT STREET	99901	-131.64693550579474	55.34171727185423	
10305 NORTHEAST 60TH STREET	99901	-131.64693550579474	55.34171727185423	
201 DOCK STREET	99901	-131.64673053899304	55.34154845498624	
1428 FAIRY CHASM	99901	-131.6431453752705	55.35091511191594	
1428 FAIRY CHASM ROAD	99901	-131.64302962015964	55.350739717124924	
1155 COPPER RIDGE LANE	99901	-131.65111977125162	55.35046419994445	
227 LAKE RIDGE DRIVE	99926	-131.63440059218658	55.329669786047944	
1828 FAIRY CHASM ROAD	99901	-131.65030835180156	55.34990098817316	
731 DEERMOUNT STREET	99926	-131.65201151895266	55.33549973324584	
731 DEERMOUNT STREET	99926	-131.65243247757965	55.33554684089598	
731 DEERMOUNT STREET	99926	-131.65220771190906	55.33554608113683	
444 SCHOENBAR ROAD	99901	-131.63758494739224	55.34733340405674	
1815 BRAGAW STREET	99901	-131.63817650597318	55.338612246768754	
429 DEERMOUNT STREET	99901	-131.64732825193192	55.350838473862396	
1155 COPPER RIDGE LANE	99901	-131.65107575200605	55.35009834316792	
1155 COPPER RIDGE LANE	99901	-131.6527316003996	55.35064300412069	
850 NORDSTROM DRIVE	99901	-131.6255515587156	55.34221040084034	
850 NORDSTROM DRIVE	99901	-131.62541181229844	55.342069298168184	
435 HILLCREST STREET	99901	-131.64658043320398	55.34190721123501	
2600 CORDOVA STREET	99901	-131.61891923588752	55.33761216396489	
655 PARK AVENUE	99901	-131.64416566290558	55.343918137948634	
4672 SOUTH TONGASS HIGHWAY	99901	-131.64447815714854	55.3441518131905	
6347 SOUTH TONGASS HIGHWAY	99901	-131.64486821372972	55.343882156864396	
840 BROWN DEER ROAD	99901	-131.64517926797328	55.35115176686201	
1737 SECOND AVENUE	99901	-131.65253221662738	55.35110946793689	
434 SCHOENBAR ROAD	99901	-131.63759729922742	55.3469976139086	
1155 COPPER RIDGE LANE	99901	-131.63683839888213	55.347217351107716	
858 MILLER RIDGE ROAD	99901	-131.6405173341439	55.345120870797665	
2417 TONGASS AVENUE	99901	-131.6407425579553	55.34412991521438	
858 MILLER RIDGE ROAD	99901	-131.63967474495013	55.34524274902837	
3820 19TH STREET	99901	-131.72849013863853	55.41132935995231	
86 GARLAND COURT	99901	-131.74856088711283	55.41152797883784	
2600 CORDOVA STREET	99901	-131.74557122018544	55.41145650210058	
2600 CORDOVA STREET	99901	-131.74624433411603	55.41328678812903	
17051 ISLAND VIEW DRIVE	99901	-131.74660696872488	55.41088172423627	
298 MORNING GLORY LANE	99901	-131.7484471262619	55.41476401393839	
7937 WILLIAMS ROAD	99901	-131.73928323508048	55.407070348092766	
2600 CORDOVA STREET	99901	-131.74567773971688	55.41177047699565	
300 AUSTIN STREET	99901	-131.7515997170391	55.410519358173744	
2329 FIRST AVENUE	99901	-131.75214793729745	55.410499372054055	
10353 NORTH TONGASS HIGHWAY	99901	-131.75045979087616	55.40687412681486	
2401 FOURTH AVENUE	99901	-131.73592398956708	55.407545051162046	
7937 WILLIMAS ROAD	99901	-131.73870375884016	55.40752862592673	
1118 NORTH 30TH STREET	99901	-131.74456826734038	55.40622951894679	
111 STEDMAN STREET	99901	-131.73901965320644	55.40625731209313	
6915 DUNBARTON DRIVE	99901	-131.74626470521173	55.41300244486389	
12805 SOUTHEAST RIVERCREST DRIVE	99901	-131.7516318425903	55.4117887832052	
17505 SE 288TH STREET	99901	-131.74970207361213	55.41560845208401	
12320 HILLTOP DRIVE	99901	-131.750149828984	55.41573353576406	
44 CARLTON'S DRIVE	99901	-131.75172360280163	55.41291884910792	
1304 EDGECUMBE DRIVE	99901	-131.74625970069727	55.41266185583782	
2600 CORDOVA STREET	99901	-131.75005505672155	55.411990610923574	
3820 19TH STREET	99901	-131.72815522693767	55.411188351120806	
1600 TONGASS AVENUE	99901	-131.7270365522194	55.41102678375783	
3820 19TH STREET	99901	-131.72855048386603	55.41103214497115	
15458 PANDORAS LANE	99901	-131.74965912875166	55.40504101596112	
8277 FAIRHAVEN LANE	99901	-131.74733963287397	55.40560869603563	
21520 89TH AVENUE WEST	99901	-131.7442231921004	55.40567661722624	
162 SHOUP STREET	99901	-131.745197084446	55.406337461962494	
21520 89TH AVENUE WEST	99901	-131.7444100758155	55.405187680077134	
240 HACIENDA DRIVE	99901	-131.7504953210423	55.40551889693366	
162 SHOUP STREET	99901	-131.74587846916543	55.405835572175704	
1118 NORTH 30TH STREET	99901	-131.74478224963434	55.40575144306633	
1118 NORTH 30TH STREET	99901	-131.7451297988346	55.40532522322216	
9436 NORTH DOUGLAS HIGHWAY	99901	-131.7481549941315	55.41056341776359	
8380 YEISLEY COURT	99901	-131.75055333514166	55.40742627992057	
5737 JURGEN DRIVE	99901	-131.75112103716356	55.41185090992353	
917 FREEMAN STREET	99901	-131.74579280581995	55.41046594980916	
612 ANDERSON DRIVE	99901	-131.74869897524002	55.410473432053614	
2600 CORDOVA STREET	99901	-131.74915994662635	55.41040290908945	
2600 CORDOVA STREET	99901	-131.74687382136486	55.411454847807	
3609 TONGASS AVENUE	99901	-131.75204711218657	55.41529747023993	
2708 HALIBUT STREET	99901	-131.75133195710066	55.41270029402321	
957 PARK AVENUE	99901	-131.75067117075076	55.412554388025185	
2600 CORDOVA STREET	99901	-131.75055830192687	55.411922510884715	
911 FOREST AVENUE	99901	-131.74908809757332	55.41136785093969	
911 FOREST AVENUE	99901	-131.74963075276844	55.41125005500859	
9085 GLACIER HIGHWAY	99901	-131.7152529383109	55.40671260607196	
1975 DISCOVERY DRIVE	99901	-131.73007871399707	55.40486151800125	
3820 19TH STREET	99901	-131.7294254276814	55.41095968923113	
1517 SAWMILL CREEK ROAD	99901	-131.73762423809185	55.405966851990605	
7180 REVILLA ROAD	99901	-131.71740405217508	55.410732989890256	
1815 BRAGAW STREET	99901	-131.7521219229851	55.42991951397282	
8297 FAIRHAVEN LANE	99901	-131.74758375005243	55.405312034251054	
8277 FAIRHAVEN LANE	99901	-131.7483205850794	55.40615940203654	
8277 FAIRHAVEN LANE	99901	-131.7481824583247	55.40600890307773	
8277 FAIRHAVEN LANE	99901	-131.7479245924308	55.4057302131249	
8277 FAIRHAVEN LANE	99901	-131.74845864625712	55.40631116017474	
4743 NORTH TONGASS HIGHWAY	99901	-131.73093644429497	55.41031686609873	
17456 FM 981	99901	-131.746066174839	55.40838347778149	
8269 REFUGE COURT	99901	-131.74701750689454	55.40788286297339	
8269 REFUGE COURT	99901	-131.74713116893082	55.40761249523033	
2315 18TH STREET	99901	-131.74679180158614	55.40851973482136	
8234 REFUGE COURT	99901	-131.74612087415497	55.407268687993366	
8365 NORTH TONGASS HIGHWAY	99901	-131.75050139634857	55.40614529377169	
7180 REVILLA ROAD	99901	-131.71856909972493	55.41006623821293	
732 NORTH S LOW ROAD	99901	-131.73142345604478	55.41163170792049	
53 BOLLES LANE	99901	-131.71914552977816	55.4082850288275	
72 BOLLES LANE	99901	-131.71955362273363	55.40850852007903	
5400 HOMER DRIVE	99901	-131.72655686084084	55.410754863778244	
4015 ELIZA AVENUE	99901	-131.73687682180918	55.407085910069526	
7847 WILLIAMS ROAD	99901	-131.73723789694267	55.4070741798087	
22 NORTH BUCKA LANE	99901	-131.73760133195043	55.40704969721319	
4430 SOUTH TONGASS HIGHWAY	99901	-131.73928366806845	55.406814662198165	
7996 NORTH TONGASS HIGHWAY	99901	-131.74135979326766	55.40673749280886	
475 KINOOLE STREET	99901	-131.7471077570379	55.40631121678711	
3210 SPINNAKER DRIVE	99901	-131.7468360678684	55.40639169398016	
8271 FAIRHAVEN LANE	99901	-131.74779110457618	55.40619095104039	
8245 NORTH TONGASS HIGHWAY	99901	-131.74739602461594	55.406215212818225	
240 HACIENDA DRIVE	99901	-131.74976655827646	55.40579327915089	
8075 NORTH TONGASS HIGHWAY	99901	-131.7434819409555	55.4061860849124	
4526 SOUTH 136TH STREET	99901	-131.74649244161097	55.406428758152416	
162 SHOUP STREET	99901	-131.74618246893903	55.40641115889716	
162 SHOUP STREET	99901	-131.74578713116227	55.406404469984665	
1717 SECOND AVENUE	99901	-131.74765910433172	55.4071380398164	
10353 NORTH TONGASS HIGHWAY	99901	-131.75028199541683	55.406580228116205	
8376 NORTH TONGASS HIGHWAY	99901	-131.75084612573716	55.406731084970296	
6860 GLACIER HIGHWAY	99901	-131.7515689614187	55.406738362895716	
8120 NORTH TONGASS HIGHWAY	99901	-131.7441860162207	55.406994803082426	
200 WEST EGG AND I ROAD	99901	-131.74335380616168	55.407505820002	
8166 NORTH TONGASS HIGHWAY	99901	-131.745540997266	55.40705107475483	
162 SHOUP STREET	99901	-131.7429740631383	55.4060399080053	
16490 NORTH TONGASS HIGHWAY	99901	-131.75956837009062	55.490497436767654	
16450 WATERFALL ROAD	99901	-131.75713365270133	55.488345224190084	
5851 SOUTH TONGASS HIGHWAY	99901	-131.65451377437998	55.58095391792833	
5959 SOUTH TONGASS AVENUE	99901	-131.657563798213	55.5770024899813	
3093 SPLITROCK ROAD	99901	-131.76286292073385	55.48796712878523	
16266 NORTH TONGASS HIGHWAY	99901	-131.76319243715312	55.487731548195285	
16537 NORTH TONGASS HIGHWAY	99901	-131.76055215109088	55.49173924198193	
16661 WATERFALL ROAD	99901	-131.7555475944222	55.49162561618	
16661 WATERFALL ROAD	99901	-131.75592081477836	55.49138369593419	
16643 WATERFALL ROAD	99901	-131.75629347907733	55.49113689818398	
1627 WATER STREET	99901	-131.65926984626125	55.57755297792297	
65 WOOD ROAD	99901	-131.65704816703655	55.57761899911077	
2417 TONGASS AVENUE	99901	-131.65864099591798	55.57838972778596	
200 EAST WARREN WAY	99901	-131.66023191408277	55.57603316804798	
1649 WATER STREET	99901	-131.65787930271046	55.57634814080941	
3820 BARANOF AVENUE	99901	-131.67001686721395	55.55520834397141	
16766 WATERFALL ROAD	99901	-131.75267641438248	55.49097086076092	
16619 WATERFALL ROAD	99901	-131.75667035288177	55.49088730181314	
12525 NORTH TONGASS HIGHWAY	99901	-131.68319588455896	55.56364218576477	
6425 IDOLS ROAD	99901	-131.65814224857726	55.57378251174775	
32891 MERRILL LANE	99901	-131.67982839790113	55.55768454607772	
1344 POND REEF ROAD	99901	-131.68133222529747	55.55770671298119	
16465 NORTH TONGASS HIGHWAY	99901	-131.76175866756915	55.49087197897221	
16465 NORTH TONGASS HIGHWAY	99901	-131.76204869494686	55.49063385022486	
16591 WATERFALL ROAD	99901	-131.75718966535422	55.49044476001151	
5854 KATAHDIN DRIVE	99901	-131.75494230958375	55.490210508824035	
16465 NORTH TONGASS HIGHWAY	99901	-131.76249079003415	55.49048116410359	
16465 NORTH TONGASS HIGHWAY	99901	-131.76280023898826	55.49027418300655	
995 EAST HILLSIDE DRIVE	99901	-131.75736674934788	55.489845534050176	
57 CASCADE ROAD	99901	-131.75981311069987	55.4896848157633	
4 THREE PONDS DRIVE	99901	-131.76373776573456	55.48959285393729	
16552 WATERFALL ROAD	99901	-131.75590655581982	55.489463426252065	
16317 NORTH TONGASS HIGHWAY	99901	-131.7640237300322	55.48936192977203	
16547 WATERFALL ROAD	99901	-131.75847331118283	55.48937190974831	
62 CASCADE ROAD	99901	-131.7615326918679	55.489209380209054	
16552 WATERFALL ROAD	99901	-131.7560875322136	55.48891427009121	
16317 NORTH TONGASS HIGHWAY	99901	-131.76434416538225	55.489129531855426	
100 CASCADE ROAD	99901	-131.76205358986684	55.48858507789193	
131 GARRISON DRIVE	99901	-131.76465412817274	55.48888435220102	
159 CASCADE ROAD	99901	-131.75982108773957	55.488271648071205	
11958 KNOEFLER DRIVE	99901	-131.75765803077368	55.48817105091417	
16259 WATERFALL ROAD	99901	-131.76145399226246	55.48773154005174	
16402 WATERFALL ROAD	99901	-131.75806806768344	55.487937616840554	
596 SALMONBERRY CIRCLE	99901	-131.75843347539157	55.487691757927124	
1545 POND REEF ROAD	99901	-131.76352202184432	55.487495988082436	
77 PHILLIPS LANE	99901	-131.75916422073922	55.487200019209986	
16271 WATERFALL ROAD	99901	-131.76182748301153	55.48720486110559	
7678 LL ROAD	99901	-131.75955293074583	55.48693845824022	
568 KNUDSON COVE ROAD	99901	-131.76214526204325	55.48696475418119	
16129 NORTH TONGASS HIGHWAY	99901	-131.76663209266422	55.48683229502038	
16288 WATERFALL ROAD	99901	-131.75992607025358	55.48668735412579	
16229 WATERFALL ROAD	99901	-131.76305221462886	55.486484625014924	
1880 SOUTH YATES STREET	99901	-131.76062890314873	55.486219720834136	
16203 WATERFALL ROAD	99901	-131.76287626341076	55.48620772293368	
16203 WATERFALL ROAD	99901	-131.7627144750315	55.48582877379067	
16160 WATERFALL ROAD	99901	-131.76080344131685	55.48569702798625	
6973 SOUTH TONGASS HIGHWAY	99901	-131.65706032663223	55.57973512320905	
6973 SOUTH TONGASS HIGHWAY	99901	-131.65977215721867	55.57997071595348	
5851 SOUTH TONGASS HIGHWAY	99901	-131.65476788621427	55.579941501975476	
5851 SOUTH TONGASS HIGHWAY	99901	-131.65271972107828	55.57986900594258	
428 GOLD ROAD	99901	-131.65946179198295	55.580750034067925	
5851 S TONGASS HIGHWAY	99901	-131.65195974814455	55.58104732674817	
4326 SOUTH TONGASS HIGHWAY	99901	-131.6561117874389	55.58077295214709	
211 D 2 LOOP ROAD	99901	-131.65821257588425	55.58094694276187	
5851 S TONGASS HIGHWAY	99901	-131.65343035224842	55.58117339918223	
777 MAIN STREET	99901	-131.64796404715068	55.582446353158254	
657 NORTH PT HIGGINS ROAD	99901	-131.64557397333607	55.58275952022785	
4326 S TONGASS HIGHWAY	99901	-131.64699701793384	55.5834351411543	
657 N PT HIGGINS ROAD	99901	-131.64427629312777	55.58340049193188	
4206 CAMBRIA DRIVE WEST	99901	-131.64464470570053	55.58465766493442	
3737 SOUTHWEST 117TH AVENUE	99901	-131.6360266578352	55.602150166881415	
237 BROWN WAY	99901	-131.63800898634233	55.602417029946736	
615 HILL ROAD	99901	-131.63706949138728	55.60233863882414	
16619 WATERFALL ROAD	99901	-131.75624215113862	55.49239248181887	
9809 TOTEM BIGHT ROAD	99901	-131.70764539632555	55.52697042876507	
6205 AVENIDA GORRION	99901	-131.68618848987563	55.56013903982599	
225 2ND STREET SOUTHEAST	99901	-131.68527729185206	55.561366899786414	
5707 EAST 32ND STREET	99901	-131.68306479161288	55.561849233143015	
15458 PANDORAS LANE	99901	-131.65125094774095	55.55988474205818	
1418 KETCHIKAN LAKES ROAD	99901	-131.63706019023084	55.60249880787548	
229 MYRTLE STREET	99901	-131.65957725873463	55.574461490167025	
118 SE GOODWIN AVENUE	99901	-131.6579693669025	55.57488210507029	
12715 GERMAN DRIVE	99901	-131.65994758831218	55.575293458089206	
251 WINCHESTER LANE	99901	-131.64899828202886	55.579139968835854	
6973 SOUTH TONGASS HIGHWAY	99901	-131.6593254331127	55.57940466022131	
251 WINCHESTER LANE	99901	-131.64820943185202	55.579595244124455	
402 GOLD ROAD	99901	-131.65782413986383	55.57912617882607	
550 N PLACITA MIRA	99901	-131.73046709162702	55.509103370184015	
18011 NORTH TONGASS HIGHWAY	99901	-131.73511378284266	55.50717171598102	
2417 TONGASS AVENUE	99901	-131.75634629103288	55.495061206862246	
16203 WATERFALL ROAD	99901	-131.76271878694482	55.48551981395271	
228 MARTIN STREET	99901	-131.76226878308978	55.484719525864904	
15639 NORTH TONGASS HIGHWAY	99901	-131.7765324963774	55.481193973180225	
1600 TONGASS AVENUE	99901	-131.7211752426199	55.54458970176298	
1242 WATER STREET	99901	-131.68774336942786	55.55809162912964	
3531 ADMIRALTY BAY DRIVE	99901	-131.67908500786754	55.557926792107914	
2729 TONGASS AVENUE	99901	-131.68097526534626	55.55800996593872	
2822 QUEENS WAY	99901	-131.6784667342884	55.55823846799577	
5306 SHORELINE DRIVE	99901	-131.68761271036811	55.558552154831645	
894 JACKSON STREET	99901	-131.68493934923544	55.563788201776326	
2306 SECOND AVENUE	99901	-131.6834465971682	55.56435708400279	
228 MARTIN STREET	99901	-131.65665358474294	55.573285361203936	
2417 TONGASS AVENUE	99901	-131.6524837668908	55.57687618579192	
2630 EAST 17TH STREET	99901	-131.6519439530669	55.57739391003527	
5093 COCOPLUM AVENUE	99901	-131.65118807285762	55.57780078988764	
229 MYRTLE STREET	99901	-131.6504801923289	55.57823189876572	
35433 227TH AVENUE SOUTHEAST	99901	-131.649833321781	55.57869378997022	
237 BROWN WAY	99901	-131.63772912519872	55.60242711320913	
4114 OLD DAIRY ROAD	99901	-131.63743462600758	55.602432305816734	
4517 SOUTHWEST 26TH AVENUE	99901	-131.6387950553351	55.60302311522815	
5247 SHORELINE DRIVE	99901	-131.71385853110607	55.51979200389048	
12034 NORTH TONGASS HIGHWAY	99901	-131.70287648302727	55.53011492301079	
9809 TOTEM BIGHT ROAD	99901	-131.70362844119202	55.53403646495873	
9809 TOTEM BIGHT ROAD	99901	-131.7034716573272	55.534605492247316	
9809 TOTEM BIGHT ROAD	99901	-131.70234373714803	55.53741011093947	
4430 SOUTH TONGASS HIGHWAY	99901	-131.70203206755852	55.54277039714112	
2010 SOUTH 87TH AVENUE	99901	-131.70242093297367	55.5433327228073	
503 WEST PALM DRIVE	99901	-131.6970964152654	55.55193547106637	
503 WEST PALM DRIVE	99901	-131.69565589663873	55.55179330997603	
810 NORTH PT HIGGINS ROAD	99901	-131.66993326011215	55.554392351788344	
6301 NORTHEAST 157TH STREET	99901	-131.6831622857707	55.55655284019785	
102 EARL HINES LANE	99901	-131.68558954624478	55.558078032920015	
102 EARL HINES LANE	99901	-131.68530143587193	55.55848568396576	
2901 BARANOF AVENUE	99901	-131.6837644651332	55.56057709074788	
810 NORTH PT HIGGINS ROAD	99901	-131.66974956272136	55.556041536251385	
1600 TONGASS AVENUE	99901	-131.7188905331033	55.543964151904966	
17804 VISTA DEL MAR DRIVE	99901	-131.62878404834916	55.60284429024991	
2417 TONGASS AVENUE	99901	-131.63637065599517	55.6029800159953	
2417 TONGASS AVENUE	99901	-131.63571293020536	55.603094271893006	
1905 FIRST AVENUE	99901	-131.6178628108252	55.590774070820196	
3601 C STREET	99901	-131.71489876673036	55.5326325699688	
603 RIGGING LANE	99901	-131.6519588749821	55.562859088936484	
313 FEDERAL BUILDING	99901	-131.75932728292958	55.5392326351487	
23602 WEST 37TH PLACE	99901	-131.70302128156962	55.530606960252925	
15639 NORTH TONGASS HIGHWAY	99901	-131.71225424061996	55.52199141900799	
9809 TOTEM BIGHT ROAD	99901	-131.70386712985123	55.53346717575589	
1 SEALASKA PLAZA	99901	-131.62134856787668	55.58744829695549	
313 FEDERAL BUILDING	99901	-131.75810357179842	55.52255731619851	
313 FEDERAL BUILDING	99901	-131.84256026696477	55.5164262572059	
313 FEDERAL BUILDING	99901	-131.67626530129357	55.582077671794565	
51 WILDWOOD COURT	99901	-131.7731795552407	55.480621283896525	
51 WILDWOOD COURT	99901	-131.77372582076495	55.480805169805436	
12673 NORTH TONGASS HIGHWAY	99901	-131.77352910768406	55.48137282596482	
1242 WATER STREET	99901	-131.68810271979603	55.55770913696154	
16232 SOUTHEAST 205TH PLACE	99901	-131.68838276958587	55.55718331922926	
3601 C STREET	99901	-131.71678660594432	55.55581401219394	
1905 FIRST AVENUE	99901	-131.5844938161098	55.591727179240884	
15639 NORTH TONGASS HIGHWAY	99901	-131.772340379645	55.483617236105665	
5021 NORTH TONGASS HIGHWAY	99901	-131.82993182615908	55.48285497690718	
313 FEDERAL BUILDING	99901	-131.82332593715654	55.48313497607068	
313 FEDERAL BUILDING	99901	-131.80352231979995	55.52237639407305	
222 WEST 7TH AVENUE	99901	-131.7985451410862	55.49845222194762	
15945 NORTH TONGASS HIGHWAY	99901	-131.76938107487587	55.48626326180116	
345 BUNCHBERRY LANE	99901	-131.76814601083612	55.48615440216755	
15639 NORTH TONGASS HIGHWAY	99901	-131.77373903408446	55.48233338476013	
12519 NORTH TONGASS HIGHWAY	99901	-131.76994875623652	55.48338933615909	
12519 NORTH TONGASS HIGHWAY	99901	-131.7708858320285	55.48268699620455	
15945 NORTH TONGASS HIGHWAY	99901	-131.76876648259275	55.485924715059895	
657 NORTH PT HIGGINS ROAD	99901	-131.64196501773327	55.58356112976064	
304 MADISON STREET	99901	-131.63731950690388	55.58464192875197	
1900 FIRST AVENUE	99901	-131.63037098787558	55.58592291986982	
100 CASCADE ROAD	99901	-131.77066493091027	55.4851173249249	
36 WILDWOOD COURT	99901	-131.7737291508197	55.48108047324146	
36 WILDWOOD COURT	99901	-131.77430140460515	55.481174332840524	
15639 NORTH TONGASS HIGHWAY	99901	-131.77459981416274	55.4820454637682	
15639 NORTH TONGASS HIGHWAY	99901	-131.77549785905398	55.481769324092284	
210 E FIG STREET	99923	-131.97433505407048	55.65914896306145	
448 MAIN STREET	99923	-131.83470218035507	55.8476758461024	
550 W 7TH	99923	-131.822782423172	55.85482172984803	
3601 C STREET	99901	-131.67225570156563	55.714058358821234	
313 FEDERAL BUILDING	99901	-131.64079356699207	55.87919163699401	
210 E FIG STREET	99923	-131.96482956143427	55.65372163377808	
5166 SHORELINE DRIVE	99923	-131.5690148071086	55.93023703297068	
5166 SHORELINE DRIVE	99923	-131.56391266734894	55.931801208861984	
1100 AIRPORT LOOP ROAD	99929	-132.3821000256539	56.486018567761505	
1200 AIRPORT LOOP ROAD	99929	-132.3816226186911	56.48586196308293	
1300 AIRPORT LOOP ROAD	99929	-132.38117573558333	56.485715369026856	
1400 AIRPORT LOOP ROAD	99929	-132.38075013625962	56.485575752161154	
1450 AIRPORT LOOP ROAD	99929	-132.38011174221475	56.48536632416336	
1500 AIRPORT LOOP ROAD	99929	-132.37941026487735	56.485215762122984	
1550 AIRPORT LOOP ROAD	99929	-132.37891292879	56.48511625411952	
1600 AIRPORT LOOP ROAD	99929	-132.37866464073366	56.48489157720429	
1700 AIRPORT LOOP ROAD	99929	-132.3779624950497	56.48467845905645	
1800 AIRPORT LOOP ROAD	99929	-132.37743352209466	56.48450755714164	
503 FRONT STREET	99929	-132.38084819276276	56.469280948858966	
296 CAMPBELL DRIVE	99929	-132.382905766853	56.46974990385707	
414 EVERGREEN AVENUE	99929	-132.39094140278368	56.47744642304498	
348 STIKINE AVENUE	99929	-132.39048667019696	56.47666856891856	
404 EVERGREEN AVENUE	99929	-132.3907697176649	56.47718242803865	
345 STIKINE AVENUE	99929	-132.3908846400375	56.47576320896841	
121 PHILLIPS STREET	99929	-132.36889082491535	56.43443008390156	
119 GRAVES STREET	99929	-132.3681168732975	56.43354225587059	
111 GRAVES STREET	99929	-132.36849735293944	56.433878156928365	
102 GRAVES STREET	99929	-132.36795228486943	56.4340777120214	
120 GRAVES STREET	99929	-132.36761664104162	56.43377216379731	
124 GRAVES STREET	99929	-132.3672747817704	56.4334664492122	
140 GRAVES STREET	99929	-132.36693514403282	56.4331569687715	
131 GRAVES STREET	99929	-132.3677378381465	56.43322735422206	
1007 ZIMOVIA HIGHWAY	99929	-132.37670538186134	56.46239885899908	
1033 CASE AVENUE	99929	-132.3783596267621	56.46229452017503	
825 CASE AVENUE	99929	-132.3780055009956	56.46480053410805	
820 CASE AVENUE	99929	-132.3761735648401	56.46449749487689	
834 CASE AVENUE	99929	-132.37658019443995	56.464246089789306	
834 CASE AVENUE	99929	-132.37653500738452	56.46438276924164	
904 CASE AVENUE	99929	-132.3765954783762	56.46403628204158	
912 CASE AVENUE	99929	-132.37660103265958	56.46376752122826	
918 CASE AVENUE	99929	-132.37670981504723	56.463614091795165	
922 CASE AVENUE	99929	-132.37676677901604	56.46349932279521	
926 CASE AVENUE	99929	-132.3768373794109	56.463361893243196	
1002 CASE AVENUE	99929	-132.3769781921283	56.46313560013604	
1008 CASE AVENUE	99929	-132.37708939008573	56.46291825989246	
1003 ZIMOVIA HIGHWAY	99929	-132.37629371540763	56.46292486016083	
930 CASE AVENUE	99929	-132.37634788202266	56.46319011416493	
931 ZIMOVIA HIGHWAY	99929	-132.37567646770458	56.46337904708779	
915 ZIMOVIA HIGHWAY	99929	-132.37561898630616	56.46382321005235	
913 ZIMOVIA HIGHWAY	99929	-132.3756137042123	56.464099410246234	
1012 CASE AVENUE	99929	-132.37713752271696	56.462741512825524	
1007 ZIMOVIA HIGHWAY	99929	-132.3765114122353	56.462631433226804	
927 CASE AVENUE	99929	-132.3779674070377	56.463509524045975	
927 CASE AVENUE	99929	-132.37814988092302	56.46338070222195	
123 3RD STREET	99929	-132.38608121256772	56.474511471032045	
117 MT. DEWEY LANE	99929	-132.38541181137418	56.47373658281893	
115 MT. DEWEY LANE	99929	-132.38593833372514	56.474010347233445	
113 MT. DEWEY LANE	99929	-132.38643893339196	56.474276666932894	
232 CASSIAR STREET	99929	-132.38784072924	56.47478971598342	
111 MT DEWEY LANE	99929	-132.38685475994373	56.47455140585257	
226 CASSIAR STREET	99929	-132.38754976941104	56.47452059913648	
220 CASSIAR STREET	99929	-132.3872892543854	56.474289846154825	
215 MCKINNON STREET	99929	-132.38589520021847	56.47306079692318	
209 MCKINNON STREET	99929	-132.3859801538949	56.472907052760085	
205 MCKINNON STREET	99929	-132.38609035292575	56.47274701108539	
114 2ND STREET	99929	-132.38636856386418	56.47280867798053	
118 2ND STREET	99929	-132.38635530023902	56.472967716145945	
244 2ND STREET	99929	-132.388738619621	56.47459865976993	
238 2ND STREET	99929	-132.3885234650256	56.474499832918994	
232 2ND STREET	99929	-132.38836370144895	56.47439763994213	
825 CASE AVENUE	99929	-132.37751427704544	56.46474941293644	
827 CASE AVENUE	99929	-132.37725653961064	56.46451240106492	
204 OCEAN VIEW DRIVE	99929	-132.3860723596706	56.46389411590023	
1331 PENINSULA STREET	99929	-132.38508368285204	56.46383667777156	
1404 PENINSULA STREET	99929	-132.38527993240228	56.4632190908095	
1330 PENINSULA STREET	99929	-132.3838691057907	56.46293352304231	
1331 PENINSULA STREET	99929	-132.38347821826784	56.46318976824759	
1413 PENINSULA STREET	99929	-132.38368683312797	56.46344120216516	
1331 PENINSULA STREET	99929	-132.3841140557074	56.464231602854156	
1417 PENINSULA STREET	99929	-132.38310247184913	56.46412168985901	
1250 PENINSULA STREET	99929	-132.38343017007827	56.462683511140554	
917 EVERGREEN AVENUE	99929	-132.38542695427495	56.485101764234905	
831 EVERGREEN AVENUE	99929	-132.38763412211455	56.484519807245874	
821 EVERGREEN AVENUE	99929	-132.38788251078216	56.48449641910159	
807 EVERGREEN STREET	99929	-132.388126925303	56.48447340493927	
907 EVERGREEN AVENUE	99929	-132.38725460366993	56.48455553921538	
909 EVERGREEN AVENUE	99929	-132.38687297059118	56.48459147104524	
909 EVERGREEN AVENUE	99929	-132.3866225068152	56.484615051088575	
911 EVERGREEN AVENUE	99929	-132.38636804373965	56.48463900808807	
913 EVERGREEN AVENUE	99929	-132.38610960292397	56.48466333807494	
915 EVERGREEN AVENUE	99929	-132.38569215760805	56.48470263624586	
917 CASE AVENUE	99929	-132.37770086880806	56.46374374609394	
921 CASE AVENUE	99929	-132.37784746937083	56.46363461483047	
126 STIKINE AVENUE	99929	-132.38853322881442	56.4725584011392	
232 STIKINE AVENUE	99929	-132.38940017942042	56.473632417047334	
230 STIKINE AVENUE	99929	-132.3890838206251	56.47372025082368	
230 STIKINE AVENUE	99929	-132.38933450269167	56.473555134885224	
217 STIKINE AVENUE	99929	-132.3898273031852	56.47304287988362	
217 STIKINE AVENUE	99929	-132.38945480327789	56.47311643689073	
217 STIKINE AVENUE	99929	-132.3895231408165	56.47320099519566	
223 STIKINE AVENUE	99929	-132.3895630781174	56.47328341882052	
233 STIKINE AVENUE	99929	-132.38973715904305	56.47355064315646	
237 STIKINE AVENUE	99929	-132.38980743424773	56.473641716041506	
226 2ND STREET	99929	-132.38902468991984	56.47413088993567	
239 2ND STREET	99929	-132.38924262929262	56.474216721087735	
239 2ND STREET	99929	-132.38934127329398	56.47433485780468	
1304 ZIMOVIA HIGHWAY	99929	-132.38391189703927	56.45734606481728	
341 CASSIAR STREET	99929	-132.38944891122793	56.475805819091896	
345 CASSIAR STREET	99929	-132.38960392271673	56.47592495105772	
347 CASSIAR STREET	99929	-132.3896875163438	56.47604016920289	
337 CASSIAR STREET	99929	-132.3897391838457	56.47529464279784	
339 CASSIAR STREET	99929	-132.3891788992131	56.47516298484165	
306 CASSIAR STREET	99929	-132.38858304578685	56.47553249975813	
338 CASSIAR STREET	99929	-132.38864887882244	56.47576681484294	
338 CASSIAR STREET	99929	-132.38870056788386	56.47589290116593	
312 STIKINE AVENUE	99929	-132.38916097692484	56.47637600377809	
210 BERGER STREET	99929	-132.38263363032257	56.46091131516786	
238 BERGER STREET	99929	-132.38100749011377	56.45998489012218	
244 BERGER STREET	99929	-132.38084913419718	56.45973837090885	
236 BERGER STREET	99929	-132.3813737916456	56.460244555104666	
224 BERGER STREET	99929	-132.38180976561256	56.46038772707455	
218 BERGER STREET	99929	-132.3820688109944	56.460523083798506	
214 BERGER STREET	99929	-132.3823329668919	56.460675038226384	
1204 ZIMOVIA HIGHWAY	99929	-132.3815742354299	56.45906123195758	
1204 ZIMOVIA HIGHWAY	99929	-132.3823501714262	56.45858561688728	
1204 ZIMOVIA HIGHWAY	99929	-132.38167003985663	56.45874479702798	
1311 PENINSULA STREET	99929	-132.38272697695868	56.46282163002588	
1448 PENINSULA STREET	99929	-132.38502121760047	56.465206268808565	
319 OCEAN VIEW DRIVE	99929	-132.38626276029	56.465828140916884	
319 OCEAN VIEW DRIVE	99929	-132.38622487204628	56.46554862981826	
308 OCEAN VIEW DRIVE	99929	-132.38516364009885	56.46549206414377	
308 OCEAN VIEW DRIVE	99929	-132.38587753484842	56.465347647921796	
308 OCEAN VIEW DRIVE	99929	-132.3866980614188	56.46524060807363	
306 OCEAN VIEW DRIVE	99929	-132.3866252439819	56.464960006808326	
1448 PENINSULA STREET	99929	-132.38498826919246	56.46494890620681	
102 SUNSET BOULEVARD	99929	-132.3847155397739	56.46490135789881	
105 SUNSET BOULEVARD	99929	-132.38490445098657	56.46457803318538	
211 OCEAN VIEW DRIVE	99929	-132.38532883219477	56.46439453204463	
1430 PENINSULA STREET	99929	-132.38538164774357	56.46415177895334	
1430 PENINSULA STREET	99929	-132.3850846952534	56.464246771182815	
230 OCEAN VIEW DRIVE	99929	-132.38664820581886	56.46474433803606	
230 OCEAN VIEW DRIVE	99929	-132.38645171641843	56.464594702115015	
222 OCEAN VIEW DRIVE	99929	-132.3862314971215	56.464371798000215	
1325 PENINSULA STREET	99929	-132.38325673504127	56.463045939818144	
1315 PENINSULA STREET	99929	-132.3829670427352	56.462945534939394	
1221 PENINSULA STREET	99929	-132.38242034601961	56.46232829479558	
1104 PENINSULA	99929	-132.38170880216114	56.46130373001433	
202 BERGER STREET	99929	-132.38272953086903	56.46121048094537	
1214 PENINSULA STREET	99929	-132.38287909497396	56.46164327885007	
1027 ZIMOVIA HIGHWAY	99929	-132.37745556675173	56.46213401984149	
1034 CASE AVENUE	99929	-132.37764499180074	56.46200681975959	
1037 ZIMOVIA HIGHWAY	99929	-132.37790745527226	56.461639142066005	
1040 CASE AVENUE	99929	-132.378386805291	56.46189936798577	
1043 ZIMOVIA HIGHWAY	99929	-132.37811942084838	56.46128212721709	
1055 ZIMOVIA HIGHWAY	99929	-132.3785644920542	56.460959641247875	
1104 PENINSULA STREET	99929	-132.38139183161314	56.46114763580466	
1104 PENINSULA STREET	99929	-132.381634798948	56.46100773300188	
1104 PENINSULA	99929	-132.38195120894733	56.46117057477453	
235 BERGER STREET	99929	-132.3805814613953	56.460472467096	
241 BERGER STREET	99929	-132.38025026692313	56.46031544976638	
1016 CASE AVENUE	99929	-132.37728972697047	56.46258502103131	
728 CASE AVENUE	99929	-132.3764485301654	56.46588164218527	
793 ZIMOVIA HIGHWAY	99929	-132.37577240328537	56.46597799082741	
730 CASE AVENUE	99929	-132.37573863381718	56.46574292303538	
732 CASE AVENUE	99929	-132.37647064399275	56.46552979015239	
734 CASE AVENUE	99929	-132.37600154914125	56.46551526301331	
801 ZIMOVIA HIGHWAY	99929	-132.3755745673103	56.4655282457788	
804 CASE AVENUE	99929	-132.37632880360266	56.46535226816159	
808 CASE AVENUE	99929	-132.37568502505596	56.465313437782896	
814 CASE AVENUE	99929	-132.3762042809346	56.46508760691776	
817 ZIMOVIA HIGHWAY	99929	-132.37559282377183	56.46503871289806	
824 CASE AVENUE	99929	-132.37621587818492	56.464849959942676	
821 ZIMOVIA HIGHWAY	99929	-132.37563597793977	56.46480772908113	
803 ASH STREET	99929	-132.37554382965624	56.464492977758816	
1003 CASE AVENUE	99929	-132.37820368372033	56.46312034004519	
1003 CASE AVENUE	99929	-132.3776457948946	56.463018087153785	
1001 CASE AVENUE	99929	-132.37752625967303	56.463151653796636	
927 CASE AVENUE	99929	-132.37741798213855	56.46330007799683	
927 CASE AVENUE	99929	-132.37732682469678	56.463429758182265	
921 CASE AVENUE	99929	-132.37723761210762	56.463559192757764	
917 CASE AVENUE	99929	-132.37716392510146	56.463683974191134	
903 CASE AVENUE	99929	-132.37729462728035	56.46396964599404	
1019 CASE AVENUE	99929	-132.37802365864243	56.46281298200786	
813 CASE AVENUE	99929	-132.37704320590032	56.46529299605015	
819 CASE AVENUE	99929	-132.37703267405195	56.46486265608998	
825 CASE AVENUE	99929	-132.37701350400377	56.46466309388049	
541 CASE AVENUE	99929	-132.37819499611322	56.46768712895285	
533 CASE AVENUE	99929	-132.37875525469468	56.46774095313222	
609 CASE AVENUE	99929	-132.37790075384024	56.46740452805643	
527 CASE AVENUE	99929	-132.3791876237224	56.46779426909124	
525 CASE AVENUE	99929	-132.37945861130765	56.46777941282247	
525 CASE AVENUE	99929	-132.37917448406472	56.4679451468799	
515 CASE AVENUE	99929	-132.37978710185084	56.46800458902882	
527 CASE AVENUE	99929	-132.3794607600778	56.46749570897893	
634 SHAKES STREET	99929	-132.3804571399499	56.467298864127464	
634 SHAKES STREET	99929	-132.3809863500602	56.46730148576796	
628 SHAKES STREET	99929	-132.38099278289593	56.467408910843524	
641 SHAKES STREET	99929	-132.38225416757348	56.467059350226315	
636 SHAKES STREET	99929	-132.38138544818474	56.46714981192935	
645 SHAKES STREET	99929	-132.38180238774913	56.46691022513233	
636 SHAKES STREET	99929	-132.38098985618475	56.46715375011229	
636 SHAKES STREET	99929	-132.3804621821936	56.46713590819503	
615 CASE AVENUE	99929	-132.3778438653299	56.467218878944415	
621 CASE AVENUE	99929	-132.37774720121544	56.46708509089106	
625 CASE AVENUE	99929	-132.3776536830011	56.466954459975824	
701 CASE AVENUE	99929	-132.3778207067619	56.46664603377779	
715 CASE AVENUE	99929	-132.377625104897	56.46611970700297	
711 CASE AVENUE	99929	-132.37730594784958	56.466301914013336	
715 CASE AVENUE	99929	-132.37717925664842	56.46600752413098	
424 CHURCH STREET	99929	-132.37858052069382	56.47041536620059	
432 CHURCH STREET	99929	-132.3784970285764	56.470241837166114	
405 ZIMOVIA HIGHWAY	99929	-132.37794700629757	56.470215663967785	
409 ZIMOVIA HIGHWAY	99929	-132.37782666708384	56.4699291430039	
438 CHURCH STREET	99929	-132.3784830346209	56.47001061307883	
444 CHURCH STREET	99929	-132.37850793592057	56.46975310490024	
121 4TH AVENUE	99929	-132.3750320953715	56.47688836511715	
202 PINE STREET	99929	-132.37470308739867	56.46935938399172	
339 STIKINE AVENUE	99929	-132.39068030834468	56.47540195297706	
123 3RD AVENUE	99929	-132.37595546107562	56.47420855296159	
101 2ND AVENUE	99929	-132.37543598061816	56.473623209840156	
351 BENNETT STREET	99929	-132.37668501256226	56.47329036212033	
351 BENNETT STREET	99929	-132.37623174333115	56.47317978121247	
502 CHURCH STREET	99929	-132.3784925747292	56.46953306989275	
520 FRONT STREET	99929	-132.37947810564762	56.46939379194821	
526 FRONT STREET	99929	-132.37955384440585	56.46897604387224	
522 FRONT STREET	99929	-132.38006813529591	56.46891091408438	
515 CHURCH STREET	99929	-132.37897419568898	56.46897682293601	
519 CHURCH STREET	99929	-132.37899909429373	56.468750439232956	
524 FRONT STREET	99929	-132.37959487944804	56.46872643101657	
532 CASE AVENUE	99929	-132.37934014418292	56.46832450277668	
526 CASE AVENUE	99929	-132.3789271599007	56.46826107294183	
528 CASE AVENUE	99929	-132.3785234156895	56.468054634951656	
523 ALASKA AVENUE	99929	-132.37757120597993	56.46878207981785	
520 CHURCH STREET	99929	-132.37823750259585	56.468968599098346	
530 CHURCH STREET	99929	-132.37797016666224	56.468387219924054	
527 ALASKA AVENUE	99929	-132.37739200825044	56.46855940423128	
528 CHURCH STREET	99929	-132.37777081612765	56.46814102718364	
527 ALASKA AVENUE	99929	-132.3773227346673	56.46844265783025	
612 CASE AVENUE	99929	-132.3773489582871	56.46755368793068	
618 CASE AVENUE	99929	-132.37725823473158	56.46738846924637	
521 ZIMOVIA HIGHWAY	99929	-132.37642278265272	56.4683908771144	
1 SPRUCE STREET	99929	-132.37676163885598	56.4680221258518	
523 ZIMOVIA HIGHWAY	99929	-132.37636864658046	56.46816803299663	
525 ZIMOVIA HIGHWAY	99929	-132.3762974083818	56.46802098303079	
601 ZIMOVIA HIGHWAY	99929	-132.37628026493292	56.467696042835726	
611 ZIMOVIA HIGHWAY	99929	-132.3763591693542	56.46742149696258	
622 CASE AVENUE	99929	-132.37721177835667	56.46721790085156	
704 CASE AVENUE	99929	-132.3769808861758	56.466654196087376	
627 ZIMOVIA HIGHWAY	99929	-132.37605112985673	56.46652126009244	
708 CASE AVENUE	99929	-132.37682527191745	56.46642126785539	
718 CASE AVENUE	99929	-132.376734115374	56.46609115290108	
410 ZIMOVIA HIGHWAY	99929	-132.3770634099094	56.47008718395275	
627 WRANGELL AVENUE	99929	-132.37616973172877	56.46987149418381	
631 WRANGELL AVENUE	99929	-132.37566583973646	56.46981837615136	
631 WRANGELL AVENUE	99929	-132.37565297316664	56.46961120677823	
432 ZIMOVIA HIGHWAY	99929	-132.37646681267807	56.46956734222616	
106 PINE STREET	99929	-132.37536091290144	56.469356503965805	
202 PINE STREET	99929	-132.37476093171645	56.46959599891069	
204 PINE STREET	99929	-132.37416224590208	56.469456431904995	
516 ZIMOVIA HIGHWAY	99929	-132.3756792021763	56.468669590206176	
519 ZIMOVIA AVENUE	99929	-132.37518084919603	56.46869927177173	
522 ZIMOVIA HIGHWAY	99929	-132.37533794387795	56.46841671909909	
612 ZIMOVIA HIGHWAY	99929	-132.3749154006228	56.46750658503251	
606 ZIMOVIA HIGHWAY	99929	-132.374995720789	56.467800372774015	
616 COUNCIL DRIVE	99929	-132.3742875536977	56.46731291220814	
612 COUNCIL DRIVE	99929	-132.37434663589394	56.46758454992431	
606 COUNCIL DRIVE	99929	-132.374408430104	56.46786380188978	
612 COUNCIL DRIVE	99929	-132.3735687361804	56.46748513513143	
630 COUNCIL DRIVE	99929	-132.3731619053579	56.46751227489898	
611 ETOLIN AVENUE	99929	-132.37273536998964	56.467540725210995	
605 ETOLIN AVENUE	99929	-132.37283913618472	56.467850434845545	
605 COUNCIL DRIVE	99929	-132.37348761471696	56.467869233165125	
531 ETOLIN AVENUE	99929	-132.37289931971551	56.46812768604092	
529 ETOLIN AVENUE	99929	-132.3729594331777	56.468404910896716	
532 ZIMOVIA HIGHWAY	99929	-132.3753694729478	56.4681036029962	
530 ZIMOVIA HIGHWAY	99929	-132.3750406769774	56.46812466796961	
532 COUNCIL DRIVE	99929	-132.37345667943356	56.46825182919973	
521 ETOLIN AVENUE	99929	-132.37302509373677	56.46870659899371	
515 ETOLIN AVENUE	99929	-132.37309621066285	56.46903319981866	
516 COUNCIL DRIVE	99929	-132.37362418019973	56.469039514194975	
522 COUNCIL DRIVE	99929	-132.3735708984253	56.46879429778174	
524 COUNCIL DRIVE	99929	-132.37351778194088	56.468549698080515	
531 COUNCIL DRIVE	99929	-132.37429324632166	56.46820732095676	
521 COUNCIL DRIVE	99929	-132.37424273315492	56.46856385387531	
515 COUNCIL DRIVE	99929	-132.37432023620437	56.46891984008544	
516 ZIMOVIA AVENUE	99929	-132.37467211977588	56.46895163485335	
530 ZIMOVIA AVENUE	99929	-132.37454218116497	56.46835705478943	
600 ETOLIN AVENUE	99929	-132.37124598840137	56.467920081178534	
622 ETOLIN AVENUE	99929	-132.37175484089073	56.46724101976429	
612 ETOLIN AVENUE	99929	-132.37158117408842	56.467488561161545	
616 ZIMOVIA HIGHWAY	99929	-132.37485466283152	56.46723409123781	
622 ZIMOVIA HIGHWAY	99929	-132.37479432209557	56.46694413310788	
622 COUNCIL DRIVE	99929	-132.37416212732447	56.467004398108955	
623 COUNCIL DRIVE	99929	-132.3734814783253	56.46700992280122	
620 ETOLIN AVENUE	99929	-132.37275499009377	56.46705497583505	
720 CEDAR CIRCLE	99929	-132.37393178670922	56.46655844416546	
730 CEDAR CIRCLE	99929	-132.37342956737993	56.46593264918189	
802 ZIMOVIA HIGHWAY	99929	-132.37454889427508	56.46539895091381	
810 ZIMOVIA HIGHWAY	99929	-132.37449129879064	56.46511059710496	
811 ZIMOVIA AVENUE	99929	-132.37375624781785	56.465231570043585	
815 ZIMOVIA AVENUE	99929	-132.37372035203745	56.46502093400592	
810 LEMIEUX AVENUE	99929	-132.37329252938338	56.46550277898912	
820 LEMIEUX AVENUE	99929	-132.37326852639896	56.46526235005543	
830 LEMIEUX	99929	-132.37322881816846	56.465052243212554	
815 LEMIEUX AVENUE	99929	-132.37263195144254	56.46554429594657	
825 LEMIEUX	99929	-132.37252611642737	56.46530995200449	
835 LEMIEUX AVENUE	99929	-132.37248610187132	56.465099925820674	
805 ETOLIN AVENUE	99929	-132.3720238162497	56.46526101509581	
712 ETOLIN AVENUE	99929	-132.37185618073624	56.46673523004001	
710 HEMLOCK	99929	-132.37154466475863	56.466754932083084	
706 SHTAX-HEEN CIRCLE	99929	-132.37170617915174	56.466000847974676	
711 SHTAX-HEEN CIRCLE	99929	-132.37148910395834	56.466482908799385	
710 SHTAX-HEEN CIRCLE	99929	-132.37139464790283	56.46602027596833	
707 ETOLIN AVENUE	99929	-132.37180847390644	56.46646294906051	
806 ETOLIN AVENUE	99929	-132.37122891681773	56.465574252900154	
845 LEMIEUX AVENUE	99929	-132.3724482387804	56.464888167973456	
855 LEMIEUX AVENUE	99929	-132.37240634584717	56.464675421854075	
820 ZIMOVIA AVENUE	99929	-132.37368206134843	56.4648102809191	
840 LEMIEUX	99929	-132.37318938302582	56.46484122107231	
933 ASH STREET	99929	-132.37314634923214	56.46462857493761	
931 ASH STREET	99929	-132.3736394830006	56.464598297139844	
818 ZIMOVIA HIGHWAY	99929	-132.37443583770334	56.464836061817785	
828 ZIMOVIA HIGHWAY	99929	-132.37437873808892	56.46456441585353	
936 ASH STREET	99929	-132.37251243508558	56.464331004825446	
934 ASH STREET	99929	-132.37287639381114	56.46420643494879	
932 ASH STREET	99929	-132.37323110977076	56.46414998886407	
930 ASH STREET	99929	-132.3735984228056	56.464130753959886	
904 ZIMOVIA HIGHWAY	99929	-132.37432939273208	56.4641769260511	
914 ZIMOVIA HIGHWAY	99929	-132.37432140760748	56.46389940977608	
920 ZIMOVIA HIGHWAY	99929	-132.374340379128	56.46363269022254	
928 ZIMOVIA HIGHWAY	99929	-132.37426151962248	56.4632764832207	
930 ZIMOVIA HIGHWAY	99929	-132.37477136295354	56.46309338821238	
731 HEMLOCK STREET	99929	-132.37072941219725	56.46740126379283	
718 HEMLOCK STREET	99929	-132.3712130085524	56.46677590699136	
724 HEMLOCK STREET	99929	-132.37085715263066	56.466798410826414	
732 HEMLOCK STREET	99929	-132.3705358252535	56.46681873116065	
746 HEMLOCK STREET	99929	-132.3702172359414	56.4668385651621	
717 SHTAX-HEEN CIRCLE	99929	-132.37115744775204	56.466503883857925	
723 SHTAX-HEEN CIRCLE	99929	-132.37080169064504	56.46652638586919	
731 SHTAX-HEEN CIRCLE	99929	-132.3703388157286	56.466573668137215	
745 SHTAX-HEEN CIRCLE	99929	-132.37018728341485	56.46643577380525	
746 SHTAX-HEEN CIRCLE	99929	-132.37013141628904	56.466181249185425	
732 SHTAX-HEEN CIRCLE	99929	-132.37029724888376	56.46604515186482	
724 SHTAX-HEEN CIRCLE	99929	-132.37070656983622	56.4660265541227	
718 SHTAX-HEEN CIRCLE	99929	-132.37106297373026	56.46604094806921	
812 ETOLIN AVENUE	99929	-132.37107992493966	56.465346928831785	
818 ETOLIN AVENUE	99929	-132.37124471009875	56.46510802295503	
710 ST MICHAELS STREET	99929	-132.3755384604258	56.47577096695648	
212 BENNETT STREET	99929	-132.37667883394974	56.470952659837394	
684 EVERGREEN AVENUE	99929	-132.39090530488232	56.482149693838906	
690 EVERGREEN AVENUE	99929	-132.390377322769	56.48246042123203	
702 WRANGELL AVENUE	99929	-132.3746130097319	56.46999107200712	
702 WRANGELL AVENUE	99929	-132.37416255132928	56.46988408792213	
702 WRANGELL AVENUE	99929	-132.3737052163232	56.46977467509121	
703 REID STREET	99929	-132.3742579128866	56.47044167522001	
208 FRONT STREET	99929	-132.3837456628976	56.471667317105684	
202 FRONT STREET	99929	-132.38396607533235	56.47171775812432	
216 COW ALLEY	99929	-132.3831428708841	56.4716883409034	
213 CHURCH STREET	99929	-132.38325403470554	56.47183973214756	
210 COW ALLEY	99929	-132.38347080537014	56.47180683976278	
209 CHURCH STREET	99929	-132.38334376472432	56.47193211905332	
202 CHURCH STREET	99929	-132.38372035376278	56.47193588903131	
436 FRONT STREET	99929	-132.37974683037666	56.46973805587641	
434 FRONT STREET	99929	-132.37976609564623	56.46986344222768	
429 CHURCH STREET	99929	-132.3792955203712	56.470134588814936	
430 FRONT STREET	99929	-132.38027168096286	56.46987266175952	
426 FRONT STREET	99929	-132.38035926310982	56.46996677776813	
420 FRONT STREET	99929	-132.38045448273328	56.47006994878361	
426 FRONT STREET	99929	-132.3799603491399	56.470066115106114	
418 FRONT STREET	99929	-132.3800017327284	56.47018729604499	
425 CHURCH STREET	99929	-132.37918870170074	56.47033748800228	
419 CHURCH STREET	99929	-132.37931602441753	56.470521926027146	
408 FRONT STREET	99929	-132.38050595530078	56.47030863190817	
408 FRONT STREET	99929	-132.3806557430862	56.470444855860656	
415 CHURCH STREET	99929	-132.37944853939666	56.47066967289133	
411 CHURCH STREET	99929	-132.3795880774047	56.4707593479581	
407 CHURCH STREET	99929	-132.37972771782066	56.47083242014182	
403 CHURCH STREET	99929	-132.3798775235724	56.470923177022286	
333 CHURCH STREET	99929	-132.38044441711054	56.47107002818768	
326 FRONT STREET	99929	-132.38158353658636	56.47088913515441	
109 ST MICHAELS STREET	99929	-132.38113163369277	56.47091558277972	
118 ST MICHAELS STREET	99929	-132.38035024222773	56.47078272124753	
337 CHURCH STREET	99929	-132.3807014879954	56.47129690913443	
337 CHURCH STREET	99929	-132.38095995576052	56.47120400117206	
327 CHURCH STREET	99929	-132.3812728524487	56.471359113771754	
316 FRONT STREET	99929	-132.3820158310539	56.47112283782302	
325 CHURCH STREET	99929	-132.38157589731318	56.471466096181196	
317 CHURCH STREET	99929	-132.3820304610166	56.4715167409034	
306 FRONT STREET	99929	-132.3822844470868	56.47139330506681	
302 FRONT STREET	99929	-132.3825906216817	56.4714146738663	
303 CHURCH STREET	99929	-132.3823608550899	56.47167747100947	
219 CHURCH STREET	99929	-132.38300487887665	56.47182183685988	
224 FRONT STREET	99929	-132.38279169877828	56.47142265900441	
224 FRONT STREET	99929	-132.38286387302145	56.471461265806056	
222 FRONT STREET	99929	-132.38298139871176	56.471482005899404	
319 CHURCH STREET	99929	-132.38184561198565	56.4716086681359	
441 FRONT STREET	99929	-132.38069201076914	56.46960203581161	
431 FRONT STREET	99929	-132.3807605980394	56.469723787879886	
423 FRONT STREET	99929	-132.38099020742604	56.469892870786765	
423 FRONT STREET	99929	-132.38114647296294	56.47005271708008	
423 FRONT STREET	99929	-132.38120238410622	56.47008010708429	
423 FRONT STREET	99929	-132.3813682382605	56.47016601090923	
321 FRONT STREET	99929	-132.38247363408223	56.470745568105905	
309 FRONT STREET	99929	-132.3825575313399	56.470927309817895	
321 FRONT STREET	99929	-132.38217624590914	56.470576630909115	
214 FRONT STREET	99929	-132.3833239847201	56.47157965819826	
216 FRONT STREET	99929	-132.38321630995517	56.47156827720258	
218 FRONT STREET	99929	-132.38309487300015	56.47155116476739	
204 REID STREET	99929	-132.38363502369225	56.47303750988061	
209 1ST AVENUE	99929	-132.38331452366353	56.47385513383125	
104 3RD STREET	99929	-132.384583444308	56.4742319628272	
202 1ST AVENUE	99929	-132.38441937420785	56.47445447316929	
114 3RD STREET	99929	-132.38481406160435	56.47443437076115	
114 3RD STREET	99929	-132.38501442543858	56.47443904397538	
124 CHURCH STREET	99929	-132.38401857826744	56.47262573114377	
209 REID STREET	99929	-132.38346604968902	56.47279943484938	
222 GRIEF STREET	99929	-132.38391151435692	56.47292882210687	
204 REID STREET	99929	-132.38339246509082	56.4731146239043	
204 REID STREET	99929	-132.3836794579595	56.47319086898836	
213 3RD STREET	99929	-132.38333640572552	56.47337773178486	
217 1ST AVENUE	99929	-132.38278183258151	56.47372568175744	
223 1ST AVENUE	99929	-132.38232819863435	56.47375242906985	
220 3RD STREET	99929	-132.38248132006782	56.473558340073005	
227 1ST AVENUE	99929	-132.38201964440228	56.47365875509536	
227 1ST AVENUE	99929	-132.3821716132972	56.47346509876749	
327 MISSION STREET	99929	-132.38163246602323	56.47356779686388	
203 3RD STREET	99929	-132.38178145879965	56.473375153233775	
320 ST MICHAELS STREET	99929	-132.37835165601058	56.472534487122644	
304 ST MICHAELS STREET	99929	-132.3787190921146	56.4720588929168	
315 WEBBER STREET	99929	-132.3777339088442	56.47201122400909	
319 WEBBER STREET	99929	-132.37759516943848	56.47219430876729	
423 1ST AVENUE	99929	-132.37742093579922	56.472419103033964	
318 WEBBER STREET	99929	-132.37715556897268	56.471989838179056	
308 WEBER STREET	99929	-132.37735928801453	56.471744127767856	
302 WEBBER STREET	99929	-132.37745544278422	56.47161743323513	
412 REID STREET	99929	-132.37823301910427	56.47198995924689	
319 ST MICHAELS STREET	99929	-132.37898877804096	56.472617547790165	
211 ST MICHAELS STREET	99929	-132.3792619323627	56.47225676200699	
322 REID STREET	99929	-132.38008309044875	56.47231501799704	
330 REID STREET	99929	-132.3795349240893	56.472491108228176	
324 REID STREET	99929	-132.37985851791592	56.47258427601172	
327 1ST AVENUE	99929	-132.37934317869193	56.47283581394286	
321 1ST AVENUE	99929	-132.3797580521312	56.47293306284864	
317 1ST AVENUE	99929	-132.38017743421483	56.473032855844316	
311 1ST AVENUE	99929	-132.38058603561674	56.473152295203974	
324 MISSION STREET	99929	-132.3810670942312	56.473265129763874	
314 MISSION STREET	99929	-132.38137226001805	56.47293692005263	
306 MISSION STREET	99929	-132.38159514461645	56.47267402395875	
311 MISSION STREET	99929	-132.3819598758932	56.473057234950296	
221 3RD STREET	99929	-132.38244389894803	56.47316832478337	
215 THIRD STREET	99929	-132.38284571357798	56.47328134684515	
208 REID STREET	99929	-132.3831129327306	56.47305642620031	
313 MISSION STREET	99929	-132.38207306361898	56.47278010310797	
214 ST MICHAELS STREET	99929	-132.3792091689162	56.47148881010036	
220 ST MICHAELS STREET	99929	-132.37912609900692	56.47172291396292	
214 ST MICHAELS STREET	99929	-132.37891929335376	56.47142668506543	
407 REID STREET	99929	-132.37879835226875	56.47164790192503	
415 REID STREET	99929	-132.37864038172944	56.47148341903769	
415 REID STREET	99929	-132.37840956770202	56.471430186160326	
217 WEBBER STREET	99929	-132.378176028186	56.47138994190863	
224 WEBBER STREET	99929	-132.37762622958772	56.471417581026394	
218 WEBBER STREET	99929	-132.37776719142548	56.47128693524535	
212 WEBBER STREET	99929	-132.37787994885826	56.471148201109145	
225 BENNETT STREET	99929	-132.3772287250745	56.4712554848036	
215 BENNETT STREET	99929	-132.37738033643996	56.47105299591099	
208 WEBBER STREET	99929	-132.3781112928917	56.47096147718839	
502 WRANGELL AVENUE	99929	-132.37828385925778	56.47075669479981	
510 WRANGELL AVENUE	99929	-132.37790016544372	56.47077642601651	
510 WRANGELL AVENUE	99929	-132.37768629094762	56.47073577220633	
209 BENNETT STREET	99929	-132.37749788099487	56.47067853496573	
207 WEBBER STREET	99929	-132.37851302757159	56.471066552861544	
203 WEBBER	99929	-132.3786848267764	56.47085845993488	
412 CHURCH STREET	99929	-132.37897969607346	56.47113387310726	
414 CHURCH STREET	99929	-132.37920153323626	56.47117034211868	
202 ST MICHAELS STREET	99929	-132.37947281097732	56.471264941175754	
427 1ST AVENUE	99929	-132.37696445958252	56.472315101850675	
309 BENNETT STREET	99929	-132.37645015701438	56.47220899510471	
307 BENNETT STREET	99929	-132.37662502216926	56.47198777704904	
305 BENNETT STREET	99929	-132.3768787701859	56.47166267778691	
103 CREST LANE	99929	-132.38236591799483	56.474447109845514	
206 1ST STREET	99929	-132.383091197094	56.474318985997115	
201 3RD AVENUE	99929	-132.3770551570869	56.475094828800486	
201 HOWELL AVENUE	99929	-132.37777751216979	56.474171761889764	
418 MISSION STREET	99929	-132.38043471440716	56.474132892899625	
103 PARK AVENUE	99929	-132.37974585031466	56.474047862844614	
105 PARK AVENUE	99929	-132.37940881769143	56.473969524224756	
109 PARK AVENUE	99929	-132.3791215849726	56.47378046984262	
406 MISSION STREET	99929	-132.38069608103572	56.473859830932234	
405 MISSION STREET	99929	-132.3813135775721	56.473896210001826	
240 1ST AVENUE	99929	-132.38170213217015	56.473988623160636	
220 1ST AVENUE	99929	-132.3821861201907	56.47410373207609	
210 1ST AVENUE	99929	-132.38268715464213	56.47422289419141	
417 MISSION STREET	99929	-132.38104887010903	56.47419409810782	
101 CREST LANE	99929	-132.3816237595515	56.474269278767125	
103 CREST LANE	99929	-132.3824250253439	56.47466014107591	
106 CREST LANE	99929	-132.38212891098186	56.47504099718506	
106 CREST LANE	99929	-132.38166125433315	56.47511271510323	
14 CREST DRIVE	99929	-132.3814657979953	56.474841764819786	
10 CREST DRIVE	99929	-132.38133212329114	56.47465804784147	
6 CREST DRIVE	99929	-132.3811372427734	56.47438911710897	
15 CREST DRIVE	99929	-132.38089582323576	56.475045397943965	
11 CREST DRIVE	99929	-132.38074701820727	56.47484512320688	
9 CREST DRIVE	99929	-132.38060576890862	56.47465470977973	
3 CREST DRIVE	99929	-132.38046470286628	56.474465753077986	
501 MISSION STREET	99929	-132.3802304689526	56.47474053081679	
304 1ST AVENUE	99929	-132.3808620843103	56.47364604402739	
310 1ST AVENUE	99929	-132.3802599857962	56.47376003316424	
310 1ST AVENUE	99929	-132.38042898764724	56.47354443918157	
316 1ST AVENUE	99929	-132.37989866272767	56.4735203987693	
326 1ST AVENUE	99929	-132.3789881546102	56.4733045379788	
330 1ST AVENUE	99929	-132.37853319295306	56.47319689985988	
212 2ND AVENUE	99929	-132.37863250170773	56.473757784087034	
210 2ND AVENUE	99929	-132.37811075569914	56.47363338108255	
351 BENNETT STREET	99929	-132.37714219395647	56.47339723787067	
351 BENNETT STREET	99929	-132.37577738803682	56.47306860706477	
351 BENNETT STREET	99929	-132.3770299270038	56.47284746100094	
351 BENNETT STREET	99929	-132.3765703165651	56.47273785476897	
351 BENNETT STREET	99929	-132.3761229555536	56.47262906094903	
10 FRONT STREET	99929	-132.38650494070072	56.4717892759093	
4 FRONT STREET	99929	-132.3865240011544	56.47185271721626	
2 FRONT STREET	99929	-132.3865487506388	56.47193359618212	
18 FRONT STREET	99929	-132.3862631007515	56.47196683379827	
18 FRONT STREET	99929	-132.38622765502703	56.47185855478964	
20 FRONT STREET	99929	-132.38600291001765	56.47192993089798	
22 FRONT STREET	99929	-132.38587464317152	56.47194424024075	
109 FEDERAL WAY	99929	-132.38680217705857	56.472214070992166	
114 COW ALLEY	99929	-132.38640175661394	56.47213909713807	
115 MCKINNON STREET	99929	-132.38609883392033	56.47234938705419	
109 MCKINNON STREET	99929	-132.3860169884148	56.47216023082591	
105 CHURCH STREET	99929	-132.38540517192592	56.47225656304037	
105 CHURCH STREET	99929	-132.38521341844367	56.47222960677601	
116 FRONT STREET	99929	-132.38496286573454	56.47194392615867	
104 FRONT STREET	99929	-132.38507374838335	56.471968200773816	
104 FRONT STREET	99929	-132.38524343385228	56.471998404222354	
104 FRONT STREET	99929	-132.38547287435566	56.4719870288102	
116 FRONT STREET	99929	-132.384775257079	56.47191450613594	
116 FRONT STREET	99929	-132.38459595604328	56.47188235808741	
116 FRONT STREET	99929	-132.3845188509475	56.47187932691766	
127 CHURCH STREET	99929	-132.38453179836566	56.47213179092177	
131 CHURCH STREET	99929	-132.38434341715902	56.47208924018487	
131 CHURCH STREET	99929	-132.3841172411334	56.472048221104345	
633 REID STREET	99929	-132.3747671345835	56.47068654606089	
621 REID STREET	99929	-132.37572073488516	56.47085644588189	
115 FRONT STREET	99929	-132.3858358036119	56.471423149237175	
103 FRONT STREET	99929	-132.38546167775394	56.47147605613	
21 FRONT STREET	99929	-132.385703973149	56.47159489504234	
21 FRONT STREET	99929	-132.38587991718055	56.471575144899795	
115 FRONT STREET	99929	-132.38502067681463	56.471635134114955	
115 FRONT STREET	99929	-132.38469612987555	56.471599971011905	
115 FRONT STREET	99929	-132.38456094240843	56.47158237580309	
123 FRONT STREET	99929	-132.38450712433976	56.47140983107995	
109 LYNCH STREET	99929	-132.38466457475454	56.47117758897718	
106 LYNCH STREET	99929	-132.38408789766464	56.47132362392115	
215 FRONT STREET	99929	-132.3838625471908	56.47129357375427	
215 FRONT STREET	99929	-132.38363352620067	56.47124571880695	
219 FRONT STREET	99929	-132.38333723756548	56.47119439890488	
223 FRONT STREET	99929	-132.38306150687552	56.47109081215957	
110 LYNCH STREET	99929	-132.3841844243369	56.471066419882185	
224 BRUEGER STREET	99929	-132.38323646455692	56.47085493000803	
224 BRUEGER STREET	99929	-132.38329431965445	56.47070779319389	
223 BRUEGER STREET	99929	-132.38380462202466	56.47042922209126	
205 BRUEGER STREET	99929	-132.38428022427203	56.470754110116324	
237 STIKINE AVENUE	99929	-132.39031044768768	56.47355173718743	
301 MCCORMACK STREET	99929	-132.39036899089479	56.4741941417691	
233 STIKINE AVENUE	99929	-132.3901498756273	56.47344696211965	
227 2ND STREET	99929	-132.3888727488727	56.47403173291754	
223 2ND STREET	99929	-132.38871501099703	56.4739225468745	
219 2ND STREET	99929	-132.38852351533126	56.473821236989046	
215 2ND STREET	99929	-132.38826441335553	56.47361217875264	
211 2ND STREET	99929	-132.38818071103233	56.4735422277997	
211 2ND STREET	99929	-132.38804326160735	56.47347386492662	
219 CRITTENDEN	99929	-132.38893355942753	56.47342649003434	
205 CRITTENDEN	99929	-132.38861038601252	56.47314240317331	
110 CRITTENDEN	99929	-132.38787869294222	56.473244259161454	
135 2ND STREET	99929	-132.3875408078178	56.47323787502921	
131 2ND STREET	99929	-132.38741023769126	56.473125453197376	
127 2ND STREET	99929	-132.38727947712184	56.47300906319121	
137 FEDERAL WAY	99929	-132.38758848230822	56.47301090396798	
123 FORT STREET	99929	-132.3878369320613	56.47291525986733	
113 FORT STREET	99929	-132.3881551539625	56.47300020513397	
113 FORT STREET	99929	-132.3884927255749	56.47291013098368	
113 FORT STREET	99929	-132.3882853351185	56.47290203600923	
109 FORT STREET	99929	-132.38863212524237	56.47278223018548	
120 FORT STREET	99929	-132.3881429997567	56.47266773003371	
130 STIKINE AVENUE	99929	-132.38873099382252	56.4725867742367	
151 3RD STREET	99929	-132.38768268503878	56.47529128097752	
306 CASSIAR STREET	99929	-132.38829747315464	56.47508401594564	
115 3RD STREET	99929	-132.38494442871163	56.473943141242344	
117 3RD STREET	99929	-132.3852945731448	56.47413915681265	
120 3RD STREET	99929	-132.38565184031978	56.474305853919475	
225 CASSIAR STREET	99929	-132.38808374777884	56.47422450816861	
218 2ND STREET	99929	-132.38786323203786	56.47409347016391	
218 2ND STREET	99929	-132.3876982717073	56.47399124880465	
214 2ND STREET	99929	-132.38752495434963	56.473896463040695	
210 2ND AVENUE	99929	-132.38738458090842	56.473794097761825	
220 MCKINNON STREET	99929	-132.38536044570625	56.473069768091996	
113 REID STREET	99929	-132.3849537119018	56.472967480962886	
210 MCKINNON STREET	99929	-132.3854298782912	56.47284801621335	
113 REID STREET	99929	-132.38518483315303	56.47269837203644	
113 REID STREET	99929	-132.385068903769	56.47263551514375	
206 MCKINNON STREET	99929	-132.38548952462943	56.472666227132564	
219 GRIEF STREET	99929	-132.3844768583012	56.47295984793204	
209 GRIEF STREET	99929	-132.38472168335213	56.47266180724337	
120 REID STREET	99929	-132.38408166515322	56.4733059649418	
114 REID STREET	99929	-132.3844698577302	56.47334735379244	
207 THIRD STREET	99929	-132.38428259312943	56.47361563003012	
110 REID STREET	99929	-132.38473611568548	56.47343030005293	
104 REID STREET	99929	-132.38511751699892	56.47342827919016	
318 MCKINNON STREET	99929	-132.3847262485904	56.473664618191215	
305 MCKINNON STREET	99929	-132.38570984992757	56.473441137194555	
110 CASSIAR STREET	99929	-132.3860521700346	56.47356093200798	
118 CASSIAR STREET	99929	-132.38625365855955	56.47372768722352	
214 CASSIAR STREET	99929	-132.38683753025657	56.47409312881129	
206 CASSIAR STREET	99929	-132.3865488386737	56.47386350793777	
344 STIKINE AVENUE	99929	-132.38990388905472	56.47574315091279	
315 STIKINE AVENUE	99929	-132.3906048363861	56.474918207868285	
403 EVERGREEN STREET	99929	-132.39151386228335	56.47689595816496	
403 EVERGREEN STREET	99929	-132.39163085527267	56.47722683397964	
337 CASSIAR STREET	99929	-132.38929621110435	56.475376997875394	
335 CASSIAR STREET	99929	-132.38935892878254	56.47559963000394	
502 EVERGREEN AVENUE	99929	-132.38999554326486	56.478521316164624	
110 5TH AVENUE	99929	-132.39331812224327	56.48362451693114	
701 EVERGREEN AVENUE	99929	-132.39185404799323	56.4830406692176	
104 GRAVE STREET	99929	-132.39223953843785	56.48310576186861	
106 GRAVE STREET	99929	-132.3924958727042	56.483104911169775	
107 GRAVE STREET	99929	-132.39275101939768	56.48310406394319	
108 GRAVE STREET	99929	-132.39300161522596	56.48310323010951	
110 GRAVE STREET	99929	-132.39331568870716	56.48310218496519	
110 GRAVE STREET	99929	-132.39384163523803	56.48310043297188	
110 SPRING STREET	99929	-132.39054474178852	56.48009243186773	
611 EVERGREEN AVENUE	99929	-132.3928920665754	56.48088486110684	
609 EVERGREEN AVENUE	99929	-132.39245328986476	56.48071115322581	
581 EVERGREEN AVENUE	99929	-132.39219552458218	56.48017077719826	
583 EVERGREEN AVENUE	99929	-132.3928353451517	56.48027514081886	
581 EVERGREEN AVENUE	99929	-132.392683231628	56.47998575305849	
577 EVERGREEN AVENUE	99929	-132.3924595592071	56.47977442201064	
520 EVERGREEN AVENUE	99929	-132.3912268586349	56.47984608286603	
571 EVERGREEN AVENUE	99929	-132.39229205305102	56.47935330019593	
516 EVERGREEN AVENUE	99929	-132.39105372363522	56.47965572379425	
514 EVERGREEN AVENUE	99929	-132.39103831842644	56.479408211124515	
510 EVERGREEN AVENUE	99929	-132.3910236767856	56.47917296107307	
506 EVERGREEN AVENUE	99929	-132.39100653333674	56.47889749509838	
504 EVERGREEN AVENUE	99929	-132.3909874576117	56.47864650185938	
569 EVERGREEN AVENUE	99929	-132.39214377174034	56.47889588082377	
502 EVERGREEN AVENUE	99929	-132.39096909874223	56.47815121617322	
711 EVERGREEN AVENUE	99929	-132.39254053963504	56.48437608887524	
103 5TH AVENUE	99929	-132.39178985528133	56.48352844322626	
745 EVERGREEN AVENUE	99929	-132.39134568508572	56.48359267988844	
107 5TH AVENUE	99929	-132.3928525757372	56.48416469299133	
106 4TH AVENUE	99929	-132.39055334315736	56.484050590757015	
106 4TH AVENUE	99929	-132.39082230593996	56.48404970882997	
725 EVERGREEN AVENUE	99929	-132.39028088592832	56.48394585806097	
709 EVERGREEN AVENUE	99929	-132.39055290837277	56.483774171110355	
747 EVERGREEN AVENUE	99929	-132.38928330770364	56.48405136603926	
742 EVERGREEN AVENUE	99929	-132.38964090006877	56.48339966302888	
740 EVERGREEN AVENUE	99929	-132.39003992183652	56.483361603089854	
710 EVERGREEN AVENUE	99929	-132.39043895977395	56.48332210114924	
707 GRAVE STREET	99929	-132.3904370194129	56.48301691904782	
930 EVERGREEN AVENUE	99929	-132.3909082028474	56.48310923906878	
820 EVERGREEN AVENUE	99929	-132.3877251843349	56.48366225319684	
810 EVERGREEN AVENUE	99929	-132.38799863330402	56.483633455841755	
808 EVERGREEN AVENUE	99929	-132.3885027346038	56.48358134812888	
804 EVERGREEN AVENUE	99929	-132.38875707820347	56.483555056151985	
911 GRAVE STREET	99929	-132.38775472363636	56.483095513798894	
807 GRAVES STREET	99929	-132.38799525474022	56.48309394781818	
807 GRAVES STREET	99929	-132.38824438361965	56.483092324793446	
805 GRAVE STREET	99929	-132.3885037631748	56.483090634804	
203 3RD AVENUE	99929	-132.38923480586482	56.483286926054156	
201 3RD AVENUE	99929	-132.38923848985579	56.48356270986961	
206 GRAVE STREET	99929	-132.38922976811267	56.48302082582281	
711 GRAVE STREET	99929	-132.38963539070113	56.48302016510367	
914 EVERGREEN AVENUE	99929	-132.38580813370447	56.48385229009359	
912 EVERGREEN AVENUE	99929	-132.38609300385414	56.48382559503618	
910 EVERGREEN AVENUE	99929	-132.38633631344715	56.48380154575847	
830 EVERGREEN AVENUE	99929	-132.38710004133878	56.48372605312946	
830 EVERGREEN AVENUE	99929	-132.38734347130605	56.48370198989992	
214 2ND AVENUE	99929	-132.38632566481778	56.483073362879345	
214 2ND AVENUE	99929	-132.3865796472947	56.483071214056956	
214 2ND AVENUE	99929	-132.3868391310544	56.48306901910317	
214 2ND AVENUE	99929	-132.38708998290252	56.48306689607429	
214 2ND AVENUE	99929	-132.38732802118147	56.48306488118092	
729 EVERGREEN AVENUE	99929	-132.39003003677513	56.48397238885014	
324 STIKINE AVENUE	99929	-132.389786698436	56.47552546111472	
211 THIRD STREET	99929	-132.38391499263372	56.473549323869165	
310 FRONT STREET	99929	-132.3823287591831	56.471266767151405	
408 FRONT STREET	99929	-132.38095263718589	56.470636312074966	
408 FRONT STREET	99929	-132.38078137786854	56.470565392021626	
118 ST MICHAELS STREET	99929	-132.3800469413434	56.470627592895575	
232 2ND STREET	99929	-132.3882371872159	56.47432866586552	
503 FRONT STREET	99929	-132.38275331017292	56.46851805184347	
147 3RD STREET	99929	-132.38717524559942	56.474811196983985	
320 1ST AVENUE	99929	-132.3794768821422	56.47338330218892	
33 TIMBER AVENUE	99929	-132.33918397505076	56.31458552903915	
120 FRONT STREET	99929	-132.38439559400567	56.4718380039472	
124 FRONT STREET	99929	-132.38426036162278	56.471811267194255	
630 WRANGELL AVENUE	99929	-132.3756249583062	56.47022812312104	
636 WRANGELL AVENUE	99929	-132.37517053114664	56.47012049811226	
624 WRANGELL AVENUE	99929	-132.37611088039958	56.470343749068185	
621 REID STREET	99929	-132.37574734657713	56.470688275802246	
621 REID STREET	99929	-132.37537403728777	56.470900285127335	
522 ZIMOVIA AVENUE	99929	-132.37460569205558	56.468647996064895	
151 3RD STREET	99929	-132.3878880893201	56.475459726859484	
339 CASSIAR STREET	99929	-132.38921211711568	56.4753006420785	
1204 ZIMOVIA HIGHWAY	99929	-132.38113332611877	56.45906494712622	
432 ZIMOVIA HIGHWAY	99929	-132.37636981169535	56.46929743907173	
682 EVERGREEN AVENUE	99929	-132.3908181368587	56.48202247101908	
680 EVERGREEN AVENUE	99929	-132.3902475772959	56.482094499169264	
1203 ZIMOVIA HIGHWAY	99929	-132.380510024669	56.45875425105626	
232 WOOD STREET	99929	-132.37180397334686	56.462811201781456	
1048 ZIMOVIA HIGHWAY	99929	-132.37622687805558	56.460582194106955	
1048 ZIMOVIA HIGHWAY	99929	-132.3763069251339	56.461645824944924	
322 FRONT STREET	99929	-132.38150007501162	56.471100415941535	
109 STIKINE AVENUE	99929	-132.38818963399802	56.47175594882484	
1004 ZIMOVIA HIGHWAY	99929	-132.37541603622225	56.46252036219127	
1064 ZIMOVIA HIGHWAY	99929	-132.37642777908235	56.45968193307309	
104 CREST LANE	99929	-132.38189394314458	56.47465258379943	
819 ETOLIN AVENUE	99929	-132.37195634738197	56.46486270522095	
224 STIKINE AVENUE	99929	-132.3888906451098	56.47360429578752	
209 ST MICHAELS STREET	99929	-132.37938578039595	56.47209720086837	
805 ETOLIN AVENUE	99929	-132.37207874822934	56.46552770286593	
5110 SURPRISE BEACH COURT	99901	-131.54764976058303	55.29815168789681	
410 2ND AVENUE	99901	-131.50665165892556	55.485315820074426	
4085 TONGASS AVENUE	99901	-131.5265478009598	55.32539741777095	
2001 DELS LANE	99901	-131.49972331785514	55.48569246687123	
16249 BRIDGEVIEW DRIVE	99901	-131.49892857203508	55.48571628025282	
5959 SOUTH TONGASS HIGHWAY	99901	-131.52598737169842	55.32716331677327	
4640 NORTH TONGASS HIGHWAY	99901	-131.50723035991982	55.483140727082976	
410 2ND AVENUE	99901	-131.50764588643426	55.480831402135074	
2425 SAPP ROAD SOUTHWEST	99901	-131.496587611812	55.48690318691897	
175 REMINGTON DRIVE	99901	-131.50615021843566	55.461495189175444	
221 WEST NEW YORK AVENUE	99901	-131.5060810849897	55.46288172793	
275 D 2 LOOP ROAD	99901	-131.50520710327	55.46290348381188	
11600 WAGNER STREET	99901	-131.50451699770582	55.46309283403777	
645 G STREET	99901	-131.5017784835622	55.464037634243034	
145 RIVER BLUFF PLACE NORTHWEST	99901	-131.4991776928297	55.45995411799454	
2417 TONGASS AVENUE	99901	-131.49889302300434	55.45910622278401	
34169 SHERWOOD LANE	99901	-131.50443777258593	55.45850417109051	
2805 CANON STREET	99901	-131.504096030994	55.45812679378278	
13201 MCINTOSH ROAD	99901	-131.50396922480851	55.457629384193396	
7601 NORTHEAST 379TH STREET	99901	-131.50079342066604	55.45811855602729	
7601 NE 379TH STREET	99901	-131.50117300378932	55.45775225100212	
4750 WADSWORTH COURT	99901	-131.50604260924777	55.46107599882024	
90 BULL PINE PLACE	99901	-131.5059989403452	55.460677042837524	
808 LAKE STREET	99901	-131.50592341358936	55.4598666310173	
2777 SOUTH TONGASS HIGHWAY	99901	-131.50591318087996	55.459511095806725	
6512 VISTA DRIVE	99901	-131.52853906141578	55.30475603800822	
6482 ROOSEVELT DRIVE	99901	-131.52993237896422	55.3045438012489	
5761 ANNA COURT	99901	-131.53935828895104	55.29676527284027	
5911 S TONGASS HIGHWAY	99901	-131.53281441155087	55.29644847389416	
246 SEAWATCH DRIVE	99901	-131.54472706665334	55.29661622375949	
2030 LOGAN'S TRAIL LANE	99901	-131.54569689681722	55.29682500114882	
5733 JURGEN DRIVE	99901	-131.54029280184955	55.29672588778503	
857 SUMMIT TERRACE	99901	-131.5430625306527	55.29662665296333	
6757 ROOSEVELT DRIVE	99901	-131.52804341955107	55.308566072097705	
6765 SPRINGWOOD COURT	99901	-131.52916416488605	55.30850274925099	
6791 SPRINGWOOD COURT	99901	-131.52798546743543	55.3090144992201	
801 PETERSON STREET	99901	-131.54564213911078	55.29726917705524	
5847 ROSSEVELT DRIVE	99901	-131.53715539529557	55.297215981890574	
5707 JURGEN DRIVE	99901	-131.5420405452017	55.29692345707468	
5940 THREE C'S LANE	99901	-131.53486002187822	55.2967330938993	
3133 HUGLI AVENUE	99901	-131.535711272628	55.29653263813321	
5943 ROOSEVELT DRIVE	99901	-131.53912352143809	55.29783868708815	
851 W. FRONT STREET	99901	-131.54235270527136	55.30012973810533	
6146 ROOSEVELT DRIVE	99901	-131.53182321585626	55.30000554920617	
5110 SURPRISE BEACH COURT	99901	-131.54364631341647	55.300097289832856	
6227 SOUTH TONGASS HIGHWAY	99901	-131.52998827214117	55.30003983600793	
955 FOREST AVENUE	99901	-131.54632281056783	55.30020747608258	
11369 SOUTHEAST 119TH DRIVE	99901	-131.54417338733302	55.30011425881345	
6616 EAST DYNAMITE BOULEVARD	99901	-131.5414514740558	55.30177876588061	
5909 SOUTHWEST 21ST STREET	99901	-131.5205605511507	55.326832997071556	
6584 VISTA DRIVE	99901	-131.5278878753613	55.30566549708719	
6560 ROOSEVELT DRIVE	99901	-131.52945971959767	55.30556477980753	
7390 SOUTH TONGASS HIGHWAY	99901	-131.52045168611804	55.31624830489157	
6347 SOUTH TONGASS HIGHWAY	99901	-131.52159609397594	55.31628945714929	
6347 SOUTH TONGASS HIGHWAY	99901	-131.52226653272365	55.316336166934306	
2729 TONGASS AVENUE	99901	-131.525483966593	55.32753746287565	
3120 SHIRE LANE	99901	-131.52664380211758	55.327395346164174	
7960 SOUTH TONGASS HIGHWAY	99901	-131.52336327417592	55.324351052906515	
20753 NORTHEAST COMET LANE	99901	-131.54437549210226	55.29882069816563	
4794 BUCEY AVENUE	99901	-131.54379924889864	55.298864766142486	
1519 ALASKAN WAY SOUTH	99901	-131.52596487878205	55.309414954866334	
56 FRANKLIN ROAD	99901	-131.52904232818068	55.30124225682479	
44 FRANKLIN ROAD	99901	-131.52910855737332	55.301028181777966	
8316 SOUTH TONGASS HIGHWAY	99901	-131.52103833899918	55.326797169113995	
6347 SOUTH TONGASS HIGHWAY	99901	-131.52280943765044	55.315549817217715	
4085 TONGASS AVENUE	99901	-131.52891219643197	55.326192737946236	
4085 TONGASS AVENUE	99901	-131.53194894675838	55.326137114189756	
4085 TONGASS AVENUE	99901	-131.53312057626434	55.32571334978505	
6072 CHURCHILL COURT	99901	-131.533468488384	55.29879851482771	
212 HYAK ROAD	99901	-131.53796106822273	55.29870303177378	
6347 SOUTH TONGASS HIGHWAY	99901	-131.52258432612842	55.31591332983438	
6347 SOUTH TONGASS HIGHWAY	99901	-131.52172205035518	55.315853543872336	
6554 VISTA DRIVE	99901	-131.52885160686273	55.3054555768816	
6522 ROOSEVELT DRIVE	99901	-131.52991623713686	55.30512086193032	
10297 ROCKY PT DRIVE	99901	-131.52736725763668	55.30530080396007	
5062 FORD WAY	99901	-131.52861237472277	55.30580910601242	
6977 ROMINE DRIVE	99901	-131.52569505361674	55.31043615620905	
6973 SOUTH TONGASS HIGHWAY	99901	-131.52520649137477	55.31040231500734	
6061 SOUTH TONGASS HIGHWAY	99901	-131.5303823810226	55.298101918874906	
6077 SOUTH TONGASS HIGHWAY	99901	-131.52976592922687	55.29801374077556	
3745 COMMUNITY PARK LOOP	99901	-131.54268191267013	55.29853575304687	
1134 SALMON ROAD	99901	-131.53240999360324	55.29788419784808	
5991 ROOSEVELT DRIVE	99901	-131.53485135133909	55.29794256512056	
5932 ROOSEVELT DRIVE	99901	-131.53510962686474	55.297148047777526	
5954 ROOSEVELT DRIVE	99901	-131.5338130884152	55.2969104569787	
5933 SOUTH TONGASS HIGHWAY	99901	-131.53221550834422	55.29670334424852	
6765 SPRINGWOOD COURT	99901	-131.54516812328816	55.29726478389109	
626 DOCK STREET	99901	-131.53984741174176	55.29714752714256	
7981 SOUTH TONGASS HIGHWAY	99901	-131.52580334462598	55.32388878475992	
955 FOREST AVENUE	99901	-131.54575459470962	55.30016514781299	
6083 YANKEE DRIVE	99901	-131.5348323843102	55.300127917042566	
684 D 2 LOOP ROAD	99901	-131.53766511555745	55.29988052123206	
6089 YANKEE DRIVE	99901	-131.53589057456205	55.300058871035766	
6071 YANKEE DRIVE	99901	-131.53417889317868	55.29994918809555	
6089 YANKEE DRIVE	99901	-131.53524553567902	55.29984945914609	
6899 ROOSEVELT DRIVE	99901	-131.52559353770147	55.309685108077936	
109 DELANO ROAD	99901	-131.53098506703495	55.300895384036885	
67 FRANKLIN ROAD	99901	-131.53002355077902	55.300948715920846	
153 FRANKLIN ROAD	99901	-131.53178030692843	55.30082391183605	
228 MARTIN STREET	99901	-131.54284803003083	55.30092172884079	
19780 EAST HITCHING POST WAY	99901	-131.53541880901923	55.300737657983916	
13 SLEEPY HOLLOW DRIVE	99901	-131.53719593177277	55.30058552790118	
109 DELANO ROAD	99901	-131.53218882119376	55.30057597625196	
331 PALM CANYON DRIVE	99901	-131.52951035134203	55.30062224020969	
109 DELANO ROAD	99901	-131.53133099926768	55.30050094985427	
109 DELANO ROAD	99901	-131.53029482672346	55.30049454014114	
6239 SOUTH TONGASS HIGHWAY	99901	-131.52950398408328	55.30028945025225	
419 TERRACE DRIVE	99901	-131.54184341799746	55.30036685193479	
3745 COMMUNITY PARK LOOP	99901	-131.53872627563965	55.30001666125066	
6167 SOUTH TONGASS HIGHWAY	99901	-131.53005567183862	55.299640489021044	
6115 ROOSEVLET DRIVE	99901	-131.53351460789068	55.299830587152705	
4822 LARSON STREET	99901	-131.54058769001122	55.29977989000864	
6097 ROOSEVELT DRIVE	99901	-131.5337588696979	55.29957372504662	
6075 YANKEE DRIVE	99901	-131.53470202528771	55.2996550469605	
8654 VIEW COURT	99901	-131.5360832407326	55.299465284999926	
6043 ROOSEVELT DRIVE	99901	-131.5353342658729	55.29927663801049	
6347 SOUTH TONGASS HIGHWAY	99901	-131.53060129686412	55.299354933040625	
1442 WATER STREET	99901	-131.53685510825903	55.29931629975891	
6096 ROOSEVELT DRIVE	99901	-131.5327444417734	55.29935806076785	
6167 SOUTH TONGASS HIGHWAY	99901	-131.529479893064	55.29927505317621	
212 HYAK ROAD	99901	-131.53846114596837	55.299233342197304	
6043 ROOSEVELT DRIVE	99901	-131.5342759202125	55.299255095202945	
6044 CHURCHILL COURT	99901	-131.53313173244183	55.29911025103352	
6149 SOUTH TONGASS HIGHWAY	99901	-131.5298079200765	55.29914407783442	
7390 SOUTH TONGASS HIGHWAY	99901	-131.54200770459155	55.29907253190473	
807 MILLER RIDGE ROAD	99901	-131.53251168019844	55.29901369887014	
2417 TONGASS AVENUE	99901	-131.53202856623864	55.2989021372009	
6043 ROOSEVELT DRIVE	99901	-131.534565026817	55.29899455083164	
1657 NORTHWEST VIEWMONT COURT	99901	-131.53154097507547	55.29876663517541	
414 DANFORTH STREET	99901	-131.54544840125007	55.29873864015858	
508 KODIAK AVENUE	99901	-131.54492518290272	55.298778657873555	
6068 CHURCHILL COURT	99901	-131.53288093179765	55.29863083095516	
402 JACKSON STREET	99901	-131.54174874365134	55.29547020111391	
5825 FALLA COURT	99901	-131.53247293136866	55.29499390603904	
88 SEAWATCH DRIVE	99901	-131.542346700932	55.29514309316923	
205 MARINE VIEW DRIVE	99901	-131.54522278217993	55.29511132003132	
193 SEAWATCH DRIVE	99901	-131.5452176896306	55.29570175522318	
3806 FAIRVIEW AVENUE	99901	-131.5458216871832	55.295625013925935	
6040 ROOSEVELT DRIVE	99901	-131.53371428810698	55.29855013495485	
6064 CHURCHILL COURT	99901	-131.5323661639022	55.298487740184086	
1060 COTTON GIN ROAD	99901	-131.54751655390115	55.29875941408821	
110 SAND DOLLAR DRIVE	99901	-131.54899286590032	55.29867293481868	
6065 SOUTH TONGASS HIGHWAY	99901	-131.53075455484148	55.29827475902085	
2250 EAST OLEANDER COURT	99901	-131.545980567716	55.29869793404637	
6103 SOUTH TONGASS HIGHWAY	99901	-131.52972689563114	55.298556495886665	
6012 DOTSON LANE	99901	-131.53387797372812	55.29828906993679	
6016 DOTSON LANE	99901	-131.53291811127062	55.298213370794215	
6057 SOUTH TONGASS HIGHWAY	99901	-131.52995946496662	55.297807274103185	
5855 WAGGONER ROAD	99901	-131.5376469291645	55.2978660598304	
5972 ROOSEVELT DRIVE	99901	-131.53374012455285	55.29776032104679	
30023 SADDLE ROAD	99901	-131.53655196727482	55.2977626071002	
1121 CONSORTIUM DRIVE	99901	-131.54993376492214	55.29781543024062	
5984 DOTSON LANE	99901	-131.5328067938373	55.29756717002364	
6377 SOUTH TONGASS HIGHWAY	99901	-131.52923827499868	55.30239608795431	
5943 ROOSEVELT DRIVE	99901	-131.53510662200011	55.29772273820705	
310 FOREST PARK DRIVE	99901	-131.54303301560572	55.29750227590899	
5943 ROOSEVELT DRIVE	99901	-131.5384214206699	55.29738661500059	
201 MARINE VIEW DRIVE	99901	-131.5437372929918	55.295035180087915	
5855 WAGGONER ROAD	99901	-131.53733759699136	55.297484027248935	
5785 ANNA COURT	99901	-131.53932051658998	55.2973632111087	
859 SUMMIT TERRACE	99901	-131.54234118886944	55.296557552788116	
316 ICEHOUSE LANE	99901	-131.54417198506286	55.29662300079883	
5825 FALLA COURT	99901	-131.53385830062342	55.29597540601276	
5707 JURGEN DRIVE	99901	-131.54123448779558	55.296371885938534	
245 SEAWATCH DRIVE	99901	-131.54570831170955	55.29644183900485	
5699 JURGEN DRIVE	99901	-131.54084602841894	55.29617865502025	
5851 SOUTH TONGASS HIGHWAY	99901	-131.5334348940873	55.29621782888201	
242 SEAWATCH DRIVE	99901	-131.54459345393292	55.29609872784552	
5887 SOUTH TONGASS HIGHWAY	99901	-131.532687342159	55.29611265903302	
18 NORTHVIEW DRIVE	99901	-131.53714579589843	55.29590367024878	
857 SUMMIT TERRACE	99901	-131.542661033128	55.29607103423201	
2117 SECOND AVENUE	99901	-131.53523817757855	55.29583720583092	
2030 LOGAN'S TRAIL LANE	99901	-131.54138675942278	55.295984428913364	
5833 SOUTH TONGASS HIGHWAY	99901	-131.5334951027709	55.29551565884246	
150 MARINE VIEW DRIVE	99901	-131.54099740262916	55.295598401185515	
5743 SOUTH TONGASS HIGHWAY	99901	-131.53625323791698	55.295434232802705	
2843 TONGASS AVENUE	99901	-131.53505704128466	55.29558328683493	
5712 TEDDY LANE	99901	-131.53961562304227	55.29549100488462	
5878 SOUTH TONGASS HIGHWAY	99901	-131.53193860625117	55.2954298317636	
5708 ROOSEVELT DRIVE	99901	-131.53995413878405	55.29568461711179	
2417 TONGASS AVENUE	99901	-131.54447744819205	55.29566411110555	
5852 SOUTH TONGASS HIGHWAY	99901	-131.53213994565576	55.29513171124582	
5716 TEDDY LANE	99901	-131.53926721864588	55.29526947096609	
1601 GLENVIEW ROAD	99901	-131.5417523665569	55.29503991617474	
5834 SOUTH TONGASS HIGHWAY	99901	-131.53273482171502	55.29490419023817	
5814 SOUTH TONGASS HIGHWAY	99901	-131.53325552837285	55.29472393508802	
5716 SOUTH TONGASS HIGHWAY	99901	-131.5354456488833	55.294181410902574	
4881 DEL SOL ROAD	99901	-131.52558637723033	55.32362017417808	
7929 SOUTH TONGASS HIGHWAY	99901	-131.52530239281955	55.323277358894096	
7866 SOUTH TONGASS HIGHWAY	99901	-131.52348161194323	55.32298635100803	
435 VIA DEL REY	99901	-131.5252788264164	55.32281724681608	
7865 SOUTH TONGASS HIGHWAY	99901	-131.52488311314386	55.32237706808115	
7715 SOUTH TONGASS HIGHWAY	99901	-131.5231890971305	55.32065149889868	
7693 SOUTH TONGASS HIGHWAY	99901	-131.5230007985689	55.32038750999293	
7695 SOUTH TONGASS HIGHWAY	99901	-131.52277289418467	55.319979384140986	
934 SOUTHEAST 32ND AVENUE	99901	-131.52222142471993	55.317848734021226	
934 SOUTHEAST 32ND AVENUE	99901	-131.52216596722585	55.31756462178438	
934 SOUTHEAST 32ND AVENUE	99901	-131.52316999086273	55.31774100486531	
2417 TONGASS AVENUE	99901	-131.51966280270352	55.3270533352066	
4085 TONGASS AVENUE	99901	-131.53191641157542	55.32722959686041	
6347 SOUTH TONGASS HIGHWAY	99901	-131.52194252926523	55.31546040093877	
1059 WATER STREET	99901	-131.52300186307247	55.31525761774842	
6347 SOUTH TONGASS HIGHWAY	99901	-131.5221619769094	55.31509097881132	
1059 WATER STREET	99901	-131.52316717464433	55.31500659885334	
7249 SOUTH TONGASS HIGHWAY	99901	-131.52320008891635	55.31442324897513	
7103 SOUTH TONGASS HIGHWAY	99901	-131.52455368565782	55.312544836797	
6695 ROOSEVELT DRIVE	99901	-131.52952296368863	55.307958463916755	
6716 ROOSEVELT DRIVE	99901	-131.52723304214675	55.30776410987597	
4108 SOUTH 670 EAST	99901	-131.52877281023927	55.307673447913025	
6716 ROOSEVELT DRIVE	99901	-131.52744065718193	55.30731602908107	
6664 VISTA DRIVE	99901	-131.5268113343248	55.30686456299341	
6654 VISTA DRIVE	99901	-131.5272174078675	55.30660665018683	
6634 VISTA DRIVE	99901	-131.5275126131345	55.30635781709069	
6612 VISTA DRIVE	99901	-131.5275923817351	55.30610206895964	
6606 VISTA DRIVE	99901	-131.52836267990472	55.30615863812579	
6578 ROOSEVELT DRIVE	99901	-131.52911968839803	55.30588184394429	
6512 VISTA DRIVE	99901	-131.52851601423887	55.30431324011186	
6482 ROOSEVELT DRIVE	99901	-131.53032339674277	55.304214465040374	
2635 STELLAR WAY	99901	-131.52869491642264	55.303876045166476	
6447 SOUTH TONGASS HIGHWAY	99901	-131.52892598197835	55.303267252949034	
6352 ROOSEVELT DRIVE	99901	-131.53175465373886	55.30302344289489	
6356 REBEL ROAD	99901	-131.53121740101182	55.302967615834646	
6366 REBEL ROAD	99901	-131.5295992989282	55.30299158197808	
6716 ROOSEVELT DRIVE	99901	-131.5307332917187	55.3029173138858	
6372 REBEL ROAD	99901	-131.5288877164422	55.30291223715413	
6366 REBEL ROAD	99901	-131.5297082960132	55.3027249539816	
6339 MAYO LANE	99901	-131.53377397486938	55.30272942886972	
5852 SOUTH TONGASS HIGHWAY	99901	-131.52776464087736	55.30258962915871	
6333 MAYO LANE	99901	-131.5328135069474	55.302713298099974	
6333 MAYO LANE	99901	-131.53291951803237	55.302308635818	
142 FRANKLIN ROAD	99901	-131.5339346583209	55.30200892293963	
6347 SOUTH TONGASS HIGHWAY	99901	-131.52943461438042	55.301859092753816	
6269 FIRESIDE COURT	99901	-131.53291195691264	55.30191801105831	
3745 COMMUNITY PARK LOOP	99901	-131.53580047982726	55.301941116181666	
132 FRANKLIN ROAD	99901	-131.5308861939632	55.30144979689379	
8400 SOUTH TONGASS HIGHWAY	99901	-131.5185863236508	55.32707390624416	
6716 ROOSEVELT DRIVE	99901	-131.52284278670703	55.328560084226226	
6716 ROOSEVELT DRIVE	99901	-131.5221344004268	55.32853129515124	
4085 TONGASS AVENUE	99901	-131.53306683275585	55.32862122414751	
1712 SECOND AVENUE	99901	-131.52250544775828	55.32770301618739	
6167 SOUTH TONGASS HIGHWAY	99901	-131.5243820400649	55.32780586396112	
10 POWERHOUSE ROAD	99901	-131.52322742195548	55.327688973955716	
10 POWERHOUSE ROAD	99901	-131.52380258718077	55.327654095765794	
8400 SOUTH TONGASS HIGHWAY	99901	-131.51811258630593	55.327191451175224	
12522 SHADY WOODS TRAIL	99901	-131.5201115498155	55.32693475806558	
4085 TONGASS AVENUE	99901	-131.52927162944516	55.32675042208197	
4085 TONGASS AVENUE	99901	-131.5283478963301	55.326656300795555	
4085 TONGASS AVENUE	99901	-131.532820278448	55.32675433823974	
4085 TONGASS AVENUE	99901	-131.53197412923075	55.32638920124094	
4085 TONGASS AVENUE	99901	-131.52769265438204	55.32569009394746	
606 RED HILL ROAD	99901	-131.52433881582837	55.32449893423551	
7956 SOUTH TONGASS HIGHWAY	99901	-131.52416808472043	55.32409241717746	
7942 SOUTH TONGASS HIGHWAY	99901	-131.52340199156467	55.32395324422107	
7446 SOUTH TONGASS HIGHWAY	99901	-131.52045795725704	55.317073512879524	
7390 SOUTH TONGASS HIGHWAY	99901	-131.5204013598009	55.31669330920722	
6716 ROOSEVELT DRIVE	99901	-131.52805860287597	55.307512608942474	
2321 THIRD AVENUE	99901	-131.53057177103736	55.305435073879835	
6442 ROOSEVELT DRIVE	99901	-131.53080941405756	55.30401441421468	
5737 JURGEN DRIVE	99901	-131.54071061637302	55.2969145228654	
5707 JURGEN DRIVE	99901	-131.5415430590957	55.29659683521171	
500 MAIN STREET	99901	-131.53764797660014	55.295259726753365	
150 MARINE VIEW DRIVE	99901	-131.53414534918764	55.29456540400812	
5800 SOUTH TONGASS HIGHWAY	99901	-131.53362297076507	55.29463578221505	
874 BROWN DEER ROAD	99901	-131.5300121242086	55.30653919693212	
4085 TONGASS AVENUE	99901	-131.5269927886223	55.32611723616866	
4085 TONGASS AVENUE	99901	-131.530559826139	55.326681505205286	
14 BORCH STREET	99901	-131.52888824375327	55.32788786797206	
4085 TONGASS AVENUE	99901	-131.5317111276684	55.32850270586606	
70 FRANKLIN ROAD	99901	-131.54843985492656	55.29875864390702	
5716 SOUTH TONGASS HIGHWAY	99901	-131.53518956165368	55.29385069924481	
150 MARINE VIEW DRIVE	99901	-131.53392648994	55.29410288010557	
606 RED HILL ROAD	99901	-131.52437094137957	55.325138417833834	
648 MISSION STREET	99901	-131.22639726342229	55.31868599385886	
4085 TONGASS AVENUE	99901	-131.52736740855366	55.326565858845825	
205 MARINE VIEW DRIVE	99901	-131.54584002898468	55.295094730968366	
6167 SOUTH TONGASS HIGHWAY	99901	-131.5284380584385	55.2998050818462	
5786 ROOSEVELT DRIVE	99901	-131.53813427508763	55.29609993382757	
7100 FORT DENT WAY	99901	-131.4750241561863	55.36525467107412	
7100 FORT DENT WAY	99901	-131.47486300111925	55.365478375013005	
7100 FORT DENT WAY	99901	-131.47451654337206	55.36600658919336	
7100 FORT DENT WAY	99901	-131.4741467788348	55.36631527404144	
7100 FORT DENT WAY	99901	-131.47424220417253	55.365507261816475	
10745 EAST 133RD AVENUE	99901	-131.35198593257965	55.405448743060255	
522 TOWER ROAD	99901	-131.48397934267607	55.506255338095805	
318 ALDER STREET	99901	-131.48314988325848	55.50606454688886	
605 MAIN STREET	99901	-131.48084551860342	55.50670857116545	
705 MAIN STREET	99901	-131.4776087673622	55.50821777222518	
705 MAIN STREET	99901	-131.47686477725398	55.50857770595546	
3609 TONGASS AVENUE	99901	-131.47614956018435	55.50894317609262	
189 WOOD ROAD	99901	-131.4755078046437	55.50932322192086	
15 TANYARD LANE	99901	-131.4748864246903	55.50966321012428	
2600 CORDOVA STREET	99901	-131.4742456833476	55.51000321014302	
6560 ROOSEVELT DRIVE	99901	-131.4939342166348	55.494403303092625	
6560 ROOSEVELT DRIVE	99901	-131.49461462488551	55.4945485397574	
2417 TONGASS AVENUE	99901	-131.49599467611378	55.49456429015535	
5518 NORTH TONGASS HIGHWAY	99901	-131.4969321040454	55.494791202866125	
2600 CORDOVA STREET	99901	-131.48537254434177	55.50643708624406	
14130 NORTH TONGASS HIGHWAY	99901	-131.48150616840948	55.50642053680344	
3137 TONGASS AVENUE	99901	-131.48011981639777	55.507090887108504	
3137 TONGASS AVENUE	99901	-131.47929537496938	55.50748081479881	
2600 CORDOVA STREET	99901	-131.47364160943815	55.51037049218015	
6103 SOUTH TONGASS HIGHWAY	99901	-131.4730616130733	55.5107401208578	
31 WILLOW CIRCLE	99901	-131.47250249086065	55.511132107095555	
717 CANYON ROAD	99901	-131.49180000187775	55.49299419217258	
510 WEST SAVAGE STREET	99901	-131.49203000113323	55.492558423173044	
2417 TONGASS AVENUE	99901	-131.49271797858847	55.49215155611826	
1538 NORTH RIVER ROCK CIRCLE	99901	-131.48005570633092	55.493538651864	
336 J STREET	99901	-131.48088638116909	55.49320106025115	
948 SAILVIEW LANE	99901	-131.47761385991154	55.49442058223461	
3322 SOUTH TONGASS HIGHWAY	99901	-131.46921961112957	55.49071366804705	
2280 INDUSTRIAL BOULEVARD	99901	-131.46545803355662	55.495037833199945	
114 ELLIOTT STREET	99901	-131.46574823430916	55.49469434023451	
24814 99TH AVENUE EAST	99901	-131.46616678455285	55.49329757999566	
2600 CORDOVA STREET	99901	-131.4546151515833	55.49621395310788	
2600 CORDOVA STREET	99901	-131.45750543160264	55.49604504318477	
2600 CORDOVA STREET	99901	-131.4587277862777	55.49549973779542	
909 BROWN DEER ROAD	99901	-131.4569531734171	55.49493803393816	
6337 OLD PACIFIC HIGHWAY	99901	-131.46294466956255	55.49243980224746	
6337 OLD PACIFIC HIGHWAY	99901	-131.4636002268192	55.491625306756895	
6337 OLD PACIFIC HIGHWAY	99901	-131.46450392570682	55.490845220986415	
110 CRANBERRY ROAD	99901	-131.4657043659806	55.49420803019576	
6759 W JAGGER ROAD	99901	-131.4633213008218	55.49336640278931	
12429 BLACKBERRY LANE	99901	-131.4845262127665	55.505825361773645	
1509 BARBARA DRIVE	99901	-131.3676974022202	55.399443454097614	
2600 CORDOVA STREET	99901	-131.4862938106831	55.50589408178699	
2600 CORDOVA STREET	99901	-131.4857592870379	55.505382995946455	
12936 NORTH GANDY DANCER STREET	99901	-131.46929812478373	55.423097885058404	
321 UPLAND WAY	99901	-131.43820852155847	55.37269399096443	
1424 SANDAL CREEK	99901	-131.46455050964252	55.412674974023965	
43 MOUNTAIN ASH HEIGHTS	99901	-131.4564615775644	55.40528646419029	
780 S YORKTOWN DRIVE	99901	-131.46339024023166	55.41362249788661	
705 MULDOON ROAD	99901	-131.35586867761307	55.40321741891474	
29223 3RD AVENUE NORTHEAST	99901	-131.45555902582538	55.4035135521923	
1424 SANDAL CRK	99901	-131.46454138725082	55.41223438008399	
909 BROWN DEER ROAD	99901	-131.4645998145752	55.411859677998734	
3501 EAST 42ND AVENUE	99901	-131.43797015898772	55.373119032867244	
1512 DELAWARE AVENUE	99901	-131.35326936640587	55.405083895823665	
56 EARL HINES LANE	99901	-131.3525781577105	55.40530802079207	
4311 NORTHWEST 76TH PLACE	99901	-131.47117826992726	55.46214653982591	
4311 NORTHWEST 76TH PLACE	99901	-131.47052633198288	55.46284197979377	
9751 SLALOM DRIVE	99901	-131.4701514757946	55.463199209929925	
928 WEST 21ST AVENUE	99901	-131.48247677381946	55.48035050284275	
1669 GARNET LANE	99901	-131.48316843167245	55.46490733302163	
2777 SOUTH TONGASS HIGHWAY	99901	-131.47273731766245	55.461568462853634	
34169 SHERWOOD LANE	99901	-131.4715414731697	55.46182635309269	
859 SUMMIT TERRACE	99901	-131.47912748613098	55.483334277833826	
859 SUMMIT TERRACE	99901	-131.47919201211784	55.48259708574846	
100 FALCON BLUFF	99901	-131.47964736544043	55.48226835082167	
2417 TONGASS AVENUE	99901	-131.47899911687688	55.46596134718124	
19836 ALLEGHENNY WAY	99901	-131.48143284701766	55.48087491189548	
2401 EAGLE AVENUE	99901	-131.4807704958025	55.462633810970004	
108 ENCHANTED VALLEY DRIVE NORTH	99901	-131.48098433436598	55.46227889607653	
1180 E SNOW HILL AVENUE	99901	-131.47512738069727	55.43837522790361	
13023 44TH AVENUE WEST	99901	-131.4787644373988	55.46512735310051	
32 224TH	99901	-131.47891796487076	55.46471582814181	
10095 TILTON MINE ROAD	99901	-131.47899589012837	55.46425854683791	
900 WEST 5TH AVENUE	99901	-131.479268252136	55.46388412187513	
6468 NORTH COUNTRYSIDE CIRCLE	99901	-131.47962917275927	55.46357004179136	
10095 TILTON MINE ROAD	99901	-131.48335549864385	55.46341756501449	
707 HARRIS STREET	99901	-131.47135717480603	55.465448297797025	
2901 AUBURN WAY SOUTH	99901	-131.47458970127047	55.43794152418914	
639 DEERMOUNT STREET	99901	-131.47432499740066	55.46149284278979	
14543 MAPLE WOOD DRIVE	99901	-131.47381558436257	55.46175108901859	
2417 TONGASS AVENUE	99901	-131.47217512590652	55.46170958722073	
631 COOK STREET	99901	-131.4705606161857	55.467305991106045	
6115 EUBANK BOULEVARD NORTHEAST	99901	-131.47436931488687	55.43586329081884	
32 224TH	99901	-131.48317891680847	55.46297491379119	
212 NORTH AVENUE EAST	99901	-131.4647628534094	55.49525526797428	
2600 CORDOVA STREET	99901	-131.45519114236035	55.496934715067034	
2600 CORDOVA STREET	99901	-131.45470423032356	55.49498891802156	
2600 CORDOVA STREET	99901	-131.45481519831228	55.49383143682031	
166 ROUNDHOUSE ROAD	99901	-131.45688777875938	55.49384837118517	
5178 SHORELINE DRIVE	99901	-131.4602589826458	55.49362686512768	
2600 CORDOVA STREET	99901	-131.4605370723117	55.49274223912574	
2600 CORDOVA STREET	99901	-131.4607329230099	55.49152478992148	
2600 CORDOVA STREET	99901	-131.4608441326455	55.49048757005994	
2600 CORDOVA STREET	99901	-131.46270293741114	55.490216597756174	
110 CRANBERRY ROAD	99901	-131.4659484041073	55.49374570588207	
1900 FIRST AVENUE	99901	-131.3584364750218	55.6170872341646	
1900 FIRST AVENUE	99901	-131.35772224609894	55.61533082208223	
1801 DOUGLAS HIGHWAY	99901	-131.4384763946846	55.37102961979663	
207 EAST FIREWEED LANE	99901	-131.43858103763543	55.36983383087611	
6008 SPRUCE MEADOW LOOP	99901	-131.4407688072548	55.36776386100695	
10353 NORTH TONGASS HIGHWAY	99901	-131.50668349162598	55.484913784014324	
2705 SOUTH 240TH STREET	99901	-131.50112589703414	55.485406578937805	
2518 SCOTT DRIVE	99901	-131.5004851179622	55.48551993713035	
862 FOREST PARK DRIVE	99901	-131.50608635181223	55.481652878929474	
862 FOREST PARK DRIVE	99901	-131.50663437444118	55.48137974092709	
2814 NORTH 4TH DRIVE	99901	-131.50719677460629	55.48111097687206	
10107 EAST 8TH AVENUE	99901	-131.49700211963693	55.487232342783656	
9069 ROTHERHAM AVENUE	99901	-131.49608012566026	55.48656711323553	
2777 SOUTH TONGASS HIGHWAY	99901	-131.48230634634206	55.489015262842976	
648 MISSION STREET	99901	-131.22280585640857	55.32167731297351	
3208 LINCOLN COURT	99901	-131.47847308141283	55.49415956282498	
3208 LINCOLN COURT	99901	-131.4792491620379	55.49387373022646	
13134 DENEB DRIVE	99901	-131.48167011723703	55.49276500600904	
12533 NORTH TONGASS HIGHWAY	99901	-131.34298005685332	55.29589626912315	
3601 C STREET	99901	-131.44652420638064	55.281714627068204	
1388 FAIRY CHASM ROAD	99901	-131.46198268528434	55.28148779095477	
147 POND REEF ROAD	99901	-131.47102553117617	55.29641863094813	
7942 SOUTH TONGASS HIGHWAY	99901	-131.52536426338648	55.32780342888396	
8381 SOUTH TONGASS HIGHWAY	99901	-131.52028320439157	55.32775598189922	
14 BORCH STREET	99901	-131.49447486589193	55.790021466865774	
14 BORCH STREET	99901	-131.50031158411053	55.7928157779389	
1520 DELAWARE AVENUE	99901	-131.530807566223	55.32539814706081	
65 WOOD ROAD	99901	-131.52707865498706	55.32484828783379	
1416 ST PAUL STREET	99901	-131.53274419743164	55.30317306209702	
6379 FABRY DRIVE	99901	-131.53248711936027	55.30345431981786	
1060 COTTON GIN ROAD	99901	-131.55093071163122	55.29840734204655	
6578 ROOSEVELT DRIVE	99901	-131.55171246242236	55.29895552801907	
1500 WATER STREET	99901	-131.5507944830167	55.29776612874739	
1060 COTTON GIN ROAD	99901	-131.55276712139687	55.30267590199545	
1060 COTTON GIN ROAD	99901	-131.5522895707036	55.30252590711402	
1210 MASSACHUSETTS AVENUE NORTHWEST	99901	-131.55283859944572	55.30183331516907	
1210 MASSACHUSETTS AVENUE NORTHWEST	99901	-131.55236286963753	55.301725672899664	
6716 ROOSEVLET DRIVE	99901	-131.51822278174353	55.329375946041765	
6716 ROOSEVELT DRIVE	99901	-131.52285525532318	55.329066659881164	
6716 ROOSEVELT DRIVE	99901	-131.52214648815726	55.32905165792988	
6716 ROOSEVELT DRIVE	99901	-131.51902693561956	55.328549009817245	
8256 SOUTH TONGASS HIGHWAY	99901	-131.52391765597878	55.32874478688318	
8498 SOUTH TONGASS HIGHWAY	99901	-131.5177116843643	55.328038207962585	
8230 SOUTH TONGASS HIGHWAY	99901	-131.5232839511397	55.326283823141836	
1060 COTTON GIN ROAD	99901	-131.55219922533885	55.29971467682206	
1060 COTTON GIN ROAD	99901	-131.55205892376284	55.29923195885386	
1060 COTTON GIN ROAD	99901	-131.55136437513124	55.29864953884528	
6716 ROOSEVELT DRIVE	99901	-131.52096404742687	55.3287804102046	
8204 SOUTH TONGASS HIGHWAY	99901	-131.52384494544134	55.32603718584179	
8204 SOUTH TONGASS HIGHWAY	99901	-131.52365222357525	55.32638749585946	
2823 FELTON LANE	99901	-131.47121870040328	55.49028767085367	
2600 CORDOVA STREET	99901	-131.46413724957753	55.49544652018441	
862 FOREST PARK DRIVE	99901	-131.50547328127521	55.48185041110992	
507 ANDERSON DRIVE	99901	-131.5043372259528	55.483446274746754	
2600 CORDOVA STREET	99901	-131.54085291490392	55.293481457880866	
1900 FIRST AVE	99901	-131.53154716806102	55.46996110599802	
1453 WREN LANE	99901	-131.49365726333778	55.49173464288867	
2708 HALIBUT STREET	99901	-131.45533528243757	55.40312349511518	
2705 SOUTH 240TH STREET	99901	-131.43973820067205	55.36776544718843	
2777 SOUTH TONGASS HIGHWAY	99901	-131.3660533639777	55.401686473750345	
23930 WEST 96TH PLACE	99901	-131.3671791596412	55.399743235875825	
14505 NORTH TONGASS HIGHWAY	99901	-131.36615574586892	55.40129442817849	
465 SOUTHWEST MARSHALL STREET	99901	-131.35482699480286	55.403888292115454	
3201 BARANOF AVENUE	99901	-131.38425625356658	55.388680189758496	
16261 SOUTH UNION MILLS ROAD	99901	-131.3846029179263	55.390056915005644	
443 FOREST PARK DRIVE	99901	-131.3837377001705	55.390939411969946	
3250 DENALI AVENUE	99901	-131.38414558202192	55.388271507956965	
2600 CORDOVA STREET	99901	-131.45639938180736	55.49716685983533	
19331 EAST CALLE DE FLORES	99901	-131.18273052487223	55.36900337120334	
955 FOREST AVENUE	99901	-131.1879230450309	55.37095128607463	
955 FOREST AVENUE	99901	-131.18555299825726	55.37398155103904	
3745 COMMUNITY PARK LOOP	99901	-131.5531287516892	55.30400801580736	
3745 COMMUNITY PARK LOOP	99901	-131.55327295015695	55.30052553421909	
5860 ROOSEVELT DRIVE	99901	-131.53662304108175	55.2963576408182	
6847 ROMINE DRIVE	99901	-131.5268942299609	55.30917344907713	
3137 TONGASS AVENUE	99901	-131.52714227187883	55.31004516975224	
3137 TONGASS AVENUE	99901	-131.52686901335258	55.31052067319586	
243 WOOD ROAD	99901	-131.52998066610567	55.325344716194515	
846 FOREST PARK DRIVE	99901	-131.52889060183088	55.32528909278111	
39 LAKE ROAD	99901	-131.52872662964714	55.324523571189204	
3137 TONGASS AVENUE	99901	-131.52724851203425	55.30953991700291	
14 BORCH STREET	99901	-131.49493280276928	55.78685754924869	
3012 FRANDORAS CIRCLE	99901	-131.35997194377737	55.40297649689725	
2777 SOUTH TONGASS HIGHWAY	99901	-131.36409792564027	55.402420273983665	
103 PETER SIMPSON ROAD	99901	-131.35651329608453	55.40300744197622	
16441 MERIDIAN AVENUE NORTH	99901	-131.35776823085834	55.40264549183332	
500 WEST BRIDLE LANE	99901	-131.35691342906827	55.40251664014063	
3909 WEST 18TH AVENUE	99901	-131.3607372527039	55.40304542182617	
4334 SOUTH MONROE BOULEVARD	99901	-131.35840612274498	55.402410454086315	
10 POWERHOUSE ROAD	99901	-131.3624193193273	55.403087401042775	
10 POWERHOUSE ROAD	99901	-131.3616562606806	55.403098512760806	
225 BOTANICAL CIRCLE	99901	-131.36978123406624	55.39802772482645	
711 HARRIS STREET	99901	-131.37006145902757	55.397637853880326	
350 BAY STREET	99901	-131.369118720256	55.39871796812308	
227 BAY VW	99901	-131.38926103122077	55.38800850019492	
19323 NORTHWEST 32ND AVENUE	99901	-131.3886441185893	55.388317562952025	
6737 GRAY STREET	99901	-131.4774260311688	55.4861158278124	
955 FOREST AVENUE	99901	-131.47859137336607	55.48358923422914	
3726 JUSTICE COURT	99901	-131.47851017644416	55.48555152505323	
1289 TONGASS AVENUE	99901	-131.4816870091576	55.48921635995966	
10645 NORTH ORACLE ROAD	99901	-131.50209426024915	55.46443147421396	
222 WEST 7TH	99901	-131.51406556276325	55.42725096710087	
4401 80TH STREET NORTHEAST	99901	-131.43745878133413	55.37389913505126	
2600 CORDOVA STREET	99901	-131.5405505419793	55.518245685242896	
95 BULL PINE PLACE	99901	-131.53203433072784	55.30441738089305	
111 STEDMAN STREET	99901	-131.53011718667264	55.30621215314229	
874 BROWN DEER ROAD	99901	-131.53087843431578	55.306738054931245	
205 KNUDSON COVE ROAD	99901	-131.5310145407594	55.30631413120527	
874 BROWN DEER ROAD	99901	-131.5306567633413	55.30705208176141	
7100 FORT DENT WAY	99901	-131.5290988151441	55.30817636485075	
6765 SPRINGWOOD COURT	99901	-131.52900642072214	55.308803934121215	
790 SOUTH PT HIGGINS ROAD	99901	-131.52985629525287	55.310058793886526	
6890 RAVENWOOD DRIVE	99901	-131.52987574198215	55.30889231422329	
8204 SOUTH TONGASS HIGHWAY	99901	-131.52968863997648	55.30960639783413	
5720 TEDDY LANE	99901	-131.5302892293209	55.30964752017391	
6475 ROOSEVELT DRIVE	99901	-131.5312675916834	55.304857854144025	
832 BUREN ROAD	99901	-131.5316196809691	55.305328847012795	
6702 RAVENWOOD DRIVE	99901	-131.53173268364193	55.306602160908156	
364 MANNEL AVENUE	99901	-131.53129880724117	55.30737748809839	
1600 TONGASS AVENUE	99901	-131.53311139009222	55.30464514596948	
142 FRANKLIN ROAD	99901	-131.5338990958154	55.30239316705669	
1600 TONGASS AVENUE	99901	-131.53284374962973	55.30537338584789	
3745 COMMUNITY PARK LOOP	99901	-131.52508169022897	55.497585337249035	
6075 YANKEE DRIVE	99901	-131.4768931083214	55.36745156223636	
2930 TONGASS AVENUE	99901	-131.47559696333394	55.37912964575101	
5959 SOUTH TONGASS AVENUE	99901	-131.53181295260416	55.29725739887366	
6737 RAVENWOOD DRIVE	99901	-131.53222581381715	55.307631994252986	
6359 MAYO LANE	99901	-131.5337890998038	55.30323628913734	
339 7TH AVENUE	99901	-131.47732521234613	55.438869486858174	
840 SOUTHWEST 125TH STREET	99901	-131.48831303299895	55.452181888235415	
8124 SOUTHWEST 20TH	99901	-131.48812472096256	55.45179326122653	
5121 SHORELINE DRIVE	99901	-131.48849650491258	55.45251830203895	
8498 SOUTH TONGASS HIGHWAY	99901	-131.51715867159393	55.32850989189945	
7500 SOUTH TONGASS HIGHWAY	99901	-131.5205228183155	55.31755253883909	
6995 ROMINE DRIVE	99901	-131.52595361301007	55.31088516904327	
7077 SOUTH TONGASS HIGHWAY	99901	-131.5248214437996	55.312125458166356	
6999 SOUTH TONGASS HIGHWAY	99901	-131.52507529332584	55.31134074784298	
7051 SOUTH TONGASS HIGHWAY	99901	-131.5258166720315	55.311539306208026	
5977 SOUTH TONGASS HIGHWAY	99901	-131.53110379017951	55.29701138188155	
4194 SUNCATCHER LANE	99901	-131.53113356573792	55.297453882829394	
6045 SOUTH TONGASS HIGHWAY	99901	-131.53085478167435	55.297758480952645	
6045 SOUTH TONGASS HIGHWAY	99901	-131.53021293989542	55.29758287022152	
5805 SOUTH TONGASS HIGHWAY	99901	-131.5340920871761	55.29534508724405	
5785 SOUTH TONGASS HIGHWAY	99901	-131.53455825980797	55.29525166982402	
5767 SOUTH TONGASS HIGHWAY	99901	-131.53499500363114	55.295170694857056	
5743 SOUTH TONGASS HIGHWAY	99901	-131.53562347219042	55.29527143290157	
5752 SOUTH TONGASS HIGHWAY	99901	-131.53505450713723	55.294332425996664	
5727 SOUTH TONGASS HIGHWAY	99901	-131.53592048486775	55.2949362878062	
5660 S TONGASS HIGHWAY	99901	-131.53670447336228	55.2939854211888	
6901 TANAINA ROAD	99901	-131.51632398218476	55.32994956098243	
6989 S TONGASS HIGHWAY	99901	-131.52498605199057	55.31082492406343	
35 WOOD ROAD	99901	-131.526550197665	55.32446560997908	
43 LAKE ROAD	99901	-131.52649464405116	55.324060303844384	
15 WOOD ROAD	99901	-131.52600966518884	55.32423749517538	
7941 SOUTH TONGASS HIGHWAY	99901	-131.5283824149932	55.32322727691732	
4085 TONGASS AVENUE	99901	-131.53150223522886	55.324324018885534	
622 EAST 9TH STREET	99901	-131.52775284240442	55.32482024785019	
65 WOOD ROAD	99901	-131.5273002549946	55.325111905128914	
189 WOOD ROAD	99901	-131.52825442931973	55.325482444086994	
1563 E FLAME BUSH STREET	99923	-130.90852803362398	55.82722311223389	
1900 W NICKERSON	99923	-130.9424823921381	54.93161293019005	
409 GRANVILLE STREET	99926	-131.34699814835565	54.941031258955725	
409 GRANVILLE STREET	99926	-131.39304841020532	54.9458361188001	
15038 HAYNES STREET	99923	-131.07406044370498	56.08317370412441	
15038 HAYNES STREET	99923	-131.07405914294444	56.08342977380318	
15038 HAYNES STREET	99923	-131.07405807484758	56.083649225943965	
15038 HAYNES STREET	99923	-131.07403871255994	56.08437585506227	
2557 SOUTH TONGASS HIGHWAY	99923	-131.08856563761572	56.08806670518604	
126 POTTER ROAD	99923	-131.08785554273982	56.08767490385905	
126 POTTER ROAD	99923	-131.0870053636802	56.08726010715592	
2417 TONGASS AVENUE	99923	-131.08630623364067	56.085300863764914	
201 SOUTHWEST 14TH STREET	99923	-131.07677843493764	56.08347718017087	
201 SOUTHWEST 14TH STREET	99923	-131.0772244341032	56.08273026583437	
126 POTTER ROAD	99923	-131.08090177844852	56.08191735990875	
201 SOUTHWEST 14TH STREET	99923	-131.08020335628143	56.081551398220014	
201 SOUTHWEST 14TH STREET	99923	-131.07949359018895	56.081129060041945	
201 SOUTHWEST 14TH STREET	99923	-131.0785519275991	56.080834635165004	
230 HECKMAN STREET	99923	-131.0849503866194	56.0842743610056	
201 SOUTHWEST 14TH STREET	99923	-131.08053610304245	56.08343653912756	
201 SOUTHWEST 14TH STREET	99923	-131.07841853316933	56.08209752911362	
261 POTTER ROAD	99923	-131.08937715498215	56.08624549919469	
230 HECKMAN STREET	99923	-131.08766108532856	56.08569918802017	
1716 SOUTH TONGASS HIGHWAY	99923	-131.08715104526647	56.08552781902603	
126 POTTER ROAD	99923	-131.0860288985596	56.08689466885099	
6377 SOUTH TONGASS HIGHWAY	99923	-131.09340820108918	56.087239366125935	
1655 N FORT MYER DRIVE	99923	-131.0765648811401	56.09009442677157	
201 SOUTHWEST 14TH STREET	99923	-131.08363658434672	56.08907316321358	
201 SOUTHWEST 14TH STREET	99923	-131.10148747537968	56.099589643969395	
4085 TONGASS AVENUE	99923	-130.5438674498329	55.01840451211754	
5110 SURPRISE BEACH COURT	99901	-131.55005269917083	55.29686221916434	
6890 RAVENWOOD DRIVE	99901	-131.53051045383268	55.309116937894636	
6792 RAVENWOOD DRIVE	99901	-131.53097753825455	55.30785707704376	
6810 RAVENWOOD DRIVE	99901	-131.5307340463035	55.30833120375587	
2417 TONGASS AVENUE	99901	-131.5438007517801	55.296048713824185	
350 ICEHOUSE LANE	99901	-131.5432882206897	55.296045852809556	
350 ICEHOUSE LANE	99901	-131.5436375099267	55.2966295210962	
1815 BRAGAW STREET	99901	-131.46992531324375	55.29437487403431	
201 SOUTHWEST 14TH STREET	99923	-131.07764277144614	56.07871119175471	
126 POTTER ROAD	99923	-131.08204203788642	56.08410026094421	
952 ALAMEDA PADRA SERRA	99923	-130.3372619323615	54.94352034489003	
952 ALAMEDA PADRE SERRA	99923	-130.33991911573423	54.94405429199628	
1563 E FLAME BUSH STREET	99923	-130.90114591757097	55.82520045100853	
201 SOUTHWEST 14TH STREET	99923	-131.07275332938954	56.08726555516402	
409 GRANVILLE STREET	99926	-131.38207760274565	54.92031864821552	
313 FEDERAL BUILDING	99901	-131.42441124680403	55.36076576112563	
313 FEDERAL BUILDING	99901	-131.32334118423168	55.412376219958844	
313 FEDERAL BUILDING	99901	-131.34723671214905	55.78499157978655	
313 FEDERAL BUILDING	99901	-131.47331764281074	55.285146283018975	
313 FEDERAL BUILDING	99901	-131.42664507574295	55.25208011677602	
313 FEDERAL BUILDING	99901	-131.32269032157063	55.24443616299997	
313 FEDERAL BUILDING	99923	-130.42100643059416	55.59528755483248	
6716 ROOSEVELT DRIVE	99901	-131.53187105114515	55.30258743389399	
14416 NORTH TONGASS HIGHWAY	99901	-131.53173160835854	55.302155267097774	
2417 TONGASS AVENUE	99901	-131.53091715799272	55.30249647475919	
6369 SOUTH TONGASS HIGHWAY	99901	-131.52934289818657	55.3021260170253	
111 STEDMAN STREET	99901	-131.52682389636576	55.3200965938521	
12481 NORTH TONGASS HIGHWAY	99901	-131.5311089842385	55.30195727283378	
142 FRANKLIN ROAD	99901	-131.53163937383675	55.30148295180086	
5110 SURPRISE BEACH COURT	99901	-131.54941283368555	55.29511369778788	
5110 SURPRISE BEACH COURT	99901	-131.54993779206958	55.29528135918881	
3350 FIRST STREET	99923	-131.10059189905888	56.09652522211749	
3350 FIRST STREET	99923	-131.09384371961025	56.091084178203864	
133 FOREST PARK DRIVE	99923	-131.09565166625615	56.091318015178295	
1378 ARCH WAY	99901	-131.5221770569281	55.31677351386648	
5110 SURPRISE BEACH COURT	99901	-131.5495085752302	55.29584787203903	
5110 SURPRISE BEACH COURT	99901	-131.54719935607935	55.29542838486756	
5110 SURPRISE BEACH COURT	99901	-131.54869694826928	55.29506304883089	
5110 SURPRISE BEACH COURT	99901	-131.54831740287526	55.29513854479878	
3466 STOREY BOULEVARD	99901	-131.51761058975885	55.32743102384659	
3601 C STREET	99901	-131.55212437591277	55.304322420142114	
7100 FORT DENT WAY	99901	-131.4739846257395	55.3652352512398	
8381 SOUTH TONGASS HIGHWAY	99901	-131.52123553896698	55.32806229386941	
8256 SOUTH TONGASS HIGHWAY	99901	-131.52461405693646	55.327289684046356	
14 BORCH STREET	99901	-131.53037484685234	55.32852068678879	
5720 TEDDY LANE	99901	-131.53884039940996	55.295039652774676	
5643 SOUTH TONGASS HIGHWAY	99901	-131.538153716427	55.29443984384597	
5820 SOUTH TONGASS HIGHWAY	99901	-131.5330168540867	55.29481493301351	
4766 HALIBUT POINT ROAD	99835	-135.3859235386537	57.11854340895692	
4752 HALIBUT POINT ROAD	99835	-135.38604323736865	57.11831303785465	
4750 HALIBUT POINT ROAD	99835	-135.3863694246315	57.118319516959374	
4754 HALIBUT POINT ROAD	99835	-135.38537757586167	57.118413582117576	
4710 HALIBUT POINT ROAD	99835	-135.3862276785645	57.11716886578745	
103 VIKING WAY	99835	-135.39494971001722	57.11114922782025	
4390 HALIBUT POINT ROAD	99835	-135.39489507717659	57.11147269994547	
106 VIKING WAY	99835	-135.39515882523898	57.11068918683831	
102 VIKING WAY	99835	-135.39570739224698	57.11097271678001	
101 PIRATES WAY	99835	-135.39653697383545	57.111604021796154	
4311 HALIBUT POINT ROAD	99835	-135.39692531463447	57.11124247315705	
4313 HALIBUT POINT ROAD	99835	-135.39678292088215	57.111428629965005	
4317 HALIBUT POINT ROAD	99835	-135.3959060798249	57.1117506660443	
101 VIKING WAY	99835	-135.39514018160352	57.11130747310122	
4305 HALIBUT POINT ROAD	99835	-135.39727499284194	57.110605598107874	
4309 HALIBUT POINT ROAD	99835	-135.39707482394215	57.1110783559977	
4309 VALHALLA DRIVE	99835	-135.39614504786013	57.11047417515751	
102 VIKING WAY	99835	-135.39599161830455	57.110762041825474	
104 VIKING WAY	99835	-135.39545707309978	57.110803617015755	
4313 VALHALLA DRIVE	99835	-135.3956123981006	57.11055810418312	
4307 VALHALLA DRIVE	99835	-135.39636683381894	57.11021287079339	
4318 VALHALLA DRIVE	99835	-135.39409558825182	57.11083636982317	
4322 VALHALLA DRIVE	99835	-135.39357796281544	57.11119605417219	
4320 VALHALLA DRIVE	99835	-135.39382948929833	57.1110212828385	
4319 VALHALLA DRIVE	99835	-135.3944294363474	57.11127592799908	
4321 VALHALLA DRIVE	99835	-135.39420405443246	57.111455876034455	
105 VIKING WAY	99835	-135.39466162839045	57.11102000188404	
4324 VALHALLA DRIVE	99835	-135.3933888360071	57.111419522897464	
4312 VALHALLA DRIVE	99835	-135.39483742419998	57.11028228621777	
4314 VALHALLA DRIVE	99835	-135.39459580972786	57.11047445515704	
4316 VALHALLA DRIVE	99835	-135.3943479411848	57.11064921687514	
4308 VALHALLA DRIVE	99835	-135.39509227804268	57.11010895204884	
4614 HALIBUT POINT ROAD	99835	-135.3890439329128	57.11484200901995	
4626 HALIBUT POINT ROAD	99835	-135.38841233911467	57.1149883551212	
4622 HALIBUT POINT ROAD	99835	-135.38907695498267	57.11535337698166	
4802 HALIBUT POINT ROAD	99835	-135.38609194671832	57.11938004602294	
4804 HALIBUT POINT ROAD	99835	-135.38549603400324	57.119352064008964	
4800 HALIBUT POINT ROAD	99835	-135.38500600301575	57.119210205792236	
4764 HALIBUT POINT ROAD	99835	-135.38627143280704	57.118550079198855	
4660 HALIBUT POINT ROAD	99835	-135.38764038085841	57.11645376596449	
4620 HALIBUT POINT ROAD	99835	-135.38930146014184	57.115524617145404	
4640 HALIBUT POINT ROAD	99835	-135.3882252451938	57.11544971424237	
4702 HALIBUT POINT ROAD	99835	-135.3863249732963	57.116654471206715	
4670 HALIBUT POINT ROAD	99835	-135.38615289291877	57.115533338866804	
4660 HALIBUT POINT ROAD	99835	-135.38735515138265	57.11586945084859	
108 SUNSET DRIVE	99835	-135.39097975294277	57.11315975114713	
106 SUNSET DRIVE	99835	-135.39124139535411	57.11297160122448	
103 SUNSET DRIVE	99835	-135.39149775118	57.11337099193378	
101 SUNSET DRIVE	99835	-135.39199247137327	57.113501551021535	
4501 HALIBUT POINT ROAD	99835	-135.3935922891476	57.11379459613221	
4509 HALIBUT POINT ROAD	99835	-135.39304781306734	57.11465890121011	
4505 HALIBUT POINT ROAD	99835	-135.39340875974176	57.11412608484346	
4503 HALIBUT POINT ROAD	99835	-135.39339375877486	57.113941133182685	
4510 HALIBUT POINT ROAD	99835	-135.391437760787	57.11383574308082	
4506 HALIBUT POINT ROAD	99835	-135.39179317922915	57.11373253589799	
105 SUNSET DRIVE	99835	-135.39147855328406	57.11353767189119	
4409 HALIBUT POINT ROAD	99835	-135.39419105221705	57.11313582608652	
104 HORIZON WAY	99835	-135.39214696633076	57.11230016011935	
100 CLOTHIDE BAHOVEC WAY	99835	-135.39273009062944	57.11305591919874	
102 HORIZON WAY	99835	-135.39256909815748	57.11256470323226	
4420 HALIBUT POINT ROAD	99835	-135.3930841669886	57.112742667084	
104 CLOTHIDE BAHOVEC WAY	99835	-135.39177458769603	57.11281902219575	
102 CLOTHIDE BAHOVEC WAY	99835	-135.39222573061488	57.11292849393719	
104 SUNSET DRIVE	99835	-135.391805547234	57.11313013479766	
102 SUNSET DRIVE	99835	-135.39227006157583	57.11326465491698	
103 HORIZON WAY	99835	-135.39191244136293	57.11247497322263	
106 CLOTHIDE BAHOVEC WAY	99835	-135.39141396980503	57.11270560891196	
4416 HALIBUT POINT ROAD	99835	-135.3929046117296	57.11219813786949	
4408 HALIBUT POINT ROAD	99835	-135.3936535093342	57.1120839739384	
4406 HALIBUT POINT ROAD	99835	-135.3938436629169	57.11187609494839	
110 SUNSET DRIVE	99835	-135.39077183876856	57.113503212834	
4410 HALIBUT POINT ROAD	99835	-135.39290989831503	57.11176992875638	
4404 HALIBUT POINT ROAD	99835	-135.39309032224492	57.111554877007265	
4323 VALHALLA DRIVE	99835	-135.39401815077937	57.11166021506302	
4400 HALIBUT POINT ROAD	99835	-135.39459340942943	57.111713636147215	
4319 HALIBUT POINT ROAD	99835	-135.39625825804382	57.1119343711315	
104 PIRATES WAY	99835	-135.39663497913463	57.111936538847054	
4521 HALIBUT POINT ROAD	99835	-135.39229566895133	57.11592340383221	
4607 HALIBUT POINT ROAD	99835	-135.39016711088559	57.1163630782126	
4603 HALIBUT POINT ROAD	99835	-135.39104848663843	57.11581994981934	
4513 HALIBUT POINT ROAD	99835	-135.39315924279015	57.11552929210928	
4507 HALIBUT POINT ROAD	99835	-135.39244175477944	57.11416264701063	
4600 HALIBUT POINT ROAD	99835	-135.391171953786	57.115146736180236	
4951 HALIBUT POINT ROAD	99835	-135.38950748066742	57.120682366242924	
4775 HALIBUT POINT ROAD	99835	-135.3873430349061	57.11828914197024	
4807 HALIBUT POINT ROAD	99835	-135.38763539970014	57.11932210391333	
4803 HALIBUT POINT ROAD	99835	-135.3875535407199	57.11894195392529	
4791 HALIBUT POINT ROAD	99835	-135.38729050502155	57.11876950593251	
4805 HALIBUT POINT ROAD	99835	-135.3872990363218	57.11913940693719	
4705 HALIBUT POINT ROAD	99835	-135.3876681756316	57.11772105407526	
4411 HALIBUT POINT ROAD	99835	-135.3950430467719	57.1128778232021	
4401 HALIBUT POINT ROAD	99835	-135.39622075068579	57.11226865586042	
4403 HALIBUT POINT ROAD	99835	-135.3955621661066	57.11216467703123	
5205 HALIBUT POINT ROAD	99835	-135.38382253640933	57.127188730843635	
5051 HALIBUT POINT ROAD	99835	-135.39049193809907	57.1256060419637	
5303 HALIBUT POINT ROAD	99835	-135.38100568108806	57.12798740618082	
5307 HALIBUT POINT ROAD	99835	-135.38131952280392	57.129089317914	
5217 HALIBUT POINT ROAD	99835	-135.38191279716702	57.1275266439894	
5218 HALIBUT POINT ROAD	99835	-135.3806285791116	57.126087831850946	
4777 HALIBUT POINT ROAD	99835	-135.3874006223057	57.118585541144064	
4792 HALIBUT POINT ROAD	99835	-135.38611232410224	57.11888151316518	
4790 HALIBUT POINT ROAD	99835	-135.38519516126513	57.11874239496856	
4730 HALIBUT POINT ROAD	99835	-135.3858818559262	57.11781699403724	
4796 HALIBUT POINT ROAD	99835	-135.3856418153025	57.11902418903629	
4798 HALIBUT POINT ROAD	99835	-135.3855990150708	57.118857278212786	
4307 HALIBUT POINT ROAD	99835	-135.3971699195981	57.11087213914936	
4602 HALIBUT POINT ROAD	99835	-135.38989168113127	57.114534512831916	
550 NELSON LOGGING ROAD	99835	-135.34381244502046	57.122813762986574	
551 NELSON LOGGING ROAD	99835	-135.34239764516036	57.121497944217936	
5309 HALIBUT POINT ROAD	99835	-135.37917945192953	57.12857824781893	
5318 HALIBUT POINT ROAD	99835	-135.3762856918368	57.12789062906791	
5316 HALIBUT POINT ROAD	99835	-135.3770529276496	57.12785220816169	
5304 HALIBUT POINT ROAD	99835	-135.37898836409892	57.12755038910309	
4701 HALIBUT POINT ROAD	99835	-135.38897814030142	57.117172565112206	
4560 HALIBUT POINT ROAD	99835	-135.39071291198087	57.11438988524074	
4530 HALIBUT POINT ROAD	99835	-135.3909797439596	57.11402253703937	
4530 HALIBUT POINT ROAD	99835	-135.39214896687892	57.114479040918965	
4507 HALIBUT POINT ROAD	99835	-135.39323278965907	57.114342056203036	
4533 HALIBUT POINT ROAD	99835	-135.3917013417627	57.1148053660695	
5310 HALIBUT POINT ROAD	99835	-135.3780609272299	57.12801115782503	
5314 HALIBUT POINT ROAD	99835	-135.37719883022143	57.12739830406813	
5312 HALIBUT POINT ROAD	99835	-135.37775425496835	57.12774677718703	
4600 HALIBUT POINT ROAD	99835	-135.39028657603862	57.11477226315386	
4610 HALIBUT POINT ROAD	99835	-135.38984444771364	57.11494404106028	
4612 HALIBUT POINT ROAD	99835	-135.38960686308394	57.115132755038815	
4608 HALIBUT POINT ROAD	99835	-135.38939958491696	57.11468875191999	
4624 HALIBUT POINT ROAD	99835	-135.38879086941245	57.115184868844835	
17105 GLACIER HIGHWAY	99801	-134.75176312795708	58.3984006308396	
34201 GLACIER HIGHWAY	99801	-134.9039030342692	58.59141384598443	
34200 GLACIER HIGHWAY	99801	-134.8998690821122	58.591903553976074	
35000 GLACIER HIGHWAY	99801	-134.90198277216166	58.58967605305515	
28955 GLACIER HIGHWAY	99801	-134.81652112360214	58.52724767580805	
28900 GLACIER HIGHWAY	99801	-134.80994112224946	58.52838254194495	
26606 EAGLE RIVER LANDING ROAD	99801	-134.79547951639293	58.51623732992217	
25261 GLACIER HIGHWAY	99801	-134.78192156899985	58.50668223504926	
25255 GLACIER HIGHWAY	99801	-134.77904398397214	58.507337792140376	
25050 GLACIER HIGHWAY	99801	-134.77046325392033	58.50615460790522	
25201 GLACIER HIGHWAY	99801	-134.77790170242653	58.506736312855594	
25020 GLACIER HIGHWAY	99801	-134.77040590277767	58.50534357301818	
25115 GLACIER HIGHWAY	99801	-134.77250051440708	58.5052318548098	
25000 GLACIER HIGHWAY	99801	-134.76894030498488	58.5051792271668	
24600 AMALGA HARBOR ROAD	99801	-134.78707751964166	58.49966290995841	
25001 GLACIER HIGHWAY	99801	-134.77075227608321	58.50443538520375	
24900 GLACIER HIGHWAY	99801	-134.7656969053122	58.50361231618177	
24850 GLACIER HIGHWAY	99801	-134.76582237121133	58.50298990578307	
24901 GLACIER HIGHWAY	99801	-134.76993123926977	58.502695063948174	
24801 GLACIER HIGHWAY	99801	-134.76991621584492	58.50238376610846	
24755 GLACIER HIGHWAY	99801	-134.76961119019526	58.50198720684327	
24636 GLACIER HIGHWAY	99801	-134.76759218617002	58.50164411719052	
24632 GLACIER HIGHWAY	99801	-134.76744565837075	58.50123554495841	
24628 GLACIER HIGHWAY	99801	-134.76758692833067	58.500574293204224	
24624 GLACIER HIGHWAY	99801	-134.76623677483167	58.499724499145785	
24615 GLACIER HIGHWAY	99801	-134.7690690685994	58.49939284017137	
24616 GLACIER HIGHWAY	99801	-134.76767567199926	58.499288614950814	
24600 GLACIER HIGHWAY	99801	-134.76653696395186	58.49844085884263	
24590 GLACIER HIGHWAY	99801	-134.76792706193825	58.49787275379821	
24545 GLACIER HIGHWAY	99801	-134.7704635395846	58.496485730900694	
24345 GLACIER HIGHWAY	99801	-134.771481389192	58.49617806107019	
24325 AMALGA HARBOR ROAD	99801	-134.7722824375921	58.49518088480609	
24874 SALT LAKE WAY	99801	-134.78703141540632	58.49377478222667	
25005 AMALGA HARBOR ROAD	99801	-134.78578814256153	58.4909105708823	
24995 AMALGA HARBOR ROAD	99801	-134.785533924726	58.49114156903725	
25025 AMALGA HARBOR ROAD	99801	-134.78589042294317	58.49042373600839	
25148 AMALGA HARBOR ROAD	99801	-134.78793181657852	58.48935038403898	
25120 AMALGA HARBOR ROAD	99801	-134.7866948067879	58.48924313305266	
25200 AMALGA HARBOR ROAD	99801	-134.78820892079253	58.48880948605582	
25280 AMALGA HARBOR ROAD	99801	-134.7874370874021	58.48697149600972	
25400 AMALGA HARBOR ROAD	99801	-134.79019202813905	58.48679361591832	
25344 AMALGA HARBOR ROAD	99801	-134.78819200102416	58.48680058490423	
25360 AMALGA HARBOR ROAD	99801	-134.78830977824273	58.486582788181316	
25356 AMALGA HARBOR ROAD	99801	-134.78860355788336	58.48654362082997	
25390 AMALGA HARBOR ROAD	99801	-134.7896441240877	58.486624246879636	
25380 AMALGA HARBOR ROAD	99801	-134.7899238370093	58.48607113606343	
25342 AMALGA HARBOR ROAD	99801	-134.78899806112523	58.48658518897915	
23035 GLACIER HIGHWAY	99801	-134.78318406579174	58.4801060081511	
23500 GLACIER HIGHWAY	99801	-134.77722731019327	58.48578931904018	
23060 GLACIER HIGHWAY	99801	-134.78600024019	58.47977101777094	
23001 GLACIER HIGHWAY	99801	-134.78286055910172	58.478448929033775	
22891 GLACIER HIGHWAY	99801	-134.7827550268188	58.478094918018954	
22855 GLACIER HIGHWAY	99801	-134.78243716065043	58.477775144888696	
22811 GLACIER HIGHWAY	99801	-134.78175118913316	58.47732751698427	
22795 GLACIER HIGHWAY	99801	-134.7815839372003	58.47705547092667	
22745 GLACIER HIGHWAY	99801	-134.78160923555535	58.476301623916314	
22675 GLACIER HIGHWAY	99801	-134.78172935827513	58.47565132792334	
21405 GLACIER HIGHWAY	99801	-134.78751934882763	58.472158689960736	
99 SAGINAW WAY	99801	-134.85643728534825	58.39361514185355	
25150 GLACIER HIGHWAY	99801	-134.772131904205	58.506221635046025	
25160 GLACIER HIGHWAY	99801	-134.77338332387112	58.506614281959905	
24625 GLACIER HIGHWAY	99801	-134.7693353058934	58.499810103130415	
26610 HERBERT RIVER ROAD	99801	-134.79533390218032	58.516687769108074	
24899 AMALGA HARBOR ROAD	99801	-134.7865079931414	58.491588150082535	
40001 GLACIER HIGHWAY	99801	-134.93796205729365	58.6791167510983	
34275 GLACIER HIGHWAY	99801	-134.90514848463025	58.59232258011034	
34300 GLACIER HIGHWAY	99801	-134.9010198859749	58.59236350198976	
30000 EAGLE RIVER LANDING ROAD	99801	-134.825099959107	58.5156535980253	
25040 GLACIER HIGHWAY	99801	-134.77107829266615	58.505697379883145	
24701 GLACIER HIGHWAY	99801	-134.77002535755867	58.50007398485351	
25010 GLACIER HIGHWAY	99801	-134.7684562343193	58.5057105829497	
25095 AMALGA HARBOR ROAD	99801	-134.7841528350453	58.48963923387982	
25240 AMALGA HARBOR ROAD	99801	-134.78741905102783	58.48787039893387	
24550 GLACIER HIGHWAY	99801	-134.76877021437573	58.49695095511958	
20200 COHEN DRIVE	99801	-134.76706325274085	58.44279750110782	
20180 COHEN DRIVE	99801	-134.76772034701494	58.44266274994612	
20147 COHEN DRIVE	99801	-134.76868378207234	58.44234576818557	
20143 COHEN DRIVE	99801	-134.76955819857665	58.442038933959395	
20140 COHEN DRIVE	99801	-134.76795891440162	58.44130296622988	
20123 GLACIER HIGHWAY	99801	-134.7668190825618	58.44143203612089	
20139 COHEN DRIVE	99801	-134.76990104419812	58.44146419397451	
20135 COHEN DRIVE	99801	-134.76977928295122	58.44091276915329	
20115 GLACIER HIGHWAY	99801	-134.76596519435833	58.44069514405682	
20134 COHEN DRIVE	99801	-134.76768003331995	58.440512840070305	
20133 COHEN DRIVE	99801	-134.76989746710663	58.44056656278321	
20025 GLACIER HIGHWAY	99801	-134.76626322033533	58.440468852022654	
20131 COHEN DRIVE	99801	-134.76945775884306	58.44047448411694	
20019 COHEN DRIVE	99801	-134.76961687203945	58.439966361113875	
20012 COHEN DRIVE	99801	-134.76876313565128	58.43924946287444	
20008 COHEN DRIVE	99801	-134.76874788135945	58.43858417919408	
20007 COHEN DRIVE	99801	-134.76968763772427	58.43855810578306	
19977 COHEN DRIVE	99801	-134.7700400216574	58.437815068220544	
19932 COHEN DRIVE	99801	-134.76841625300096	58.43772017102524	
19933 COHEN DRIVE	99801	-134.7696353369101	58.4376556058221	
19330 COHEN DRIVE	99801	-134.76844057758225	58.43720894391282	
19929 COHEN DRIVE	99801	-134.76955663101648	58.43711834185134	
19928 COHEN DRIVE	99801	-134.7674024952197	58.43709994821961	
19661 GLACIER HIGHWAY	99801	-134.7640511503892	58.436944633134836	
19790 COHEN WAY	99801	-134.7652304065919	58.43657150783675	
19926 COHEN DRIVE	99801	-134.76729037199752	58.43663204998607	
19925 COHEN DRIVE	99801	-134.7694895708822	58.4367493158372	
19922 COHEN DRIVE	99801	-134.7684316016159	58.4365712318199	
19653 GLACIER HIGHWAY	99801	-134.76390189260982	58.43642950793627	
19921 COHEN DRIVE	99801	-134.76928195674532	58.436295584899	
19601 GLACIER HIGHWAY	99801	-134.76364237112085	58.435904792014824	
19917 COHEN DRIVE	99801	-134.76921067812248	58.43604104179263	
19914 COHEN DRIVE	99801	-134.76848812900346	58.43597991601924	
19913 COHEN DRIVE	99801	-134.76936020090488	58.435581840011295	
19899 COHEN DRIVE	99801	-134.76839849869768	58.435653666053305	
19909 COHEN DRIVE	99801	-134.76905669879793	58.43520041802911	
19890 COHEN DRIVE	99801	-134.76751333834258	58.43448702383768	
19905 COHEN DRIVE	99801	-134.76914671358267	58.43462800691721	
19555 GLACIER HIGHWAY	99801	-134.76334941703198	58.43393234418257	
19965 COHEN DRIVE	99801	-134.76616576121182	58.43399797521961	
19501 GLACIER HIGHWAY	99801	-134.76276667272066	58.4328483610093	
19485 GLACIER HIGHWAY	99801	-134.76273179113815	58.43229805211747	
19400 BEARDSLEY WAY	99801	-134.76628684872225	58.431668450881304	
19475 GLACIER HIGHWAY	99801	-134.7622269199822	58.43179397398442	
19430 GLACIER HIGHWAY	99801	-134.76054759501702	58.43188332187966	
19435 GLACIER HIGHWAY	99801	-134.76251093942724	58.43149673184627	
19415 GLACIER HIGHWAY	99801	-134.7615249773175	58.43072596811337	
19416 GLACIER HIGHWAY	99801	-134.76029341580906	58.43107382277002	
19324 RANDALL ROAD	99801	-134.75921654509082	58.43052280891091	
19200 WILLIWAW WAY	99801	-134.7658039503581	58.429603025992854	
19325 RANDALL ROAD	99801	-134.75995498361058	58.430459647042106	
19327 GLACIER HIGHWAY	99801	-134.76130168937553	58.43010898284452	
19323 GLACIER HIGHWAY	99801	-134.76102051309832	58.42977817809856	
19296 RANDALL ROAD	99801	-134.75879773613235	58.429913250901926	
19319 GLACIER HIGHWAY	99801	-134.76099894005677	58.42948688483281	
19299 RANDALL ROAD	99801	-134.75947462837703	58.42968077694879	
19294 RANDALL ROAD	99801	-134.75848044219083	58.429569396049224	
19276 RANDALL ROAD	99801	-134.75719599057342	58.42926779789649	
19315 GLACIER HIGHWAY	99801	-134.7609443278774	58.42922033992515	
19295 RANDALL ROAD	99801	-134.75938344129085	58.42927824779391	
19280 RANDALL ROAD	99801	-134.75804299498685	58.42915298097885	
19305 GLACIER HIGHWAY	99801	-134.7606564232187	58.428627185842956	
19150 BONNIE PLACE	99801	-134.7591573218591	58.42889367409963	
19191 RANDALL ROAD	99801	-134.758122352159	58.42872793106699	
19181 RANDALL ROAD	99801	-134.75765981411084	58.42863992310664	
19162 RANDALL ROAD	99801	-134.75702351493717	58.42838597698109	
19153 RANDALL ROAD	99801	-134.7578976152345	58.42819929209531	
19161 RANDALL ROAD	99801	-134.7582064569275	58.427953091028925	
19146 RANDALL ROAD	99801	-134.75692115640214	58.42794829600189	
19141 RANDALL ROAD	99801	-134.7583920057461	58.4276188010638	
19155 GLACIER HIGHWAY	99801	-134.76014953265	58.42774613810344	
19140 RANDALL ROAD	99801	-134.75721300286827	58.42772415891961	
19133 RANDALL ROAD	99801	-134.7574308389348	58.427396086069486	
19105 GLACIER HIGHWAY	99801	-134.759547742258	58.4271421709519	
19129 RANDALL ROAD	99801	-134.75732034705314	58.427040631954284	
19101 GLACIER HIGHWAY	99801	-134.75920100962634	58.42696202713705	
19025 RANDALL ROAD	99801	-134.75715238634953	58.426752672908	
19051 GLACIER HIGHWAY	99801	-134.75900127191784	58.42670497213946	
19006 GLACIER HIGHWAY	99801	-134.75655523485764	58.42583256995696	
19017 GLACIER HIGHWAY	99801	-134.75871816605942	58.42646438320172	
19013 GLACIER HIGHWAY	99801	-134.75849426726307	58.42607976889514	
19009 GLACIER HIGHWAY	99801	-134.75831473625857	58.42582154190555	
19005 GLACIER HIGHWAY	99801	-134.75859558734567	58.42542815015388	
18891 TRAILS END DRIVE	99801	-134.76775119606015	58.419125116938304	
18780 TRAILS END DRIVE	99801	-134.76579597062343	58.41833689083441	
18680 TRAILS END DRIVE	99801	-134.7646835445863	58.416045459958006	
18650 TRAILS END DRIVE	99801	-134.76444569944516	58.4157448539789	
18610 TRAILS END DRIVE	99801	-134.76430217920546	58.41531957210641	
18570 TRAILS END DRIVE	99801	-134.76380931403324	58.4143876758055	
18480 TRAILS END DRIVE	99801	-134.7634882965749	58.413670763820015	
18175 GLACIER HIGHWAY	99801	-134.75776584406043	58.4135330577659	
18155 GLACIER HIGHWAY	99801	-134.75773053757482	58.41322176677364	
18125 GLACIER HIGHWAY	99801	-134.75778743955985	58.412860866204845	
18420 TEE WAY	99801	-134.76367914006374	58.41259520003504	
18055 GLACIER HIGHWAY	99801	-134.75784534316642	58.41251860981028	
18395 TEE WAY	99801	-134.765595882572	58.412505093151346	
18392 TEE WAY	99801	-134.7633907170772	58.412198092885895	
18045 GLACIER HIGHWAY	99801	-134.75787917461835	58.41191594416284	
18383 TEE WAY	99801	-134.76496833298924	58.41200525686304	
18386 TEE WAY	99801	-134.76379680768787	58.411802392901635	
18320 TEE WAY	99801	-134.7638932067993	58.411436928968826	
18025 GLACIER HIGHWAY	99801	-134.75784889780002	58.411500151782974	
18375 TEE WAY	99801	-134.76562615310212	58.41151744687951	
18228 PT STEPHENS ROAD	99801	-134.7628991589537	58.41103184599601	
18224 PT STEPHENS ROAD	99801	-134.76347457570725	58.41089696521581	
18216 PT STEPHENS ROAD	99801	-134.76199448090242	58.410582106178865	
18240 PT STEPHENS ROAD	99801	-134.76509717296054	58.41023629509453	
17840 CHILKAT ROAD	99801	-134.75862235534447	58.410456650975526	
17860 CHILKAT ROAD	99801	-134.76126024380324	58.410095523030336	
18120 PT STEPHENS ROAD	99801	-134.76310985610863	58.40926035915784	
18225 PT STEPHENS ROAD	99801	-134.76629877295932	58.40984906409748	
18215 PT STEPHENS ROAD	99801	-134.76650119303724	58.409372782162556	
18205 PT STEPHENS ROAD	99801	-134.76575027062998	58.40929528188884	
18195 PT STEPHENS ROAD	99801	-134.76558693175852	58.40904418116754	
18175 PT STEPHENS ROAD	99801	-134.76511700327043	58.409054736830456	
17855 CHILKAT ROAD	99801	-134.75861014813808	58.409332805009925	
18155 PT STEPHENS ROAD	99801	-134.76461953243577	58.40888408914733	
18095 PT STEPHENS ROAD	99801	-134.76410759872502	58.40875735401744	
18000 PT STEPHENS ROAD	99801	-134.761351435381	58.40788410814419	
17990 PT STEPHENS ROAD	99801	-134.7600000449019	58.40789032617167	
17850 PT STEPHENS ROAD	99801	-134.75923547708547	58.407781164876226	
18096 PT STEPHENS ROAD	99801	-134.76263419097918	58.40867676815207	
17900 GLACIER HIGHWAY	99801	-134.75588841991384	58.40850254920588	
18065 PT STEPHENS ROAD	99801	-134.7630825122897	58.40785242409354	
17875 PT STEPHENS ROAD	99801	-134.75746996505697	58.40753077903634	
18045 PT STEPHENS ROAD	99801	-134.76282411998307	58.40759182008438	
18005 PT STEPHENS ROAD	99801	-134.76189592493597	58.4074494919879	
17995 PT STEPHENS SPUR ROAD	99801	-134.7611362735991	58.407266660975374	
17975 PT STEPHENS SPUR ROAD	99801	-134.7605779751416	58.40718017215112	
17755 GLACIER HIGHWAY	99801	-134.75642011656083	58.40701436879995	
17840 PT STEPHENS SPUR ROAD	99801	-134.75861289608454	58.406779368005004	
17853 PT STEPHENS SPUR ROAD	99801	-134.7598729773066	58.406724253884114	
17725 GLACIER HIGHWAY	99801	-134.7561802097861	58.40657338717889	
17720 GLACIER HIGHWAY	99801	-134.75425784741745	58.40638976521611	
17835 PT STEPHENS SPUR ROAD	99801	-134.76004329429122	58.40650266987975	
17800 PT STEPHENS SPUR ROAD	99801	-134.7583954211408	58.406476226802	
17815 PT STEPHENS SPUR ROAD	99801	-134.7595464962947	58.40633044690821	
17794 PT STEPHENS SPUR ROAD	99801	-134.75800967737126	58.40623175022411	
17717 GLACIER HIGHWAY	99801	-134.75628049590782	58.4060104760881	
17785 PT STEPHENS SPUR ROAD	99801	-134.75939612190942	58.40577257188659	
17790 PT STEPHENS SPUR ROAD	99801	-134.7581022972703	58.40572441019258	
17745 PT STEPHENS SPUR ROAD	99801	-134.75944182639444	58.40543434113271	
17713 GLACIER HIGHWAY	99801	-134.75689550141595	58.4053778238346	
17735 PT STEPHENS SPUR ROAD	99801	-134.7594302578902	58.40507629615448	
17595 GLACIER HIGHWAY	99801	-134.756999800312	58.40513477884143	
17715 PT STEPHENS SPUR ROAD	99801	-134.7595368447953	58.40481518920831	
17720 PT STEPHENS SPUR ROAD	99801	-134.75821041400633	58.40477408111214	
17575 GLACIER HIGHWAY	99801	-134.7572894692619	58.40455826105561	
17550 ANDREANOFF DRIVE	99801	-134.7554999758086	58.40443146189083	
17705 PT STEPHENS SPUR ROAD	99801	-134.75929245991887	58.40449139099737	
17701 PT STEPHENS SPUR ROAD	99801	-134.75920832730262	58.40410382718296	
17557 GLACIER HIGHWAY	99801	-134.75989448926273	58.40332198597954	
17461 ANDREANOFF DRIVE	99801	-134.75680194008248	58.40352774012714	
17430 ANDREANOFF DRIVE	99801	-134.75471944043798	58.40354677115551	
17525 GLACIER HIGHWAY	99801	-134.75784880617186	58.40356223318193	
17411 CHRISTINE AVENUE	99801	-134.7518443069127	58.40329031006414	
17420 ANDREANOFF DRIVE	99801	-134.75438903019503	58.40318268582102	
17415 CHRISTINE AVENUE	99801	-134.75284162282932	58.40317663122392	
17495 GLACIER HIGHWAY	99801	-134.75836891365338	58.40284420099588	
17416 CHRISTINE AVENUE	99801	-134.7534792353399	58.40292463593761	
17410 ANDREANOFF DRIVE	99801	-134.75408408719036	58.40272180017741	
17408 CHRISTINE AVENUE	99801	-134.75260685441802	58.40261589920242	
17465 GLACIER HIGHWAY	99801	-134.757200043772	58.402535346829744	
17340 ANDREANOFF DRIVE	99801	-134.75335496779337	58.40208269897838	
17370 GLACIER HIGHWAY	99801	-134.7550506753344	58.40208125023535	
17445 GLACIER HIGHWAY	99801	-134.756894869002	58.40220386696487	
17300 ANDREANOFF DRIVE	99801	-134.75202568934495	58.40186735382973	
17350 GLACIER HIGHWAY	99801	-134.75494932381076	58.40175041516901	
17421 GLACIER HIGHWAY	99801	-134.75692931939315	58.40186377995928	
17280 ANDREANOFF DRIVE	99801	-134.7523011253875	58.40103565879208	
17385 GLACIER HIGHWAY	99801	-134.75699651876627	58.401530562131526	
17330 GLACIER HIGHWAY	99801	-134.75472851342238	58.401284832163576	
17355 GLACIER HIGHWAY	99801	-134.75651202319756	58.401286804814376	
17270 ANDREANOFF DRIVE	99801	-134.75198411441528	58.400873940857686	
17345 GLACIER HIGHWAY	99801	-134.75603313042126	58.40101862778573	
17290 GLACIER HIGHWAY	99801	-134.75409063411215	58.40059561388274	
17250 ANDREANOFF DRIVE	99801	-134.75149242513777	58.40030869584041	
17295 GLACIER HIGHWAY	99801	-134.75565127366198	58.40046616219699	
17270 GLACIER HIGHWAY	99801	-134.75312144624368	58.40041314081524	
17240 ANDREANOFF DRIVE	99801	-134.7495750079948	58.400413299911506	
17265 GLACIER HIGHWAY	99801	-134.75473791069857	58.40018154295154	
17230 ANDREANOFF DRIVE	99801	-134.75080828169214	58.399958322118046	
17216 ANDREANOFF DRIVE	99801	-134.75044142589977	58.399685987096476	
17215 ANDREANOFF DRIVE	99801	-134.75166252203513	58.399474571867714	
17212 ANDREANOFF DRIVE	99801	-134.7499655972769	58.39931405791736	
17205 GLACIER HIGHWAY	99801	-134.75387196530738	58.399494117218595	
17200 ANDREANOFF DRIVE	99801	-134.74884903629456	58.39897359281391	
17165 GLACIER HIGHWAY	99801	-134.7531354357076	58.39898229121544	
17090 GLACIER HIGHWAY	99801	-134.75019783513406	58.398810226840844	
17125 GLACIER HIGHWAY	99801	-134.75201304735396	58.39856448920501	
17050 GLACIER HIGHWAY	99801	-134.75016154139996	58.39836481893596	
17040 GLACIER HIGHWAY	99801	-134.7489256176725	58.3980408268331	
17095 GLACIER HIGHWAY	99801	-134.75144678982304	58.398276508202116	
17085 GLACIER HIGHWAY	99801	-134.75093576430905	58.398081222095115	
17065 GLACIER HIGHWAY	99801	-134.75071305757706	58.39788642117322	
17000 GLACIER HIGHWAY	99801	-134.74828198016132	58.39760690788892	
17045 GLACIER HIGHWAY	99801	-134.75049050266037	58.39764599217775	
17025 GLACIER HIGHWAY	99801	-134.75012488384817	58.397319354968616	
16995 GLACIER HIGHWAY	99801	-134.7496786053066	58.39713739311407	
16955 GLACIER HIGHWAY	99801	-134.74866156867455	58.39682690817184	
16880 GLACIER HIGHWAY	99801	-134.74728258823808	58.3966408572001	
16945 GLACIER HIGHWAY	99801	-134.74855659334705	58.396624517013706	
16895 GLACIER HIGHWAY	99801	-134.7482716100097	58.39636239511722	
16876 GLACIER HIGHWAY	99801	-134.74692358012805	58.3962917999667	
17305 PT LENA LOOP ROAD	99801	-134.76783634467097	58.394900413205555	
16895 GLACIER HIGHWAY	99801	-134.7482800442919	58.396349538847105	
17415 PT LENA LOOP ROAD	99801	-134.76420956559463	58.39579713283149	
16870 GLACIER HIGHWAY	99801	-134.74694616377428	58.396019227130616	
17435 PT LENA LOOP ROAD	99801	-134.76372906932556	58.39507396499716	
16875 GLACIER HIGHWAY	99801	-134.74806430668988	58.39582700493722	
17455 PT LENA LOOP ROAD	99801	-134.76247807007098	58.395542055888136	
17395 PT LENA LOOP ROAD	99801	-134.76510939813323	58.39539519884529	
17315 PT LENA LOOP ROAD	99801	-134.76731140066	58.3949489710166	
17375 PT LENA LOOP ROAD	99801	-134.765679065669	58.395208809838124	
17345 PT LENA LOOP ROAD	99801	-134.76642301714963	58.395129551159776	
17325 PT LENA LOOP ROAD	99801	-134.76696513605057	58.395074482844514	
17295 PT LENA LOOP ROAD	99801	-134.7682353879983	58.39479634499254	
17475 PT LENA LOOP ROAD	99801	-134.76204696856615	58.394851667959855	
17370 PT LENA LOOP ROAD	99801	-134.76485774858116	58.39431697513101	
17495 PT LENA LOOP ROAD	99801	-134.7616161895565	58.39467582804597	
17285 PT LENA LOOP ROAD	99801	-134.76855057808538	58.39466453084101	
17350 PT LENA LOOP ROAD	99801	-134.76573955911851	58.39449596681076	
17275 PT LENA LOOP ROAD	99801	-134.76941278109507	58.39451827320908	
17330 PT LENA LOOP ROAD	99801	-134.76648659092228	58.394329676784885	
17300 PT LENA LOOP ROAD	99801	-134.76737673333395	58.39414368607606	
17500 PT LENA LOOP ROAD	99801	-134.76322161820806	58.39402952201593	
17525 PT LENA LOOP ROAD	99801	-134.76108312297868	58.3943992608643	
16150 MERGANSER ROAD	99801	-134.75792283094452	58.388900150110906	
17565 PT LENA LOOP ROAD	99801	-134.76120894461062	58.39364711976592	
17260 PT LENA LOOP ROAD	99801	-134.76723279897092	58.3936186967872	
17550 PT LENA LOOP ROAD	99801	-134.76252226538634	58.39371978509033	
17585 PT LENA LOOP ROAD	99801	-134.76053786356755	58.393408151916006	
17625 PT LENA LOOP ROAD	99801	-134.76030651594084	58.3929031008598	
17645 PT LENA LOOP ROAD	99801	-134.75942433619585	58.393189792937285	
17109 PT LENA LOOP ROAD	99801	-134.77322661995632	58.39149246090843	
17590 PT LENA LOOP ROAD	99801	-134.76161531190246	58.39273562914202	
17655 PT LENA LOOP ROAD	99801	-134.75938774332275	58.3928113118226	
17675 PT LENA LOOP ROAD	99801	-134.75871104511415	58.39280963106464	
17695 PT LENA LOOP ROAD	99801	-134.7582812758109	58.392692902933724	
17630 PT LENA LOOP ROAD	99801	-134.76081024713474	58.392564368070495	
17725 PT LENA LOOP ROAD	99801	-134.75789100992222	58.39249530390458	
17650 PT LENA LOOP ROAD	99801	-134.76034164366172	58.39237406817468	
17745 PT LENA LOOP ROAD	99801	-134.7578032687735	58.39215806107538	
17825 PT LENA LOOP ROAD	99801	-134.75592595242475	58.39232054780649	
17855 PT LENA LOOP ROAD	99801	-134.75530522824153	58.392169826126086	
17670 PT LENA LOOP ROAD	99801	-134.76056334158562	58.39185725410395	
17805 PT LENA LOOP ROAD	99801	-134.7565152939635	58.39206794712552	
17795 PT LENA LOOP ROAD	99801	-134.75719882385985	58.392026801091575	
17690 PT LENA LOOP ROAD	99801	-134.75966502540317	58.39191047620944	
17710 PT LENA LOOP ROAD	99801	-134.75919596917927	58.39147084987786	
17720 PT LENA LOOP ROAD	99801	-134.75847497234906	58.39178952801939	
17860 PT LENA LOOP ROAD	99801	-134.75470923377972	58.39159348280199	
17740 PT LENA LOOP ROAD	99801	-134.758059726109	58.39163718399048	
17099 PT LENA LOOP ROAD	99801	-134.7691226126819	58.39093011687426	
17760 PT LENA LOOP ROAD	99801	-134.75751835280977	58.39161790406105	
17800 PT LENA LOOP ROAD	99801	-134.75653597228305	58.391530646123115	
16540 GLACIER HIGHWAY	99801	-134.74422501137013	58.391239582160175	
16530 GLACIER HIGHWAY	99801	-134.74374163420396	58.390961153217305	
16526 GLACIER HIGHWAY	99801	-134.74365149006184	58.3906157150466	
16520 GLACIER HIGHWAY	99801	-134.74307162215607	58.390345272164055	
17025 TOWERS ROAD	99801	-134.77156756817047	58.39012426318272	
17017 TOWERS ROAD	99801	-134.77091378239152	58.38986459688261	
16480 GLACIER HIGHWAY	99801	-134.74273836605025	58.38964751407184	
17013 TOWERS ROAD	99801	-134.77028075488215	58.38976359216534	
17005 TOWERS ROAD	99801	-134.7687975959239	58.389484469784186	
17001 TOWERS ROAD	99801	-134.76810215706186	58.38923382305262	
16999 PT LENA LOOP ROAD	99801	-134.76815287773942	58.38877663014706	
16440 GLACIER HIGHWAY	99801	-134.74289977803545	58.38889193796685	
16955 PT LENA LOOP ROAD	99801	-134.76796186087574	58.3884994728492	
16400 GLACIER HIGHWAY	99801	-134.74297752722327	58.38851027621613	
16883 PT LENA LOOP ROAD	99801	-134.7673789467828	58.387996333821356	
16250 GLACIER HIGHWAY	99801	-134.74265489998393	58.38761972517067	
16875 PT LENA LOOP ROAD	99801	-134.76679935286322	58.38781518788798	
16240 GLACIER HIGHWAY	99801	-134.74340578376365	58.38762638986204	
16855 PT LENA LOOP ROAD	99801	-134.76655978116008	58.38730480411779	
16835 PT LENA LOOP ROAD	99801	-134.76606653959374	58.38714930185248	
16220 GLACIER HIGHWAY	99801	-134.74369628994336	58.38714936118285	
16775 PT LENA LOOP ROAD	99801	-134.76557719581746	58.386947307180776	
16765 PT LENA LOOP ROAD	99801	-134.76494283700487	58.386913449092425	
16216 GLACIER HIGHWAY	99801	-134.74366428656307	58.38663101880038	
16755 PT LENA LOOP ROAD	99801	-134.76521941660272	58.38654507406083	
16751 PT LENA LOOP ROAD	99801	-134.7648186619848	58.386331841035805	
16200 GLACIER HIGHWAY	99801	-134.7430752881807	58.38623367083638	
16735 PT LENA LOOP ROAD	99801	-134.76448072385975	58.38609981915112	
16695 PT LENA LOOP ROAD	99801	-134.76420292434972	58.38588917711258	
16296 PT LENA LOOP ROAD	99801	-134.7523375188346	58.385658951138595	
16685 PT LENA LOOP ROAD	99801	-134.7633668111108	58.38552488583897	
16665 PT LENA LOOP ROAD	99801	-134.76282357470566	58.38544374816567	
16645 PT LENA LOOP ROAD	99801	-134.7620978006348	58.38526884504437	
16615 PT LENA LOOP ROAD	99801	-134.7613834198967	58.3851810289154	
16595 PT LENA LOOP ROAD	99801	-134.76087863408068	58.38498938193947	
16585 PT LENA LOOP ROAD	99801	-134.7601602702126	58.38490303198733	
16565 PT LENA LOOP ROAD	99801	-134.7597494320056	58.38452748093308	
16555 PT LENA LOOP ROAD	99801	-134.75914723916839	58.38453239818692	
16525 PT LENA LOOP ROAD	99801	-134.75840788885859	58.3845404408764	
16495 PT LENA LOOP ROAD	99801	-134.75757369981105	58.38464997789561	
16475 PT LENA LOOP ROAD	99801	-134.75703457319833	58.38470249085994	
16455 PT LENA LOOP ROAD	99801	-134.75628323217617	58.384778989913464	
16457 PT LENA LOOP ROAD	99801	-134.7565005346434	58.38501410679685	
16375 PT LENA LOOP ROAD	99801	-134.75416414235352	58.384755498199596	
15918 LEE DRIVE	99801	-134.74411832295542	58.38348390190199	
16085 PT LENA WAY	99801	-134.74751678082927	58.383916217896285	
16005 PT LENA WAY	99801	-134.74717723292324	58.3836366282265	
15977 GLACIER HIGHWAY	99801	-134.7455122289003	58.383830618789446	
15906 LEE DRIVE	99801	-134.74187909424333	58.38341194306329	
15912 LEE DRIVE	99801	-134.7430941303438	58.38350536713162	
15965 GLACIER HIGHWAY	99801	-134.74632396006578	58.38306345795387	
15904 LEE DRIVE	99801	-134.74178230077146	58.38302419596899	
15900 LEE DRIVE	99801	-134.74309469897736	58.382956822129685	
15945 GLACIER HIGHWAY	99801	-134.74570958517498	58.38276046502324	
15935 GLACIER HIGHWAY	99801	-134.74504384461622	58.382865862886376	
15860 GLACIER HIGHWAY	99801	-134.74181404633526	58.38269486422375	
15915 GLACIER HIGHWAY	99801	-134.7451271903083	58.3824043051702	
15830 GLACIER HIGHWAY	99801	-134.74150346011402	58.38215616015465	
15885 GLACIER HIGHWAY	99801	-134.74432050318316	58.38203688709337	
15875 GLACIER HIGHWAY	99801	-134.7437131728808	58.38222672615458	
15790 GLACIER HIGHWAY	99801	-134.74070019107853	58.38172845201175	
15845 GLACIER HIGHWAY	99801	-134.74382032302958	58.38177295520592	
15825 GLACIER HIGHWAY	99801	-134.74293756387124	58.38162704723073	
15750 GLACIER HIGHWAY	99801	-134.7406431184136	58.381022295785186	
15775 GLACIER HIGHWAY	99801	-134.74242917940418	58.38075803699423	
15720 GLACIER HIGHWAY	99801	-134.74047908155111	58.380773093158446	
15745 GLACIER HIGHWAY	99801	-134.74202925482956	58.38038264997201	
15670 GLACIER HIGHWAY	99801	-134.73989156988057	58.380039076833306	
15705 GLACIER HIGHWAY	99801	-134.74175867328287	58.38017364290308	
15660 GLACIER HIGHWAY	99801	-134.73938588934251	58.37985129498541	
15675 GLACIER HIGHWAY	99801	-134.74134743263062	58.37967151307874	
15655 GLACIER HIGHWAY	99801	-134.7411415019366	58.379395552100306	
15620 GLACIER HIGHWAY	99801	-134.73885962840131	58.37942727680539	
15635 GLACIER HIGHWAY	99801	-134.7407254049919	58.37900492081527	
15605 GLACIER HIGHWAY	99801	-134.740390114202	58.37873660912759	
15575 GLACIER HIGHWAY	99801	-134.73999401734883	58.37834010902914	
15555 GLACIER HIGHWAY	99801	-134.7395817580071	58.37810071292287	
15535 GLACIER HIGHWAY	99801	-134.73899248384194	58.37777810585257	
15505 GLACIER HIGHWAY	99801	-134.7386476331808	58.37762694002918	
19150 WILLIWAW WAY	99801	-134.76560906984037	58.42917859715622	
19500 BEARDSLEY WAY	99801	-134.7655223617542	58.43253958688084	
19550 BEARDSLEY WAY	99801	-134.76499350558015	58.43295834096396	
17870 CHILKAT ROAD	99801	-134.7605064243292	58.41024447779789	
17880 CHILKAT ROAD	99801	-134.75997016244395	58.41030037084822	
20003 GLACIER HIGHWAY	99801	-134.76550418703937	58.43963383411609	
19951 GLACIER HIGHWAY	99801	-134.765317650074	58.43920138314387	
19450 BEARDSLEY WAY	99801	-134.76632164855803	58.4324023839467	
19100 WILLIWAW WAY	99801	-134.7657579431408	58.428746822910234	
18881 TRAILS END DRIVE	99801	-134.76717771697267	58.41891232509829	
18700 TRAILS END DRIVE	99801	-134.76489053080078	58.41718810888914	
18690 TRAILS END DRIVE	99801	-134.76479525368512	58.41659264482084	
17985 CHILKAT ROAD	99801	-134.75799655029002	58.41078564112739	
17855 PT STEPHENS SPUR ROAD	99801	-134.76029535437345	58.406763993983034	
17710 PT STEPHENS SPUR ROAD	99801	-134.7582703271442	58.40449311308581	
9014 COVE VIEW PLACE	99801	-134.75216892212376	58.40386911808015	
17421 CHRISTINE AVENUE	99801	-134.75304205044392	58.403438202142354	
9000 COVE VIEW PLACE	99801	-134.75393059744766	58.403300936167085	
16872 GLACIER HIGHWAY	99801	-134.74659690597835	58.39608809514958	
17477 PT LENA LOOP ROAD	99801	-134.76207775383094	58.39493608221854	
17485 PT LENA LOOP ROAD	99801	-134.76236587678022	58.39458304416448	
17417 ANDREANOFF DRIVE	99801	-134.75562350044837	58.40254852701865	
17120 PT LENA LOOP ROAD	99801	-134.76728197095295	58.39206045700102	
17110 PT LENA LOOP ROAD	99801	-134.7665257951979	58.39188917993804	
17100 PT LENA LOOP ROAD	99801	-134.76671908030772	58.39156118004639	
17090 PT LENA LOOP ROAD	99801	-134.76685666268338	58.391192605910945	
17010 ISLAND VIEW DRIVE	99801	-134.76430307931736	58.38977555812247	
17019 ISLAND VIEW DRIVE	99801	-134.7653631901673	58.38995426681264	
17025 ISLAND VIEW DRIVE	99801	-134.76580642791166	58.39049490601889	
17020 ISLAND VIEW DRIVE	99801	-134.76429773523975	58.39034435498043	
17030 ISLAND VIEW DRIVE	99801	-134.76428867662844	58.39096310996695	
17031 ISLAND VIEW DRIVE	99801	-134.76543505000015	58.39096304499309	
17041 ISLAND VIEW DRIVE	99801	-134.76556960684994	58.391445248174286	
17040 ISLAND VIEW DRIVE	99801	-134.7643450989131	58.391502478033985	
20015 COHEN DRIVE	99801	-134.76978572566844	58.439522052142514	
20011 COHEN DRIVE	99801	-134.77020129081043	58.439031651173636	
19103 GLACIER HIGHWAY	99801	-134.75925728907887	58.42701942510472	
17457 PT LENA LOOP ROAD	99801	-134.76228793086133	58.39551551184565	
17245 ANDREANOFF DRIVE	99801	-134.75252574732767	58.4001547279828	
17080 PT LENA LOOP ROAD	99801	-134.76679320838664	58.39095241093304	
17009 TOWERS ROAD	99801	-134.76961948344197	58.38961789616481	
16294 PT LENA LOOP ROAD	99801	-134.75213705977896	58.38575020690618	
16280 PT LENA LOOP ROAD	99801	-134.75133274420617	58.385581848890936	
15902 LEE DRIVE	99801	-134.7419052882187	58.383078899767995	
17022 ISLAND VIEW DRIVE	99801	-134.76433655323981	58.39045242899046	
19600 BEARDSLEY WAY	99801	-134.76646446901012	58.433415012181776	
17301 PT LENA LOOP ROAD	99801	-134.76796812033663	58.39532649518274	
17245 GLACIER HIGHWAY	99801	-134.75422464658288	58.39984704207794	
16950 GLACIER HIGHWAY	99801	-134.7476240935731	58.397259692816164	
17250 PT LENA LOOP ROAD	99801	-134.76755972195394	58.39333341681166	
17242 PT LENA LOOP ROAD	99801	-134.76755800527343	58.392947630914115	
17240 PT LENA LOOP ROAD	99801	-134.76756508399788	58.392847681145646	
17230 PT LENA LOOP ROAD	99801	-134.76722662215505	58.39262782295472	
17070 PT LENA LOOP ROAD	99801	-134.7668587198254	58.39066095517535	
17009 ISLAND VIEW DRIVE	99801	-134.76596329531984	58.39007407904717	
17070 ISLAND VIEW DRIVE	99801	-134.76489980770273	58.39389747619539	
17060 ISLAND VIEW DRIVE	99801	-134.76457583119384	58.39240755991221	
17061 ISLAND VIEW DRIVE	99801	-134.76625171111988	58.392393438085406	
17050 ISLAND VIEW DRIVE	99801	-134.76464287965	58.392111927857854	
17051 ISLAND VIEW DRIVE	99801	-134.76582923703504	58.39186640906699	
15808 LEE DRIVE	99801	-134.7417794072979	58.38328874388606	
15910 LEE DRIVE	99801	-134.74227524230045	58.383601935779794	
15975 GLACIER HIGHWAY	99801	-134.7467152940513	58.38332098593547	
15795 GLACIER HIGHWAY	99801	-134.74291598993136	58.38111361300014	
16007 PT LENA WAY	99801	-134.7466979134472	58.38379550505933	
17060 PT LENA LOOP ROAD	99801	-134.76710949980827	58.390355444990526	
9001 COVE VIEW PLACE	99801	-134.7541582673716	58.403684108183555	
9013 COVE VIEW PLACE	99801	-134.75361392064875	58.4039022341425	
9015 COVE VIEW PLACE	99801	-134.75281844180344	58.40422479478475	
19153 BONNIE PLACE	99801	-134.75892657430703	58.428308382136144	
19331 COHEN DRIVE	99801	-134.7674740424388	58.437523333161735	
19916 COHEN DRIVE	99801	-134.769610075386	58.437540691184935	
16160 GLACIER HIGHWAY	99801	-134.7449172549247	58.38533405680186	
41005 GLACIER HIGHWAY	99801	-134.9065704243002	58.66131263108268	
17101 PT LENA LOOP ROAD	99801	-134.77134664998422	58.39260408882636	
17015 ISLAND VIEW DRIVE	99801	-134.76666145967044	58.39002784422709	
17005 ISLAND VIEW DRIVE	99801	-134.76607209297885	58.38962879006184	
17001 ISLAND VIEW DRIVE	99801	-134.76545420837022	58.389247579824996	
17000 ISLAND VIEW DRIVE	99801	-134.7642921360406	58.389295387827914	
17200 PT LENA LOOP ROAD	99801	-134.7671551512927	58.392280733040465	
16700 OCEAN VIEW DRIVE	99801	-134.76269228323198	58.387558528986894	
16800 PT LENA LOOP ROAD	99801	-134.7616645090373	58.38829469182276	
16430 OCEAN VIEW DRIVE	99801	-134.7548479058118	58.387576207822086	
16432 OCEAN VIEW DRIVE	99801	-134.755252362387	58.38766913680667	
16450 OCEAN VIEW DRIVE	99801	-134.7560422546096	58.387850526928375	
16470 OCEAN VIEW DRIVE	99801	-134.75676836285376	58.38768823902329	
16490 OCEAN VIEW DRIVE	99801	-134.75707009078803	58.38745580698618	
16530 OCEAN VIEW DRIVE	99801	-134.7579366461353	58.38741260680347	
16550 OCEAN VIEW DRIVE	99801	-134.75957467734347	58.38729709214149	
16580 OCEAN VIEW DRIVE	99801	-134.76019466400987	58.38708656178856	
16610 OCEAN VIEW DRIVE	99801	-134.76084433640312	58.38697894881197	
16640 OCEAN VIEW DRIVE	99801	-134.7615798967207	58.38709140522884	
16400 OCEAN VIEW DRIVE	99801	-134.75256499741738	58.38801412591544	
16240 OCEAN VIEW DRIVE	99801	-134.7475006488834	58.38559603795863	
16250 OCEAN VIEW DRIVE	99801	-134.74758199762059	58.386109052834954	
16270 OCEAN VIEW DRIVE	99801	-134.74819544095843	58.38650103223316	
16290 OCEAN VIEW DRIVE	99801	-134.7487001243665	58.38683689298326	
16300 OCEAN VIEW DRIVE	99801	-134.7498674886715	58.38693279798809	
16291 OCEAN VIEW DRIVE	99801	-134.7505106159396	58.38631956218276	
16311 OCEAN VIEW DRIVE	99801	-134.7511836463269	58.386626414976355	
16331 OCEAN VIEW DRIVE	99801	-134.75169273597143	58.386195043842406	
16371 OCEAN VIEW DRIVE	99801	-134.75324554221197	58.38704291994127	
16431 OCEAN VIEW DRIVE	99801	-134.7546453545799	58.386902490787875	
16411 OCEAN VIEW DRIVE	99801	-134.75434196566067	58.38648635804713	
16391 OCEAN VIEW DRIVE	99801	-134.75317942980033	58.386425280914345	
16351 OCEAN VIEW DRIVE	99801	-134.75223653562026	58.386936487796014	
16271 OCEAN VIEW DRIVE	99801	-134.7499511137396	58.385977021144484	
16320 OCEAN VIEW DRIVE	99801	-134.75023223342293	58.387294068187444	
16731 OCEAN VIEW DRIVE	99801	-134.76380350103506	58.38720818203969	
16701 OCEAN VIEW DRIVE	99801	-134.7633733688124	58.386818686862085	
16671 OCEAN VIEW DRIVE	99801	-134.76281096056246	58.38649266602197	
16641 OCEAN VIEW DRIVE	99801	-134.762060994861	58.386279388887516	
16611 OCEAN VIEW DRIVE	99801	-134.76104345427404	58.38626357600218	
16581 OCEAN VIEW DRIVE	99801	-134.76006179689114	58.38623931820011	
16551 OCEAN VIEW DRIVE	99801	-134.7589020700627	58.386303881163926	
16531 OCEAN VIEW DRIVE	99801	-134.75791017637712	58.38646903983458	
16511 OCEAN VIEW DRIVE	99801	-134.75713752372315	58.38655900092947	
16491 OCEAN VIEW DRIVE	99801	-134.75643716838155	58.386650879229705	
16471 OCEAN VIEW DRIVE	99801	-134.7558326462128	58.386726774153786	
16451 OCEAN VIEW DRIVE	99801	-134.75522361270467	58.38681282016075	
16570 PT LENA LOOP ROAD	99801	-134.75889557344658	58.38573253704444	
17255 PT LENA LOOP ROAD	99801	-134.7732942756736	58.394226687801854	
20136 COHEN DRIVE	99801	-134.76793233325236	58.44089821023501	
17400 CHRISTINE AVENUE	99801	-134.75149649630265	58.40294732906703	
20166 COHEN DRIVE	99801	-134.76755006955622	58.44223713818446	
19880 COHEN DRIVE	99801	-134.7667820270563	58.43603504409562	
19894 COHEN DRIVE	99801	-134.76721045607317	58.43538516182394	
19895 COHEN DRIVE	99801	-134.76454141583696	58.435045072931544	
19901 COHEN DRIVE	99801	-134.76453541239593	58.434648806186964	
19935 COHEN DRIVE	99801	-134.76601461427538	58.43439782080268	
17135 GLACIER HIGHWAY	99801	-134.75267992068828	58.39878396910369	
17131 GLACIER HIGHWAY	99801	-134.75254878192817	58.39878540197775	
16345 PT LENA LOOP ROAD	99801	-134.7535749436469	58.384698142958584	
16307 PT LENA LOOP ROAD	99801	-134.7525815749276	58.384749763009324	
16295 PT LENA LOOP ROAD	99801	-134.75203587983356	58.3846382640195	
16275 PT LENA LOOP ROAD	99801	-134.7514283743597	58.3848416281285	
16245 PT LENA LOOP ROAD	99801	-134.75067156978398	58.38460034117254	
16205 PT LENA WAY	99801	-134.75008441833788	58.3845670831257	
16185 PT LENA WAY	99801	-134.74934579835846	58.38447520881501	
16155 PT LENA WAY	99801	-134.74896231205526	58.38461215395233	
16240 PT LENA LOOP ROAD	99801	-134.75054808736505	58.38546398080266	
15950 GLACIER HIGHWAY	99801	-134.74418558970223	58.38475283285963	
17850 PT STEPHENS SPUR ROAD	99801	-134.75889015211385	58.40707691198858	
17895 PT STEPHENS ROAD	99801	-134.75800252229	58.407344722909045	
17225 GLACIER HIGHWAY	99801	-134.75419327920977	58.39972351386019	
25100 AMALGA HARBOR ROAD	99801	-134.7858152851578	58.48982570088453	
15965 GLACIER HIGHWAY	99801	-134.74619520812936	58.38311607405935	
17120 GLACIER HIGHWAY	99801	-134.75118317111807	58.39902252676678	
17120 GLACIER HIGHWAY	99801	-134.75071421909877	58.39915357100828	
20115 GLACIER HIGHWAY	99801	-134.76607456693912	58.440752166076095	
25280 GLACIER HIGHWAY	99801	-134.78054132193884	58.50987555480554	
16105 PT LENA WAY	99801	-134.74695573891688	58.38469240493356	
16125 PT LENA WAY	99801	-134.74761912139803	58.38480865991722	
16305 PT LENA LOOP ROAD	99801	-134.75250507080477	58.38482282292518	
16445 PT LENA LOOP ROAD	99801	-134.75599430972628	58.384993628089454	
16435 PT LENA LOOP ROAD	99801	-134.75571186412958	58.38469408513664	
16395 PT LENA LOOP ROAD	99801	-134.75499284898294	58.384774388202224	
16385 PT LENA LOOP ROAD	99801	-134.7551713819591	58.38499625102977	
16435 PT LENA LOOP ROAD	99801	-134.75567219991655	58.384771016030925	
17570 PT LENA LOOP ROAD	99801	-134.76198015277362	58.393241151979595	
17870 PT LENA LOOP ROAD	99801	-134.75434881800967	58.39124401776953	
17870 PT LENA LOOP ROAD	99801	-134.75432732222322	58.391366290834526	
18215 PT STEPHENS ROAD	99801	-134.76635756410138	58.409307409214605	
17730 PT STEPHENS SPUR ROAD	99801	-134.75806122899044	58.40528456877677	
17730 PT STEPHENS SPUR ROAD	99801	-134.758060555254	58.405131971968366	
16200 PT LENA LOOP ROAD	99801	-134.74936214769662	58.38566183396404	
16202 PT LENA LOOP ROAD	99801	-134.7496567780418	58.38552031012445	
16500 PT LENA LOOP ROAD	99801	-134.7576505857179	58.38576032313822	
16350 PT LENA LOOP ROAD	99801	-134.75422657885906	58.385807439887444	
16400 PT LENA LOOP ROAD	99801	-134.75543217097095	58.385826535107256	
16450 PT LENA LOOP ROAD	99801	-134.75659980477047	58.38581673109688	
17405 PT LENA LOOP ROAD	99801	-134.76506572923068	58.39559955214109	
16600 PT LENA LOOP ROAD	99801	-134.760091399973	58.38579253184928	
16650 PT LENA LOOP ROAD	99801	-134.76122028673942	58.38584221916372	
17000 ISLAND VIEW DRIVE	99801	-134.7643101580418	58.38940573123486	
17041 ISLAND VIEW DRIVE	99801	-134.76555504426088	58.391370026789765	
18240 PT STEPHENS ROAD	99801	-134.7648207891954	58.41043999720907	
44000 GLACIER HIGHWAY	99801	-134.9401017957914	58.69792722402586	
17440 PT LENA LOOP ROAD	99801	-134.7638942461501	58.39442092188571	
21425 GLACIER HIGHWAY	99801	-134.78445726062031	58.4711249941772	
24330 AMALGA HARBOR ROAD	99801	-134.7741907242586	58.49735465222681	
24540 GLACIER HIGHWAY	99801	-134.76892753183986	58.4963762400515	
25259 GLACIER HIGHWAY	99801	-134.78055937627946	58.50695870177288	
17017 ISLAND VIEW DRIVE	99801	-134.76526709288981	58.389855908002275	
16391 OCEAN VIEW DRIVE	99801	-134.75304339701856	58.38637805103602	
17429 ANDREANOFF DRIVE	99801	-134.75584723934458	58.402918019792175	
16310 PT LENA LOOP ROAD	99801	-134.75325665437205	58.385748627054014	
16310 PT LENA LOOP ROAD	99801	-134.75304531941325	58.38574346604616	
17551 ANDREANOFF DRIVE	99801	-134.7564367713262	58.404215903769824	
19919 COHEN WAY	99801	-134.76682432872303	58.43639586711533	
20141 GLACIER HIGHWAY	99801	-134.76693340935134	58.44204429594036	
17515 PT LENA LOOP ROAD	99801	-134.7617500070928	58.39411956080579	
19133 RANDALL ROAD	99801	-134.75734292171623	58.42743341776911	
17025 ISLAND VIEW DRIVE	99801	-134.76565816726222	58.39049107109633	
19924 COHEN WAY	99801	-134.7645659623021	58.43742308989318	
29505 GLACIER HIGHWAY	99801	-134.8265184492463	58.52919767281501	
17902 GLACIER HIGHWAY	99801	-134.75598960884238	58.40836376505811	
19932 COHEN DRIVE	99801	-134.7685246185703	58.43768924214761	
19051 GLACIER HIGHWAY	99801	-134.7590452920617	58.42675660877354	
19918 COHEN DRIVE	99801	-134.7683819131026	58.43612047697303	
17410 ANDREANOFF DRIVE	99801	-134.75413003601713	58.40278885715353	
16351 OCEAN VIEW DRIVE	99801	-134.75237827270408	58.38693745215616	
19501 GLACIER HIGHWAY	99801	-134.76270980038	58.43279370996529	
16531 OCEAN VIEW DRIVE	99801	-134.75812821636123	58.386434415156074	
20022 COHEN DRIVE	99801	-134.76716647904843	58.43975218311994	
17570 PT LENA LOOP ROAD	99801	-134.76200513671833	58.39318184920412	
700 MAIN STREET	99840	-135.31542796555973	59.4578714928958	
2000 MAIN STREET	99840	-135.30179499626402	59.465007035041154	
803 BROADWAY	99840	-135.3115521833681	59.457533785058	
301 7TH AVENUE	99840	-135.31401273540664	59.4564419541667	
505 19TH AVENUE	99840	-135.30437961821968	59.464690976929646	
1303 BROADWAY	99840	-135.30634007634293	59.4602771710916	
1600 STATE STREET	99840	-135.30448937078785	59.46215222609418	
305 5TH AVENUE	99840	-135.31617147956084	59.4556584957753	
204 6TH AVENUE	99840	-135.31362582562386	59.45576228322674	
175 CONGRESS WAY	99840	-135.31695931643804	59.45110025791893	
202 14TH AVENUE	99840	-135.30482299969447	59.46004275993528	
204 11TH AVENUE	99840	-135.3080734385657	59.45854719608206	
1600 STATE STREET	99840	-135.30472064205776	59.462123175003114	
92 STATE STREET	99840	-135.32100985688507	59.453587433960095	
307 10TH AVENUE	99840	-135.31120397210944	59.45850923577673	
400 SPRING STREET	99840	-135.31434718088184	59.454097654159575	
1401 MAIN STREET	99840	-135.30860669199308	59.461987891995044	
2101 STATE STREET	99840	-135.2999767657048	59.465327022064145	
1702 BROADWAY	99840	-135.30164570524693	59.462215123102006	
93 BROADWAY	99840	-135.32013588504685	59.4530825441979	
200 ALASKA STREET	99840	-135.32206054800096	59.45579932078097	
1003 BROADWAY	99840	-135.30950721443787	59.45862434177946	
401 6TH AVENUE	99840	-135.31649480568947	59.4568343448885	
1000 ALASKA STREET	99840	-135.31365298977974	59.46024497607431	
211 KLONDIKE HIGHWAY	99840	-135.30285711574692	59.47086388077343	
303 12TH AVENUE	99840	-135.3088255395626	59.45936845014282	
301 5TH AVENUE	99840	-135.31600763044628	59.45545455801316	
502 BROADWAY	99840	-135.31489435729782	59.455411149182176	
425 KLONDIKE HIGHWAY	99840	-135.2979878714112	59.475986982176046	
404 4TH AVENUE	99840	-135.31834701143106	59.45607554280396	
306 BROADWAY	99840	-135.31659712200369	59.45451033990345	
1300 ALASKA STREET	99840	-135.31050009716856	59.46191866186352	
1201 KLONDIKE HIGHWAY	99840	-135.22960906958812	59.52732478380533	
604 BROADWAY	99840	-135.31320505474477	59.456288977912486	
703 SPRING STREET	99840	-135.31150727658704	59.45630343497945	
601 BROADWAY	99840	-135.3142592331206	59.45612250389346	
1900 ALASKA STREET	99840	-135.30424713827486	59.46514391021234	
1700 STATE STREET	99840	-135.30308199101202	59.46264160498898	
1803 STATE STREET	99840	-135.30244508817051	59.46370230912755	
603 ALASKA STREET	99840	-135.31791697532816	59.45849979419579	
503 STATE STREET	99840	-135.31629937899604	59.456535043032936	
505 22ND AVENUE	99840	-135.30124290157187	59.466312721935914	
502 3RD AVENUE	99840	-135.32053655162986	59.456043581177084	
301 MAIN STREET	99840	-135.3201187981918	59.455903702195684	
504 12TH AVENUE	99840	-135.31127718660173	59.461167963210784	
1300 MAIN STREET	99840	-135.309031154948	59.46118499487276	
304 13TH AVENUE	99840	-135.30740456917482	59.46030377802658	
503 8TH AVENUE	99840	-135.31583785514576	59.458469019909806	
61 LIARSVILLE ROAD	99840	-135.27718962320236	59.487904211872696	
501 BROADWAY	99840	-135.3152429422556	59.45563187011864	
402 SPRING STREET	99840	-135.31355453262796	59.454239365890054	
208 BROADWAY	99840	-135.3175769665864	59.453989403835614	
901 BROADWAY	99840	-135.3109956366254	59.45785621799724	
502 21ST AVENUE	99840	-135.3013651146713	59.46588120081423	
302 18TH AVENUE	99840	-135.30191427366913	59.46296555522153	
400 8TH AVENUE	99840	-135.31360787099626	59.4580823539001	
179 DYEA ROAD	99840	-135.3032712741272	59.47297033903357	
1103 STATE STREET	99840	-135.3101834042	59.459704999838635	
902 BROADWAY	99840	-135.31012236906633	59.457869347809456	
401 BROADWAY	99840	-135.31619835356088	59.45508771913184	
198 TERMINAL WAY	99840	-135.32534114511287	59.45350633119967	
402 11TH AVENUE	99840	-135.31080733177552	59.45979142800302	
206 2ND AVENUE	99840	-135.31788164997792	59.45363428391005	
5 DAIRY DRIVE	99840	-135.29685401785957	59.47463020799403	
406 1ST AVENUE	99840	-135.3215235045814	59.45455260214116	
202 MAIN STREET	99840	-135.32025405393088	59.45540025496481	
901 MAIN STREET	99840	-135.31384206897735	59.4592164347837	
406 8TH AVENUE	99840	-135.31448844006198	59.45841477602561	
203 6TH AVENUE	99840	-135.31389158681077	59.45533064109309	
205 13TH AVENUE	99840	-135.3065726510683	59.45933645100237	
205 12TH AVENUE	99840	-135.30762345896517	59.458796574831965	
505 23RD AVENUE	99840	-135.30025777130206	59.466885224027294	
1403 STATE STREET	99840	-135.3066954714289	59.46150769104947	
402 10TH AVENUE	99840	-135.31175345809402	59.45925754902659	
501 BROADWAY	99840	-135.3151405783307	59.45566538113511	
301 4TH AVENUE	99840	-135.31678260344862	59.4548810190627	
501 14TH AVENUE	99840	-135.30924924344112	59.461681059201695	
500 23RD AVENUE	99840	-135.30026708503493	59.467619380192424	
500 20TH AVENUE	99840	-135.30243161523788	59.46532988596012	
730 KLONDIKE HIGHWAY	99840	-135.28127775994065	59.48638382994568	
304 2ND AVENUE	99840	-135.31906534475644	59.45419866511174	
2202 MAIN STREET	99840	-135.29929279832893	59.466335020874006	
406 17TH AVENUE	99840	-135.30482868603025	59.46323583216831	
420 KLONDIKE HIGHWAY	99840	-135.29700758036583	59.474967543821506	
105 BROADWAY	99840	-135.31886075884037	59.453709358016276	
903 SPRING STREET	99840	-135.3090754194336	59.45740216082836	
403 2ND AVENUE	99840	-135.3207141647312	59.454592605809225	
500 8TH AVENUE	99840	-135.3150890761188	59.45875832219884	
402 15TH AVENUE	99840	-135.303276575984	59.46364147197462	
404 19TH AVENUE	99840	-135.30231766574073	59.46433223778909	
100 DYEA ROAD	99840	-135.30151660835747	59.475711046037006	
303 8TH AVENUE	99840	-135.3130514958318	59.45722239378119	
407 BROADWAY	99840	-135.31587870603335	59.45524245482496	
402 SPRING STREET	99840	-135.3138634354064	59.454208925114685	
2103 STATE STREET	99840	-135.29947011408788	59.46534312194859	
2101 STATE STREET	99840	-135.30001697070364	59.465254200980525	
505 6TH AVENUE	99840	-135.3181110805998	59.45756597900542	
200 5TH AVENUE	99840	-135.31477666182593	59.45527647800151	
2201 MAIN STREET	99840	-135.300223782645	59.46629011903089	
303 17TH AVENUE	99840	-135.303528712423	59.46207640802068	
202 10TH AVENUE	99840	-135.30889896875226	59.457823886919954	
302 7TH AVENUE	99840	-135.31345887821988	59.45676000220775	
307 13TH AVENUE	99840	-135.3082080430262	59.4601153717735	
1202 ALASKA STREET	99840	-135.31107474676088	59.46159059904063	
299 KLONDIKE HIGHWAY	99840	-135.30023218189288	59.472348981041236	
403 ALASKA STREET	99840	-135.31985217372392	59.45744239211606	
301 16TH AVENUE	99840	-135.30439285040381	59.46148931393669	
203 15TH AVENUE	99840	-135.30436747838695	59.46027987291364	
100 ALASKA STREET	99840	-135.32288365183788	59.45524190287541	
203 BROADWAY	99840	-135.31842361526694	59.45394754585502	
505 3RD AVENUE	99840	-135.32118435103575	59.45594457485738	
305 11TH AVENUE	99840	-135.3101691281735	59.45891086092326	
401 6TH AVENUE	99840	-135.3163053294365	59.456735964025825	
304 9TH AVENUE	99840	-135.31164094140973	59.45812626098947	
205 4TH AVENUE	99840	-135.3158907290851	59.45440465485908	
1403 MAIN STREET	99840	-135.30812858075112	59.462283641038134	
2101 STATE STREET	99840	-135.2997267160522	59.46520959299179	
1802 BROADWAY	99840	-135.300644903867	59.46274347087394	
207 3RD AVENUE	99840	-135.31717821431323	59.453992628910896	
535 KLONDIKE HIGHWAY	99840	-135.29279839294807	59.47962682013634	
500 10TH AVENUE	99840	-135.31293141533283	59.45982199886803	
211 BROADWAY	99840	-135.31779646902774	59.45425497981123	
210 KLONDIKE HIGHWAY	99840	-135.301123228908	59.47081442718708	
506 8TH AVENUE	99840	-135.315479862132	59.45912090382045	
400 7TH AVENUE	99840	-135.31472570039986	59.457426748168025	
703 STATE STREET	99840	-135.3140230390829	59.457679222956564	
400 STATE STREET	99840	-135.31714105909475	59.45558201577764	
309 5TH AVENUE	99840	-135.31638974861534	59.45574183903094	
206 5TH AVENUE	99840	-135.31384804726557	59.45496341920173	
1101 SPRING STREET	99840	-135.30759593997476	59.45823249406197	
205 9TH AVENUE	99840	-135.31064817007012	59.457159224990924	
603 BROADWAY	99840	-135.3137596692113	59.45635536222227	
302 ALASKA STREET	99840	-135.32060272422862	59.45660836407012	
401 6TH AVENUE	99840	-135.31629751409352	59.456798707223875	
1301 STATE STREET	99840	-135.3082031121736	59.46070189404045	
301 10TH AVENUE	99840	-135.31074787588014	59.458144419900144	
407 10TH AVENUE	99840	-135.31269297460867	59.45915286299459	
302 BROADWAY	99840	-135.31701047190023	59.454295500185815	
207 15TH AVENUE	99840	-135.3026302507135	59.461552220850585	
301 19TH AVENUE	99840	-135.30127301040525	59.46308583518133	
88 MAIN STREET	99840	-135.32316491884495	59.45383515502846	
305 5TH AVENUE	99840	-135.31625822357964	59.45565187109184	
602 BROADWAY	99840	-135.31366358900178	59.45606002011508	
700 BROADWAY	99840	-135.3128300054187	59.456486486989014	
600 7TH AVENUE	99840	-135.3173969774411	59.458911096925696	
503 BROADWAY	99840	-135.31483399500232	59.455821152781525	
309 4TH AVENUE	99840	-135.3175960036839	59.455223086822535	
204 13TH AVENUE	99840	-135.3059806271601	59.459627707796585	
1901 MAIN STREET	99840	-135.30329797026081	59.46471843889009	
902 MAIN STREET	99840	-135.31290512344108	59.45925004495518	
306 3RD AVENUE	99840	-135.31797371022657	59.45474126903786	
500 7TH AVENUE	99840	-135.3159677236881	59.45830630899475	
502 MAIN STREET	99840	-135.31704263158738	59.45709563015979	
2103 STATE STREET	99840	-135.29913101533953	59.465382148938566	
2100 ALASKA STREET	99840	-135.3019675275958	59.466293230205785	
1101 MAIN STREET	99840	-135.31179765340937	59.46025535611898	
300 SPRING STREET	99840	-135.31494901259634	59.453448749217436	
204 BROADWAY	99840	-135.31772215679416	59.45392014819148	
702 ALASKA STREET	99840	-135.3164602537887	59.45882575112028	
406 6TH AVENUE	99840	-135.3161269680385	59.45714014705631	
1800 MAIN STREET	99840	-135.30382992741926	59.4639117471678	
304 13TH AVENUE	99840	-135.30755043222078	59.46043173787862	
30 LIARSVILLE ROAD	99840	-135.2802746175511	59.48600279978545	
207 11TH AVENUE	99840	-135.30880268642176	59.458141902787844	
902 ALASKA STREET	99840	-135.3141864767691	59.459884509016035	
403 STATE STREET	99840	-135.3170521357631	59.45605386298983	
1403 BROADWAY	99840	-135.30530165262059	59.46081182089987	
202 9TH AVENUE	99840	-135.31014560758442	59.457323886141964	
206 7TH AVENUE	99840	-135.3127395684258	59.45639725009132	
205 14TH AVENUE	99840	-135.30547317873754	59.45987837312852	
408 BROADWAY	99840	-135.3154900876549	59.455107962847464	
200 2ND AVENUE	99840	-135.31727233170386	59.45335361605485	
506 11TH AVENUE	99840	-135.31243784138985	59.46071120308936	
4 DAIRY DRIVE	99840	-135.2974172121354	59.4742873820704	
206 10TH AVENUE	99840	-135.30927964422696	59.45808446290978	
405 11TH AVENUE	99840	-135.31140083790393	59.459614786819856	
306 3RD AVENUE	99840	-135.3180142314324	59.45483205204039	
506 12TH AVENUE	99840	-135.31143333356104	59.461244929018875	
91 LIARSVILLE ROAD	99840	-135.27502035079303	59.489997267971965	
405 5TH AVENUE	99840	-135.31783002379854	59.45633887321079	
350 STATE STREET	99840	-135.3178310011656	59.45524889012714	
403 20TH AVENUE	99840	-135.30173070922902	59.46447258988112	
303 2ND AVENUE	99840	-135.31929442323874	59.453869626129475	
1100 STATE STREET	99840	-135.30984089185353	59.459383866779255	
404 22ND AVENUE	99840	-135.2991873513859	59.46589333212269	
400 17TH AVENUE	99840	-135.30407744561936	59.463013050803774	
505 11TH AVENUE	99840	-135.31278369457087	59.460252998927054	
303 BROADWAY	99840	-135.31717019774763	59.45460684080882	
506 20TH AVENUE	99840	-135.30293134713213	59.46561384586128	
201 KLONDIKE HIGHWAY	99840	-135.30341139424354	59.470191382187366	
1503 BROADWAY	99840	-135.30417927055515	59.46133109489433	
1600 BROADWAY	99840	-135.30317941959277	59.4614631411059	
204 10TH AVENUE	99840	-135.30918595443438	59.45794497811263	
703 BROADWAY	99840	-135.3130365622385	59.45671717710831	
901 ALASKA STREET	99840	-135.31512991083667	59.459944487919756	
204 4TH AVENUE	99840	-135.3155554859059	59.45463854904344	
400 ALASKA STREET	99840	-135.31983615766072	59.456982084782894	
601 MAIN STREET	99840	-135.31693305508904	59.45760554497467	
204 14TH AVENUE	99840	-135.30498532616465	59.46013457310136	
505 23RD AVENUE	99840	-135.3001593384048	59.4668412571196	
1502 BROADWAY	99840	-135.3038141143753	59.46113474019372	
405 6TH AVENUE	99840	-135.31666154288766	59.456908381999604	
304 5TH AVENUE	99840	-135.31597712815082	59.455887060941016	
600 STATE STREET	99840	-135.3151804653259	59.456666642791184	
304 8TH AVENUE	99840	-135.31267205015075	59.457577323092856	
1000 STATE STREET	99840	-135.31097969242742	59.4588643862116	
800 MAIN STREET	99840	-135.31430176655266	59.458530451135964	
402 20TH AVENUE	99840	-135.3011102895747	59.4647876500514	
306 20TH AVENUE	99840	-135.3003131982534	59.464133712930526	
60 DYEA ROAD	99840	-135.29972994459732	59.477244094106574	
139 DYEA ROAD	99840	-135.30167717323135	59.47329240799759	
402 2ND AVENUE	99840	-135.32022669843386	59.45486407005383	
103 MAIN STREET	99840	-135.3216547430545	59.45513997192543	
207 BROADWAY	99840	-135.31805200199685	59.45413258884672	
501 5TH AVENUE	99840	-135.3187121029322	59.45683211710759	
700 SPRING STREET	99840	-135.31147089841127	59.45551944791185	
205 15TH AVENUE	99840	-135.3045298057554	59.460371686805054	
409 BROADWAY	99840	-135.3156110035871	59.45536285311718	
1200 MAIN STREET	99840	-135.30971873804287	59.4606239437783	
501 19TH AVENUE	99840	-135.3037498506965	59.46443037199223	
2103 STATE STREET	99840	-135.29933198194325	59.46530185582445	
100 STATE STREET	99840	-135.32034169626496	59.453946658775564	
900 STATE STREET	99840	-135.3120662496793	59.45825116784007	
505 15TH AVENUE	99840	-135.30859276541125	59.46250826390826	
305 5TH AVENUE	99840	-135.3161305235704	59.45562081618728	
1103 SPRING STREET	99840	-135.30703561222305	59.45851607901541	
300 16TH AVENUE	99840	-135.30379991560392	59.46173720213869	
205 2ND AVENUE	99840	-135.31807830915992	59.453306037959194	
301 13TH AVENUE	99840	-135.30754738513534	59.4598136340153	
580 KLONDIKE HIGHWAY	99840	-135.28609607518968	59.48166717401107	
407 1ST AVENUE	99840	-135.3221808207394	59.45423081794998	
405 14TH AVENUE	99840	-135.3083141134	59.461255592213625	
50 DYEA ROAD	99840	-135.29920131659532	59.47766941594623	
201 9TH AVENUE	99840	-135.31047757191283	59.456878315227875	
303 9TH AVENUE	99840	-135.3119038513439	59.45778587010948	
307 3RD AVENUE	99840	-135.31857988080387	59.454683957148575	
504 8TH AVENUE	99840	-135.31539425358375	59.45895004095908	
601 9TH AVENUE	99840	-135.31582726221194	59.459760748926286	
503 7TH AVENUE	99840	-135.31684390178867	59.45804164085755	
605 BROADWAY	99840	-135.31367257395124	59.45640012113522	
306 BROADWAY	99840	-135.3163183316519	59.45464169416196	
407 8TH AVENUE	99840	-135.31482160364126	59.458103196114024	
508 BROADWAY	99840	-135.3142578245622	59.45571918386	
207 10TH AVENUE	99840	-135.30988453290834	59.45777700397272	
404 9TH AVENUE	99840	-135.31292824517817	59.4587848979188	
405 10TH AVENUE	99840	-135.3124829233424	59.4590507228981	
403 7TH AVENUE	99840	-135.31538233743152	59.457370041135256	
507 11TH AVENUE	99840	-135.3129957724364	59.460472270022045	
1402 MAIN STREET	99840	-135.30769649559102	59.46199479021554	
300 ALASKA STREET	99840	-135.3210676149646	59.45641476806623	
401 6TH AVENUE	99840	-135.31637338041253	59.4568260852074	
201 11TH AVENUE	99840	-135.30827653417674	59.45805083788453	
502 6TH AVENUE	99840	-135.31730379878994	59.457734140902474	
503 BROADWAY	99840	-135.31489211240793	59.45579725317263	
1600 BROADWAY	99840	-135.30210314805086	59.4620030801284	
307 19TH AVENUE	99840	-135.30177010035425	59.46339261597024	
155 CONGRESS WAY	99840	-135.31811551558235	59.44999023907632	
600 BROADWAY	99840	-135.31385699089253	59.455978772176074	
2100 MAIN STREET	99840	-135.3006377442942	59.46559063000777	
407 6TH AVENUE	99840	-135.31676475482223	59.45696515600075	
306 3RD AVENUE	99840	-135.31792399835703	59.45479009694692	
1301 STATE STREET	99840	-135.3077462397999	59.46050813980553	
303 14TH AVENUE	99840	-135.3068128075747	59.46041921615881	
308 3RD AVENUE	99840	-135.31826319232684	59.45487896600742	
300 3RD AVENUE	99840	-135.31760340670013	59.4545446057847	
600 10TH AVENUE	99840	-135.3142737984046	59.460495933073524	
503 12TH AVENUE	99840	-135.31150495084876	59.46078441282258	
506 7TH AVENUE	99840	-135.3166178676969	59.45845204622318	
507 8TH AVENUE	99840	-135.31616781084122	59.458815115917616	
501 19TH AVENUE	99840	-135.30394878980272	59.464542056221745	
40 LIARSVILLE ROAD	99840	-135.27941863627305	59.48628974912846	
205 7TH AVENUE	99840	-135.3131187446123	59.45596438801413	
302 SPRING STREET	99840	-135.31498132140385	59.45391198915297	
204 BROADWAY	99840	-135.317678001903	59.45393926401075	
301 14TH AVENUE	99840	-135.30654560010015	59.46029272790505	
405 3RD AVENUE	99840	-135.31966236868752	59.45517622994331	
407 11TH AVENUE	99840	-135.31162947531345	59.459733041006714	
601 STATE STREET	99840	-135.31547319034442	59.45695141183024	
504 20TH AVENUE	99840	-135.30275542106688	59.46551802719265	
300 7TH AVENUE	99840	-135.31338940521076	59.45671716295638	
403 8TH AVENUE	99840	-135.31437963611475	59.45785620704128	
305 2ND AVENUE	99840	-135.3194592380422	59.4540260379152	
504 12TH AVENUE	99840	-135.31111752183978	59.461165491969055	
206 15TH AVENUE	99840	-135.3041069525815	59.460798465826876	
109 LIARSVILLE ROAD	99840	-135.27210311772194	59.490619934967675	
300 MAIN STREET	99840	-135.31967352396674	59.45570283286617	
202 2ND AVENUE	99840	-135.31748905655436	59.45344813012454	
504 11TH AVENUE	99840	-135.31219788341116	59.46063158722186	
1501 BROADWAY	99840	-135.30471505094343	59.46111315719705	
306 19TH AVENUE	99840	-135.3011702341536	59.46372643911706	
403 3RD AVENUE	99840	-135.31958731444556	59.45493786494911	
502 MAIN STREET	99840	-135.317267878755	59.456976283903806	
6 DAIRY DRIVE	99840	-135.29717737542927	59.47422852779019	
202 ALASKA STREET	99840	-135.3217638461407	59.45600913922729	
307 BROADWAY	99840	-135.3168217942495	59.45478018180816	
206 15TH AVENUE	99840	-135.30308767734775	59.46134017417483	
307 2ND AVENUE	99840	-135.3196560948536	59.454115843996725	
900 ALASKA STREET	99840	-135.31467934373794	59.45967898904395	
203 14TH AVENUE	99840	-135.3053108513691	59.45978656017953	
406 22ND AVENUE	99840	-135.2994822512257	59.46598175622718	
505 20TH AVENUE	99840	-135.30334814835598	59.46523866196807	
302 10TH AVENUE	99840	-135.31028252071516	59.458551225056745	
802 STATE STREET	99840	-135.31265263306585	59.45800148377893	
501 21ST AVENUE	99840	-135.30185329602764	59.46565554517819	
201 KLONDIKE HIGHWAY	99840	-135.3044463396891	59.470402812962675	
703 BROADWAY	99840	-135.3129547535639	59.45675348821639	
301 5TH AVENUE	99840	-135.31590353187454	59.45550232893715	
306 5TH AVENUE	99840	-135.31609424780262	59.455934298033156	
202 4TH AVENUE	99840	-135.31533718361376	59.45450008090503	
206 14TH AVENUE	99840	-135.30519907040502	59.4602338652235	
1200 BROADWAY	99840	-135.3074044964113	59.45926737520822	
2200 ALASKA STREET	99840	-135.30097126989457	59.46687289089991	
407 20TH AVENUE	99840	-135.30211004531563	59.46460714501544	
201 STATE STREET	99840	-135.319823468059	59.454691134893366	
1501 MAIN STREET	99840	-135.3070964299644	59.46299886498639	
1600 STATE STREET	99840	-135.30461942168816	59.462079693031306	
302 19TH AVENUE	99840	-135.30081208573128	59.46348606087716	
402 ALASKA STREET	99840	-135.31949932715844	59.45714625696335	
404 8TH AVENUE	99840	-135.31397392818636	59.45829768995703	
503 MAIN STREET	99840	-135.31762408322302	59.45725934893418	
148 DYEA ROAD	99840	-135.30394437907466	59.473697724970116	
70 DYEA ROAD	99840	-135.300057316738	59.4770330702197	
1 DAIRY DRIVE	99840	-135.2973216089313	59.4747004250106	
400 BROADWAY	99840	-135.31600976035182	59.454832756024324	
1203 MAIN STREET	99840	-135.31009587505363	59.46110584798731	
1801 MAIN STREET	99840	-135.30434754836406	59.464161445997014	
200 10TH AVENUE	99840	-135.3088048091408	59.45773501099207	
207 15TH AVENUE	99840	-135.30474354909748	59.46047098005659	
305 16TH AVENUE	99840	-135.3047503493442	59.46166370918952	
307 21ST AVENUE	99840	-135.29965817010444	59.46449517802743	
802 BROADWAY	99840	-135.31121751421236	59.457277975773174	
302 13TH AVENUE	99840	-135.30713309021112	59.46022125807112	
501 19TH AVENUE	99840	-135.30387003899332	59.46450612408321	
202 6TH AVENUE	99840	-135.3132843077124	59.45557302397379	
185 CONGRESS WAY	99840	-135.31660102338697	59.45170937896578	
1401 SPRING STREET	99840	-135.3044338063943	59.45985128884575	
305 7TH AVENUE	99840	-135.3142080066915	59.45673848306885	
200 3RD AVENUE	99840	-135.31628807190157	59.45387479886892	
1100 BROADWAY	99840	-135.308394028426	59.45875468308834	
1800 ALASKA STREET	99840	-135.3051665199507	59.46459291605199	
207 15TH AVENUE	99840	-135.30155396659518	59.462092156167934	
2101 STATE STREET	99840	-135.2998919737251	59.46528942810121	
102 MAIN STREET	99840	-135.32128763932712	59.45488985080546	
500 3RD AVENUE	99840	-135.32017761269012	59.45608960415717	
401 6TH AVENUE	99840	-135.31644413441924	59.45680595619222	
305 5TH AVENUE	99840	-135.31622443524682	59.45563175598645	
202 12TH AVENUE	99840	-135.30682722463666	59.45899656302723	
1602 STATE STREET	99840	-135.30414897307557	59.462401068865844	
305 10TH AVENUE	99840	-135.31110019782952	59.45839068378479	
400 14TH AVENUE	99840	-135.30726048569147	59.46140063205133	
1801 STATE STREET	99840	-135.30288994108574	59.46346427490435	
211 KLONDIKE HIGHWAY	99840	-135.30273179627324	59.47120868809049	
90 STATE STREET	99840	-135.32139054493618	59.453377411012866	
401 5TH AVENUE	99840	-135.3174793727156	59.45602490800569	
1301 MAIN STREET	99840	-135.30961444543502	59.46141883713044	
10 DYEA ROAD	99840	-135.30019214937056	59.47604435513307	
101 BROADWAY	99840	-135.31951648408202	59.45346540491245	
600 ALASKA STREET	99840	-135.31787416341834	59.458041214033614	
601 BROADWAY	99840	-135.31407912809263	59.456203126966344	
200 STATE STREET	99840	-135.31926550557142	59.45444112184992	
802 ALASKA STREET	99840	-135.31525115465394	59.45943050921691	
303 5TH AVENUE	99840	-135.31606092659376	59.455564674961266	
202 11TH AVENUE	99840	-135.30786743241316	59.458437585966585	
205 8TH AVENUE	99840	-135.3117275911054	59.456536523972474	
403 9TH AVENUE	99840	-135.31312840060326	59.45832157821201	
402 5TH AVENUE	99840	-135.31698064513782	59.456593977893476	
201 13TH AVENUE	99840	-135.30618156232285	59.45913635982715	
508 22ND AVENUE	99840	-135.30114618805004	59.46672398893382	
507 22ND AVENUE	99840	-135.30157912840627	59.46632263916911	
115 CONGRESS WAY	99840	-135.3203566280616	59.44815050193922	
604 BROADWAY	99840	-135.3134462065845	59.45617268795898	
402 SPRING STREET	99840	-135.3131014664161	59.454451321058876	
701 MAIN STREET	99840	-135.31598742643723	59.45810393791894	
101 MAIN STREET	99840	-135.32217077398124	59.454830534959584	
206 9TH AVENUE	99840	-135.3101569901374	59.45744550912696	
402 9TH AVENUE	99840	-135.31286028403366	59.458703803060565	
300 9TH AVENUE	99840	-135.3112372115716	59.4578729938627	
602 MAIN STREET	99840	-135.31600106465984	59.45766482399706	
200 BROADWAY	99840	-135.31811232117323	59.45372258577202	
1301 BROADWAY	99840	-135.30668596635488	59.46007202598532	
402 13TH AVENUE	99840	-135.3085584318011	59.460917626961766	
303 6TH AVENUE	99840	-135.31499576361864	59.45612774111437	
403 19TH AVENUE	99840	-135.30295152868328	59.463956554041424	
610 KLONDIKE HIGHWAY	99840	-135.28548436200705	59.482514949818004	
505 4TH AVENUE	99840	-135.32010356456124	59.45652637287026	
302 3RD AVENUE	99840	-135.3174728913708	59.45471100493923	
1101 ALASKA STREET	99840	-135.31305897610318	59.46099780405322	
408 2ND AVENUE	99840	-135.32068986081117	59.45510647317117	
400 3RD AVENUE	99840	-135.31899396911552	59.45529179287101	
305 17TH AVENUE	99840	-135.3037371431285	59.46220707789297	
1901 STATE STREET	99840	-135.30193643690382	59.463985038057444	
404 1ST AVENUE	99840	-135.32138829016483	59.454443044816486	
505 BROADWAY	99840	-135.31469459174158	59.455886828113144	
503 13TH AVENUE	99840	-135.3103543733615	59.46129828284459	
405 18TH AVENUE	99840	-135.30400435778952	59.463451589082744	
71 LIARSVILLE ROAD	99840	-135.27614494001912	59.488690492216634	
304 4TH AVENUE	99840	-135.31691416531524	59.45537490511222	
2103 STATE STREET	99840	-135.2993522964451	59.46538164279424	
7 DAIRY DRIVE	99840	-135.29657342369072	59.47458332508584	
1001 STATE STREET	99840	-135.31145371902977	59.45902066579187	
2103 MAIN STREET	99840	-135.30063529728335	59.4661038459823	
2002 ALASKA STREET	99840	-135.3026856219693	59.465935173031916	
101 SEVEN PASTURES ROAD	99840	-135.30393903230208	59.4687645699905	
300 2ND AVENUE	99840	-135.31870768411932	59.454006488878434	
205 11TH AVENUE	99840	-135.3086225571393	59.45822251693663	
406 11TH AVENUE	99840	-135.31124751165464	59.46007252901388	
903 MAIN STREET	99840	-135.31337860835936	59.459472253137484	
405 7TH AVENUE	99840	-135.31582651840688	59.457353763067694	
405 23RD AVENUE	99840	-135.29883222759116	59.46612223884172	
2100 STATE STREET	99840	-135.2994365952497	59.46477842610365	
105 BROADWAY	99840	-135.31878633791067	59.45373567518659	
280 TERMINAL WAY	99840	-135.3224685870575	59.452757887903594	
301 BROADWAY	99840	-135.3174562330122	59.45445218301516	
207 15TH AVENUE	99840	-135.30372237033365	59.46101177298088	
505 8TH AVENUE	99840	-135.31604166401914	59.458601582178225	
424 KLONDIKE HIGHWAY	99840	-135.29647785821584	59.47526811879801	
90 STATE STREET	99840	-135.32106163128645	59.453338303959946	
201 MAIN STREET	99840	-135.3210419438087	59.45543396206284	
407 BROADWAY	99840	-135.31580054901033	59.45526925609723	
203 BROADWAY	99840	-135.3183248374166	59.45398936594189	
503 12TH AVENUE	99840	-135.3117731294021	59.46070964290867	
1002 BROADWAY	99840	-135.30890954282145	59.45834360898389	
1301 SPRING STREET	99840	-135.30537037284148	59.4593587020484	
304 15TH AVENUE	99840	-135.30531847177764	59.46138261319444	
301 17TH AVENUE	99840	-135.3033170873084	59.46202984089525	
402 19TH AVENUE	99840	-135.3022528954121	59.464136370172184	
300 5TH AVENUE	99840	-135.3154810712644	59.455743325026994	
2101 STATE STREET	99840	-135.30012876783735	59.4652950011803	
401 MAIN STREET	99840	-135.3191181441356	59.456446685973035	
701 BROADWAY	99840	-135.3131814569006	59.45663889718387	
403 9TH AVENUE	99840	-135.31329385410893	59.45844663315692	
1003 STATE STREET	99840	-135.31091976761144	59.459327844095725	
90 MAIN STREET	99840	-135.32270795484305	59.45407198191927	
1201 12TH AVENUE	99840	-135.30644159944475	59.45880206681424	
306 12TH AVENUE	99840	-135.308660564859	59.459832157197184	
406 BROADWAY	99840	-135.3157286532449	59.45496648987439	
2101 STATE STREET	99840	-135.30006814682704	59.46536173018516	
503 ALASKA STREET	99840	-135.31888294543128	59.45798232688914	
700 STATE STREET	99840	-135.31412387766852	59.45720366511047	
99 DYEA ROAD	99840	-135.29920149536008	59.47531292521593	
304 KLONDIKE HIGHWAY	99840	-135.29790102228955	59.47275229112792	
1001 MAIN STREET	99840	-135.31275585757686	59.4597659901483	
300 SPRING STREET	99840	-135.31518801027596	59.453555091952076	
211 BROADWAY	99840	-135.31772677233812	59.45428781878587	
241 KLONDIKE HIGHWAY	99840	-135.3015314440344	59.47143124020826	
507 3RD AVENUE	99840	-135.32153451523183	59.4559579701961	
307 11TH AVENUE	99840	-135.31039134981523	59.458966762873146	
702 MAIN STREET	99840	-135.3149239208538	59.45797582591519	
401 1ST AVENUE	99840	-135.3215546545622	59.4539009109186	
1303 STATE STREET	99840	-135.3078476272561	59.4609038588365	
20 DYEA ROAD	99840	-135.29968553638125	59.47631637803643	
203 3RD AVENUE	99840	-135.31681909391378	59.453767780983526	
1201 BROADWAY	99840	-135.308033840828	59.459566336080314	
560 KLONDIKE HIGHWAY	99840	-135.28799353625868	59.48097991522536	
401 STATE STREET	99840	-135.31774959763115	59.4557753681995	
403 STATE STREET	99840	-135.3172125146857	59.45598575881899	
303 5TH AVENUE	99840	-135.3161166706504	59.455586635854615	
200 11TH AVENUE	99840	-135.30769304067044	59.45835388690171	
406 2ND AVENUE	99840	-135.32058436895244	59.455032591901926	
506 6TH AVENUE	99840	-135.3177725980957	59.45795349407191	
603 MAIN STREET	99840	-135.31645679617318	59.45783538795649	
1401 STATE STREET	99840	-135.3072531940663	59.46124027000371	
800 ALASKA STREET	99840	-135.31583202597793	59.45915349202563	
903 ALASKA STREET	99840	-135.31475955520798	59.46017347601259	
103 BROADWAY	99840	-135.31906524594177	59.45361857199927	
207 9TH AVENUE	99840	-135.31085447087005	59.45726137719353	
603 BROADWAY	99840	-135.31384098560912	59.45631655717736	
145 CONGRESS WAY	99840	-135.31828635987802	59.44930078698594	
306 2ND AVENUE	99840	-135.31920638474762	59.45430820998841	
602 BROADWAY	99840	-135.31376031959155	59.4560227230846	
1103 MAIN STREET	99840	-135.31119923080138	59.4605329910039	
305 5TH AVENUE	99840	-135.31624504439608	59.455689918150256	
306 3RD AVENUE	99840	-135.31805223286386	59.45477849991399	
1602 BROADWAY	99840	-135.3027219920602	59.46167518792315	
600 8TH AVENUE	99840	-135.31642211491499	59.45948132104886	
351 STATE STREET	99840	-135.31850391477187	59.45558820494586	
300 STATE STREET	99840	-135.31836761069886	59.45498979018046	
504 19TH AVENUE	99840	-135.30378700501663	59.464981036997905	
305 19TH AVENUE	99840	-135.30159431262953	59.463318059042535	
101 TERMINAL WAY	99840	-135.33001099309993	59.45070283700003	
701 STATE STREET	99840	-135.31458463525584	59.4573641230009	
1202 BROADWAY	99840	-135.30696426173495	59.45951646197835	
700 BROADWAY	99840	-135.312725357078	59.45652594100554	
506 21ST AVENUE	99840	-135.3018928245951	59.466161536938316	
2101 STATE STREET	99840	-135.29983082809866	59.465172410114505	
901 STATE STREET	99840	-135.3123900950342	59.45854644196165	
302 9TH AVENUE	99840	-135.31143481218803	59.45804359420458	
900 MAIN STREET	99840	-135.31336507344298	59.459018472847724	
703 MAIN STREET	99840	-135.31541601886477	59.45839281194788	
507 4TH AVENUE	99840	-135.32023942756143	59.456580686892366	
302 3RD AVENUE	99840	-135.31785065271072	59.45468276192287	
400 13TH AVENUE	99840	-135.30823596805513	59.46087562008046	
1802 STATE STREET	99840	-135.30198805320174	59.46349119106732	
600 MAIN STREET	99840	-135.31648762186214	59.457388032914814	
300 13TH AVENUE	99840	-135.30695266358632	59.46014208610575	
405 19TH AVENUE	99840	-135.30310001211492	59.46411658782022	
20 LIARSVILLE ROAD	99840	-135.28170364582698	59.485114681056785	
206 9TH AVENUE	99840	-135.31046835340138	59.45750179285443	
206 7TH AVENUE	99840	-135.31267385486615	59.45635701482076	
207 14TH AVENUE	99840	-135.30568692118132	59.459977664177345	
2 DAIRY DRIVE	99840	-135.2976803205973	59.474337271792635	
404 2ND AVENUE	99840	-135.32034381898399	59.454911302183746	
408 BROADWAY	99840	-135.31537390135267	59.45516051600985	
2103 STATE STREET	99840	-135.29941862535077	59.46540591808815	
401 20TH AVENUE	99840	-135.30152668925157	59.46436614091031	
903 STATE STREET	99840	-135.31197752038378	59.45875271197942	
403 11TH AVENUE	99840	-135.31121942403064	59.45955581888134	
505 BROADWAY	99840	-135.31477012658223	59.45585397608271	
306 3RD AVENUE	99840	-135.31796852784566	59.454810779118915	
403 18TH AVENUE	99840	-135.30379378100886	59.46339505601236	
305 15TH AVENUE	99840	-135.30582919455938	59.461078480772905	
101 CONGRESS WAY	99840	-135.3215263378678	59.44745885106883	
1001 SPRING STREET	99840	-135.30853207702728	59.45770281903162	
500 STATE STREET	99840	-135.3163011459822	59.45609963989036	
201 SPRING STREET	99840	-135.31697036481773	59.453265662041666	
400 22ND AVENUE	99840	-135.2989128621677	59.465737145928635	
301 2ND AVENUE	99840	-135.31912085704775	59.45377501096994	
419 KLONDIKE HIGHWAY	99840	-135.29807423634094	59.47518845782902	
404 4TH AVENUE	99840	-135.31842005883672	59.4561010258923	
1902 ALASKA STREET	99840	-135.3037384187362	59.46541951916409	
1502 STATE STREET	99840	-135.3051860511216	59.46183934598556	
48 BROADWAY	99840	-135.32089072500705	59.45148046594844	
1102 STATE STREET	99840	-135.30937671617656	59.4596671138693	
505 8TH AVENUE	99840	-135.3159220811868	59.45869168377906	
201 12TH AVENUE	99840	-135.30723057089418	59.458609765191994	
2000 ALASKA STREET	99840	-135.3031390079814	59.46573453992879	
200 KLONDIKE HIGHWAY	99840	-135.30234261105784	59.4701106998387	
402 17TH AVENUE	99840	-135.30436494603615	59.46305871421566	
205 15TH AVENUE	99840	-135.30350445341878	59.46094442510455	
502 4TH AVENUE	99840	-135.31953991933116	59.45664179879374	
1303 SPRING STREET	99840	-135.30495222055148	59.45957351598391	
1500 STATE STREET	99840	-135.30568772427517	59.46156588692375	
304 KLONDIKE HIGHWAY	99840	-135.29820449026053	59.47301176781685	
203 STATE STREET	99840	-135.31934540532606	59.454871575098814	
500 BROADWAY	99840	-135.3149639857155	59.4553705899698	
206 4TH AVENUE	99840	-135.31572878080567	59.45470465810372	
703 BROADWAY	99840	-135.31310716981986	59.45668089198253	
304 6TH AVENUE	99840	-135.3147767256063	59.45641338618578	
206 12TH AVENUE	99840	-135.3072013837323	59.45918243702662	
401 10TH AVENUE	99840	-135.31210085907225	59.45886658418708	
304 5TH AVENUE	99840	-135.31589705771626	59.455808848029974	
2101 STATE STREET	99840	-135.300220130095	59.46533185577277	
2003 MAIN STREET	99840	-135.3017083447717	59.46549906305371	
1500 BROADWAY	99840	-135.30422648600646	59.460897132021415	
401 BROADWAY	99840	-135.3163916647218	59.454997913805535	
209 BROADWAY	99840	-135.3179416385743	59.45418334700782	
306 8TH AVENUE	99840	-135.31290635862462	59.45767892988289	
501 2ND AVENUE	99840	-135.32193627955613	59.455262598923596	
304 7TH AVENUE	99840	-135.31364901563293	59.45685506096147	
2103 STATE STREET	99840	-135.2993905520998	59.465273209983934	
306 10TH AVENUE	99840	-135.3108790631493	59.45870721621537	
702 STATE STREET	99840	-135.31370387664563	59.457411620976	
302 12TH AVENUE	99840	-135.30823915797268	59.45968762188019	
501 19TH AVENUE	99840	-135.30381366342104	59.46446633889845	
402 MAIN STREET	99840	-135.31812677057457	59.45649068283802	
206 11TH AVENUE	99840	-135.3082478330034	59.45863089512482	
500 21ST AVENUE	99840	-135.30123862289616	59.465831597085064	
304 16TH AVENUE	99840	-135.30410980383422	59.46186003206138	
404 7TH AVENUE	99840	-135.31508669288834	59.45769959020172	
406 20TH AVENUE	99840	-135.30165758995818	59.464911127022646	
91 BROADWAY	99840	-135.3203165039111	59.45293597798471	
1302 MAIN STREET	99840	-135.30864797856356	59.46139617617824	
40 DYEA ROAD	99840	-135.29858162906794	59.477303745196416	
504 ALASKA STREET	99840	-135.3227369560537	59.455128217964344	
902 STATE STREET	99840	-135.31149500380363	59.458561407961696	
504 14TH AVENUE	99840	-135.30907170040834	59.46230279914195	
202 STATE STREET	99840	-135.31899945782192	59.45468531079411	
504 10TH AVENUE	99840	-135.3132542617611	59.46003209407558	
600 BROADWAY	99840	-135.31394990993059	59.45593292982885	
301 12TH AVENUE	99840	-135.30866649643482	59.45920250711033	
301 9TH AVENUE	99840	-135.31169279396457	59.45767470222628	
1000 MAIN STREET	99840	-135.31232261538668	59.45950444980369	
207 2ND AVENUE	99840	-135.3182847509954	59.453423385118015	
801 MAIN STREET	99840	-135.31470061943713	59.45875806200152	
304 BROADWAY	99840	-135.316806042291	59.45439341106016	
504 13TH AVENUE	99840	-135.31022962701297	59.46169358501854	
1401 KLONDIKE HIGHWAY	99840	-135.18521479357426	59.5937906189061	
504 2ND AVENUE	99840	-135.32175310139158	59.45563132821903	
507 7TH AVENUE	99840	-135.3172307109601	59.45822781180689	
406 15TH AVENUE	99840	-135.30347320731823	59.46373775010074	
1400 MAIN STREET	99840	-135.30800704138812	59.46175170799783	
1003 SPRING STREET	99840	-135.30808340717041	59.4579448019046	
407 22ND AVENUE	99840	-135.30006861215435	59.46577013713891	
503 BROADWAY	99840	-135.31493275578464	59.455776364797416	
405 7TH AVENUE	99840	-135.31561107275735	59.45747403195488	
304 19TH AVENUE	99840	-135.30104815220815	59.46357485504789	
206 7TH AVENUE	99840	-135.3128122259626	59.45643152821231	
703 ALASKA STREET	99840	-135.31675096658094	59.45909186883979	
305 4TH AVENUE	99840	-135.3172348234475	59.45492934183865	
601 ALASKA STREET	99840	-135.31829949684075	59.45827837209304	
207 7TH AVENUE	99840	-135.31296772972817	59.456188090987595	
160 CONGRESS WAY	99840	-135.31624257313075	59.45030366399984	
1001 ALASKA STREET	99840	-135.31410453783877	59.46049039982829	
1102 ALASKA STREET	99840	-135.31204450595789	59.461083389947795	
208 BROADWAY	99840	-135.3175235446747	59.45401567011085	
305 14TH AVENUE	99840	-135.3069795339931	59.460531682782275	
50 LIARSVILLE ROAD	99840	-135.27882780083596	59.486867183081586	
600 KLONDIKE HIGHWAY	99840	-135.28644060515228	59.482364360988655	
303 MAIN STREET	99840	-135.31952433086605	59.456214035077146	
302 3RD AVENUE	99840	-135.3176958092069	59.454594038896865	
304 18TH AVENUE	99840	-135.3020975883776	59.46305423208831	
400 9TH AVENUE	99840	-135.31271649879096	59.45860007896124	
500 STATE STREET	99840	-135.3160919310475	59.456186275859274	
508 22ND AVENUE	99840	-135.30123772008932	59.466779614176446	
203 10TH AVENUE	99840	-135.30950991028203	59.45757096583933	
405 6TH AVENUE	99840	-135.31658186771185	59.45687293614802	
403 BROADWAY	99840	-135.3160943466173	59.4551449929008	
204 2ND AVENUE	99840	-135.31768828401974	59.45354268502016	
2200 MAIN STREET	99840	-135.29968299504728	59.46611316084573	
197 TERMINAL WAY	99840	-135.3262851100848	59.453875838895364	
1002 MAIN STREET	99840	-135.31185181373618	59.45980081992418	
500 MAIN STREET	99840	-135.3174583557312	59.456881970061744	
301 6TH AVENUE	99840	-135.31484889625622	59.45601820487194	
502 20TH AVENUE	99840	-135.30258646772486	59.46541862690884	
1700 MAIN STREET	99840	-135.30481284783343	59.46342119402834	
200 15TH AVENUE	99840	-135.30352014788508	59.46050815806404	
400 23RD AVENUE	99840	-135.29713067381428	59.46773346714344	
406 3RD AVENUE	99840	-135.3195663423769	59.45560877614964	
302 7TH AVENUE	99840	-135.31351137756172	59.45678458590585	
1601 BROADWAY	99840	-135.30369741244013	59.46162873800849	
117 CONGRESS WAY	99840	-135.3209796725932	59.44850822194518	
409 3RD AVENUE	99840	-135.32000925672776	59.45531307005518	
901 SPRING STREET	99840	-135.30949146876756	59.4571673800503	
200 13TH AVENUE	99840	-135.30555437655778	59.45946238684546	
1302 BROADWAY	99840	-135.30591890571355	59.460054934878094	
402 3RD AVENUE	99840	-135.31899454403734	59.45545193295925	
306 5TH AVENUE	99840	-135.31625814901946	59.45599330104993	
203 13TH AVENUE	99840	-135.30635031444223	59.45921579708071	
403 15TH AVENUE	99840	-135.30702060227293	59.46171482622256	
102 STATE STREET	99840	-135.31996257128245	59.454125787179784	
800 MAIN STREET	99840	-135.31408474256318	59.45838128599392	
503 14TH AVENUE	99840	-135.30934895014943	59.46173725280423	
1903 MAIN STREET	99840	-135.30282387808143	59.46495119602282	
711 KLONDIKE HIGHWAY	99840	-135.28352751331462	59.48644312281093	
301 5TH AVENUE	99840	-135.3159630219059	59.45547557395927	
300 10TH AVENUE	99840	-135.31004072658004	59.45854954106772	
505 21ST AVENUE	99840	-135.30221167082541	59.46579371204923	
1402 BROADWAY	99840	-135.30488760922466	59.46060334595602	
2101 STATE STREET	99840	-135.29993208889243	59.46521993499995	
502 8TH AVENUE	99840	-135.31523940828328	59.45886250321069	
2103 STATE STREET	99840	-135.29952722088882	59.465365561184036	
1900 MAIN STREET	99840	-135.30277759328473	59.4644737318172	
307 9TH AVENUE	99840	-135.31229785602082	59.45799639201426	
507 6TH AVENUE	99840	-135.3182407434279	59.4577052530935	
203 5TH AVENUE	99840	-135.31473841335776	59.454851981810094	
200 4TH AVENUE	99840	-135.31521484924173	59.454393455801586	
401 ALASKA STREET	99840	-135.32027009155368	59.45721564979925	
200 14TH AVENUE	99840	-135.30460925814901	59.45994346679532	
300 15TH AVENUE	99840	-135.30495521733127	59.46121714198006	
303 16TH AVENUE	99840	-135.30460948542282	59.46157196910046	
300 KLONDIKE HIGHWAY	99840	-135.29802430258755	59.47216989488913	
3 DAIRY DRIVE	99840	-135.2970691976078	59.47467248705727	
305 13TH AVENUE	99840	-135.30793851879656	59.45999126789422	
1400 ALASKA STREET	99840	-135.3094217514167	59.46242492820432	
1600 STATE STREET	99840	-135.30457938826754	59.4621957339898	
1800 STATE STREET	99840	-135.30249473176804	59.46325004481533	
101 MAIN STREET	99840	-135.32233070015297	59.454765514081224	
307 8TH AVENUE	99840	-135.3135072929221	59.45730149087015	
201 12TH AVENUE	99840	-135.3066385883085	59.45890709903486	
80 DYEA ROAD	99840	-135.30092938684277	59.4766319022052	
801 STATE STREET	99840	-135.31343788369338	59.457996633957556	
402 BROADWAY	99840	-135.31587960704357	59.454888907139924	
602 ALASKA STREET	99840	-135.3173754017046	59.458360214792506	
402 STATE STREET	99840	-135.31669203081012	59.45587582493946	
201 6TH AVENUE	99840	-135.31352501308942	59.455358606909634	
1403 SPRING STREET	99840	-135.3039067908682	59.46010769580395	
403 5TH AVENUE	99840	-135.31762112237584	59.45620988986764	
203 4TH AVENUE	99840	-135.3158088341722	59.45433072183616	
2101 MAIN STREET	99840	-135.3011225057642	59.465767711872786	
1800 BROADWAY	99840	-135.30110236014568	59.46253143212769	
2101 STATE STREET	99840	-135.29980105972678	59.465250432039284	
203 MAIN STREET	99840	-135.32070031270953	59.455705068939	
303 11TH AVENUE	99840	-135.3098765962928	59.45882245620722	
401 6TH AVENUE	99840	-135.31637283693178	59.456768113081665	
402 7TH AVENUE	99840	-135.31492102468536	59.45755172881758	
404 20TH AVENUE	99840	-135.30148151297595	59.4647974860356	
502 10TH AVENUE	99840	-135.31307851176567	59.45995529485643	
307 7TH AVENUE	99840	-135.31443652462505	59.456844851977856	
211 BROADWAY	99840	-135.31786619266686	59.45422511110419	
504 18TH AVENUE	99840	-135.30474040589232	59.46431948383156	
211 KLONDIKE HIGHWAY	99840	-135.30323745704834	59.471623311919615	
1000 MAIN STREET	99840	-135.31217520813675	59.459476458201955	
102 BROADWAY	99840	-135.3185135429151	59.45351062101282	
204 12TH AVENUE	99840	-135.30704956216107	59.45911721590545	
307 17TH AVENUE	99840	-135.3038748629464	59.462286471871934	
303 10TH AVENUE	99840	-135.3109866965917	59.45822938716646	
502 13TH AVENUE	99840	-135.30987866870615	59.46159937790855	
110 DYEA ROAD	99840	-135.30113354965232	59.47477817216461	
500 2ND AVENUE	99840	-135.32134251201794	59.45539770979976	
304 7TH AVENUE	99840	-135.313705219627	59.45687631022767	
408 15TH AVENUE	99840	-135.3036827402566	59.46383396587976	
402 14TH AVENUE	99840	-135.3075362091949	59.46143562400864	
202 STATE STREET	99840	-135.3187726457891	59.45476011320783	
803 MAIN STREET	99840	-135.31465108812898	59.45895301221264	
1102 BROADWAY	99840	-135.30798705297474	59.458963777926286	
402 SPRING STREET	99840	-135.31368575942298	59.454550898778166	
406 5TH AVENUE	99840	-135.31735044021784	59.45670950401929	
302 BROADWAY	99840	-135.31690362358538	59.45434802995758	
405 22ND AVENUE	99840	-135.29979453077127	59.46566028299721	
2102 ALASKA STREET	99840	-135.3015629245952	59.46646879913292	
300 18TH AVENUE	99840	-135.30173148357682	59.46283102185045	
101 MAIN STREET	99840	-135.32204446636072	59.454897373193226	
207 13TH AVENUE	99840	-135.30672447263953	59.459401672157064	
702 BROADWAY	99840	-135.31225788638056	59.45669813088024	
701 ALASKA STREET	99840	-135.31722940391137	59.45884360700545	
307 4TH AVENUE	99840	-135.31731498910344	59.455117325025405	
1203 SPRING STREET	99840	-135.3059834604465	59.45902225389601	
305 5TH AVENUE	99840	-135.3162047684303	59.45567480889875	
502 STATE STREET	99840	-135.31557656577235	59.45633219296525	
208 BROADWAY	99840	-135.31743291993394	59.45405628116911	
202 BROADWAY	99840	-135.31793223770487	59.45380321411128	
600 KLONDIKE HIGHWAY	99840	-135.28636392675625	59.48227245904019	
900 BROADWAY	99840	-135.3105795037481	59.45763589093516	
604 BROADWAY	99840	-135.3133049258448	59.456237654087836	
903 BROADWAY	99840	-135.31052436964754	59.45807545396816	
407 7TH AVENUE	99840	-135.3158361285838	59.45758373421245	
508 22ND AVENUE	99840	-135.30119081365842	59.46675477395989	
302 3RD AVENUE	99840	-135.31776615897172	59.45463069697465	
1103 ALASKA STREET	99840	-135.31267005319586	59.46121554393706	
250 TERMINAL WAY	99840	-135.32443539537147	59.45249166096943	
303 ALASKA STREET	99840	-135.32116591491115	59.45693724309884	
507 BROADWAY	99840	-135.3145957474159	59.455922705957974	
1702 MAIN STREET	99840	-135.30438060456987	59.46363247592441	
202 15TH AVENUE	99840	-135.30373388943053	59.46060745182766	
402 3RD AVENUE	99840	-135.3191672963547	59.455360272796305	
1603 BROADWAY	99840	-135.30315667874135	59.46192081399605	
1903 STATE STREET	99840	-135.30134381561595	59.464275086840615	
505 10TH AVENUE	99840	-135.31384467229506	59.459774071086784	
300 14TH AVENUE	99840	-135.3060735569779	59.46074289510051	
303 19TH AVENUE	99840	-135.30143186668346	59.46315389720742	
201 10TH AVENUE	99840	-135.30933665580645	59.45750959997565	
300 4TH AVENUE	99840	-135.3165534324399	59.45512867678251	
505 13TH AVENUE	99840	-135.31061824359475	59.461440214985785	
81 LIARSVILLE ROAD	99840	-135.2756128364353	59.489607549865624	
1100 MAIN STREET	99840	-135.31103204264892	59.46011759203458	
2203 MAIN STREET	99840	-135.2996731513084	59.466583627023304	
200 9TH AVENUE	99840	-135.30976793697437	59.457263956912804	
206 13TH AVENUE	99840	-135.30619437140047	59.459726998212275	
1300 BROADWAY	99840	-135.30633124859864	59.459817320941355	
601 STATE STREET	99840	-135.31557306324106	59.45685042918848	
207 12TH AVENUE	99840	-135.3077752814347	59.45886179383285	
507 21ST AVENUE	99840	-135.30248537940764	59.46586079285934	
405 15TH AVENUE	99840	-135.30722700098923	59.46182601094567	
1003 MAIN STREET	99840	-135.3123448963007	59.46012337000771	
407 6TH AVENUE	99840	-135.31684912010212	59.45700296602203	
301 BROADWAY	99840	-135.31737084455116	59.45450371179916	
507 14TH AVENUE	99840	-135.30980719065732	59.46207771481316	
1000 KLONDIKE HIGHWAY	99840	-135.24409307044468	59.5188164200035	
500 ALASKA STREET	99840	-135.31885948592765	59.457349777774816	
1703 STATE STREET	99840	-135.3036230579857	59.46309726596351	
1400 BROADWAY	99840	-135.30529996558448	59.460365734961286	
205 BROADWAY	99840	-135.31823205941404	59.45404899097824	
201 STATE STREET	99840	-135.31991913055194	59.454739371197995	
405 2ND AVENUE	99840	-135.32101762461735	59.4546037399717	
1001 BROADWAY	99840	-135.30994801056127	59.45833817992302	
305 9TH AVENUE	99840	-135.31211019885626	59.45789229598087	
802 MAIN STREET	99840	-135.31384161173492	59.4587387430312	
403 MAIN STREET	99840	-135.31850265443552	59.45675706499994	
505 12TH AVENUE	99840	-135.31187442972177	59.46078661980239	
2103 STATE STREET	99840	-135.29959469784137	59.46539391895983	
700 SPRING STREET	99840	-135.31175236574262	59.45567618578757	
300 5TH AVENUE	99840	-135.31558792496912	59.455690795140384	
408 BROADWAY	99840	-135.31558774979763	59.455070899882934	
404 BROADWAY	99840	-135.31578672393812	59.45493783801333	
402 1ST AVENUE	99840	-135.3210901033894	59.454372498990345	
93 MAIN STREET	99840	-135.32273707283466	59.45455661196054	
302 15TH AVENUE	99840	-135.30514281341036	59.46131471420652	
1002 STATE STREET	99840	-135.31032845157566	59.45910650182313	
300 8TH AVENUE	99840	-135.31239004113527	59.4573641599778	
1902 STATE STREET	99840	-135.30078784559163	59.46396273802523	
129 DYEA ROAD	99840	-135.3009254108993	59.47382160787528	
409 BROADWAY	99840	-135.31573003665045	59.455315045016924	
702 STATE STREET	99840	-135.3135255170443	59.45750518787044	
2103 STATE STREET	99840	-135.299203589333	59.465353471218286	
302 KLONDIKE HIGHWAY	99840	-135.29876328458806	59.472572125226385	
305 5TH AVENUE	99840	-135.31617745964567	59.455599320062774	
201 2ND AVENUE	99840	-135.31779666755543	59.4531318511536	
1203 BROADWAY	99840	-135.30736239417058	59.45972021684264	
561 KLONDIKE HIGHWAY	99840	-135.29050197928163	59.48142580117474	
607 BROADWAY	99840	-135.31356800466227	59.456447892092754	
305 3RD AVENUE	99840	-135.31833905684923	59.45450931496248	
601 11TH AVENUE	99840	-135.31376354544173	59.460841676028295	
503 19TH AVENUE	99840	-135.30414054328494	59.464581050818964	
240 KLONDIKE HIGHWAY	99840	-135.30051983143	59.47121973190553	
303 3RD AVENUE	99840	-135.3182928394262	59.45443789407816	
403 1ST AVENUE	99840	-135.32175870867562	59.45401089185264	
401 14TH AVENUE	99840	-135.30782198574465	59.4610357862127	
30 DYEA ROAD	99840	-135.29956222015062	59.47662969580378	
504 6TH AVENUE	99840	-135.31753232929992	59.45781531980015	
501 7TH AVENUE	99840	-135.3166972149876	59.457952896973346	
506 BROADWAY	99840	-135.31444835543735	59.455630815080774	
800 BROADWAY	99840	-135.31179008600142	59.457012402086356	
803 ALASKA STREET	99840	-135.3156451305847	59.459633892115924	
202 ALASKA STREET	99840	-135.32169478725493	59.45610909994599	
702 MAIN STREET	99840	-135.31506786869159	59.45809665499174	
404 4TH AVENUE	99840	-135.31826549111568	59.45604247821715	
306 BROADWAY	99840	-135.31645776006545	59.45457958109893	
307 5TH AVENUE	99840	-135.3162848945604	59.455708827988005	
206 BROADWAY	99840	-135.31763038939633	59.45396313799652	
426 KLONDIKE HIGHWAY	99840	-135.29570762472494	59.47583534587765	
1002 ALASKA STREET	99840	-135.3132401097021	59.460394464842516	
506 19TH AVENUE	99840	-135.30396999722993	59.465083967005576	
506 3RD AVENUE	99840	-135.3209587930511	59.456275390966496	
401 6TH AVENUE	99840	-135.3164371913404	59.45686204605377	
603 STATE STREET	99840	-135.31526638199634	59.457197111944915	
306 3RD AVENUE	99840	-135.31788532318913	59.45477177690193	
202 13TH AVENUE	99840	-135.30574152976743	59.459511845177246	
151 CONGRESS WAY	99840	-135.317849793023	59.449520440985815	
405 4TH AVENUE	99840	-135.31878393940886	59.455786510189974	
401 6TH AVENUE	99840	-135.3162457082511	59.456760651826414	
406 21ST AVENUE	99840	-135.30040924342862	59.46548780103738	
503 22ND AVENUE	99840	-135.3010461920842	59.46624189601144	
206 15TH AVENUE	99840	-135.30201140760246	59.46188011196646	
1900 STATE STREET	99840	-135.3014063024271	59.463815232199856	
401 SPRING STREET	99840	-135.31492721138272	59.454366526002275	
401 18TH AVENUE	99840	-135.30357575719444	59.463288642900366	
700 BROADWAY	99840	-135.3125858037986	59.45657617103682	
505 8TH AVENUE	99840	-135.31578697995798	59.45861930488721	
300 3RD AVENUE	99840	-135.3175161542349	59.454497060866416	
1302 STATE STREET	99840	-135.30727696887863	59.460748031184536	
406 9TH AVENUE	99840	-135.3131163946195	59.458941261859586	
302 BROADWAY	99840	-135.31685253370023	59.45437429001909	
307 14TH AVENUE	99840	-135.3071233210324	59.460688160974755	
205 7TH AVENUE	99840	-135.31293609375882	59.455997138132446	
306 9TH AVENUE	99840	-135.31173995282202	59.458234369794106	
700 ALASKA STREET	99840	-135.31693408904994	59.4585846281872	
504 21ST AVENUE	99840	-135.3016463969497	59.46601241916087	
306 18TH AVENUE	99840	-135.30229167927618	59.463147158972994	
1101 STATE STREET	99840	-135.31037394675323	59.45961426004783	
408 BROADWAY	99840	-135.31529258315823	59.45519872797366	
304 7TH AVENUE	99840	-135.31359695916055	59.45682833718388	
2103 STATE STREET	99840	-135.29948298514927	59.46543124079432	
403 10TH AVENUE	99840	-135.3123109094402	59.45896872392695	
1402 STATE STREET	99840	-135.3061937794107	59.46126176482385	
128 DYEA ROAD	99840	-135.30268956198012	59.47436590995013	
100 MAIN STREET	99840	-135.32167071330363	59.45468397997565	
1503 STATE STREET	99840	-135.30566862160066	59.46203518811652	
1 BROADWAY	99840	-135.32426889982008	59.44973171707943	
100 TERMINAL WAY	99840	-135.32868760041325	59.45089625202557	
404 17TH AVENUE	99840	-135.3046460540414	59.46317210499366	
204 15TH AVENUE	99840	-135.3039518054471	59.46067480083182	
8 DAIRY DRIVE	99840	-135.29689091885484	59.474178689010515	
105 CONGRESS WAY	99840	-135.32123270555087	59.44802955192525	
1103 STATE STREET	99840	-135.3102345731369	59.45968586993317	
203 11TH AVENUE	99840	-135.30845092591946	59.45813453587374	
501 STATE STREET	99840	-135.3166287894141	59.456369897782075	
307 BROADWAY	99840	-135.31673633212665	59.45482410688245	
500 12TH AVENUE	99840	-135.31078935918163	59.46101183414603	
101 LIARSVILLE ROAD	99840	-135.2737632394013	59.489950010982156	
204 8TH AVENUE	99840	-135.3113744849268	59.45681250395541	
504 9TH AVENUE	99840	-135.31430409498586	59.459485473160896	
203 12TH AVENUE	99840	-135.30738239066878	59.45867498500977	
400 15TH AVENUE	99840	-135.30303571519846	59.46356552396653	
205 10TH AVENUE	99840	-135.30971127843276	59.45771563893949	
201 14TH AVENUE	99840	-135.30509711072196	59.45968726902584	
507 20TH AVENUE	99840	-135.30355902337735	59.46532727217015	
307 12TH AVENUE	99840	-135.30907270113158	59.45959952412089	
504 BROADWAY	99840	-135.3147501228975	59.45545901603908	
506 22ND AVENUE	99840	-135.3008472934022	59.46671279806444	
707 BROADWAY	99840	-135.31254055475944	59.45700870891973	
2103 STATE STREET	99840	-135.29941336391815	59.46531877814993	
201 KLONDIKE HIGHWAY	99840	-135.30397482567457	59.47054053010848	
399 KLONDIKE HIGHWAY	99840	-135.29879809700026	59.474664091202975	
401 3RD AVENUE	99840	-135.3192536019956	59.45498524991594	
1000 BROADWAY	99840	-135.30956707457514	59.45815197397488	
800 STATE STREET	99840	-135.31301906844666	59.45775350381444	
502 11TH AVENUE	99840	-135.31202678579055	59.46050274213179	
2001 MAIN STREET	99840	-135.30226600542534	59.46521265680061	
501 MAIN STREET	99840	-135.31804159591258	59.45698806598258	
201 15TH AVENUE	99840	-135.30415373773982	59.46018058001365	
405 BROADWAY	99840	-135.31596052369107	59.45520804401646	
401 BROADWAY	99840	-135.31629498174271	59.45503996497041	
1201 MAIN STREET	99840	-135.3105142582107	59.460917747010036	
503 21ST AVENUE	99840	-135.3020498456152	59.465708550203836	
304 10TH AVENUE	99840	-135.31047068902112	59.45871115706897	
402 8TH AVENUE	99840	-135.31389808342692	59.458171945154604	
2002 MAIN STREET	99840	-135.30129297456412	59.465250543857	
505 2ND AVENUE	99840	-135.3222880553298	59.45544587113826	
201 BROADWAY	99840	-135.3184991438194	59.45391469194028	
307 16TH AVENUE	99840	-135.30502557518093	59.46177295601204	
5405 THANE ROAD	99801	-134.30623935627455	58.251722520114164	
5501 THANE ROAD	99801	-134.30463395726736	58.2514805618188	
5282 THANE ROAD	99801	-134.3090835060074	58.252021221925155	
5284 THANE ROAD	99801	-134.30845945356603	58.251718568956385	
5555 THANE ROAD	99801	-134.3041717641722	58.25050763013512	
5390 THANE ROAD	99801	-134.30779301591463	58.25129460418871	
5665 THANE ROAD	99801	-134.30252269356748	58.25000707922888	
5488 THANE ROAD	99801	-134.3062092249833	58.25067633278451	
5675 THANE ROAD	99801	-134.30124975386042	58.24949460322413	
5524 THANE ROAD	99801	-134.3047484574318	58.24999995602273	
5550 THANE ROAD	99801	-134.3043297966953	58.24956813787031	
5620 THANE ROAD	99801	-134.30331955402173	58.24923560390875	
5775 THANE ROAD	99801	-134.29889363187198	58.24832444685029	
5670 THANE ROAD	99801	-134.30217405021918	58.24916149280337	
5680 THANE ROAD	99801	-134.3020791180566	58.24846720910616	
5690 THANE ROAD	99801	-134.30155009838916	58.24885624807316	
5805 THANE ROAD	99801	-134.29762610990443	58.24761822195484	
5730 THANE ROAD	99801	-134.30046961464686	58.248061839134465	
5875 THANE ROAD	99801	-134.29683619432564	58.24686649381235	
5810 THANE ROAD	99801	-134.29975395919936	58.24738959199819	
5945 THANE ROAD	99801	-134.29643041093877	58.24659042788584	
5955 THANE ROAD	99801	-134.29613901003697	58.24628091898624	
5870 THANE ROAD	99801	-134.29875825665695	58.24672270917258	
5880 THANE ROAD	99801	-134.29847355089905	58.24657545820751	
5960 THANE ROAD	99801	-134.2978474817399	58.246078718951516	
6105 THANE ROAD	99801	-134.29351541377437	58.24514843899017	
5980 THANE ROAD	99801	-134.2967943507997	58.24567299688525	
6085 THANE ROAD	99801	-134.2949274396369	58.24529005196743	
6185 THANE ROAD	99801	-134.29373756355088	58.24458744106863	
5990 THANE ROAD	99801	-134.29634677059926	58.244835225133045	
6020 THANE ROAD	99801	-134.29441846228175	58.244030921007976	
6005 THANE ROAD	99801	-134.2955976043984	58.24576008079702	
5735 THANE ROAD	99801	-134.29937157423066	58.248685209072825	
5970 THANE ROAD	99801	-134.29719664243504	58.245915362148864	
5610 THANE ROAD	99801	-134.30326839586462	58.24938633907622	
5957 THANE ROAD	99801	-134.29596118223827	58.24603734123087	
6095 THANE ROAD	99801	-134.29331947863452	58.24569074821213	
5495 THANE ROAD	99801	-134.30507978575298	58.2509490561566	
5490 THANE ROAD	99801	-134.30635485536558	58.25010246690005	
5900 THANE ROAD	99801	-134.29811620736723	58.246386754150215	
5795 THANE ROAD	99801	-134.29808581736117	58.24785600399845	
2100 SOUTH DOUGLAS ISLAND	99801	-134.34060562468574	58.249167207953725	
5725 THANE ROAD	99801	-134.2998796963897	58.249154180813164	
5685 THANE ROAD	99801	-134.3009895936693	58.24934238608342	
6000 THANE ROAD	99801	-134.2954109838897	58.24454956820753	
6010 THANE ROAD	99801	-134.29495928042212	58.2442436852318	
5812 THANE ROAD	99801	-134.29998401415037	58.24752998912322	
14040 NORTH DOUGLAS HIGHWAY	99801	-134.67699974159328	58.29726765613321	
14034 NORTH DOUGLAS HIGHWAY	99801	-134.67728604275916	58.296760219781376	
14010 NORTH DOUGLAS HIGHWAY	99801	-134.67199422911716	58.29238293015176	
14020 NORTH DOUGLAS HIGHWAY	99801	-134.67373630140494	58.293753081785944	
14030 NORTH DOUGLAS HIGHWAY	99801	-134.67517711467903	58.29424236685112	
11909 GLACIER HIGHWAY	99801	-134.64884802011426	58.386867932928986	
11909 GLACIER HIGHWAY	99801	-134.64877955231992	58.386790776818685	
11909 GLACIER HIGHWAY	99801	-134.64886257282183	58.38674340286921	
11909 GLACIER HIGHWAY	99801	-134.64902991458624	58.386714909814344	
11909 GLACIER HIGHWAY	99801	-134.64923145790843	58.386616890892995	
11909 GLACIER HIGHWAY	99801	-134.64937498084305	58.38667918398328	
11909 GLACIER HIGHWAY	99801	-134.64881304780195	58.38686271510842	
11909 GLACIER HIGHWAY	99801	-134.6487685919751	58.38677238420479	
11909 GLACIER HIGHWAY	99801	-134.64888750017266	58.386710509893206	
11909 GLACIER HIGHWAY	99801	-134.64905074561938	58.38667497288156	
11909 GLACIER HIGHWAY	99801	-134.6492058658043	58.38664980702953	
11909 GLACIER HIGHWAY	99801	-134.64937411217218	58.386715398118945	
11909 GLACIER HIGHWAY	99801	-134.6488189245805	58.38684768979629	
11909 GLACIER HIGHWAY	99801	-134.64877874832774	58.38676181386257	
11909 GLACIER HIGHWAY	99801	-134.6488971579603	58.386676049789756	
11909 GLACIER HIGHWAY	99801	-134.64906834002252	58.38663798410193	
11909 GLACIER HIGHWAY	99801	-134.64918255811594	58.38669015083315	
11909 GLACIER HIGHWAY	99801	-134.64937311234726	58.386753624764665	
11909 GLACIER HIGHWAY	99801	-134.64873908411468	58.38672059477161	
12300 MENDENHALL LOOP ROAD	99801	-134.6466409439028	58.39104157196083	
3839 LEE COURT	99801	-134.64132792642684	58.39037718288797	
3834 LEE COURT	99801	-134.64223068567665	58.390078259138605	
3701 LEE STREET	99801	-134.64015162208815	58.39004819100193	
3842 LEE COURT	99801	-134.64192995756733	58.38997983711092	
3851 LEE COURT	99801	-134.64126001918126	58.390034612047685	
3852 LEE COURT	99801	-134.64172682961694	58.38991010682425	
12260 MENDENHALL LOOP ROAD	99801	-134.64089998339853	58.3896736260614	
12364 MENDENHALL LOOP ROAD	99801	-134.64381390168623	58.38884540213401	
12280 MENDENHALL LOOP ROAD	99801	-134.6411619393219	58.38951189602177	
12410 MENDENHALL LOOP ROAD	99801	-134.64356257283265	58.388429334225535	
11806 GLACIER HIGHWAY	99801	-134.64671657755815	58.38735401607388	
11890 GLACIER HIGHWAY	99801	-134.64902529814398	58.38805466403772	
11798 GLACIER HIGHWAY	99801	-134.6457855456314	58.387275293015094	
12450 MENDENHALL LOOP ROAD	99801	-134.64468498184755	58.387444734899056	
12435 MENDENHALL LOOP ROAD	99801	-134.64287702442192	58.38775435319923	
11825 GLACIER HIGHWAY	99801	-134.64845235175747	58.387344794958686	
3861 CAROLINE STREET	99801	-134.64331735072642	58.387257525033725	
3865 CAROLINE STREET	99801	-134.64276104563052	58.38727027820175	
3869 CAROLINE STREET	99801	-134.64217899122534	58.38726527798476	
12480 MENDENHALL LOOP ROAD	99801	-134.64486291924072	58.386900660950346	
3868 CAROLINE STREET	99801	-134.64226241686745	58.38686025193523	
11765 GLACIER HIGHWAY	99801	-134.6463473771629	58.386817318012305	
3860 CAROLINE STREET	99801	-134.6434456148776	58.38681961685118	
3864 CAROLINE STREET	99801	-134.6428467592817	58.38680427414706	
11755 GLACIER HIGHWAY	99801	-134.6458098100255	58.38646462198913	
11745 GLACIER HIGHWAY	99801	-134.64552723776637	58.386341497986244	
3853 LEE COURT	99801	-134.6413435984353	58.38996677416936	
3854 LEE COURT	99801	-134.6415382247298	58.389921677226816	
11644 GLACIER HIGHWAY	99801	-134.64360626958302	58.385938245067436	
11642 GLACIER HIGHWAY	99801	-134.64244332229433	58.38589963611475	
11640 GLACIER HIGHWAY	99801	-134.6436022666901	58.385621815786315	
11600 GLACIER HIGHWAY	99801	-134.64361715177438	58.38529225400862	
11570 GLACIER HIGHWAY	99801	-134.64368810700373	58.384942000861145	
11517 AUKE BAY HARBOR ROAD	99801	-134.6447357070167	58.384833221025644	
11550 GLACIER HIGHWAY	99801	-134.64399513230322	58.38454032691595	
11540 GLACIER HIGHWAY	99801	-134.64383835742152	58.38433871286854	
11500 GLACIER HIGHWAY	99801	-134.64397599100113	58.384029332062184	
11480 GLACIER HIGHWAY	99801	-134.64410224292612	58.38377644217527	
11440 GLACIER HIGHWAY	99801	-134.64337274803336	58.38315279716109	
11220 GLACIER HIGHWAY	99801	-134.64146532374954	58.38202127481207	
11190 GLACIER HIGHWAY	99801	-134.64051568861157	58.38216877482648	
11066 AUKE LAKE WAY	99801	-134.64007801233714	58.38531135280369	
11450 GLACIER HIGHWAY	99801	-134.64411319518607	58.3833831209649	
11445 GLACIER HIGHWAY	99801	-134.64533261057355	58.38334492598539	
11422 GLACIER HIGHWAY	99801	-134.64406933134904	58.382911242935066	
11435 GLACIER HIGHWAY	99801	-134.64525258774972	58.38289868080233	
11390 GLACIER HIGHWAY	99801	-134.6444214170415	58.38269282789809	
11370 GLACIER HIGHWAY	99801	-134.64419436156524	58.38243377184216	
11305 GLACIER HIGHWAY	99801	-134.64536219209586	58.381026518864815	
11275 GLACIER HIGHWAY	99801	-134.64397243277432	58.38094407994445	
11265 GLACIER HIGHWAY	99801	-134.6431709370132	58.38103683519596	
3340 FRITZ COVE ROAD	99801	-134.6418049192663	58.38023022510676	
3330 FRITZ COVE ROAD	99801	-134.64254750800265	58.37972738491523	
3303 FRITZ COVE ROAD	99801	-134.6402820862135	58.37966974503485	
3328 FRITZ COVE ROAD	99801	-134.64285815800432	58.37939821596121	
3285 FRITZ COVE ROAD	99801	-134.6409933677639	58.379087691130266	
3324 FRITZ COVE ROAD	99801	-134.64332303077396	58.37883458118582	
3320 FRITZ COVE ROAD	99801	-134.6425569987036	58.37870926117182	
3255 FRITZ COVE ROAD	99801	-134.6401055223444	58.378671422851	
3240 FRITZ COVE ROAD	99801	-134.6422312462254	58.37845550419492	
3235 FRITZ COVE ROAD	99801	-134.64044866261327	58.37814937582354	
3200 FRITZ COVE ROAD	99801	-134.6417202440676	58.37799677222007	
3205 FRITZ COVE ROAD	99801	-134.6406624041587	58.37777600094786	
3190 FRITZ COVE ROAD	99801	-134.64166343730398	58.37771646021173	
3170 FRITZ COVE ROAD	99801	-134.64193822116962	58.37748150993109	
3165 FRITZ COVE ROAD	99801	-134.64062833914483	58.37742845209515	
3140 FRITZ COVE ROAD	99801	-134.6418995711545	58.37673800010326	
3125 FRITZ COVE ROAD	99801	-134.64075044085317	58.37638913677108	
3090 FRITZ COVE ROAD	99801	-134.64257269227164	58.376018473796606	
3050 FRITZ COVE ROAD	99801	-134.64345648898416	58.37576696782051	
3055 FRITZ COVE ROAD	99801	-134.64143171597811	58.37582098104358	
2980 FRITZ COVE ROAD	99801	-134.64411941422276	58.37506754302286	
3000 FRITZ COVE ROAD	99801	-134.64397404165697	58.374667314835726	
3001 FRITZ COVE ROAD	99801	-134.6419161872923	58.37434306821448	
2950 FRITZ COVE ROAD	99801	-134.64409228420288	58.37395841092408	
2920 FRITZ COVE ROAD	99801	-134.64404129403073	58.37367589196371	
2915 FRITZ COVE ROAD	99801	-134.64226862871763	58.37357201312266	
2900 FRITZ COVE ROAD	99801	-134.64434510605645	58.373299915179864	
2835 FRITZ COVE ROAD	99801	-134.64248103177331	58.372950608966775	
2890 FRITZ COVE ROAD	99801	-134.6442029162217	58.37312658407383	
2815 FRITZ COVE ROAD	99801	-134.6419707473694	58.37269700794671	
2880 FRITZ COVE ROAD	99801	-134.6445871732794	58.37302303477418	
2810 FRITZ COVE ROAD	99801	-134.64482232257637	58.37242150022689	
2790 FRITZ COVE ROAD	99801	-134.64488194555847	58.37204215506088	
2780 FRITZ COVE ROAD	99801	-134.64263644570735	58.37230835496052	
11465 AUKE BAY HARBOR ROAD	99801	-134.645590862743	58.3836857821976	
11485 AUKE BAY HARBOR ROAD	99801	-134.64564591779182	58.383813030847975	
11497 AUKE BAY HARBOR ROAD	99801	-134.64594680130972	58.38421732383048	
2765 FRITZ COVE ROAD	99801	-134.64069190034107	58.37187685110535	
2770 FRITZ COVE ROAD	99801	-134.64228796136086	58.371695849911376	
2730 FRITZ COVE ROAD	99801	-134.6412568238738	58.3713284310026	
2710 FRITZ COVE ROAD	99801	-134.6414028782609	58.371089034897835	
2660 FRITZ COVE ROAD	99801	-134.64207798195983	58.370479564230315	
2665 FRITZ COVE ROAD	99801	-134.64031957919852	58.37084882688771	
2630 FRITZ COVE ROAD	99801	-134.6421486093041	58.37021895806424	
2615 FRITZ COVE ROAD	99801	-134.64058226635052	58.36987595585393	
2620 FRITZ COVE ROAD	99801	-134.64216981134143	58.36991089499801	
2590 FRITZ COVE ROAD	99801	-134.6421947943878	58.36959780908973	
2570 FRITZ COVE ROAD	99801	-134.64217142920725	58.36929606578494	
2550 FRITZ COVE ROAD	99801	-134.6422273367573	58.36903583012895	
2490 FRITZ COVE ROAD	99801	-134.64237271920453	58.36843219705838	
2320 FRITZ COVE ROAD	99801	-134.6420634642865	58.36545962187074	
2290 FRITZ COVE ROAD	99801	-134.64184137829042	58.36494576292282	
2265 FRITZ COVE ROAD	99801	-134.641053369835	58.365028931850844	
2255 FRITZ COVE ROAD	99801	-134.6409561532566	58.36460128697675	
2270 FRITZ COVE ROAD	99801	-134.642632464374	58.364570469149484	
2245 FRITZ COVE ROAD	99801	-134.6410555626226	58.36423342809303	
2260 FRITZ COVE ROAD	99801	-134.64310075613162	58.36429210623313	
2200 FRITZ COVE ROAD	99801	-134.64413288985034	58.36395688506532	
2241 FRITZ COVE ROAD	99801	-134.64118223675575	58.363906717880816	
2180 FRITZ COVE ROAD	99801	-134.6430072729516	58.363634037937125	
2185 FRITZ COVE ROAD	99801	-134.64022124960752	58.36336788804488	
2211 FRITZ COVE ROAD	99801	-134.64121108525276	58.36340116984894	
2177 FRITZ COVE ROAD	99801	-134.6402116043963	58.36313338314818	
2175 FRITZ COVE ROAD	99801	-134.64112298028635	58.36314076680067	
2160 FRITZ COVE ROAD	99801	-134.6429810142975	58.36302934322106	
2155 FRITZ COVE ROAD	99801	-134.641214507834	58.36290240221102	
2100 FRITZ COVE ROAD	99801	-134.64237565669552	58.36246223378583	
10490 ANN COLEMAN ROAD	99801	-134.64320572337425	58.36226635019702	
10475 ANN COLEMAN ROAD	99801	-134.64433611571707	58.36206218116056	
2065 FRITZ COVE ROAD	99801	-134.6409667273258	58.36192457689596	
2095 FRITZ COVE ROAD	99801	-134.64121103135386	58.36233738902299	
2090 FRITZ COVE ROAD	99801	-134.6421787370021	58.3621459501363	
2055 FRITZ COVE ROAD	99801	-134.63982625858043	58.36197571618108	
2070 FRITZ COVE ROAD	99801	-134.64213711625837	58.36194978489215	
2021 FRITZ COVE ROAD	99801	-134.64034904932973	58.361584532952534	
10481 ANN COLEMAN ROAD	99801	-134.6418333787928	58.36141954614835	
10501 ANN COLEMAN ROAD	99801	-134.64498908223248	58.36140719218092	
1990 HUGHES WAY	99801	-134.6447664922815	58.36093704692617	
1990 FRITZ COVE ROAD	99801	-134.64151777637898	58.36099968176986	
2001 FRITZ COVE ROAD	99801	-134.64019024874707	58.36108867914204	
1970 FRITZ COVE ROAD	99801	-134.64153994680018	58.360659831074834	
1971 FRITZ COVE ROAD	99801	-134.6400203764285	58.36073932792039	
1940 FRITZ COVE ROAD	99801	-134.64151149715514	58.36039043693523	
1920 FRITZ COVE ROAD	99801	-134.64362110256502	58.35950510178445	
1930 FRITZ COVE ROAD	99801	-134.64156941872804	58.35990511081691	
1931 FRITZ COVE ROAD	99801	-134.6402125206779	58.3598293367808	
1901 FRITZ COVE ROAD	99801	-134.63978415813634	58.35943480889646	
1897 FRITZ COVE ROAD	99801	-134.64039543024614	58.35922538602323	
1900 FRITZ COVE ROAD	99801	-134.64172713055257	58.359330719897486	
1870 FRITZ COVE ROAD	99801	-134.64163050865895	58.359053848169616	
1893 FRITZ COVE ROAD	99801	-134.64041422569684	58.35904254096613	
1895 FRITZ COVE ROAD	99801	-134.63981312341437	58.35906304793469	
1850 FRITZ COVE ROAD	99801	-134.64163646179432	58.358754370992614	
1880 FRITZ COVE ROAD	99801	-134.64289860015842	58.358765420983154	
1855 FRITZ COVE ROAD	99801	-134.63992916598613	58.35872321111286	
1818 FRITZ COVE ROAD	99801	-134.64175946900448	58.35843299609422	
1819 FRITZ COVE ROAD	99801	-134.6404419351301	58.35869065298888	
1860 FRITZ COVE ROAD	99801	-134.6428242618737	58.35842930189079	
1815 FRITZ COVE ROAD	99801	-134.64055356966875	58.358296075150044	
10410 DOCK STREET	99801	-134.64329899724686	58.35771127410943	
10000 ENGINEERS CUTOFF ROAD	99801	-134.64032606772983	58.35798540700335	
1790 FRITZ COVE ROAD	99801	-134.64168991335035	58.357837472218485	
10480 DOCK STREET	99801	-134.6453039902486	58.35741195190345	
10455 DOCK STREET	99801	-134.64401471737304	58.35765294979285	
1781 FRITZ COVE ROAD	99801	-134.640709853172	58.35717764920537	
10391 DOCK STREET	99801	-134.64270685296438	58.3571914118833	
10460 DOCK STREET	99801	-134.6442872213145	58.357218514960046	
10385 DOCK STREET	99801	-134.64211951287206	58.357201037224556	
10430 DOCK STREET	99801	-134.6445275269412	58.35698239891108	
10411 DOCK STREET	99801	-134.64373163666744	58.356958404210715	
10387 DOCK STREET	99801	-134.64208279064155	58.357027817911295	
2001 HUGHES WAY	99801	-134.64242241220947	58.361140207926105	
1991 HUGHES WAY	99801	-134.6435814832677	58.36109687419865	
10491 ANN COLEMAN ROAD	99801	-134.64296442510917	58.36156891586079	
10495 ANN COLEMAN ROAD	99801	-134.6436647588912	58.36156895120212	
2053 FRITZ COVE ROAD	99801	-134.63993068324064	58.362115078803406	
1780 FRITZ COVE ROAD	99801	-134.64237071236823	58.3581347921887	
1785 FRITZ COVE ROAD	99801	-134.63983542678625	58.35751914422853	
10380 DOCK STREET	99801	-134.6422888803374	58.35768249086387	
10395 DOCK STREET	99801	-134.6431533273387	58.35729554489151	
10475 DOCK STREET	99801	-134.64555456811058	58.35714928920249	
10413 DOCK STREET	99801	-134.6438779353963	58.356938191040655	
10401 DOCK STREET	99801	-134.64330199223	58.3569357469853	
10393 DOCK STREET	99801	-134.64272684137777	58.35696007206773	
1680 FRITZ COVE ROAD	99801	-134.6454885778698	58.35663879677235	
1676 FRITZ COVE ROAD	99801	-134.64550706519836	58.35643115715585	
1650 FRITZ COVE ROAD	99801	-134.64370557384612	58.35610892881124	
1635 FRITZ COVE ROAD	99801	-134.64103452677358	58.355661545905804	
1640 FRITZ COVE ROAD	99801	-134.64258431197982	58.355565545978116	
1625 FRITZ COVE ROAD	99801	-134.64152057642772	58.355214343025025	
1480 FRITZ COVE ROAD	99801	-134.64306507594685	58.35498081518045	
1441 FRITZ COVE ROAD	99801	-134.64207999957597	58.35470252321932	
1450 FRITZ COVE ROAD	99801	-134.64337205094068	58.35444695294314	
1401 FRITZ COVE ROAD	99801	-134.6422048860617	58.35432887807224	
1380 FRITZ COVE ROAD	99801	-134.64404187164743	58.35389142595276	
1380 FRITZ COVE ROAD	99801	-134.64361987007644	58.35386165311938	
1395 FRITZ COVE ROAD	99801	-134.6424821654472	58.35326463579643	
1370 FRITZ COVE ROAD	99801	-134.64407849865654	58.35337570889333	
1140 REISCHL WAY	99801	-134.64641456036637	58.35300536882639	
1345 FRITZ COVE ROAD	99801	-134.6423562818315	58.352929744948234	
1350 FRITZ COVE ROAD	99801	-134.64414214698937	58.353051630969546	
1130 REISCHL WAY	99801	-134.64685084874364	58.35273920384378	
1340 FRITZ COVE ROAD	99801	-134.644055962621	58.35270925517334	
1128 REISCHL WAY	99801	-134.64743976897256	58.352555984889705	
1335 FRITZ COVE ROAD	99801	-134.64254129974572	58.35261245584396	
1124 REISCHL WAY	99801	-134.64827729076984	58.35239241186112	
1310 FRITZ COVE ROAD	99801	-134.64373928941535	58.352313756889316	
1280 FRITZ COVE ROAD	99801	-134.6437787577957	58.3519651158811	
1285 FRITZ COVE ROAD	99801	-134.64273527655828	58.352030499971896	
1270 FRITZ COVE ROAD	99801	-134.64429292202328	58.35189851088132	
1122 REISCHL WAY	99801	-134.64845940263413	58.351821561088336	
1260 FRITZ COVE ROAD	99801	-134.64379465887453	58.35158990092269	
1255 FRITZ COVE ROAD	99801	-134.642862801396	58.35157216021527	
1120 REISCHL WAY	99801	-134.64860563488767	58.35124938600639	
1255 FRITZ COVE ROAD	99801	-134.64292750165603	58.35130609991225	
1240 FRITZ COVE ROAD	99801	-134.64382835557916	58.351298059072725	
1223 FRITZ COVE ROAD	99801	-134.64292833798757	58.35103860420449	
1220 FRITZ COVE ROAD	99801	-134.64371117663856	58.351002006992246	
10518 FOX FARM TRAIL	99801	-134.65247084929828	58.35074980703994	
1200 FRITZ COVE ROAD	99801	-134.64381700985712	58.3507343289208	
1219 FRITZ COVE ROAD	99801	-134.64266461058645	58.350766495138174	
1180 FRITZ COVE ROAD	99801	-134.6439100546593	58.350508775231255	
10468 FOX FARM TRAIL	99801	-134.64948502895695	58.349768593903	
10478 FOX FARM TRAIL	99801	-134.6503069056952	58.350120424205436	
10507 FOX FARM TRAIL	99801	-134.65255998283573	58.35032460291245	
1170 FRITZ COVE ROAD	99801	-134.64383263515316	58.34988571487811	
10497 FOX FARM TRAIL	99801	-134.65220495516073	58.35006298201245	
10428 FOX FARM TRAIL	99801	-134.64769887543986	58.34953884019392	
1185 FRITZ COVE ROAD	99801	-134.6431169482646	58.35033136798144	
1090 FRITZ COVE ROAD	99801	-134.6443103322718	58.34950924281471	
10487 FOX FARM TRAIL	99801	-134.65179662505003	58.34969675390021	
10408 FOX FARM TRAIL	99801	-134.64624166431858	58.34960485382313	
10448 FOX FARM TRAIL	99801	-134.6489588192197	58.3494659702317	
10477 FOX FARM TRAIL	99801	-134.65145424834915	58.34945414898243	
1095 FRITZ COVE ROAD	99801	-134.643498916415	58.349188592186806	
10457 FOX FARM TRAIL	99801	-134.6508351402351	58.34892517301745	
10417 FOX FARM TRAIL	99801	-134.64686003132252	58.34913404418792	
10427 FOX FARM TRAIL	99801	-134.6473894767914	58.349079542771875	
10407 FOX FARM TRAIL	99801	-134.645959894255	58.3488194757709	
1075 FRITZ COVE ROAD	99801	-134.64416867244307	58.348729853048425	
10437 FOX FARM TRAIL	99801	-134.64821802441898	58.348874923190735	
1020 OTTER RUN	99801	-134.6506277398973	58.348739128097435	
1015 OTTER RUN	99801	-134.64919987044811	58.34881282684512	
10401 FOX FARM TRAIL	99801	-134.64544872770549	58.348761022218994	
1040 FRITZ COVE ROAD	99801	-134.64565749258426	58.348460094941494	
1010 OTTER RUN	99801	-134.65031124365973	58.3484440067793	
995 OTTER RUN	99801	-134.64887342806372	58.34849173715649	
990 OTTER RUN	99801	-134.6499060280081	58.348051553099154	
980 OTTER RUN	99801	-134.64949712028067	58.348064744228765	
1010 FRITZ COVE ROAD	99801	-134.6455127937549	58.34798949113222	
1005 FRITZ COVE ROAD	99801	-134.6443807844446	58.34759572896928	
985 FRITZ COVE ROAD	99801	-134.64385363327293	58.347569304871215	
1015 FRITZ COVE ROAD	99801	-134.6438280699149	58.347891121830905	
965 FRITZ COVE ROAD	99801	-134.64416803194428	58.347287541976385	
945 FRITZ COVE ROAD	99801	-134.64386649894442	58.34705275206796	
812 FRITZ COVE ROAD	99801	-134.64030257678513	58.34344954600998	
808 FRITZ COVE ROAD	99801	-134.63988098394756	58.343160696217886	
800 FRITZ COVE ROAD	99801	-134.6391067331907	58.34265365685888	
1111 REISCHL WAY	99801	-134.646527821754	58.35103287484513	
1110 REISCHL WAY	99801	-134.6487633592886	58.350743308842105	
1080 REISCHL WAY	99801	-134.6473691479165	58.350232029940095	
3814 LEE COURT	99801	-134.64209400520957	58.39078137708469	
3816 LEE COURT	99801	-134.6421848671056	58.3907278971443	
3818 LEE COURT	99801	-134.64234032775204	58.3906616821357	
3820 LEE COURT	99801	-134.64244242128407	58.39060059293001	
3822 LEE COURT	99801	-134.64260079426867	58.39051684016699	
3824 LEE COURT	99801	-134.6427090466503	58.39046692308095	
3826 LEE COURT	99801	-134.64285177098265	58.39036605710142	
3828 LEE COURT	99801	-134.64281231607706	58.39027873014873	
3830 LEE COURT	99801	-134.64266101732534	58.39021421118686	
3832 LEE COURT	99801	-134.6425545400147	58.390150643195774	
11820 GLACIER HIGHWAY	99801	-134.64694344259158	58.38746309890998	
11800 GLACIER HIGHWAY	99801	-134.64609868127144	58.387367508007074	
3040 FRITZ COVE ROAD	99801	-134.6432585407197	58.37523303504746	
3025 FRITZ COVE ROAD	99801	-134.64099145704728	58.374575272954345	
2274 FRITZ COVE ROAD	99801	-134.642080578091	58.364712837052494	
10408 DOCK STREET	99801	-134.6430034245689	58.357986201085666	
10471 DOCK STREET	99801	-134.64549507358765	58.356812731985066	
1091 REISCHL WAY	99801	-134.64611889606027	58.3501094049766	
1101 REISCHL WAY	99801	-134.64604772523526	58.35061921122785	
12250 MENDENHALL LOOP ROAD	99801	-134.64079291769139	58.38980227222249	
11860 GLACIER HIGHWAY	99801	-134.64795360441678	58.3889545208503	
11900 GLACIER HIGHWAY	99801	-134.64996879868693	58.38792648377939	
11930 GLACIER HIGHWAY	99801	-134.6508418102261	58.38816616211514	
11950 GLACIER HIGHWAY	99801	-134.6517550070012	58.3880054808404	
11970 GLACIER HIGHWAY	99801	-134.65216959836945	58.38758579003431	
11998 GLACIER HIGHWAY	99801	-134.65287746991504	58.38767402913734	
12020 CROSS STREET	99801	-134.65385256959635	58.387987506046336	
12050 CROSS STREET	99801	-134.65434168520056	58.38779954802876	
12070 CROSS STREET	99801	-134.65478274722528	58.38772554218325	
3870 BAYVIEW AVENUE	99801	-134.65369648102754	58.38751300518033	
12090 CROSS STREET	99801	-134.65515658023244	58.387538268828386	
12110 CROSS STREET	99801	-134.65549949861747	58.38742239012271	
12065 CROSS STREET	99801	-134.65433593777942	58.38744362787849	
12020 GLACIER HIGHWAY	99801	-134.6533831109272	58.387044156936604	
12069 CROSS STREET	99801	-134.65473871719996	58.387224561905995	
3869 BAYVIEW AVENUE	99801	-134.6541511686985	58.38722112216296	
12158 GLACIER HIGHWAY	99801	-134.65634004773722	58.38658902306945	
3875 SEAVIEW AVENUE	99801	-134.65536546818043	58.38704493011751	
11893 GLACIER HIGHWAY	99801	-134.6493811019634	58.38723062489376	
3866 SEAVIEW AVENUE	99801	-134.65465113505303	58.387058335998425	
12170 GLACIER HIGHWAY	99801	-134.6568706134053	58.38615157794633	
11957 GLACIER HIGHWAY	99801	-134.651289730888	58.38709289178725	
12190 GLACIER HIGHWAY	99801	-134.65784225726776	58.386605963103705	
3853 BAYVIEW AVENUE	99801	-134.65421465533458	58.386729296196535	
3865 SEAVIEW AVENUE	99801	-134.65529214858526	58.38679546208361	
11909 GLACIER HIGHWAY	99801	-134.64935090419684	58.38663120009034	
11985 GLACIER HIGHWAY	99801	-134.65154934670005	58.38689226705205	
12005 GLACIER HIGHWAY	99801	-134.65237915196906	58.38673428989717	
3855 SEAVIEW AVENUE	99801	-134.65509760763072	58.38652523805791	
12280 GLACIER HIGHWAY	99801	-134.658467890744	58.385739753981376	
12055 GLACIER HIGHWAY	99801	-134.65333156020628	58.386482183180526	
12180 GLACIER HIGHWAY	99801	-134.6576079218444	58.38601147816384	
12075 GLACIER HIGHWAY	99801	-134.65392175424628	58.38635548285438	
12087 GLACIER HIGHWAY	99801	-134.65409585942646	58.385978379196395	
12085 GLACIER HIGHWAY	99801	-134.65432987504954	58.38615818593756	
12275 GLACIER HIGHWAY	99801	-134.65737005783865	58.38532788094286	
12400 GLACIER HIGHWAY	99801	-134.66158664737432	58.38444769295418	
12315 GLACIER HIGHWAY	99801	-134.65815995724773	58.384668370203656	
12335 GLACIER HIGHWAY	99801	-134.6594463195818	58.38446782821286	
12325 GLACIER HIGHWAY	99801	-134.65828951766792	58.3842833889455	
12410 GLACIER HIGHWAY	99801	-134.66248789655617	58.38417809421046	
12381 GLACIER HIGHWAY	99801	-134.65929782986194	58.38388037809306	
3611 SPARTAN STREET	99801	-134.66493136533296	58.38429132102689	
3620 SPARTAN STREET	99801	-134.663869148832	58.38418562509537	
12401 GLACIER HIGHWAY	99801	-134.6594765200433	58.38334224876565	
3707 OXFORD STREET	99801	-134.6653691826429	58.384085401845454	
12480 GLACIER HIGHWAY	99801	-134.66312560518648	58.38371146676616	
12590 GLACIER HIGHWAY	99801	-134.66612679031246	58.384101211940056	
12331 GLACIER HIGHWAY	99801	-134.65875594721794	58.384046782858775	
3610 SPARTAN STREET	99801	-134.66427312121527	58.38401217699351	
12411 GLACIER HIGHWAY	99801	-134.6600186658937	58.38310685419073	
3600 SPARTAN STREET	99801	-134.66479846856984	58.383774545775644	
12584 GLACIER HIGHWAY	99801	-134.66632071502272	58.38374391516372	
12421 GLACIER HIGHWAY	99801	-134.66053005432707	58.38289713378773	
3601 OXFORD STREET	99801	-134.66450311957237	58.38357403308009	
12580 GLACIER HIGHWAY	99801	-134.66638389892657	58.38338970687036	
12530 GLACIER HIGHWAY	99801	-134.66549069325978	58.383446298985035	
12435 AUKE NU DRIVE	99801	-134.66113119613541	58.38304495319824	
12475 GLACIER HIGHWAY	99801	-134.6621341920996	58.38292895706517	
13580 GLACIER HIGHWAY	99801	-134.69116556905766	58.382586742891675	
13500 GLACIER HIGHWAY	99801	-134.68985080199434	58.38264729121756	
12533 GLACIER HIGHWAY	99801	-134.6646878302628	58.38286366880788	
12500 AUKE NU DRIVE	99801	-134.66256930278556	58.382484593198825	
12585 GLACIER HIGHWAY	99801	-134.66614034409346	58.38274460299571	
4011 SHADY LANE	99801	-134.69561671859552	58.38281551301307	
12515 AUKE NU DRIVE	99801	-134.66321480430094	58.38241234410649	
12525 AUKE NU DRIVE	99801	-134.66395303081828	58.382310329068574	
13750 GLACIER HIGHWAY	99801	-134.69619872988156	58.382284661846434	
12535 AUKE NU DRIVE	99801	-134.66443432029973	58.38225524496972	
13760 GLACIER HIGHWAY	99801	-134.69746868538527	58.38244991704373	
12579 AUKE NU DRIVE	99801	-134.66658236731556	58.38225666391636	
12555 AUKE NU DRIVE	99801	-134.66528379777512	58.381943249093744	
12575 AUKE NU DRIVE	99801	-134.66596419524603	58.38213938705159	
13740 GLACIER HIGHWAY	99801	-134.6953150930692	58.38242671905747	
13800 GLACIER HIGHWAY	99801	-134.69775447091817	58.38194967420467	
13780 GLACIER HIGHWAY	99801	-134.69705663894422	58.38202845106531	
13890 GLACIER HIGHWAY	99801	-134.69979240424308	58.382035713028976	
12701 GLACIER HIGHWAY	99801	-134.67028747768805	58.38168263292956	
13485 GLACIER HIGHWAY	99801	-134.687106482039	58.38198515098727	
13395 GLACIER HIGHWAY	99801	-134.68122873865968	58.3818614108891	
13950 GLACIER HIGHWAY	99801	-134.7011973828222	58.381391939793296	
13870 GLACIER HIGHWAY	99801	-134.69929310893008	58.38166363012701	
13930 GLACIER HIGHWAY	99801	-134.70064609391883	58.38105883503861	
13910 GLACIER HIGHWAY	99801	-134.70004011378438	58.3811421209413	
14020 GLACIER HIGHWAY	99801	-134.7027754640616	58.38064792979705	
14010 GLACIER HIGHWAY	99801	-134.70204199861527	58.380347043945676	
14040 GLACIER HIGHWAY	99801	-134.70312492397844	58.380171994981545	
14050 GLACIER HIGHWAY	99801	-134.70370793958102	58.37994084814341	
14060 GLACIER HIGHWAY	99801	-134.70402935678968	58.37978793014279	
15580 GLACIER HIGHWAY	99801	-134.73821167718012	58.37899872312467	
15540 GLACIER HIGHWAY	99801	-134.73835569778143	58.378500863071174	
15536 GLACIER HIGHWAY	99801	-134.73770423684243	58.37830499218807	
3102 NATIONAL PARK SERVICE ROAD	99801	-134.70204270828432	58.378950707116836	
3255 NATIONAL PARK SERVICE ROAD	99801	-134.69921423505153	58.37881786019586	
15470 GLACIER HIGHWAY	99801	-134.73725153085502	58.377896819165514	
14183 OTTER WAY	99801	-134.70224814670158	58.378761123126644	
3195 INDIAN COVE DRIVE	99801	-134.70200471493771	58.37842528579235	
15436 GLACIER HIGHWAY	99801	-134.73532832676494	58.37765084390847	
3189 INDIAN COVE DRIVE	99801	-134.700804935824	58.37846516706988	
3251 NATIONAL PARK SERVICE ROAD	99801	-134.69837171682462	58.37871412413118	
3185 INDIAN COVE DRIVE	99801	-134.7002109203508	58.37839872321154	
3196 INDIAN COVE DRIVE	99801	-134.70236113769636	58.37817561690185	
3194 INDIAN COVE DRIVE	99801	-134.7019353901506	58.378134108946064	
14185 OTTER WAY	99801	-134.70317840068734	58.378060510955024	
15360 GLACIER HIGHWAY	99801	-134.73457614402133	58.37690915481696	
3192 INDIAN COVE DRIVE	99801	-134.7016049897891	58.37811819915143	
3190 INDIAN COVE DRIVE	99801	-134.7012239738529	58.37809559789561	
3188 INDIAN COVE DRIVE	99801	-134.70091219556724	58.378089728801235	
3186 INDIAN COVE DRIVE	99801	-134.70045487673084	58.37807256189475	
3184 INDIAN COVE DRIVE	99801	-134.7001678146919	58.37800918585016	
3182 INDIAN COVE ROAD	99801	-134.69961498427952	58.37800551112223	
14195 OTTER WAY	99801	-134.7036840246315	58.37781250211585	
15356 GLACIER HIGHWAY	99801	-134.7334639371731	58.37700658416385	
15455 GLACIER HIGHWAY	99801	-134.7374419476441	58.37705416619063	
3180 INDIAN COVE DRIVE	99801	-134.69948963336478	58.37779081205129	
14205 OTTER WAY	99801	-134.70424641491513	58.377582603049696	
3178 INDIAN COVE DRIVE	99801	-134.6993345356377	58.377572947940024	
15290 GLACIER HIGHWAY	99801	-134.73284839986235	58.37636676191026	
15445 GLACIER HIGHWAY	99801	-134.73684948535802	58.376992978050254	
14425 OTTER WAY	99801	-134.70471088703616	58.377422061957134	
15415 GLACIER HIGHWAY	99801	-134.73652421886837	58.376814422228016	
14331 GLACIER HIGHWAY	99801	-134.70719250277148	58.376929558146216	
14245 OTTER WAY	99801	-134.70510797113783	58.37717242317653	
15395 GLACIER HIGHWAY	99801	-134.73600228331526	58.37634460417563	
14255 OTTER WAY	99801	-134.7056421103041	58.37689460381361	
15385 GLACIER HIGHWAY	99801	-134.73572348667525	58.37622951109557	
15365 GLACIER HIGHWAY	99801	-134.73485327967637	58.37595471017621	
15375 GLACIER HIGHWAY	99801	-134.73520608312273	58.37605420807138	
14275 OTTER WAY	99801	-134.7059485912245	58.37659068980867	
15325 GLACIER HIGHWAY	99801	-134.73452495891476	58.37590732214246	
15365 GLACIER HIGHWAY	99801	-134.73485124409393	58.37595176485296	
15305 GLACIER HIGHWAY	99801	-134.73394437595	58.375848683095526	
15220 GLACIER HIGHWAY	99801	-134.73119213015892	58.376029161817655	
14285 OTTER WAY	99801	-134.70601359242016	58.37628633702011	
15295 GLACIER HIGHWAY	99801	-134.7335336239813	58.37584852577251	
14295 OTTER WAY	99801	-134.70661628292405	58.376127437197404	
15285 PT LOUISA ROAD	99801	-134.73297650321513	58.37560782213605	
14329 OTTER WAY	99801	-134.70773431444857	58.37583657393084	
14315 OTTER WAY	99801	-134.70705743028873	58.37602401493134	
15255 PT LOUISA ROAD	99801	-134.73259872570554	58.37540135013878	
15209 PT LOUISA ROAD	99801	-134.73133376034326	58.37553709593332	
15201 PT LOUISA ROAD	99801	-134.73053933073015	58.37543079204362	
15225 PT LOUISA ROAD	99801	-134.7319641899248	58.3751459560686	
15215 PT LOUISA ROAD	99801	-134.73143149165628	58.37492166477893	
15205 PT LOUISA ROAD	99801	-134.7309682160912	58.37461079389494	
15485 GLACIER HIGHWAY	99801	-134.7380260771576	58.37728763187463	
13391 GLACIER HIGHWAY	99801	-134.67787857780877	58.38152711811934	
3100 INDIAN COVE DRIVE	99801	-134.69858877944168	58.377473524036674	
13960 GLACIER HIGHWAY	99801	-134.70208148496187	58.381151687005335	
13980 GLACIER HIGHWAY	99801	-134.70110970904707	58.38074337077985	
15260 GLACIER HIGHWAY	99801	-134.7313702606899	58.37643421286651	
14321 GLACIER HIGHWAY	99801	-134.70649475434084	58.37717208216574	
14323 GLACIER HIGHWAY	99801	-134.70649591316754	58.37707486381765	
14070 GLACIER HIGHWAY	99801	-134.70496004286505	58.37924716587652	
13948 GLACIER HIGHWAY	99801	-134.70088900016827	58.38172794621303	
13872 GLACIER HIGHWAY	99801	-134.69923079998534	58.381581390965685	
15222 GLACIER HIGHWAY	99801	-134.73161389637136	58.37600699303743	
13555 GLACIER HIGHWAY	99801	-134.69034073955703	58.38185541479465	
12000 GLACIER HIGHWAY	99801	-134.65284191639273	58.38720739379433	
12004 GLACIER HIGHWAY	99801	-134.65297381063598	58.387486932085835	
11995 GLACIER HIGHWAY	99801	-134.65209542537477	58.386919205120435	
11975 GLACIER HIGHWAY	99801	-134.65184060836296	58.38675570182256	
11899 GLACIER HIGHWAY	99801	-134.64922963073514	58.3873413688827	
12165 GLACIER HIGHWAY	99801	-134.65588561698445	58.38566611911739	
12135 GLACIER HIGHWAY	99801	-134.65564022779157	58.38573500500535	
12105 GLACIER HIGHWAY	99801	-134.6553733868297	58.385840772107656	
15450 GLACIER HIGHWAY	99801	-134.7361356741518	58.377328416888176	
14080 GLACIER HIGHWAY	99801	-134.7054527984428	58.37898073808822	
3112 NATIONAL PARK SERVICE ROAD	99801	-134.70162793455808	58.378805308850986	
12596 GLACIER HIGHWAY	99801	-134.6662372417699	58.38434067186937	
12439 GLACIER HIGHWAY	99801	-134.66193645134598	58.38309741298251	
982 OTTER RUN	99801	-134.64964442691928	58.34807481092927	
10467 FOX FARM TRAIL	99801	-134.65100570695137	58.34914542291529	
1095 FRITZ COVE ROAD	99801	-134.64328628069566	58.349280983112564	
1120 FRITZ COVE ROAD	99801	-134.6443896777659	58.34958572296881	
2092 FRITZ COVE ROAD	99801	-134.642676128785	58.36221416289288	
925 FRITZ COVE ROAD	99801	-134.6433694781657	58.346291026006135	
1051 FRITZ COVE ROAD	99801	-134.64394977726283	58.34839714511574	
2670 FRITZ COVE ROAD	99801	-134.6420312947179	58.37060107403692	
2772 FRITZ COVE ROAD	99801	-134.6427327630721	58.3718692930963	
3045 FRITZ COVE ROAD	99801	-134.64147170897456	58.375087133935885	
3168 FRITZ COVE ROAD	99801	-134.64178992279093	58.377388699172414	
3324 FRITZ COVE ROAD	99801	-134.64325213573173	58.37905320709425	
3324 FRITZ COVE ROAD	99801	-134.64238685958546	58.37916699811531	
12280 MENDENHALL LOOP ROAD	99801	-134.64126327018425	58.38956842322453	
12280 MENDENHALL LOOP ROAD	99801	-134.64115966838088	58.389619318111194	
12280 MENDENHALL LOOP ROAD	99801	-134.6410921914283	58.38959476598594	
3842 LEE COURT	99801	-134.6419892311047	58.389934725118195	
3842 LEE COURT	99801	-134.64207751483588	58.389968469188005	
3842 LEE COURT	99801	-134.64204369955365	58.390010012186096	
3835 LEE COURT	99801	-134.64156672737545	58.39046088089539	
3835 LEE COURT	99801	-134.64147532289695	58.39047303589026	
3835 LEE COURT	99801	-134.64150901511005	58.390426907059776	
3834 LEE COURT	99801	-134.6422892100191	58.390042574852544	
3834 LEE COURT	99801	-134.64239090829244	58.390087687178095	
3834 LEE COURT	99801	-134.64230044255342	58.3901342420884	
11648 GLACIER HIGHWAY	99801	-134.6436046023099	58.38603408800401	
11640 GLACIER HIGHWAY	99801	-134.6435474056774	58.38569287776937	
15200 GLACIER HIGHWAY	99801	-134.73045733071442	58.37593741316974	
11927 GLACIER HIGHWAY	99801	-134.6498689581296	58.38669525990545	
12000 GLACIER HIGHWAY	99801	-134.6529238175938	58.387210926772	
13401 GLACIER HIGHWAY	99801	-134.68098697327065	58.38203828014688	
11955 GLACIER HIGHWAY	99801	-134.65061358783825	58.3866248808391	
15377 GLACIER HIGHWAY	99801	-134.73545190171038	58.3760620449724	
11445 AUKE BAY HARBOR ROAD	99801	-134.64536387194542	58.383988096120966	
3360 FRITZ COVE ROAD	99801	-134.64098772275065	58.381104751948186	
13575 GLACIER HIGHWAY	99801	-134.69125894982977	58.38204178020538	
4254 MAYA WAY	99801	-134.63942324110633	58.39123322088995	
4254 MAYA WAY	99801	-134.6393037337325	58.39121675107527	
15330 GLACIER HIGHWAY	99801	-134.7339831777804	58.37658952592538	
13660 GLACIER HIGHWAY	99801	-134.69319038338617	58.38248524591947	
13670 GLACIER HIGHWAY	99801	-134.69412352815047	58.38320860414672	
13640 GLACIER HIGHWAY	99801	-134.6924970780229	58.38251145692913	
13680 GLACIER HIGHWAY	99801	-134.69377016325706	58.382538355017395	
13650 GLACIER HIGHWAY	99801	-134.69310688767544	58.383221971927924	
3181 INDIAN COVE DRIVE	99801	-134.6989475468032	58.3781692937806	
3179 INDIAN COVE DRIVE	99801	-134.69884031490776	58.37814369089769	
11844 GLACIER HIGHWAY	99801	-134.6473347523226	58.38756581194291	
11520 AUKE BAY HARBOR ROAD	99801	-134.64586510761947	58.3854269959328	
11525 AUKE BAY HARBOR ROAD	99801	-134.64601465016483	58.38437862795944	
2161 FRITZ COVE ROAD	99801	-134.6402326150925	58.36289409778399	
2163 FRITZ COVE ROAD	99801	-134.6400622118696	58.36288125711164	
1267 FRITZ COVE ROAD	99801	-134.6427767499783	58.35184785709815	
11735 GLACIER HIGHWAY	99801	-134.64464086019407	58.38626700312466	
11735 GLACIER HIGHWAY	99801	-134.64480891791573	58.38627092609171	
11735 GLACIER HIGHWAY	99801	-134.64474119123153	58.386323319862576	
11735 GLACIER HIGHWAY	99801	-134.64480563367505	58.386201651825495	
11735 GLACIER HIGHWAY	99801	-134.64492645528412	58.386233724046754	
11735 GLACIER HIGHWAY	99801	-134.64488009323233	58.386164030145125	
15700 AUKE REC BYPASS	99801	-134.73489708961446	58.38184920394737	
11415 GLACIER HIGHWAY	99801	-134.64522627340008	58.38288147008453	
10485 ANN COLEMAN ROAD	99801	-134.6423759791907	58.361561778797615	
11175 AUKE LAKE WAY	99801	-134.63994491794463	58.3872546578776	
12573 AUKE NU DRIVE	99801	-134.66595697009623	58.38183609184115	
1219 FRITZ COVE ROAD	99801	-134.6426063323824	58.350768599768664	
1372 FRITZ COVE ROAD	99801	-134.64380641602494	58.353675021012	
1685 FRITZ COVE ROAD	99801	-134.64015583428852	58.35637296881174	
1685 FRITZ COVE ROAD	99801	-134.63992506517687	58.356448072085676	
1675 FRITZ COVE ROAD	99801	-134.64089456655736	58.356324190102214	
2185 FRITZ COVE ROAD	99801	-134.64028536955584	58.36343013596706	
2255 FRITZ COVE ROAD	99801	-134.64103015826635	58.36469682508578	
2265 FRITZ COVE ROAD	99801	-134.64099741287762	58.36497776400686	
11995 GLACIER HIGHWAY	99801	-134.6519917031971	58.386932273899724	
12590 GLACIER HIGHWAY	99801	-134.6662084274089	58.38403645186767	
14341 GLACIER HIGHWAY	99801	-134.70772261658695	58.376379940108215	
15305 GLACIER HIGHWAY	99801	-134.73404971779013	58.37586676016582	
1996 HUGHES WAY	99801	-134.64550802280246	58.36104006292277	
1980 HUGHES WAY	99801	-134.6444620532317	58.36068336192604	
1966 HUGHES WAY	99801	-134.64347267572725	58.360333406812344	
1970 HUGHES WAY	99801	-134.64428847356598	58.36021854518957	
1970 HUGHES WAY	99801	-134.64428159606416	58.360180688922924	
1966 HUGHES WAY	99801	-134.643541916971	58.36029703081689	
14180 OTTER WAY	99801	-134.70437639574683	58.378122040129476	
14285 OTTER WAY	99801	-134.70617672827237	58.37626088585271	
2225 FRITZ COVE ROAD	99801	-134.64051864496716	58.363676462923934	
2223 FRITZ COVE ROAD	99801	-134.64121443776543	58.36362673119181	
2130 FRITZ COVE ROAD	99801	-134.64328506527508	58.36276290887565	
4272 MAYA WAY	99801	-134.64055854004724	58.39157374992262	
4272 MAYA WAY	99801	-134.64063860958345	58.39159153691609	
11090 AUKE LAKE WAY	99801	-134.64096386170007	58.38403213779035	
10399 DOCK STREET	99801	-134.64311923178207	58.3569219059753	
12035 GLACIER HIGHWAY	99801	-134.65300517172085	58.38664927116492	
2625 FRITZ COVE ROAD	99801	-134.64064182914544	58.37030087321552	
10480 ANN COLEMAN ROAD	99801	-134.64420975060438	58.3624456270787	
1666 FRITZ COVE ROAD	99801	-134.64590301382952	58.35594837814482	
11385 GLACIER HIGHWAY	99801	-134.64522507325088	58.38259180122625	
11309 GLACIER HIGHWAY	99801	-134.64512436492103	58.381940892010675	
10389 DOCK STREET	99801	-134.64208019810366	58.35694657604375	
11509 AUKE BAY HARBOR ROAD	99801	-134.64493707426914	58.38423538483995	
11501 AUKE BAY HARBOR ROAD	99801	-134.6447885090908	58.38476949217294	
12089 GLACIER HIGHWAY	99801	-134.65428358396463	58.385931836222476	
12545 AUKE NU DRIVE	99801	-134.6648321841391	58.38185554100839	
14066 GLACIER HIGHWAY	99801	-134.70466757027316	58.379592210053765	
15101 GLACIER HIGHWAY	99801	-134.72840654609104	58.3751994290224	
13010 GLACIER HIGHWAY	99801	-134.706658955595	58.37790827481776	
13460 GLACIER HIGHWAY	99801	-134.70770057821807	58.37781734588774	
13445 GLACIER HIGHWAY	99801	-134.68484074583952	58.38215025123475	
13010 GLACIER HIGHWAY	99801	-134.67078634899624	58.38342308093334	
13460 GLACIER HIGHWAY	99801	-134.67273508679997	58.38327689816902	
3326 FRITZ COVE ROAD	99801	-134.64215633391726	58.37920987400094	
1819 FRITZ COVE ROAD	99801	-134.6399044138068	58.35830411486743	
11509 AUKE BAY HARBOR ROAD	99801	-134.64501491598344	58.38423345503003	
11509 AUKE BAY HARBOR ROAD	99801	-134.64500509380412	58.384181564859844	
11509 AUKE BAY HARBOR ROAD	99801	-134.6450886227525	58.38417381217271	
11801 GLACIER HIGHWAY	99801	-134.64749734199913	58.38669485588847	
14064 GLACIER HIGHWAY	99801	-134.70408980712008	58.37931575722205	
14064 GLACIER HIGHWAY	99801	-134.70408556078374	58.37923311413629	
3105 NATIONAL PARK SERVICE ROAD	99801	-134.70103962069197	58.37964040321752	
3105 NATIONAL PARK SERVICE ROAD	99801	-134.70102770004814	58.37959695797301	
3105 NATIONAL PARK SERVICE ROAD	99801	-134.70102493144046	58.37954174576971	
3105 NATIONAL PARK SERVICE ROAD	99801	-134.70101773234177	58.37949643580058	
3105 NATIONAL PARK SERVICE ROAD	99801	-134.70099260466665	58.379441990193854	
3105 NATIONAL PARK SERVICE ROAD	99801	-134.70098145118408	58.37939568020676	
3105 NATIONAL PARK SERVICE ROAD	99801	-134.700957317944	58.37964745420445	
3105 NATIONAL PARK SERVICE ROAD	99801	-134.70095398609257	58.37960005087867	
3105 NATIONAL PARK SERVICE ROAD	99801	-134.7009367671852	58.37954760520295	
3105 NATIONAL PARK SERVICE ROAD	99801	-134.700931501261	58.37950124778571	
3105 NATIONAL PARK SERVICE ROAD	99801	-134.70091220095713	58.37944469314249	
3105 NATIONAL PARK SERVICE ROAD	99801	-134.7009050629439	58.37940144405544	
3109 NATIONAL PARK SERVICE ROAD	99801	-134.70087074460508	58.379231980953946	
3109 NATIONAL PARK SERVICE ROAD	99801	-134.7008426758457	58.37918290884986	
3109 NATIONAL PARK SERVICE ROAD	99801	-134.70079790201532	58.37913405003294	
3109 NATIONAL PARK SERVICE ROAD	99801	-134.70076703590217	58.37908480494154	
3109 NATIONAL PARK SERVICE ROAD	99801	-134.70073640694426	58.37904380577663	
3109 NATIONAL PARK SERVICE ROAD	99801	-134.70071348103988	58.37899758993481	
3109 NATIONAL PARK SERVICE ROAD	99801	-134.70080498433305	58.37924328781342	
3109 NATIONAL PARK SERVICE ROAD	99801	-134.70077414606766	58.379195072912935	
3109 NATIONAL PARK SERVICE ROAD	99801	-134.70074319102127	58.37914273496128	
3109 NATIONAL PARK SERVICE ROAD	99801	-134.70071431737142	58.379094504851885	
3109 NATIONAL PARK SERVICE ROAD	99801	-134.700675749103	58.379050475856516	
3109 NATIONAL PARK SERVICE ROAD	99801	-134.7006587691475	58.37900627489679	
1093 REISCHL WAY	99801	-134.64602836294762	58.350209014871545	
1078 REISCHL WAY	99801	-134.64746255024818	58.3501462501118	
1122 REISCHL WAY	99801	-134.64845197895661	58.35191477516755	
808 FRITZ COVE ROAD	99801	-134.63977130863452	58.34310557786729	
11066 AUKE LAKE WAY	99801	-134.63906765827247	58.382649830976646	
1920 FRITZ COVE ROAD	99801	-134.6435791853772	58.35945964685758	
3180 INDIAN COVE DRIVE	99801	-134.6995043459725	58.37784205693274	
3340 FRITZ COVE ROAD	99801	-134.6415331815878	58.379789162211885	
14050 GLACIER HIGHWAY	99801	-134.70361880334863	58.379946811124285	
1399 FRITZ COVE ROAD	99801	-134.64251980216267	58.35377372581033	
12175 GLACIER HIGHWAY	99801	-134.65671649843515	58.38445879188241	
12175 GLACIER HIGHWAY	99801	-134.65598724968075	58.384554416098645	
12175 GLACIER HIGHWAY	99801	-134.65711360319804	58.384438908085734	
12175 GLACIER HIGHWAY	99801	-134.6571082690019	58.38440814478248	
12175 GLACIER HIGHWAY	99801	-134.65710042131957	58.38437531696904	
12175 GLACIER HIGHWAY	99801	-134.6571019969646	58.384347162942404	
12175 GLACIER HIGHWAY	99801	-134.656963748039	58.3844422430867	
12175 GLACIER HIGHWAY	99801	-134.6569574885781	58.38441222712479	
12175 GLACIER HIGHWAY	99801	-134.65695911812202	58.384378559206155	
12175 GLACIER HIGHWAY	99801	-134.65695819285727	58.384346968926025	
12175 GLACIER HIGHWAY	99801	-134.65684062584447	58.38445612887458	
12175 GLACIER HIGHWAY	99801	-134.65684253476445	58.3844307429359	
12175 GLACIER HIGHWAY	99801	-134.6568400922452	58.384397052902	
12175 GLACIER HIGHWAY	99801	-134.6568351272566	58.38436839784101	
12175 GLACIER HIGHWAY	99801	-134.65671616695678	58.38442978509999	
12175 GLACIER HIGHWAY	99801	-134.65671099176242	58.384395401881385	
12175 GLACIER HIGHWAY	99801	-134.6567101769905	58.384365921778944	
12175 GLACIER HIGHWAY	99801	-134.65660419015998	58.384475237069736	
12175 GLACIER HIGHWAY	99801	-134.6566004100493	58.38444229818345	
12175 GLACIER HIGHWAY	99801	-134.65659275819968	58.38440722179349	
12175 GLACIER HIGHWAY	99801	-134.65658911642953	58.38437918881701	
12175 GLACIER HIGHWAY	99801	-134.65646049025727	58.384476279197635	
12175 GLACIER HIGHWAY	99801	-134.65645969973983	58.38444954222642	
12175 GLACIER HIGHWAY	99801	-134.65645203441548	58.384413942188765	
12175 GLACIER HIGHWAY	99801	-134.6564512403048	58.384385201906234	
12175 GLACIER HIGHWAY	99801	-134.65625168764925	58.384504360129924	
12175 GLACIER HIGHWAY	99801	-134.65622724359204	58.384470260002075	
12175 GLACIER HIGHWAY	99801	-134.6562056992966	58.3844391510765	
12175 GLACIER HIGHWAY	99801	-134.65618111779716	58.38440752411946	
12175 GLACIER HIGHWAY	99801	-134.65611737064967	58.384540906136436	
12175 GLACIER HIGHWAY	99801	-134.65609310805215	58.38450965505793	
12175 GLACIER HIGHWAY	99801	-134.6560634286135	58.3844769671998	
12175 GLACIER HIGHWAY	99801	-134.656039015099	58.384447667054	
12175 GLACIER HIGHWAY	99801	-134.6559584478961	58.384525658977786	
12175 GLACIER HIGHWAY	99801	-134.65592753866383	58.38448826107626	
12175 GLACIER HIGHWAY	99801	-134.65590980322517	58.38445885592644	
12175 GLACIER HIGHWAY	99801	-134.6558652018713	58.38458194082351	
12175 GLACIER HIGHWAY	99801	-134.65584225261074	58.38455468593053	
12175 GLACIER HIGHWAY	99801	-134.6558138739326	58.384519930813795	
12175 GLACIER HIGHWAY	99801	-134.6557921149398	58.38448855304148	
12175 GLACIER HIGHWAY	99801	-134.65572924544634	58.38459268417224	
12175 GLACIER HIGHWAY	99801	-134.6557048948139	58.38456201283068	
12175 GLACIER HIGHWAY	99801	-134.65568308012556	58.38452857815601	
12175 GLACIER HIGHWAY	99801	-134.65566268477534	58.38449924697296	
12175 GLACIER HIGHWAY	99801	-134.65556647071685	58.38463158510705	
12175 GLACIER HIGHWAY	99801	-134.65554225393342	58.38460571190269	
12175 GLACIER HIGHWAY	99801	-134.6555178871313	58.384574353984924	
12175 GLACIER HIGHWAY	99801	-134.6554830378882	58.384541704801435	
12175 GLACIER HIGHWAY	99801	-134.65673289628234	58.384919882888425	
12175 GLACIER HIGHWAY	99801	-134.6568839390142	58.38517452481054	
12175 GLACIER HIGHWAY	99801	-134.65692906498418	58.385439716799866	
12175 GLACIER HIGHWAY	99801	-134.65668055234903	58.38483633277942	
12175 GLACIER HIGHWAY	99801	-134.65680362693288	58.384907101087	
12175 GLACIER HIGHWAY	99801	-134.65674515918425	58.38482340920465	
12175 GLACIER HIGHWAY	99801	-134.65698189580436	58.38478547713859	
12175 GLACIER HIGHWAY	99801	-134.65704641909628	58.38486737307321	
12175 GLACIER HIGHWAY	99801	-134.65691750007323	58.38479908919406	
12175 GLACIER HIGHWAY	99801	-134.65697731888798	58.38487986292699	
12175 GLACIER HIGHWAY	99801	-134.65696075934406	58.38525836278096	
12175 GLACIER HIGHWAY	99801	-134.65681246635526	58.38519154604854	
12175 GLACIER HIGHWAY	99801	-134.65689072668448	58.38527421991083	
12175 GLACIER HIGHWAY	99801	-134.65665974826538	58.38532310977906	
12175 GLACIER HIGHWAY	99801	-134.6565969946546	58.38524378790901	
12175 GLACIER HIGHWAY	99801	-134.6567199111349	58.38530877320964	
12175 GLACIER HIGHWAY	99801	-134.65666588555538	58.38522649216049	
12175 GLACIER HIGHWAY	99801	-134.6567676242529	58.38543937822348	
12175 GLACIER HIGHWAY	99801	-134.65676701429683	58.385476970068495	
12175 GLACIER HIGHWAY	99801	-134.65693177609973	58.385482364210056	
12175 GLACIER HIGHWAY	99801	-134.6569230166274	58.38560357795869	
12175 GLACIER HIGHWAY	99801	-134.6567379250513	58.3855997848849	
12175 GLACIER HIGHWAY	99801	-134.65692306244145	58.38556541222487	
12175 GLACIER HIGHWAY	99801	-134.65673729263733	58.38555699823106	
4300 UNIVERSITY DRIVE	99801	-134.6411246277966	58.392235823143274	
4300 UNIVERSITY DRIVE	99801	-134.64087843101825	58.39240885980735	
4300 UNIVERSITY DRIVE	99801	-134.64077687198377	58.392527973973394	
4300 UNIVERSITY DRIVE	99801	-134.64091114586424	58.39255485312365	
4300 UNIVERSITY DRIVE	99801	-134.64099125941792	58.39247057911313	
4300 UNIVERSITY DRIVE	99801	-134.64105695141802	58.392434097820185	
4300 UNIVERSITY DRIVE	99801	-134.64114188173824	58.39234783812912	
4300 UNIVERSITY DRIVE	99801	-134.64060106359784	58.392274227890894	
4300 UNIVERSITY DRIVE	99801	-134.64045271581185	58.39219076300083	
4300 UNIVERSITY DRIVE	99801	-134.64041158914148	58.392124788027374	
4300 UNIVERSITY DRIVE	99801	-134.6402653407183	58.392041272877606	
4300 UNIVERSITY DRIVE	99801	-134.64055258421692	58.39229760207369	
4300 UNIVERSITY DRIVE	99801	-134.64040971795075	58.39222422478073	
4300 UNIVERSITY DRIVE	99801	-134.64036753306502	58.392152975864164	
4300 UNIVERSITY DRIVE	99801	-134.64020415826093	58.39207871503007	
4300 UNIVERSITY DRIVE	99801	-134.641031171566	58.39184492585608	
4300 UNIVERSITY DRIVE	99801	-134.64094494857008	58.39202018007563	
4300 UNIVERSITY DRIVE	99801	-134.64089796308747	58.392055078931506	
4300 UNIVERSITY DRIVE	99801	-134.64077956064142	58.39213622116847	
4300 UNIVERSITY DRIVE	99801	-134.64095051632822	58.392170022924304	
4300 UNIVERSITY DRIVE	99801	-134.64104066226696	58.39211563313142	
4300 UNIVERSITY DRIVE	99801	-134.6410750300131	58.39208952812912	
4300 UNIVERSITY DRIVE	99801	-134.6410825228609	58.39201856801836	
4300 UNIVERSITY DRIVE	99801	-134.64111812489222	58.39199472378082	
4300 UNIVERSITY DRIVE	99801	-134.64115113618232	58.39192457280576	
4300 UNIVERSITY DRIVE	99801	-134.64118375401029	58.39189915787345	
4300 UNIVERSITY DRIVE	99801	-134.6412261742546	58.39150417486211	
4300 UNIVERSITY DRIVE	99801	-134.6410343992128	58.39162822011937	
4300 UNIVERSITY DRIVE	99801	-134.64095849516457	58.39164597789471	
4300 UNIVERSITY DRIVE	99801	-134.6409826005569	58.39175354320208	
4300 UNIVERSITY DRIVE	99801	-134.64105518443182	58.391734091018	
4300 UNIVERSITY DRIVE	99801	-134.64113648016843	58.39171399898537	
4300 UNIVERSITY DRIVE	99801	-134.6411938061583	58.39169523417004	
4300 UNIVERSITY DRIVE	99801	-134.64123428244835	58.391618721869264	
4300 UNIVERSITY DRIVE	99801	-134.64128621405493	58.391602288958346	
3841 LEE COURT	99801	-134.6412385925651	58.390330394764966	
11307 GLACIER HIGHWAY	99801	-134.6458208422355	58.38156636811306	
11311 GLACIER HIGHWAY	99801	-134.64514877214728	58.38175938295506	
11313 GLACIER HIGHWAY	99801	-134.64473926614184	58.38158346785726	
12410 MENDENHALL LOOP ROAD	99801	-134.64406231909993	58.388585544195	
12410 MENDENHALL LOOP ROAD	99801	-134.64433732574778	58.388675078004184	
12410 MENDENHALL LOOP ROAD	99801	-134.6445906919804	58.38877050009292	
12410 MENDENHALL LOOP ROAD	99801	-134.64483829641878	58.388854514089694	
12410 MENDENHALL LOOP ROAD	99801	-134.64506417779697	58.38894155405361	
12410 MENDENHALL LOOP ROAD	99801	-134.64529535384546	58.38902282823114	
12410 MENDENHALL LOOP ROAD	99801	-134.64383011897206	58.38850864422238	
3047 FRITZ COVE ROAD	99801	-134.64123820269626	58.375310117053814	
1750 MENDENHALL PENINSULA ROAD	99801	-134.63133800379896	58.357260753963196	
1680 YANDUKIN DRIVE	99801	-134.56445190194077	58.35644093917135	
1700 MENDENHALL PENINSULA ROAD	99801	-134.63167495826875	58.357016241901476	
1695 MENDENHALL PENINSULA ROAD	99801	-134.6298106414405	58.356820076900725	
1680 MENDENHALL PENINSULA ROAD	99801	-134.6319007237643	58.356272300822354	
1670 MENDENHALL PENINSULA ROAD	99801	-134.63085856933856	58.35638897418593	
1675 MENDENHALL PENINSULA ROAD	99801	-134.6289369552665	58.35657422381109	
1630 MENDENHALL PENINSULA ROAD	99801	-134.63024804911865	58.355478735177265	
1650 MAPLESDEN WAY	99801	-134.56021719518242	58.35548359191248	
1510 MENDENHALL PENINSULA ROAD	99801	-134.63026055007413	58.355175527003965	
1455 MENDENHALL PENINSULA ROAD	99801	-134.62796290481742	58.35458824891104	
1450 MENDENHALL PENINSULA ROAD	99801	-134.62998740383728	58.35474898297399	
1442 MENDENHALL PENINSULA ROAD	99801	-134.6301508738628	58.35438731910981	
1435 MENDENHALL PENINSULA ROAD	99801	-134.6284721408874	58.35421022214538	
1438 MENDENHALL PENINSULA ROAD	99801	-134.63033031683236	58.35392699410792	
1413 MENDENHALL PENINSULA ROAD	99801	-134.62861463974258	58.35379048412048	
1390 MENDENHALL PENINSULA ROAD	99801	-134.62976812058486	58.35358424078413	
1385 MENDENHALL PENINSULA ROAD	99801	-134.62782987959523	58.353384150830344	
1335 MENDENHALL PENINSULA ROAD	99801	-134.62719163826395	58.35298853284519	
1330 MENDENHALL PENINSULA ROAD	99801	-134.63003514929463	58.35277648881896	
1323 MENDENHALL PENINSULA ROAD	99801	-134.62797394241733	58.35244039708181	
1320 MENDENHALL PENINSULA ROAD	99801	-134.62979711999884	58.352346663087154	
1301 MENDENHALL PENINSULA ROAD	99801	-134.6276564822875	58.352148242218085	
1300 MENDENHALL PENINSULA ROAD	99801	-134.62877727972477	58.35211275805588	
1290 MENDENHALL PENINSULA ROAD	99801	-134.62969048727967	58.351887320165666	
1283 MENDENHALL PENINSULA ROAD	99801	-134.6269821942588	58.35181303393517	
1280 MENDENHALL PENINSULA ROAD	99801	-134.62905996337503	58.3515908577649	
1245 MENDENHALL PENINSULA ROAD	99801	-134.62638706307803	58.35139971788782	
1263 MENDENHALL PENINSULA ROAD	99801	-134.62716975889688	58.351483588051806	
1260 MENDENHALL PENINSULA ROAD	99801	-134.62807198814068	58.3513642758667	
1230 MENDENHALL PENINSULA ROAD	99801	-134.6277775042209	58.35095256095992	
10655 PORTER LANE	99801	-134.62547756915853	58.350942407878115	
1190 MENDENHALL PENINSULA ROAD	99801	-134.62685371271533	58.350347655143686	
10651 PORTER LANE	99801	-134.62422263528302	58.35081448916719	
10652 PORTER LANE	99801	-134.6257833709526	58.350610930779105	
10649 PORTER LANE	99801	-134.62288504921486	58.35065751422922	
10654 PORTER LANE	99801	-134.62543504201466	58.35039088799438	
1175 MENDENHALL PENINSULA ROAD	99801	-134.62304932502917	58.35023151002015	
1160 MENDENHALL PENINSULA ROAD	99801	-134.62538968607595	58.34971999084921	
1111 MENDENHALL PENINSULA ROAD	99801	-134.62367217821964	58.349839450001674	
1105 MENDENHALL PENINSULA ROAD	99801	-134.6225811401711	58.349670025922	
1100 MENDENHALL PENINSULA ROAD	99801	-134.62485127991212	58.349107701847345	
1101 MENDENHALL PENINSULA ROAD	99801	-134.62335574486414	58.34915630904338	
1061 MENDENHALL PENINSULA ROAD	99801	-134.62275980699627	58.34852439283547	
1020 MENDENHALL PENINSULA ROAD	99801	-134.6247384739703	58.34855146013969	
1055 MENDENHALL PENINSULA ROAD	99801	-134.62366594121661	58.347910101812346	
998 MENDENHALL PENINSULA ROAD	99801	-134.62478066334762	58.34806329090906	
1035 MENDENHALL PENINSULA ROAD	99801	-134.62377253710488	58.34818586688062	
990 MENDENHALL PENINSULA ROAD	99801	-134.6250699612933	58.34738515917895	
995 MENDENHALL PENINSULA ROAD	99801	-134.6228938500097	58.3477042658368	
991 MENDENHALL PENINSULA ROAD	99801	-134.62328254025337	58.347335286172985	
985 MENDENHALL PENINSULA ROAD	99801	-134.6225452066614	58.34723188700158	
940 MENDENHALL PENINSULA ROAD	99801	-134.62434186058584	58.346685378784706	
890 MENDENHALL PENINSULA ROAD	99801	-134.62441804041688	58.3461108491682	
870 MENDENHALL PENINSULA ROAD	99801	-134.62405761117205	58.345730285877636	
794 FRITZ COVE ROAD	99801	-134.63895867915377	58.342247672088774	
790 FRITZ COVE ROAD	99801	-134.63824010687654	58.34173218103442	
786 FRITZ COVE ROAD	99801	-134.63760010125404	58.34140772421324	
1533 CREST STREET	99801	-134.5769386874093	58.35724206789855	
1529 CREST STREET	99801	-134.57665022040524	58.35720307407915	
1653 CREST STREET	99801	-134.57850227702653	58.35753117909191	
1645 CREST STREET	99801	-134.57829252310265	58.35750271098045	
1637 CREST STREET	99801	-134.57809319143266	58.357481160180214	
1629 CREST STREET	99801	-134.57778125324688	58.35736493012407	
1633 CREST STREET	99801	-134.57801702417802	58.35738667280357	
1641 CREST STREET	99801	-134.57822113129205	58.35741794602594	
1649 CREST STREET	99801	-134.5784288433453	58.357452258928916	
1657 CREST STREET	99801	-134.57862242040758	58.35747896310909	
1665 CREST STREET	99801	-134.57882278244514	58.35750218315591	
1673 CREST STREET	99801	-134.57902234857542	58.35752854986791	
1525 CREST STREET	99801	-134.5763421916876	58.357152628197305	
1501 CREST STREET	99801	-134.5745288901843	58.35689602187229	
1505 CREST STREET	99801	-134.57484324663483	58.356946009094685	
1509 CREST STREET	99801	-134.57514906370028	58.356984989059626	
1513 CREST STREET	99801	-134.5754588890485	58.35703148209954	
1517 CREST STREET	99801	-134.57573366482927	58.35707242201399	
1521 CREST STREET	99801	-134.57604490412578	58.35711717498391	
1512 CREST STREET	99801	-134.572608483448	58.35662628513705	
1508 CREST STREET	99801	-134.57292140978063	58.35666808608417	
1504 CREST STREET	99801	-134.57322544458853	58.35671038607001	
1500 CREST STREET	99801	-134.5735166640306	58.356744808055495	
1528 CREST STREET	99801	-134.57139331260024	58.356452946125124	
1524 CREST STREET	99801	-134.57171186597978	58.356498406808214	
1532 CREST STREET	99801	-134.57078438688995	58.356370475232126	
1520 CREST STREET	99801	-134.57198370067633	58.35652790690091	
1516 CREST STREET	99801	-134.57229365897524	58.356578609111374	
10310 NORTH DOUGLAS HIGHWAY	99801	-134.58605094971637	58.34254796913288	
9436 NORTH DOUGLAS HIGHWAY	99801	-134.561121110564	58.34007217601952	
9184 NORTH DOUGLAS HIGHWAY	99801	-134.55394005184462	58.340165727114936	
9160 NORTH DOUGLAS HIGHWAY	99801	-134.55349313460087	58.33980123903177	
9430 NORTH DOUGLAS HIGHWAY	99801	-134.5604667220155	58.34004865783585	
9440 NORTH DOUGLAS HIGHWAY	99801	-134.5618014765939	58.340157570106776	
9396 NORTH DOUGLAS HIGHWAY	99801	-134.56028951225773	58.34003233621946	
9128 NORTH DOUGLAS HIGHWAY	99801	-134.5523377663982	58.341167418866185	
9510 NORTH DOUGLAS HIGHWAY	99801	-134.5626340864032	58.340318262821235	
9370 NORTH DOUGLAS HIGHWAY	99801	-134.55878919008765	58.33998061018728	
9360 NORTH DOUGLAS HIGHWAY	99801	-134.55818636842972	58.33995458117262	
9100 NORTH DOUGLAS HIGHWAY	99801	-134.55145432092698	58.33983510980516	
9350 NORTH DOUGLAS HIGHWAY	99801	-134.55804675765816	58.339954609934495	
9340 NORTH DOUGLAS HIGHWAY	99801	-134.557052816712	58.33992660198798	
9240 NORTH DOUGLAS HIGHWAY	99801	-134.5567373310792	58.33991738309167	
9550 NORTH DOUGLAS HIGHWAY	99801	-134.56429367987315	58.340562372803745	
9070 NORTH DOUGLAS HIGHWAY	99801	-134.5506101111724	58.340694869155726	
9560 NORTH DOUGLAS HIGHWAY	99801	-134.56511080182864	58.340658251795176	
9580 NORTH DOUGLAS HIGHWAY	99801	-134.5659518809544	58.34049327517347	
9066 NORTH DOUGLAS HIGHWAY	99801	-134.5495685280752	58.34064867192317	
9600 NORTH DOUGLAS HIGHWAY	99801	-134.5665609288356	58.34052855789286	
9642 NORTH DOUGLAS HIGHWAY	99801	-134.56712611467637	58.34042117112483	
9760 NINEMILE CREEK ROAD	99801	-134.56962574432808	58.340367362100714	
9120 NORTH DOUGLAS HIGHWAY	99801	-134.55227360961894	58.34004469578018	
9156 NORTH DOUGLAS HIGHWAY	99801	-134.55305190099793	58.339842132911976	
9060 NORTH DOUGLAS HIGHWAY	99801	-134.54966130158616	58.34017338102733	
9374 NORTH DOUGLAS HIGHWAY	99801	-134.55919501030544	58.34012074378461	
9785 NINEMILE CREEK ROAD	99801	-134.57141427927897	58.3397473852132	
9801 NINEMILE CREEK ROAD	99801	-134.57172615368438	58.339484355827764	
9779 NINEMILE CREEK ROAD	99801	-134.57095526083003	58.33921799982537	
9180 NORTH DOUGLAS HIGHWAY	99801	-134.55406902835983	58.339909912068435	
8992 NORTH DOUGLAS HIGHWAY	99801	-134.54923071212104	58.339913270139164	
8982 NORTH DOUGLAS HIGHWAY	99801	-134.54809937564883	58.33957630911377	
8940 NORTH DOUGLAS HIGHWAY	99801	-134.54737105036256	58.339548232969705	
8844 NORTH DOUGLAS HIGHWAY	99801	-134.54471406102593	58.340023597814564	
8830 NORTH DOUGLAS HIGHWAY	99801	-134.54364564075962	58.33994523780597	
8870 NORTH DOUGLAS HIGHWAY	99801	-134.54535883760087	58.33960380810632	
9096 NORTH DOUGLAS HIGHWAY	99801	-134.5515975608923	58.34115933799916	
8752 NORTH DOUGLAS HIGHWAY	99801	-134.54121447890222	58.33980681414398	
9831 NINEMILE CREEK ROAD	99801	-134.57299145232165	58.33967796017572	
8750 NORTH DOUGLAS HIGHWAY	99801	-134.54109670887016	58.33897727690695	
9547 NORTH DOUGLAS HIGHWAY	99801	-134.5651498668654	58.339134359868346	
8746 NORTH DOUGLAS HIGHWAY	99801	-134.54035161832573	58.33896286303453	
1001 FISH CREEK ROAD	99801	-134.56264392834544	58.33943846396738	
9700 NORTH DOUGLAS HIGHWAY	99801	-134.56936171060144	58.339574731908854	
9445 NORTH DOUGLAS HIGHWAY	99801	-134.56177418757218	58.339163388805034	
8544 NORTH DOUGLAS HIGHWAY	99801	-134.5395911414371	58.33873652217105	
9375 NORTH DOUGLAS HIGHWAY	99801	-134.5609442628273	58.33900810198767	
9371 NORTH DOUGLAS HIGHWAY	99801	-134.5598529058768	58.33888622408044	
9369 NORTH DOUGLAS HIGHWAY	99801	-134.5599560477428	58.33923785017004	
9367 NORTH DOUGLAS HIGHWAY	99801	-134.55922886960514	58.33954062984515	
9361 NORTH DOUGLAS HIGHWAY	99801	-134.55843983078205	58.338891465972154	
9363 NORTH DOUGLAS HIGHWAY	99801	-134.55833393557975	58.33951072279145	
9247 NORTH DOUGLAS HIGHWAY	99801	-134.5557603179863	58.33932264792184	
9851 NINEMILE CREEK ROAD	99801	-134.57322854287796	58.338957585789444	
9223 NORTH DOUGLAS HIGHWAY	99801	-134.55466453862968	58.33930091203692	
8866 NORTH DOUGLAS HIGHWAY	99801	-134.54482295300804	58.33935781723231	
10600 HORIZON DRIVE	99801	-134.58985887676474	58.338858808931626	
9173 NORTH DOUGLAS HIGHWAY	99801	-134.55395661408352	58.33873193803014	
9161 NORTH DOUGLAS HIGHWAY	99801	-134.55296377537024	58.338257579967355	
9123 NORTH DOUGLAS HIGHWAY	99801	-134.55255356328902	58.33895680306716	
9087 NORTH DOUGLAS HIGHWAY	99801	-134.55132071000318	58.33910331422761	
9077 NORTH DOUGLAS HIGHWAY	99801	-134.5505973730617	58.338048605812894	
9001 NORTH DOUGLAS HIGHWAY	99801	-134.5488917741711	58.338140065842474	
1005 SKI STREET	99801	-134.5555322438205	58.33894988210412	
8963 NORTH DOUGLAS HIGHWAY	99801	-134.54825151432536	58.339060523046705	
10604 HORIZON DRIVE	99801	-134.59033762940382	58.338673695058425	
10636 STARLITE COURT	99801	-134.5938755309626	58.33840237719799	
9905 NINEMILE CREEK ROAD	99801	-134.5738897927586	58.3387196619412	
1011 SKI STREET	99801	-134.55644634160583	58.33865536411693	
10628 STARLITE COURT	99801	-134.59303851401853	58.338441697799425	
8929 NORTH DOUGLAS HIGHWAY	99801	-134.54740115919594	58.337878523968996	
10624 STARLITE COURT	99801	-134.59254704482825	58.33839120389621	
10608 HORIZON DRIVE	99801	-134.59100745909373	58.338404723987	
10620 STARLITE COURT	99801	-134.59201382374025	58.338362469029704	
9900 NORTH DOUGLAS HIGHWAY	99801	-134.57243603026964	58.33841233678653	
10616 STARLITE COURT	99801	-134.59156440019683	58.338306094114984	
1009 SKI STREET	99801	-134.55545204313023	58.33850508313919	
10640 STARLITE COURT	99801	-134.59415776994678	58.33810683991287	
10601 HORIZON DRIVE	99801	-134.59014032612976	58.33815816600155	
10404 NORTH DOUGLAS HIGHWAY	99801	-134.58765616995882	58.33744339882871	
8833 NORTH DOUGLAS HIGHWAY	99801	-134.54380869935673	58.33793623023222	
10644 STARLITE COURT	99801	-134.5943776406974	58.33782694001624	
9975 NINEMILE CREEK ROAD	99801	-134.5739820111107	58.33781080787356	
10616 HORIZON DRIVE	99801	-134.59191511236526	58.3376790678958	
8751 NORTH DOUGLAS HIGHWAY	99801	-134.54223487074188	58.33746719318239	
10625 STARLITE COURT	99801	-134.593397964998	58.33774585720472	
8731 NORTH DOUGLAS HIGHWAY	99801	-134.5413037561701	58.33792001797879	
10615 HORIZON DRIVE	99801	-134.5910077564361	58.33766883885317	
10648 STARLITE COURT	99801	-134.59464799407203	58.337591977827266	
8687 NORTH DOUGLAS HIGHWAY	99801	-134.54059563399457	58.33809542415069	
10424 NORTH DOUGLAS HIGHWAY	99801	-134.5896762923866	58.33702625684113	
10631 STARLITE COURT	99801	-134.59356431232735	58.3374496471999	
10460 SUNDOWN DRIVE	99801	-134.5910089008898	58.3374091777659	
9999 NINEMILE CREEK ROAD	99801	-134.5743246007123	58.337582053844365	
10652 MISTY LANE	99801	-134.59691432585458	58.337273298039186	
10656 MISTY LANE	99801	-134.59742798882223	58.33713758613108	
10648 MISTY LANE	99801	-134.59628302580552	58.33709588985304	
10628 HORIZON DRIVE	99801	-134.59336340231746	58.33717787103115	
10001 NORTH DOUGLAS HIGHWAY	99801	-134.57306979888912	58.337097647770065	
10640 MISTY LANE	99801	-134.5952623500982	58.3369514187654	
10619 HORIZON DRIVE	99801	-134.5917034522163	58.337014304111236	
10644 MISTY LANE	99801	-134.59579187372054	58.3369650238139	
10718 HORIZON DRIVE	99801	-134.59816616772886	58.336792095204025	
10656 STARLITE COURT	99801	-134.59397911929128	58.33700548385409	
10651 MISTY LANE	99801	-134.59724369764507	58.336673008773374	
10025 NORTH DOUGLAS HIGHWAY	99801	-134.57346466594868	58.33667716501411	
10629 HORIZON DRIVE	99801	-134.5932529697246	58.33665130521011	
10645 MISTY LANE	99801	-134.5962273491225	58.33665555010481	
10730 HORIZON DRIVE	99801	-134.59961073506253	58.33631151298356	
10633 HORIZON DRIVE	99801	-134.5936630263973	58.33649461391524	
10037 NORTH DOUGLAS HIGHWAY	99801	-134.5740906857005	58.33627552202099	
10637 HORIZON DRIVE	99801	-134.5941435181748	58.33642971316945	
10734 HORIZON DRIVE	99801	-134.5999999382442	58.33617094223487	
10721 HORIZON DRIVE	99801	-134.59828382367488	58.33617235690473	
10641 HORIZON DRIVE	99801	-134.59465641128625	58.336220278811744	
10065 NORTH DOUGLAS HIGHWAY	99801	-134.57638404419666	58.33551140991879	
8863 NORTH DOUGLAS HIGHWAY	99801	-134.54536854030425	58.33782615396817	
8873 NORTH DOUGLAS HIGHWAY	99801	-134.54567830995694	58.33862817606347	
8853 NORTH DOUGLAS HIGHWAY	99801	-134.54479205006393	58.337677823982496	
8843 NORTH DOUGLAS HIGHWAY	99801	-134.5447843541969	58.338490803930455	
10621 HORIZON DRIVE	99801	-134.59216558692097	58.33696577592977	
10641 MISTY LANE	99801	-134.5956698438774	58.33655529887175	
10738 HORIZON DRIVE	99801	-134.60044956570516	58.335934867942115	
10725 HORIZON DRIVE	99801	-134.59873751511418	58.33602480983725	
10047 NORTH DOUGLAS HIGHWAY	99801	-134.57500290421027	58.33577326686888	
10705 HORIZON DRIVE	99801	-134.59593372578874	58.3360162359583	
10701 HORIZON DRIVE	99801	-134.59521474477805	58.33598149291204	
10055 NORTH DOUGLAS HIGHWAY	99801	-134.57579605282578	58.335813151082526	
10075 NORTH DOUGLAS HIGHWAY	99801	-134.57736971704892	58.335472590160464	
10742 HORIZON DRIVE	99801	-134.60111022988426	58.335635269188856	
10500 NORTH DOUGLAS HIGHWAY	99801	-134.58975644636448	58.335980737002714	
11000 SUNDOWN DRIVE	99801	-134.59027156819616	58.335645568140045	
10746 HORIZON DRIVE	99801	-134.6017272637883	58.33549899595691	
10750 HORIZON DRIVE	99801	-134.602168325813	58.3354469308337	
10737 HORIZON DRIVE	99801	-134.59978252258927	58.33538410211596	
10754 HORIZON DRIVE	99801	-134.60277112411475	58.33523841586972	
10741 HORIZON DRIVE	99801	-134.60033983289995	58.33519579590364	
11070 SUNDOWN DRIVE	99801	-134.58942250125085	58.33501854893921	
10757 HORIZON DRIVE	99801	-134.60274378838062	58.33469042479041	
10753 HORIZON DRIVE	99801	-134.60181866287687	58.33463267502859	
11260 NORTH DOUGLAS HIGHWAY	99801	-134.6007727319337	58.327007905892515	
11220 NORTH DOUGLAS HIGHWAY	99801	-134.59729544509702	58.32733460710676	
11326 NORTH DOUGLAS HIGHWAY	99801	-134.60190723137399	58.32629423201702	
11346 NORTH DOUGLAS HIGHWAY	99801	-134.6011863567147	58.32572779714502	
11348 NORTH DOUGLAS HIGHWAY	99801	-134.6017683769839	58.32554044702725	
11380 NORTH DOUGLAS HIGHWAY	99801	-134.60262521974627	58.32530621211078	
11420 NORTH DOUGLAS HIGHWAY	99801	-134.60260535260548	58.32456096478863	
11466 NORTH DOUGLAS HIGHWAY	99801	-134.60347443671026	58.32428639694409	
11468 NORTH DOUGLAS HIGHWAY	99801	-134.60394341478073	58.32421031816226	
10731 HORIZON DRIVE	99801	-134.59936906219997	58.335694243847584	
10611 HORIZON DRIVE	99801	-134.59060490335366	58.337976931056566	
1415 MENDENHALL PENINSULA ROAD	99801	-134.62759260937585	58.353920514876116	
10606 HORIZON DRIVE	99801	-134.59072433796396	58.338487615002286	
10620 HORIZON DRIVE	99801	-134.59229593785858	58.337413384846386	
10622 HORIZON DRIVE	99801	-134.5927760074279	58.3373584687792	
10629 STARLITE COURT	99801	-134.5934310149156	58.337462615006835	
10627 STARLITE COURT	99801	-134.59346887890484	58.337685163919076	
10713 HORIZON DRIVE	99801	-134.5971085344325	58.336240252030414	
10717 HORIZON DRIVE	99801	-134.5975034230516	58.336089718871605	
10719 HORIZON DRIVE	99801	-134.59772209005973	58.33608356692927	
10625 HORIZON DRIVE	99801	-134.59277804480695	58.336782908969816	
10624 HORIZON DRIVE	99801	-134.592797867032	58.33729213519033	
9955 NINEMILE CREEK ROAD	99801	-134.57386412609426	58.338267806010364	
9803 NINEMILE CREEK ROAD	99801	-134.5718920392797	58.33935772481557	
9690 NORTH DOUGLAS HIGHWAY	99801	-134.56864326319004	58.339699601998284	
9601 NORTH DOUGLAS HIGHWAY	99801	-134.56655693043427	58.33949179204909	
9640 NORTH DOUGLAS HIGHWAY	99801	-134.56733395159546	58.34042933703064	
9602 NORTH DOUGLAS HIGHWAY	99801	-134.56676211462832	58.34052503909964	
9373 NORTH DOUGLAS HIGHWAY	99801	-134.5597525191438	58.33884535408444	
9068 NORTH DOUGLAS HIGHWAY	99801	-134.5496772403943	58.34071052801416	
10749 HORIZON DRIVE	99801	-134.6012453742322	58.334695393790355	
9841 NINEMILE CREEK ROAD	99801	-134.57213951166574	58.33896903380785	
1210 MENDENHALL PENINSULA ROAD	99801	-134.628316842836	58.350459152217525	
1200 MENDENHALL PENINSULA ROAD	99801	-134.62770454844343	58.350015151942316	
1001 SKI STREET	99801	-134.55652874496516	58.33938933086255	
11260 NORTH DOUGLAS HIGHWAY	99801	-134.60098552126493	58.32759992209198	
1325 MENDENHALL PENINSULA ROAD	99801	-134.6276513277544	58.35251753688976	
1440 MENDENHALL PENINSULA ROAD	99801	-134.63046003086444	58.35393094612295	
10761 HORIZON DRIVE	99801	-134.60278562472007	58.334938311815876	
9500 NORTH DOUGLAS HIGHWAY	99801	-134.56253940936213	58.3408901430305	
9200 NORTH DOUGLAS HIGHWAY	99801	-134.55565797472258	58.33988694308247	
11800 NORTH DOUGLAS HIGHWAY	99801	-134.62009917499114	58.32315528881031	
10722 HORIZON DRIVE	99801	-134.598644587093	58.33671172300054	
9900 NORTH DOUGLAS HIGHWAY	99801	-134.57224561078561	58.33850956687461	
9549 NORTH DOUGLAS HIGHWAY	99801	-134.56500737340008	58.33954066992363	
10638 HORIZON DRIVE	99801	-134.59463013825913	58.33675018207736	
1230 MENDENHALL PENINSULA ROAD	99801	-134.62800757983317	58.35108079922258	
1505 MENDENHALL PENINSULA ROAD	99801	-134.62855067520277	58.35515759297828	
10657 PORTER LANE	99801	-134.62625552726254	58.35092265319666	
10653 PORTER LANE	99801	-134.62483789860764	58.350861729896835	
10726 HORIZON DRIVE	99801	-134.5991792652484	58.33661056607783	
10726 HORIZON DRIVE	99801	-134.5990040865815	58.33657111800605	
9765 NINEMILE CREEK ROAD	99801	-134.57007320595088	58.33951218777936	
1008 FISH CREEK ROAD	99801	-134.56425590930874	58.33936636483875	
1006 SKI STREET	99801	-134.55747143073614	58.33937882978002	
1625 CREST STREET	99801	-134.57784657514108	58.35744303895068	
1536 CREST STREET	99801	-134.5704624998624	58.35632693676654	
1540 CREST STREET	99801	-134.57011583190942	58.3562772550051	
1544 CREST STREET	99801	-134.56980725162617	58.3562292401227	
1548 CREST STREET	99801	-134.5694660247689	58.356186069088764	
1552 CREST STREET	99801	-134.56911847826356	58.35613836701901	
11259 NORTH DOUGLAS HIGHWAY	99801	-134.59695916166874	58.32669417719101	
1650 MENDENHALL PENINSULA ROAD	99801	-134.6314499123238	58.35545762192122	
1655 MENDENHALL PENINSULA ROAD	99801	-134.628608697387	58.35615798823561	
1735 MENDENHALL PENINSULA ROAD	99801	-134.6297520191817	58.35714958610677	
10709 HORIZON DRIVE	99801	-134.5965648910905	58.336184235885035	
9665 NORTH DOUGLAS HIGHWAY	99801	-134.5676171922012	58.339295580146604	
1455 MENDENHALL PENINSULA ROAD	99801	-134.62895285544704	58.35452160691189	
1655 MENDENHALL PENINSULA ROAD	99801	-134.6287013217776	58.356190274875985	
1525 MENDENHALL PENINSULA ROAD	99801	-134.6287255484425	58.35539559417666	
10649 MISTY LANE	99801	-134.59673320662867	58.33666228997051	
10460 SUNDOWN DRIVE	99801	-134.59116348927208	58.33744025318761	
788 FRITZ COVE ROAD	99801	-134.6379271661709	58.34155749920068	
8833 NORTH DOUGLAS HIGHWAY	99801	-134.5437096591983	58.33793065718253	
1120 MENDENHALL PENINSULA ROAD	99801	-134.62556988093544	58.34936578315683	
9444 LA PEROUSE AVENUE	99801	-134.5935533780337	58.36241655978576	
9444 LA PEROUSE AVENUE	99801	-134.5935492915975	58.362458580998904	
9446 LA PEROUSE AVENUE	99801	-134.59355258122807	58.36250147907488	
9446 LA PEROUSE AVENUE	99801	-134.59355670090196	58.36254611914218	
9440 LA PEROUSE AVENUE	99801	-134.5935457899645	58.362319506226896	
9452 LA PEROUSE AVENUE	99801	-134.59426249644093	58.36237159206582	
9452 LA PEROUSE AVENUE	99801	-134.5942592795739	58.36242462919324	
9454 LA PEROUSE AVENUE	99801	-134.5942465441581	58.36247464816956	
9454 LA PEROUSE AVENUE	99801	-134.59423960557086	58.362524719849944	
9456 LA PEROUSE AVENUE	99801	-134.59423308829346	58.36256878690341	
9450 LA PEROUSE AVENUE	99801	-134.59426499735068	58.36232020220054	
9411 BERNERS AVENUE	99801	-134.59126895507967	58.36321762878791	
9413 BERNERS AVENUE	99801	-134.5912944528607	58.36318159078479	
9415 BERNERS AVENUE	99801	-134.59133600084093	58.36313681487405	
9417 BERNERS AVENUE	99801	-134.5913570932838	58.36308656500688	
9419 BERNERS AVENUE	99801	-134.5914026791912	58.363021003955204	
9421 BERNERS AVENUE	99801	-134.59142892167557	58.362974579115914	
9423 BERNERS AVENUE	99801	-134.5914671539741	58.36293316683551	
9425 BERNERS AVENUE	99801	-134.59148722323582	58.36289438615837	
9459 BERNERS AVENUE	99801	-134.59404029456212	58.362865295203704	
9461 BERNERS AVENUE	99801	-134.59410085358869	58.36292096276805	
9463 BERNERS AVENUE	99801	-134.59415046305023	58.36298285902168	
9465 BERNERS AVENUE	99801	-134.59418890824946	58.363039186077856	
9467 BERNERS AVENUE	99801	-134.59422794094687	58.36310751019573	
9469 BERNERS AVENUE	99801	-134.594278235823	58.36316415793767	
9471 BERNERS AVENUE	99801	-134.59431229185375	58.36322695798911	
9473 BERNERS AVENUE	99801	-134.59436362518232	58.363289737196226	
9450 DEL RAE ROAD	99801	-134.59066649903608	58.368001286072854	
9450 DEL RAE ROAD	99801	-134.5907598411806	58.36802990778804	
9450 DEL RAE ROAD	99801	-134.59087881405685	58.36804491614671	
9450 DEL RAE ROAD	99801	-134.59095511785537	58.36808157578846	
9450 DEL RAE ROAD	99801	-134.59106150084293	58.36810644017398	
9450 DEL RAE ROAD	99801	-134.59078701611628	58.368251379838924	
9450 DEL RAE ROAD	99801	-134.5907228072347	58.36830840612173	
9450 DEL RAE ROAD	99801	-134.59067914012877	58.368367445908795	
9450 DEL RAE ROAD	99801	-134.59063239180136	58.3684126439094	
9450 DEL RAE ROAD	99801	-134.59057225138974	58.368461859140645	
1931 LIMA TAXIWAY	99801	-134.59115152101754	58.36029697002762	
1927 LIMA TAXIWAY	99801	-134.59070426510894	58.360238068006744	
1928 LIMA TAXIWAY	99801	-134.59064757243135	58.3605381107992	
9542 GLACIER HIGHWAY	99801	-134.59594892079178	58.36983945307035	
9542 GLACIER HIGHWAY	99801	-134.59601179837009	58.36981451876853	
9542 GLACIER HIGHWAY	99801	-134.59609120405133	58.36978607610833	
9450 DEL RAE ROAD	99801	-134.59046785817057	58.36857643906406	
9450 DEL RAE ROAD	99801	-134.5904114538522	58.3686264578035	
9450 DEL RAE ROAD	99801	-134.59035656678833	58.36867341511613	
9450 DEL RAE ROAD	99801	-134.59030249090316	58.36872961484007	
9450 DEL RAE ROAD	99801	-134.5902581293995	58.36877612115224	
9450 DEL RAE ROAD	99801	-134.59023314186155	58.368830655772065	
9450 DEL RAE ROAD	99801	-134.59018167558227	58.36887810183565	
9450 DEL RAE ROAD	99801	-134.59012072399193	58.36893150796704	
9450 DEL RAE ROAD	99801	-134.5900646673216	58.368995601813644	
9450 DEL RAE ROAD	99801	-134.59001434908927	58.36904007584386	
10490 GLACIER HIGHWAY	99801	-134.62055933430045	58.37489920090301	
2901 RIVERSIDE DRIVE	99801	-134.59140834756062	58.37496808285452	
3200 WILDMEADOW LANE	99801	-134.60650183916778	58.37430755689636	
10520 GLACIER HIGHWAY	99801	-134.62185907075244	58.375051330852266	
10440 GLACIER HIGHWAY	99801	-134.61910004717257	58.374518944994435	
9192 JAMES BOULEVARD	99801	-134.589590999147	58.37476902601687	
2850 ENGINEERS CUTOFF ROAD	99801	-134.62367488664023	58.37396935393732	
10400 GLACIER HIGHWAY	99801	-134.61803083279554	58.37464737087831	
10390 GLACIER HIGHWAY	99801	-134.61810304207302	58.373456348082634	
2800 POSTAL WAY	99801	-134.59355351637427	58.373388399175774	
2840 ENGINEERS CUTOFF ROAD	99801	-134.62544328226076	58.37366310184815	
10360 GLACIER HIGHWAY	99801	-134.61777174609117	58.373400896862826	
10005 FRANK MAIER DRIVE	99801	-134.6077354847677	58.373763770182386	
2841 RIVERSIDE DRIVE	99801	-134.5898563120746	58.373654592216916	
3120 WILDMEADOW LANE	99801	-134.60607084276583	58.37404649617264	
2830 ENGINEERS CUTOFF ROAD	99801	-134.62495923405305	58.3734629739973	
2780 ENGINEERS CUTOFF ROAD	99801	-134.6250400276314	58.37285918582873	
3110 WILDMEADOW COURT	99801	-134.6043854092567	58.37329947897736	
2797 POSTAL WAY	99801	-134.59524175801695	58.373191449909946	
2781 ENGINEERS CUTOFF ROAD	99801	-134.62305388038598	58.37294466223279	
10003 FRANK MAIER DRIVE	99801	-134.6082382763238	58.373148620882006	
3112 WILDMEADOW LANE	99801	-134.6070564590242	58.373075916933566	
2771 ENGINEERS CUTOFF ROAD	99801	-134.6241322566806	58.37277669908654	
3120 WILDMEADOW LANE	99801	-134.60597101658155	58.37408751386358	
10160 GLACIER HIGHWAY	99801	-134.6114777467654	58.372089102175785	
10300 GLACIER HIGHWAY	99801	-134.61473157677682	58.37313739497629	
9116 MENDENHALL MALL ROAD	99801	-134.5913534137844	58.37259904522394	
3030 VINTAGE BOULEVARD	99801	-134.5983481825751	58.37204870916623	
2746 ENGINEERS CUTOFF ROAD	99801	-134.62549439280716	58.37249559612765	
10301 GLACIER HIGHWAY	99801	-134.61732570111158	58.37228140479052	
3031 CLINTON DRIVE	99801	-134.59901123896776	58.37235989892881	
2741 ENGINEERS CUTOFF ROAD	99801	-134.62385866038778	58.37237446593458	
2710 ENGINEERS CUTOFF ROAD	99801	-134.62618513707352	58.37202444488514	
2711 ENGINEERS CUTOFF ROAD	99801	-134.6238149923835	58.371980342057306	
9107 MENDENHALL MALL ROAD	99801	-134.5902291955625	58.371556680101214	
2688 ENGINEERS CUTOFF ROAD	99801	-134.62565056222437	58.37168369315531	
3025 CLINTON DRIVE	99801	-134.5993261945946	58.37193800383716	
3000 VINTAGE BOULEVARD	99801	-134.59824062818447	58.37154189605897	
3037 VINTAGE BOULEVARD	99801	-134.59671967081397	58.37137312585913	
2667 ENGINEERS CUTOFF ROAD	99801	-134.62410585070282	58.371424001780156	
10221 GLACIER HIGHWAY	99801	-134.61370219639443	58.37117328086443	
2652 ENGINEERS CUTOFF ROAD	99801	-134.6257689359243	58.371148553842346	
3017 CLINTON DRIVE	99801	-134.59978154162897	58.37137326577192	
2647 ENGINEERS CUTOFF ROAD	99801	-134.62457714013854	58.371051187932984	
10017 GLACIER HIGHWAY	99801	-134.61069510215052	58.371121893920225	
10011 GLACIER HIGHWAY	99801	-134.60989486492915	58.37095309815705	
10004 GLACIER HIGHWAY	99801	-134.6093874641173	58.370830353882944	
2640 ENGINEERS CUTOFF ROAD	99801	-134.62576787411564	58.37060863985513	
10002 GLACIER HIGHWAY	99801	-134.60774023775383	58.370731894154446	
2619 ENGINEERS CUTOFF ROAD	99801	-134.624804301616	58.37050294720639	
10155 JENSINE STREET	99801	-134.61136366341924	58.37073190922951	
3005 CLINTON DRIVE	99801	-134.59800619843801	58.37080854504992	
10087 JENSINE STREET	99801	-134.61140895557756	58.36988802278027	
2600 ENGINEERS CUTOFF ROAD	99801	-134.6265191271029	58.37035767712502	
2601 SHERWOOD LANE	99801	-134.61678409874196	58.370331247915836	
10107 BENTWOOD PLACE	99801	-134.6101843290631	58.37042953209991	
10103 JENSINE STREET	99801	-134.609175555135	58.37039462691742	
2617 ENGINEERS CUTOFF ROAD	99801	-134.62455309493333	58.37026547701795	
10101 BENTWOOD PLACE	99801	-134.60858552908002	58.37009178804261	
9999 GLACIER HIGHWAY	99801	-134.60401206493304	58.36976072201131	
10099 BENTWOOD PLACE	99801	-134.60940447192056	58.369630465981125	
2500 SUNSET STREET	99801	-134.59262453799627	58.36881251290888	
2556 ENGINEERS CUTOFF ROAD	99801	-134.62682909528326	58.36997547183341	
2577 MEADOW LANE	99801	-134.60085010382912	58.36997485185865	
9520 GLACIER HIGHWAY	99801	-134.59480528817997	58.36981567203987	
2523 SUNSET STREET	99801	-134.59427509980435	58.36991704811669	
2551 ENGINEERS CUTOFF ROAD	99801	-134.62504028185464	58.36971414114807	
9530 GLACIER HIGHWAY	99801	-134.59537478773075	58.36982240510844	
9542 GLACIER HIGHWAY	99801	-134.5961689020352	58.36975902319475	
2555 ENGINEERS CUTOFF ROAD	99801	-134.6244282928892	58.36959666994459	
9550 GLACIER HIGHWAY	99801	-134.59639441061253	58.36964942203039	
2528 SCOTT DRIVE	99801	-134.5997335006259	58.3697126651638	
2575 MEADOW LANE	99801	-134.6010445405791	58.36973891204613	
2526 SCOTT DRIVE	99801	-134.59923551056497	58.369598536013164	
9621 GLACIER HIGHWAY	99801	-134.5982871806791	58.369481708906086	
2545 PEDERSON STREET	99801	-134.62116936404024	58.369259565228255	
2527 SCOTT DRIVE	99801	-134.60019181389734	58.369463260154674	
9510 GLACIER HIGHWAY	99801	-134.59471686161666	58.369533697021225	
2552 ENGINEERS CUTOFF ROAD	99801	-134.62651122462336	58.36888986617312	
2573 MEADOW LANE	99801	-134.6012266650198	58.36947356008057	
2524 ALDER CIRCLE	99801	-134.59781237793234	58.36941746518619	
2520 ALDER CIRCLE	99801	-134.59843993739653	58.36918910614321	
2505 PEDERSON STREET	99801	-134.62270942588185	58.36910324092157	
2524 SCOTT DRIVE	99801	-134.59913363622186	58.36935975522509	
9350 DEL RAE ROAD	99801	-134.5893333677134	58.36872004210965	
2525 INDUSTRIAL BOULEVARD	99801	-134.60523408902813	58.36927574001525	
9500 GLACIER HIGHWAY	99801	-134.59492433561638	58.36921306285094	
10010 BENTWOOD PLACE	99801	-134.60565660174055	58.36934054885876	
2571 MEADOW LANE	99801	-134.6013206279002	58.369228860766945	
2521 ALDER CIRCLE	99801	-134.59728864125705	58.36912069816029	
2531 BARRETT AVENUE	99801	-134.6076204581905	58.369192731851186	
10020 CRAZY HORSE DRIVE	99801	-134.6092157080316	58.36663619915444	
2507 RADCLIFFE ROAD	99801	-134.59660295001416	58.3689981609293	
2513 SUNSET STREET	99801	-134.59377648810926	58.36916929194413	
2522 SCOTT DRIVE	99801	-134.5990517224444	58.369135699930546	
2570 MEADOW LANE	99801	-134.60045351919072	58.36911147793145	
9494 GLACIER HIGHWAY	99801	-134.59422519389872	58.369229897220826	
2525 SCOTT DRIVE	99801	-134.59978266092983	58.36909412998739	
10011 BENTWOOD PLACE	99801	-134.60671715186663	58.36902148505496	
2520 BARRETT AVENUE	99801	-134.60865057788635	58.36889394984035	
2567 MEADOW LANE	99801	-134.60130629707646	58.36892299907922	
2519 ALDER CIRCLE	99801	-134.59754891912746	58.368906164091804	
2518 SCOTT DRIVE	99801	-134.59900616887631	58.36896659597752	
9515 SPEEL WAY	99801	-134.59593574430318	58.36894205397238	
2516 ALDER CIRCLE	99801	-134.59827071905153	58.368938630819976	
2501 SUNSET STREET	99801	-134.59384451842405	58.36890813195873	
2568 MEADOW LANE	99801	-134.6004529002515	58.36888642417081	
2523 SCOTT DRIVE	99801	-134.59974401271137	58.368921420828926	
2499 ENGINEERS CUTOFF ROAD	99801	-134.6243280400052	58.36816409093772	
2516 SCOTT DRIVE	99801	-134.59906064091854	58.36872957997704	
9513 SPEEL WAY	99801	-134.5953063289196	58.36863595894854	
2519 SCOTT DRIVE	99801	-134.59963467965642	58.36861607188583	
2565 MEADOW LANE	99801	-134.60131637707227	58.36862912294865	
2564 MEADOW LANE	99801	-134.60059048083053	58.36862428215539	
2470 ENGINEERS CUTOFF ROAD	99801	-134.625093899599	58.36824270683434	
9616 STIKINE STREET	99801	-134.5968756947041	58.368606753060305	
9620 STIKINE STREET	99801	-134.59765424120465	58.36864451407564	
9622 STIKINE STREET	99801	-134.5980533941264	58.3685465792058	
9511 SPEEL WAY	99801	-134.59474361434414	58.36844019395067	
10010 CAMDEN PLACE	99801	-134.60625321603985	58.36856879790141	
9624 STIKINE STREET	99801	-134.59856384112538	58.36851148512422	
9626 STIKINE STREET	99801	-134.599015955123	58.36849248700472	
2517 SCOTT DRIVE	99801	-134.59967327667093	58.36842750511397	
10008 CAMDEN PLACE	99801	-134.60565520486026	58.36840024621893	
9454 PATRICIA PLACE	99801	-134.59442947528592	58.368341695987944	
9630 STIKINE STREET	99801	-134.59999503164613	58.36845763597024	
2510 BARRETT AVENUE	99801	-134.60848520882234	58.36846125091747	
9634 STIKINE STREET	99801	-134.600434094021	58.368416938225266	
2563 MEADOW LANE	99801	-134.60123388388143	58.36835111193563	
9452 PATRICIA PLACE	99801	-134.594246498344	58.36832937318182	
9508 SPEEL WAY	99801	-134.59568031014877	58.368282356049235	
9450 PATRICIA PLACE	99801	-134.5939325191859	58.3683369229976	
2454 ENGINEERS CUTOFF ROAD	99801	-134.6251343893638	58.367787295013684	
2413 RADCLIFFE ROAD	99801	-134.59660698075487	58.36813138086508	
9617 STIKINE STREET	99801	-134.59725246340562	58.368160115074765	
9621 STIKINE STREET	99801	-134.5976074246053	58.368117505140276	
9448 PATRICIA PLACE	99801	-134.59378961069893	58.368320783114854	
2490 INDUSTRIAL BOULEVARD	99801	-134.60425517240515	58.36796823003826	
2561 MEADOW LANE	99801	-134.60122159582664	58.36809101394868	
9623 STIKINE STREET	99801	-134.59824460502622	58.368114723116186	
9625 STIKINE STREET	99801	-134.59864282729336	58.368068220172574	
2424 SUSAN WAY	99801	-134.58976972256605	58.3682493530443	
9631 STIKINE STREET	99801	-134.59965616196814	58.36806506877796	
9510 SPEEL WAY	99801	-134.59486797531545	58.36810008509577	
10011 CAMDEN PLACE	99801	-134.60623800217223	58.36794787806269	
9641 STIKINE STREET	99801	-134.600196442916	58.368015370083484	
9446 PATRICIA PLACE	99801	-134.59357889827263	58.36822620885066	
10005 CAMDEN PLACE	99801	-134.60567094334405	58.3679372299956	
2457 BRANDY LANE	99801	-134.602727181226	58.367444726173915	
2480 INDUSTRIAL BOULEVARD	99801	-134.6038703853414	58.36770592902577	
2435 INDUSTRIAL BOULEVARD	99801	-134.60506892657662	58.367870659833606	
2410 RADCLIFFE ROAD	99801	-134.59564089387075	58.36794197806996	
9451 PATRICIA PLACE	99801	-134.59424769220502	58.367968031220464	
2339 MEADOW LANE	99801	-134.6009947541494	58.36777785582996	
2481 SCOTT DRIVE	99801	-134.5993695742397	58.36777662522595	
2336 MEADOW LANE	99801	-134.59998563436994	58.3677421979774	
2470 SCOTT DRIVE	99801	-134.5985126739851	58.367878036841574	
2348 KEVIN COURT	99801	-134.59660762035531	58.36775385103448	
9444 PATRICIA PLACE	99801	-134.5934125823843	58.368108533877304	
2433 ENGINEERS CUTOFF ROAD	99801	-134.62421668933416	58.367568131922646	
2350 KEVIN COURT	99801	-134.59710149703056	58.36778400979173	
9360 DEL RAE ROAD	99801	-134.58992258618298	58.36789893914097	
2349 KEVIN COURT	99801	-134.59757997927673	58.3677322348791	
9442 PATRICIA PLACE	99801	-134.59337055739869	58.36791947300206	
9406 GLACIER HIGHWAY	99801	-134.5916217836789	58.36786063787985	
2432 ENGINEERS CUTOFF ROAD	99801	-134.6253593850031	58.36740371583755	
2472 SCOTT DRIVE	99801	-134.59822538826566	58.36766053695418	
9449 PATRICIA PLACE	99801	-134.59424765088252	58.367884994068206	
2335 MEADOW LANE	99801	-134.60073503323446	58.36755042421293	
2332 MEADOW LANE	99801	-134.59987054131742	58.36751585116198	
9503 RADCLIFFE COURT	99801	-134.59489417198577	58.36765033590889	
2479 SCOTT DRIVE	99801	-134.59921125964556	58.367610163964166	
9440 PATRICIA PLACE	99801	-134.5930984918351	58.36793241313516	
9505 RADCLIFFE COURT	99801	-134.59545231593304	58.36762002391796	
2425 INDUSTRIAL BOULEVARD	99801	-134.60551882443048	58.367605201948926	
9402 GLACIER HIGHWAY	99801	-134.59124177744908	58.36755975509579	
9447 PATRICIA PLACE	99801	-134.5941572848565	58.36772444182805	
9438 PATRICIA PLACE	99801	-134.59301290574473	58.367757448150684	
2479 SCOTT DRIVE	99801	-134.59905195600635	58.3674843800544	
2346 KEVIN COURT	99801	-134.59638260405475	58.367525036943455	
2347 KEVIN COURT	99801	-134.59769314634127	58.36748642291167	
10412 CRAZY HORSE DRIVE	99801	-134.62015664830471	58.36668888405081	
2329 MEADOW LANE	99801	-134.60053097462946	58.36732569877653	
9445 PATRICIA PLACE	99801	-134.59401617838998	58.36763974287503	
2328 MEADOW LANE	99801	-134.59966763794588	58.3673301161924	
2477 SCOTT DRIVE	99801	-134.5988023977322	58.367410293890195	
9436 PATRICIA PLACE	99801	-134.59279746279014	58.36773150320584	
2484 INDUSTRIAL BOULEVARD	99801	-134.6042631701061	58.36760489806549	
9443 PATRICIA PLACE	99801	-134.5942137601418	58.36732282717325	
2471 SCOTT DRIVE	99801	-134.59789013520498	58.36712838116027	
2324 MEADOW LANE	99801	-134.59930837740924	58.367115362051365	
2390 ENGINEERS CUTOFF ROAD	99801	-134.62540755266863	58.3670669341091	
2344 KEVIN COURT	99801	-134.59633518558417	58.367290111138345	
9439 PATRICIA PLACE	99801	-134.59354145379663	58.36731411012441	
9437 PATRICIA PLACE	99801	-134.59302141728205	58.36726906713591	
2327 MEADOW LANE	99801	-134.6003183434017	58.367130762790275	
2473 SCOTT DRIVE	99801	-134.59828894586863	58.36701027896714	
9502 RADCLIFFE COURT	99801	-134.594779257698	58.36720835908087	
9435 GLACIER HIGHWAY	99801	-134.59245941507064	58.36726367303583	
2453 BRANDY LANE	99801	-134.60341604082686	58.36718620784446	
2456 BRANDY LANE	99801	-134.6024362600246	58.36702039680476	
9500 RADCLIFFE COURT	99801	-134.59534950015552	58.367195537881344	
10025 DAWSON PLACE	99801	-134.60610794408538	58.36703830313232	
10015 DAWSON PLACE	99801	-134.60570525629294	58.367086251018215	
10003 DAWSON PLACE	99801	-134.60526232667075	58.367094783906076	
2320 MEADOW LANE	99801	-134.59907399796847	58.36696286007461	
2323 RADCLIFFE ROAD	99801	-134.59622655860508	58.367150259169975	
2323 MEADOW LANE	99801	-134.59988003561165	58.36692900306135	
2343 KEVIN COURT	99801	-134.5974371660112	58.36701938290097	
9360 GLACIER HIGHWAY	99801	-134.59043774125237	58.3672496900207	
2450 INDUSTRIAL BOULEVARD	99801	-134.60416607030874	58.367139886952195	
2312 MEADOW LANE	99801	-134.5987315215546	58.36676340895497	
2340 KEVIN COURT	99801	-134.59624442070617	58.36687143178852	
2319 MEADOW LANE	99801	-134.59964737015645	58.36672234081788	
2341 KEVIN COURT	99801	-134.5973033080507	58.366820400892536	
9940 CRAZY HORSE DRIVE	99801	-134.60231395439865	58.366259923092635	
2358 ENGINEERS CUTOFF ROAD	99801	-134.62557103886382	58.36663050106585	
2314 RADCLIFFE ROAD	99801	-134.59525686318847	58.36682726080012	
9494 EAGLE STREET	99801	-134.59474253726412	58.36672922100392	
9486 EAGLE STREET	99801	-134.5939489466775	58.366874498954466	
9476 EAGLE STREET	99801	-134.59362507616981	58.366677786127305	
9472 EAGLE STREET	99801	-134.59306311168766	58.36666108811575	
9433 THIRD STREET	99801	-134.59255280841913	58.36695264516447	
10014 CRAZY HORSE DRIVE	99801	-134.6084304466243	58.3662803250417	
10012 CRAZY HORSE DRIVE	99801	-134.60784328619502	58.366744132859104	
10008 CRAZY HORSE DRIVE	99801	-134.60731412818703	58.36652881778037	
2345 ENGINEERS CUTOFF ROAD	99801	-134.62287586663604	58.366462499855274	
10006 CRAZY HORSE DRIVE	99801	-134.606480841048	58.36663902416977	
2310 MEADOW LANE	99801	-134.59840769326772	58.366602991073144	
9622 EAGLE STREET	99801	-134.59776850601048	58.36650745105623	
9562 EAGLE STREET	99801	-134.59616442662843	58.36662072611378	
2315 MEADOW LANE	99801	-134.59940176896114	58.36662144179093	
9620 EAGLE STREET	99801	-134.59722698987912	58.366597423016735	
9468 EAGLE STREET	99801	-134.59258017469594	58.36665874885755	
9466 EAGLE STREET	99801	-134.59229814232427	58.3666530479457	
9425 GLACIER HIGHWAY	99801	-134.5918791177701	58.366774527110934	
9350 GLACIER HIGHWAY	99801	-134.59041733691896	58.366710106964646	
9626 EAGLE STREET	99801	-134.59814168773906	58.366430515194224	
2440 INDUSTRIAL BOULEVARD	99801	-134.60433042966636	58.36643808614696	
2301 MEADOW LANE	99801	-134.59911771088855	58.36634020687553	
2315 INDUSTRIAL BOULEVARD	99801	-134.60508436232814	58.366310085990335	
2338 ENGINEERS CUTOFF ROAD	99801	-134.6255461151063	58.3663329609981	
10002 CRAZY HORSE DRIVE	99801	-134.60589717057363	58.3663410450584	
9980 CRAZY HORSE DRIVE	99801	-134.60348570966872	58.366218549060925	
2295 MEADOW LANE	99801	-134.59879547261968	58.366144253872996	
2222 RADCLIFFE ROAD	99801	-134.59483393186113	58.36622569790376	
9567 EAGLE STREET	99801	-134.5960071621649	58.36622853520199	
9571 EAGLE STREET	99801	-134.5964411858894	58.36628351381692	
9483 EAGLE STREET	99801	-134.59421052441013	58.366300186093625	
9575 EAGLE STREET	99801	-134.59682376579246	58.36625802103977	
9577 EAGLE STREET	99801	-134.59718987508484	58.36622395415729	
9481 EAGLE STREET	99801	-134.59372087341004	58.36629534403862	
9475 EAGLE STREET	99801	-134.59324217916142	58.3663254800133	
10010 CRAZY HORSE DRIVE	99801	-134.60735955419432	58.36622494217038	
2216 MUIR STREET	99801	-134.59243901163555	58.36624734890507	
9351 GLACIER HIGHWAY	99801	-134.5910110002526	58.366286029783	
2222 MEADOW LANE	99801	-134.59759813063536	58.36601071701173	
10000 CRAZY HORSE DRIVE	99801	-134.60530787664555	58.36617759996351	
2275 MEADOW LANE	99801	-134.5985347842192	58.36601053702925	
9567 MEADOW LANE	99801	-134.59598059988028	58.36581897294528	
9474 NORRIS PLACE	99801	-134.59424872886086	58.3658824420324	
9571 MEADOW LANE	99801	-134.59636662661913	58.36594684390068	
9472 NORRIS PLACE	99801	-134.59370720644128	58.36594389915551	
9575 MEADOW LANE	99801	-134.59674468889463	58.36590427793886	
2220 RADCLIFFE ROAD	99801	-134.59489632165423	58.36595156680021	
9470 NORRIS PLACE	99801	-134.5931922013906	58.365966611850745	
9579 MEADOW LANE	99801	-134.59725652468902	58.365838256142666	
2255 MEADOW LANE	99801	-134.59828103979584	58.365849950819346	
2214 MUIR STREET	99801	-134.59246950315128	58.36598971512189	
10013 CRAZY HORSE DRIVE	99801	-134.608284850378	58.3656824768938	
10009 CRAZY HORSE DRIVE	99801	-134.6071724045779	58.36517841020845	
10005 CRAZY HORSE DRIVE	99801	-134.60614585299035	58.36574493087253	
2291 INDUSTRIAL BOULEVARD	99801	-134.60514388290224	58.36568459712603	
2331 ENGINEERS CUTOFF ROAD	99801	-134.62454600902237	58.365336645992834	
9979 CRAZY HORSE DRIVE	99801	-134.60383929734434	58.3657406960691	
2235 MEADOW LANE	99801	-134.59792694187715	58.365789651176016	
2218 RADCLIFFE ROAD	99801	-134.594946800685	58.365658876815694	
9563 MEADOW LANE	99801	-134.59582070694623	58.365603874140746	
2225 MEADOW LANE	99801	-134.59773541477037	58.365526573041045	
2212 MUIR STREET	99801	-134.59243305221196	58.365596049994096	
2301 SHERWOOD LANE	99801	-134.618871512171	58.36536822220107	
9473 NORRIS PLACE	99801	-134.5942654914241	58.36564477396048	
9341 GLACIER HIGHWAY	99801	-134.5906246707815	58.36541791001697	
2211 MUIR STREET	99801	-134.5932318629087	58.36550397314227	
2215 MEADOW LANE	99801	-134.59750048196736	58.365384967940926	
9471 NORRIS PLACE	99801	-134.59370503431495	58.36554584084978	
2281 INDUSTRIAL BOULEVARD	99801	-134.60525889780132	58.365449980876676	
2216 RADCLIFFE ROAD	99801	-134.59500171469833	58.36540904219559	
9566 MEADOW LANE	99801	-134.5960315361535	58.36533715391123	
2210 MUIR STREET	99801	-134.59242878880764	58.3653008311308	
9570 MEADOW LANE	99801	-134.59626557243786	58.36513275103091	
2205 MEADOW LANE	99801	-134.59723984477083	58.365200451980215	
9466 BRADY PLACE	99801	-134.59424517961716	58.365103995038446	
9464 BRADY PLACE	99801	-134.59367954012717	58.36518588295532	
9462 BRADY PLACE	99801	-134.59317541187792	58.36519366714354	
9574 MEADOW LANE	99801	-134.59645693335628	58.36502107506589	
2214 RADCLIFFE ROAD	99801	-134.5949645693613	58.36511234512032	
2217 RADCLIFFE ROAD	99801	-134.59568999937744	58.36489909984544	
2201 MEADOW LANE	99801	-134.59703687941553	58.36492077898851	
2208 MUIR STREET	99801	-134.59249176070904	58.36499401897083	
9333 GLACIER HIGHWAY	99801	-134.59190566029181	58.364830235931585	
9321 GLACIER HIGHWAY	99801	-134.59032285121907	58.364980060028635	
2212 RADCLIFFE ROAD	99801	-134.5949053461296	58.364827856973406	
9465 BRADY PLACE	99801	-134.59419575610687	58.364786272061394	
2211 RADCLIFFE ROAD	99801	-134.596036871248	58.36472853615142	
2275 BRANDY LANE	99801	-134.60287192497108	58.36467003495675	
2272 INDUSTRIAL BOULEVARD	99801	-134.60423160420535	58.36441677398695	
9461 BRADY PLACE	99801	-134.59318229387134	58.364769950094946	
9463 BRADY PLACE	99801	-134.59364178124085	58.36478075177822	
9315 GLACIER HIGHWAY	99801	-134.59028159968292	58.36467198798224	
2206 MUIR STREET	99801	-134.59245363441175	58.36468874394711	
2210 RADCLIFFE ROAD	99801	-134.59496618543054	58.36449086690605	
2207 RADCLIFFE ROAD	99801	-134.59575010924635	58.36440651781847	
9454 HERBERT PLACE	99801	-134.59428543402336	58.364289867179565	
9452 HERBERT PLACE	99801	-134.5936358379869	58.364377228800805	
9450 HERBERT PLACE	99801	-134.59321182329137	58.36435882685492	
2204 MUIR STREET	99801	-134.5923367591017	58.364327141843255	
9451 CARROLL PLACE	99801	-134.59176493381267	58.36435527179859	
9449 CARROLL PLACE	99801	-134.59128769573312	58.36432215298033	
9309 GLACIER HIGHWAY	99801	-134.59064067696323	58.363576104127	
2208 RADCLIFFE ROAD	99801	-134.59494559424758	58.36422648710918	
9455 HERBERT PLACE	99801	-134.5941924538999	58.364044239029354	
9509 MAIER DRIVE	99801	-134.6029921617769	58.36384766497743	
2206 RADCLIFFE ROAD	99801	-134.59494768103397	58.36396022577225	
9451 HERBERT PLACE	99801	-134.59328921405137	58.36398052020679	
9446 CARROLL PLACE	99801	-134.59126116578787	58.363963881230944	
9453 HERBERT PLACE	99801	-134.59366380613497	58.36391419702239	
2202 MUIR STREET	99801	-134.592420393153	58.36388766686557	
9440 CARROLL PLACE	99801	-134.5918291992881	58.363914233774906	
2204 RADCLIFFE ROAD	99801	-134.59495922977527	58.36369021882788	
9430 BERNERS AVENUE	99801	-134.59428200156066	58.36366236304615	
9420 BERNERS AVENUE	99801	-134.5936703198191	58.36364750501819	
9418 BERNERS AVENUE	99801	-134.59313223794706	58.363581063881576	
9416 BERNERS AVENUE	99801	-134.59233921329908	58.363539590115415	
9414 BERNERS AVENUE	99801	-134.59188854738565	58.36357347205478	
9412 BERNERS AVENUE	99801	-134.591219601638	58.363546655157656	
2101 INDUSTRIAL BOULEVARD	99801	-134.60534178984418	58.36267547917544	
9475 BERNERS AVENUE	99801	-134.59492804296357	58.36326277401305	
2185 RADCLIFFE ROAD	99801	-134.59576038776984	58.3630781612005	
2116 RADCLIFFE ROAD	99801	-134.59490393757125	58.362880409893826	
9506 ANTLER WAY	99801	-134.5962758311984	58.362832753150805	
9500 ANTLER WAY	99801	-134.5957478778312	58.3628393198042	
2114 RADCLIFFE ROAD	99801	-134.5949341631856	58.36261649018075	
9509 ANTLER WAY	99801	-134.59685779128048	58.36241561077622	
9442 LA PEROUSE AVENUE	99801	-134.59354728476114	58.3623748518752	
9505 LA PEROUSE AVENUE	99801	-134.59626434444087	58.36242636417454	
9503 ANTLER WAY	99801	-134.59570034886784	58.362482574788515	
9436 LA PEROUSE AVENUE	99801	-134.59308343157937	58.362317090816525	
2112 RADCLIFFE ROAD	99801	-134.59487809573542	58.36241641512543	
2009 RADCLIFFE ROAD	99801	-134.59588793955703	58.36182267413253	
2010 RADCLIFFE ROAD	99801	-134.59488691629323	58.36176156701468	
9449 LA PEROUSE AVENUE	99801	-134.5943187363676	58.3619196008874	
9447 LA PEROUSE AVENUE	99801	-134.59375167214955	58.3618291377779	
9431 LA PEROUSE AVENUE	99801	-134.5922426309313	58.361835840798854	
9415 LA PEROUSE AVENUE	99801	-134.59162934659525	58.36182396902927	
9403 LA PEROUSE AVENUE	99801	-134.5911887651692	58.361828805100686	
9397 LA PEROUSE AVENUE	99801	-134.59089838475364	58.36188067679029	
9507 ROBERTSON COURT	99801	-134.5977375096416	58.361290590061564	
1935 RANDAL ALLISON WAY	99801	-134.59013319260808	58.360708549132	
1930 LIMA TAXIWAY	99801	-134.59101586822314	58.360592094085156	
1925 LIMA TAXIWAY	99801	-134.59048123318684	58.3602048388262	
1926 LIMA TAXIWAY	99801	-134.5902467980505	58.360483449798885	
1790 INDIA TAXIWAY	99801	-134.5938096143837	58.359799059070994	
1889 RANDAL ALLISON WAY	99801	-134.58937262319301	58.35936217377053	
1775 MENDENHALL PENINSULA ROAD	99801	-134.62978466395913	58.358362606819576	
1785 MENDENHALL PENINSULA ROAD	99801	-134.63069830090873	58.358231300220616	
1790 MENDENHALL PENINSULA ROAD	99801	-134.63192768310427	58.358139482202574	
1770 MENDENHALL PENINSULA ROAD	99801	-134.6317780561173	58.35775217317779	
1745 MENDENHALL PENINSULA ROAD	99801	-134.62939446185084	58.35767497882692	
1765 MENDENHALL PENINSULA ROAD	99801	-134.629814663198	58.35799805388147	
2266 INDUSTRIAL BOULEVARD	99801	-134.6042770329076	58.36387441803568	
9919 CRAZY HORSE DRIVE	99801	-134.6020260739945	58.36585842416875	
2760 SHERWOOD LANE	99801	-134.61820739127475	58.37078250388931	
2770 SHERWOOD LANE	99801	-134.61712341039106	58.37175263885623	
3033 VINTAGE BOULEVARD	99801	-134.59510482871653	58.371118053122274	
3011 VINTAGE BOULEVARD	99801	-134.59618633114832	58.37087086606055	
9443 BERNERS AVENUE	99801	-134.59367016261393	58.36276947507084	
9441 BERNERS AVENUE	99801	-134.59255540814357	58.36275301505204	
2395 ENGINEERS CUTOFF ROAD	99801	-134.62448171929242	58.3672535458451	
2375 ENGINEERS CUTOFF ROAD	99801	-134.62453917374137	58.36699081313456	
2518 ALDER CIRCLE	99801	-134.59805779676964	58.36885229481072	
2264 BRANDY LANE	99801	-134.60094573667763	58.36389338612922	
9991 CRAZY HORSE DRIVE	99801	-134.60422366309822	58.365848058167565	
2284 INDUSTRIAL BOULEVARD	99801	-134.6044747458134	58.36578284996194	
2276 INDUSTRIAL BOULEVARD	99801	-134.60448002072076	58.365233299052406	
2274 INDUSTRIAL BOULEVARD	99801	-134.60445705618883	58.36490391005222	
2271 BRANDY LANE	99801	-134.60286491002702	58.36438077820074	
2260 INDUSTRIAL BOULEVARD	99801	-134.60428855200445	58.36365160484125	
3075 VINTAGE BOULEVARD	99801	-134.5935176592214	58.372222372964416	
10457 GLACIER HIGHWAY	99801	-134.62020654702377	58.37324104192126	
10455 GLACIER HIGHWAY	99801	-134.62000698269014	58.37315767801039	
2450 PEDERSON STREET	99801	-134.6241968248883	58.36915470288611	
2201 RADCLIFFE ROAD	99801	-134.59622707962794	58.36365990814771	
9390 LA PEROUSE AVENUE	99801	-134.5902347193032	58.36228413783597	
9552 GLACIER HIGHWAY	99801	-134.59652521160612	58.369698506924145	
9554 GLACIER HIGHWAY	99801	-134.5966616665961	58.36973742287188	
9556 GLACIER HIGHWAY	99801	-134.5968299569814	58.36975759102544	
9558 GLACIER HIGHWAY	99801	-134.59700193944255	58.36976621089361	
2777 POSTAL WAY	99801	-134.5956621093828	58.37293130610193	
2505 RADCLIFFE ROAD	99801	-134.59666913069776	58.3689075652018	
9522 GLACIER HIGHWAY	99801	-134.5948021207203	58.36986861789432	
9524 GLACIER HIGHWAY	99801	-134.59478572197477	58.36991479811338	
9526 GLACIER HIGHWAY	99801	-134.5947841256685	58.36995496696376	
9532 GLACIER HIGHWAY	99801	-134.5954532672489	58.36983643421502	
9534 GLACIER HIGHWAY	99801	-134.5955525634272	58.369853221176825	
9536 GLACIER HIGHWAY	99801	-134.5956521273034	58.36987395883233	
9512 GLACIER HIGHWAY	99801	-134.59475421266785	58.36958376622609	
9514 GLACIER HIGHWAY	99801	-134.59480575710054	58.36961974492853	
9516 GLACIER HIGHWAY	99801	-134.59484458318545	58.3696724950954	
2503 SUNSET STREET	99801	-134.59376148444738	58.368886290843854	
2505 SUNSET STREET	99801	-134.59368450062416	58.368866939114824	
2507 SUNSET STREET	99801	-134.5939202095716	58.368927443148934	
2509 SUNSET STREET	99801	-134.5940046413268	58.36894998714808	
2511 SUNSET STREET	99801	-134.59408050674753	58.36896939395248	
9502 GLACIER HIGHWAY	99801	-134.59487966599053	58.369264990116875	
9504 GLACIER HIGHWAY	99801	-134.5947831968105	58.36930821394127	
9506 GLACIER HIGHWAY	99801	-134.59473131191635	58.36934983121474	
9439 BERNERS AVENUE	99801	-134.5924586038919	58.362752598980784	
9437 BERNERS AVENUE	99801	-134.59231571696452	58.362760251769124	
9435 BERNERS AVENUE	99801	-134.5922383450691	58.36276345594082	
9433 BERNERS AVENUE	99801	-134.592146522874	58.3627610250112	
9431 BERNERS AVENUE	99801	-134.59206564485402	58.36275895078112	
9429 BERNERS AVENUE	99801	-134.59195004605002	58.36274784219787	
9427 BERNERS AVENUE	99801	-134.59187869107035	58.36275631817678	
9445 BERNERS AVENUE	99801	-134.59357013430872	58.36277423514928	
9447 BERNERS AVENUE	99801	-134.5934750117033	58.36277403300384	
9449 BERNERS AVENUE	99801	-134.59341011022065	58.362771406055025	
9451 BERNERS AVENUE	99801	-134.59330034777102	58.36276961878733	
9453 BERNERS AVENUE	99801	-134.5932286289737	58.36276624922443	
9455 BERNERS AVENUE	99801	-134.59312770325153	58.36276918104103	
9457 BERNERS AVENUE	99801	-134.5930139262309	58.362763367826126	
9486 EAGLE STREET	99801	-134.5939412759633	58.36678277879875	
9482 EAGLE STREET	99801	-134.59396759570282	58.36667558680159	
9485 EAGLE STREET	99801	-134.59443265172877	58.36628501303122	
9573 EAGLE STREET	99801	-134.59693417323246	58.36627221411167	
2205 MEADOW LANE	99801	-134.59735146313983	58.36516351418273	
2201 MEADOW LANE	99801	-134.59688041894418	58.364947786137755	
2201 MEADOW LANE	99801	-134.59721110586827	58.36498618102499	
2201 MEADOW LANE	99801	-134.5972096505975	58.36493014119285	
2324 MEADOW LANE	99801	-134.5993724192042	58.367182093826514	
2566 MEADOW LANE	99801	-134.6006494022283	58.36892574617676	
2569 MEADOW LANE	99801	-134.60132108334605	58.36902282303053	
2575 MEADOW LANE	99801	-134.60100163704112	58.36978943605009	
2575 MEADOW LANE	99801	-134.6011093567218	58.369829425080155	
2575 MEADOW LANE	99801	-134.60115531632837	58.36973228119218	
2573 MEADOW LANE	99801	-134.60113990932288	58.36951328894389	
2573 MEADOW LANE	99801	-134.6012662259266	58.3695225698411	
2573 MEADOW LANE	99801	-134.60132241105603	58.36944573383187	
2571 MEADOW LANE	99801	-134.60122066786695	58.369263031220996	
2571 MEADOW LANE	99801	-134.60135720999352	58.36929262099557	
2571 MEADOW LANE	99801	-134.60141352897196	58.36922088007129	
9618 STIKINE STREET	99801	-134.59733288867469	58.36862821085373	
2521 SCOTT DRIVE	99801	-134.5999105747381	58.3687187097761	
2522 SCOTT DRIVE	99801	-134.5992098861215	58.369207577180426	
2529 SCOTT DRIVE	99801	-134.60018502982032	58.3695435088554	
2475 SCOTT DRIVE	99801	-134.5985538752156	58.36713339412606	
9632 STIKINE STREET	99801	-134.60018112035218	58.3684216801105	
9505 ROBERTSON COURT	99801	-134.59773984615964	58.361385550933555	
1999 ENGINEERS CUTOFF ROAD	99801	-134.62531872725336	58.3612770240672	
2554 ENGINEERS CUTOFF ROAD	99801	-134.62686627565455	58.3692126901985	
2619 ENGINEERS CUTOFF ROAD	99801	-134.62440708905527	58.37046383989448	
3032 VINTAGE BOULEVARD	99801	-134.59777486428607	58.372586362122185	
9112 MENDENHALL MALL ROAD	99801	-134.58976469918696	58.37254620898594	
3120 WILDMEADOW COURT	99801	-134.60462913656633	58.373894000122064	
9436 LA PEROUSE AVENUE	99801	-134.5930737719951	58.36240112494782	
9436 LA PEROUSE AVENUE	99801	-134.5930755048453	58.36246819218165	
9436 LA PEROUSE AVENUE	99801	-134.59308278569068	58.36253522017807	
9623 GLACIER HIGHWAY	99801	-134.59849570570768	58.36954155091723	
2515 SUNSET STREET	99801	-134.59410636565124	58.36937344484276	
2517 SUNSET STREET	99801	-134.59413868793348	58.36947286613242	
2519 SUNSET STREET	99801	-134.59431551860223	58.36955171608255	
2521 SUNSET STREET	99801	-134.5943212579386	58.369629834222586	
2422 SUSAN WAY	99801	-134.58990444829908	58.36814389501908	
9441 PATRICIA PLACE	99801	-134.59375168472596	58.36733228202629	
9431 THIRD STREET	99801	-134.59254700979398	58.366847416953554	
2421 INDUSTRIAL BOULEVARD	99801	-134.60521939079345	58.36699198298821	
9999 CRAZY HORSE DRIVE	99801	-134.60445460558475	58.36585621489762	
9974 CRAZY HORSE DRIVE	99801	-134.60301913099838	58.366222839874524	
9976 CRAZY HORSE DRIVE	99801	-134.60317189130907	58.36622202477545	
9978 CRAZY HORSE DRIVE	99801	-134.6033375720885	58.366221766111046	
2451 BRANDY LANE	99801	-134.60342941584315	58.3670964380922	
2295 BRANDY LANE	99801	-134.60319768912743	58.36567152707015	
2294 BRANDY LANE	99801	-134.6022080627896	58.36563607581487	
2290 BRANDY LANE	99801	-134.60219251744363	58.3653508719458	
2286 BRANDY LANE	99801	-134.60220766303928	58.36515487387239	
2270 BRANDY LANE	99801	-134.60219100917226	58.36433358194221	
2272 BRANDY LANE	99801	-134.60220648624627	58.364643867231685	
2280 BRANDY LANE	99801	-134.60214529121248	58.364863857957765	
2295 INDUSTRIAL BOULEVARD	99801	-134.60516886325365	58.365897897963805	
2293 INDUSTRIAL BOULEVARD	99801	-134.60516180339383	58.3657829710504	
2282 INDUSTRIAL BOULEVARD	99801	-134.60447317825324	58.36563677078082	
2201 INDUSTRIAL BOULEVARD	99801	-134.60561272532712	58.36443403800438	
2281 INDUSTRIAL BOULEVARD	99801	-134.60516076763633	58.363897386032164	
2271 INDUSTRIAL BOULEVARD	99801	-134.60560320318513	58.364047199010926	
9995 CRAZY HORSE DRIVE	99801	-134.60429254321926	58.365810607011106	
4000 VINTAGE BOULEVARD	99801	-134.5930972997707	58.37296615790028	
2522 ALDER CIRCLE	99801	-134.5984516828689	58.36932364481678	
1837 JULIET TAXIWAY	99801	-134.59061802594331	58.359819740901784	
1849 KILO TAXIWAY	99801	-134.59207305326018	58.36000976596473	
2523 ALDER CIRCLE	99801	-134.59719258440373	58.369193397066795	
1923 LIMA TAXIWAY	99801	-134.59025363512814	58.36016831190263	
1929 LIMA TAXIWAY	99801	-134.59092602321996	58.360266347774804	
1933 LIMA TAXIWAY	99801	-134.5914039260528	58.36032664884295	
1848 KILO TAXIWAY	99801	-134.59130643279335	58.36024146184401	
1846 KILO TAXIWAY	99801	-134.59107962884534	58.36020815114285	
1844 KILO TAXIWAY	99801	-134.5908527790833	58.36017309400868	
1840 KILO TAXIWAY	99801	-134.59063270890667	58.36014322798331	
1838 KILO TAXIWAY	99801	-134.5904159157842	58.360111591023674	
1836 KILO TAXIWAY	99801	-134.59018588059615	58.36008179516067	
1847 KILO TAXIWAY	99801	-134.59180809786204	58.35998118816821	
1845 KILO TAXIWAY	99801	-134.59155130455665	58.35994459880963	
1839 JULIET TAXIWAY	99801	-134.59093455721518	58.35986516991804	
1843 JULIET TAXIWAY	99801	-134.59126665898583	58.35990988918869	
1835 JULIET TAXIWAY	99801	-134.5902747149946	58.35978953716862	
1900 RANDAL ALLISON WAY	99801	-134.58946070659988	58.36001060995279	
1600 ENGINEERS CUTOFF ROAD	99801	-134.63710502622627	58.357976508096236	
9317 GLACIER HIGHWAY	99801	-134.59080619065602	58.364681433179584	
10187 JENSINE STREET	99801	-134.61225330457097	58.37122166784053	
10007 CRAZY HORSE DRIVE	99801	-134.607215650374	58.3657469559263	
10011 CRAZY HORSE DRIVE	99801	-134.6060906066004	58.36450809319297	
2220 DUNN STREET	99801	-134.59098268625317	58.3658695162248	
1997 DUNN STREET	99801	-134.59165661136242	58.36658372808187	
2521 ALDER CIRCLE	99801	-134.59722035312578	58.369100589003494	
2452 BRANDY LANE	99801	-134.60197060572065	58.3666300068294	
9450 DEL RAE ROAD	99801	-134.58979755417016	58.36877612303672	
9450 DEL RAE ROAD	99801	-134.5897566197393	58.368732263017044	
9450 DEL RAE ROAD	99801	-134.58970206415378	58.36867455711782	
9450 DEL RAE ROAD	99801	-134.58967003472233	58.368632956950655	
9450 DEL RAE ROAD	99801	-134.58962892332335	58.368582126944894	
9450 DEL RAE ROAD	99801	-134.58958793229863	58.36853594309744	
9450 DEL RAE ROAD	99801	-134.5895467598142	58.36848278983293	
9450 DEL RAE ROAD	99801	-134.58950989115831	58.368424956792865	
2203 DUNN STREET	99801	-134.59190163224608	58.36598383600396	
2205 DUNN STREET	99801	-134.59190120644465	58.366042906064564	
2201 DUNN STREET	99801	-134.59177687421942	58.36630570613917	
2207 DUNN STREET	99801	-134.59190060367507	58.36611693997372	
2209 DUNN STREET	99801	-134.59191016174972	58.36616772877015	
2211 DUNN STREET	99801	-134.59200369164216	58.36598767783192	
2213 DUNN STREET	99801	-134.59201657078836	58.36605441597961	
2215 DUNN STREET	99801	-134.59202272604472	58.36612002887846	
2217 DUNN STREET	99801	-134.59201950468608	58.36616812312794	
2225 DUNN STREET	99801	-134.59165039322406	58.36577636301126	
2219 DUNN STREET	99801	-134.59187675969252	58.3658244398249	
2221 DUNN STREET	99801	-134.59167384464286	58.36582940303283	
2223 DUNN STREET	99801	-134.5918709987966	58.36577406515663	
2480 INDUSTRIAL BOULEVARD	99801	-134.60377893055724	58.367762594829436	
9507 MAIER DRIVE	99801	-134.6028020611948	58.36343400681571	
2512 SUNSET STREET	99801	-134.59291317657852	58.369164957203814	
10205 CRAZY HORSE DRIVE	99801	-134.61549763310165	58.365729418805834	
2199 ENGINEERS CUTOFF ROAD	99801	-134.62537687160844	58.36279151787573	
2765 SHERWOOD LANE	99801	-134.61689546288773	58.370793406902294	
9450 HERBERT PLACE	99801	-134.59299923518273	58.36438597484579	
9500 ANTLER WAY	99801	-134.59594657978215	58.36283990079465	
2767 SHERWOOD LANE	99801	-134.61642828414273	58.3707969928735	
2500 SHERWOOD LANE	99801	-134.6195872367888	58.36894200497601	
10020 CAMDEN PLACE	99801	-134.60682450144142	58.36876174723427	
2211 INDUSTRIAL BOULEVARD	99801	-134.60535178360172	58.364731295826026	
9355 GLACIER HIGHWAY	99801	-134.59118523119687	58.36646365182266	
2274 BRANDY LANE	99801	-134.60067209726566	58.36462797491259	
9997 GLACIER HIGHWAY	99801	-134.60381395227694	58.37011297593297	
9990 GLACIER HIGHWAY	99801	-134.60292917999402	58.370904751797795	
10007 FRANK MAIER DRIVE	99801	-134.6085721819115	58.37363646596542	
10002 FRANK MAIER DRIVE	99801	-134.60730593375504	58.373332380221164	
2345 KEVIN COURT	99801	-134.5975192100444	58.367251321113635	
9439 LA PEROUSE AVENUE	99801	-134.59277522769023	58.361704319048975	
9439 LA PEROUSE AVENUE	99801	-134.59275913796515	58.36195248211272	
9439 LA PEROUSE AVENUE	99801	-134.5927575245909	58.361500025187524	
9443 LA PEROUSE AVENUE	99801	-134.59330967677525	58.36197900100126	
2313 MEADOW LANE	99801	-134.5992821663659	58.36655088886255	
2331 MEADOW LANE	99801	-134.60056199704948	58.367404909234516	
9331 GLACIER HIGHWAY	99801	-134.59130778565617	58.36464822090315	
9329 GLACIER HIGHWAY	99801	-134.59127575532636	58.364996962852885	
9109 MENDENHALL MALL ROAD	99801	-134.59177273208763	58.37156544509492	
3041 CLINTON DRIVE	99801	-134.59770629318547	58.37334375020934	
3039 CLINTON DRIVE	99801	-134.59831931341682	58.3730715840863	
10103 BENTWOOD PLACE	99801	-134.6086787858846	58.37033613087402	
1822 JULIET TAXIWAY	99801	-134.59020625708175	58.35936824908764	
1826 JULIET TAXIWAY	99801	-134.59049085773677	58.35939796402721	
1830 JULIET TAXIWAY	99801	-134.59086072468196	58.35945563514185	
1834 JULIET TAXIWAY	99801	-134.59114524359032	58.35948217522712	
1838 JULIET TAXIWAY	99801	-134.59145730215036	58.35952280080698	
1842 JULIET TAXIWAY	99801	-134.59175724513213	58.359561924012894	
1846 JULIET TAXIWAY	99801	-134.5920631448426	58.35959783093558	
1850 JULIET TAXIWAY	99801	-134.5923749599592	58.35962893396542	
1854 JULIET TAXIWAY	99801	-134.59266580570207	58.35966653399623	
1858 JULIET TAXIWAY	99801	-134.59297472734514	58.35970241677917	
1748 INDIA TAXIWAY	99801	-134.59027119898857	58.3591932227981	
1752 INDIA TAXIWAY	99801	-134.59057407586806	58.35922915507195	
1756 INDIA TAXIWAY	99801	-134.59099501742705	58.35927694108945	
1760 INDIA TAXIWAY	99801	-134.59132216858217	58.35931745993226	
1764 INDIA TAXIWAY	99801	-134.59166147933297	58.3593610639836	
1768 INDIA TAXIWAY	99801	-134.59198851011382	58.3593968198404	
1772 INDIA TAXIWAY	99801	-134.5923156226414	58.359435749975	
1776 INDIA TAXIWAY	99801	-134.59263963508292	58.35947152601972	
1780 INDIA TAXIWAY	99801	-134.59297596971518	58.35951673494138	
1796 INDIA TAXIWAY	99801	-134.59417815361886	58.35964939111282	
1802 INDIA TAXIWAY	99801	-134.59455622487758	58.359673669086355	
2262 BRANDY LANE	99801	-134.6009648420471	58.3636788339495	
2769 SHERWOOD LANE	99801	-134.61660914016227	58.37107608791357	
2195 INDUSTRIAL BOULEVARD	99801	-134.60505693316927	58.36439063387375	
2295 MEADOW LANE	99801	-134.59886207910475	58.36618206510983	
2500 BARRETT AVENUE	99801	-134.60847166582113	58.36825822015211	
2520 SUNSET STREET	99801	-134.59295061566462	58.369586631049856	
2524 SCOTT DRIVE	99801	-134.59918225394335	58.369402573776156	
2789 SHERWOOD LANE	99801	-134.61569681834624	58.3719344448334	
2787 SHERWOOD LANE	99801	-134.61605882143942	58.37156740716058	
2779 SHERWOOD LANE	99801	-134.6155806958244	58.37080162985595	
2800 POSTAL WAY	99801	-134.59307961733265	58.37339076907788	
2800 POSTAL WAY	99801	-134.5931371553249	58.37342685506899	
2800 POSTAL WAY	99801	-134.59319250412284	58.37347782506717	
2800 POSTAL WAY	99801	-134.5932017226343	58.37353588300056	
2800 POSTAL WAY	99801	-134.59273122371602	58.37345002505769	
2800 POSTAL WAY	99801	-134.59285862728117	58.37340180695015	
2800 POSTAL WAY	99801	-134.5928635599304	58.37369239022615	
2800 POSTAL WAY	99801	-134.5928159977294	58.37364406787524	
2800 POSTAL WAY	99801	-134.59276082410292	58.373599854017975	
2800 POSTAL WAY	99801	-134.59271847662214	58.37355419819783	
2800 POSTAL WAY	99801	-134.5926764094157	58.37351935310408	
2800 POSTAL WAY	99801	-134.59249073034144	58.37380183280713	
2800 POSTAL WAY	99801	-134.59242721136602	58.37373334803365	
2800 POSTAL WAY	99801	-134.59240756161745	58.37366995807043	
2800 POSTAL WAY	99801	-134.59237324777024	58.37363640990969	
2800 POSTAL WAY	99801	-134.59233896805898	58.37360421317956	
2800 POSTAL WAY	99801	-134.5922584520601	58.373575049087584	
2800 POSTAL WAY	99801	-134.5922752739121	58.373528971167396	
2800 POSTAL WAY	99801	-134.59182867107873	58.373571352229106	
2800 POSTAL WAY	99801	-134.59191738330628	58.373519354988304	
2800 POSTAL WAY	99801	-134.59199135687496	58.373494496771684	
2800 POSTAL WAY	99801	-134.59209126570425	58.37347756410064	
2800 POSTAL WAY	99801	-134.59200769004346	58.373828254235455	
2800 POSTAL WAY	99801	-134.59195755686412	58.37377994902864	
2800 POSTAL WAY	99801	-134.59188666811008	58.37372503390735	
2800 POSTAL WAY	99801	-134.59185471773034	58.37368335820094	
2800 POSTAL WAY	99801	-134.59180486302873	58.37364586495558	
2800 POSTAL WAY	99801	-134.59175490502085	58.37360431822527	
2800 POSTAL WAY	99801	-134.59131753597023	58.37400483497745	
2800 POSTAL WAY	99801	-134.59142276641927	58.37399462398969	
2800 POSTAL WAY	99801	-134.59152542319498	58.37398443184103	
2800 POSTAL WAY	99801	-134.59161028165	58.37398247603348	
2800 POSTAL WAY	99801	-134.59171106274337	58.373999331209724	
2800 POSTAL WAY	99801	-134.5918114620528	58.37400131904788	
2800 POSTAL WAY	99801	-134.5912562960207	58.37422424920479	
2800 POSTAL WAY	99801	-134.5912649476952	58.37416065710113	
2800 POSTAL WAY	99801	-134.59127415902014	58.37411868797398	
2800 POSTAL WAY	99801	-134.5912960922861	58.374071222106146	
2800 POSTAL WAY	99801	-134.59198749322096	58.37424202186798	
2800 POSTAL WAY	99801	-134.59188445106795	58.374237349066874	
2800 POSTAL WAY	99801	-134.59178457637466	58.37425563186875	
2800 POSTAL WAY	99801	-134.59170739941365	58.37425618205316	
2800 POSTAL WAY	99801	-134.59163283026194	58.374258064833086	
2800 POSTAL WAY	99801	-134.59151174544647	58.374252167779474	
2800 POSTAL WAY	99801	-134.5914144408332	58.374270433144915	
9342 GLACIER HIGHWAY	99801	-134.58933213612315	58.36570286692639	
9342 GLACIER HIGHWAY	99801	-134.5893129723632	58.36565184093718	
9342 GLACIER HIGHWAY	99801	-134.58930553341435	58.36580349389241	
9342 GLACIER HIGHWAY	99801	-134.58928883732648	58.36575372981993	
2225 MEADOW LANE	99801	-134.59778688643948	58.36557630021184	
2245 MEADOW LANE	99801	-134.5981403330796	58.36570888602636	
9192 JAMES BOULEVARD	99801	-134.58949595738994	58.374771345895844	
9192 JAMES BOULEVARD	99801	-134.58959645192076	58.37481345320373	
9192 JAMES BOULEVARD	99801	-134.58950275943326	58.37481487386289	
2771 SHERWOOD LANE	99801	-134.61633985129123	58.371001988089915	
2185 RADCLIFFE ROAD	99801	-134.59587442799682	58.36308019583123	
9501 KENDLER WAY	99801	-134.59679399742058	58.3603234628282	
2520 SUNSET STREET	99801	-134.5928256303642	58.36958739095129	
2520 SUNSET STREET	99801	-134.59266048138738	58.36959399686359	
2520 SUNSET STREET	99801	-134.59249561268498	58.369611459983986	
2520 SUNSET STREET	99801	-134.59231517797534	58.36962631691485	
2520 SUNSET STREET	99801	-134.59214039816038	58.36966013506517	
2520 SUNSET STREET	99801	-134.59199682132686	58.36970187394091	
2520 SUNSET STREET	99801	-134.59185324359498	58.36974361182507	
2520 SUNSET STREET	99801	-134.59172020489805	58.36979342020947	
10007 FRANK MAIER DRIVE	99801	-134.60866144480636	58.37361786016881	
2520 SUNSET DRIVE	99801	-134.5916242693173	58.36982570615833	
2520 SUNSET DRIVE	99801	-134.59153616524915	58.369866485193555	
2520 SUNSET DRIVE	99801	-134.5914613131281	58.36992724285354	
11587 MENDENHALL LOOP ROAD	99801	-134.62539264782146	58.39247432389662	
11695 MENDENHALL LOOP ROAD	99801	-134.62850579267624	58.392132248948045	
12020 MENDENHALL LOOP ROAD	99801	-134.63718041643816	58.392176929222366	
11805 MENDENHALL LOOP ROAD	99801	-134.63153634911873	58.39243365997098	
4021 AUK KWAAN LANE	99801	-134.62697127074497	58.39244413398127	
11865 MENDENHALL LOOP ROAD	99801	-134.6331085221385	58.39217184919277	
4217 AUKE LANE	99801	-134.62950132274207	58.3924363600409	
12050 MENDENHALL LOOP ROAD	99801	-134.6379478471854	58.39163175406661	
4222 AUKE LANE	99801	-134.63056105360465	58.39236897216606	
4260 LAKE SHORE DRIVE	99801	-134.63233041581245	58.39221080391447	
11905 MENDENHALL LOOP ROAD	99801	-134.63373062882897	58.39130547215897	
4031 AUK KWAAN LANE	99801	-134.62767705101257	58.39218974087488	
11205 GOAT HILL ROAD	99801	-134.61779104909	58.3922715532322	
11001 BLACKBEAR ROAD	99801	-134.61325316092325	58.392332043972225	
4211 AUKE LANE	99801	-134.62936819601023	58.39205139107159	
11985 MENDENHALL LOOP ROAD	99801	-134.63506979233878	58.39137634377824	
4240 LAKE SHORE DRIVE	99801	-134.63223589058668	58.39191863115302	
4235 LAKE SHORE DRIVE	99801	-134.6312746105877	58.39179831388178	
4201 AUKE LANE	99801	-134.62971047479473	58.391803811106385	
11275 GOAT HILL ROAD	99801	-134.61942840925667	58.392046882117306	
11251 GOAT HILL ROAD	99801	-134.61775039044196	58.39144063085418	
11255 GOAT HILL ROAD	99801	-134.6187755137082	58.3920841900829	
4242 MAYA WAY	99801	-134.6384731100983	58.39089038387445	
4202 AUKE LANE	99801	-134.63026335730942	58.39145338721761	
4220 LAKE SHORE DRIVE	99801	-134.63236523181791	58.39155764279633	
4200 LAKE SHORE DRIVE	99801	-134.63171353013044	58.391407319934444	
4195 LAKE SHORE DRIVE	99801	-134.6309530981576	58.39124674994638	
12155 MENDENHALL LOOP ROAD	99801	-134.63859034203952	58.390026813092526	
3843 KILLEWICH DRIVE	99801	-134.58935410711837	58.39056909391406	
3839 KILLEWICH DRIVE	99801	-134.58995333371854	58.39036342985212	
3835 KILLEWICH DRIVE	99801	-134.59053777943902	58.3902079161194	
12175 MENDENHALL LOOP ROAD	99801	-134.6384302110519	58.38961734009904	
3838 KILLEWICH DRIVE	99801	-134.58932359673807	58.389984332204364	
12195 MENDENHALL LOOP ROAD	99801	-134.638339326698	58.38918108611914	
3834 KILLEWICH DRIVE	99801	-134.58963486388234	58.38979661177492	
3830 KILLEWICH DRIVE	99801	-134.58995691889484	58.389549879976634	
3823 KILLEWICH DRIVE	99801	-134.59082818141417	58.38932863294078	
3826 KILLEWICH DRIVE	99801	-134.59000192538886	58.389281719122714	
3819 KILLEWICH DRIVE	99801	-134.59106665537604	58.38920821313293	
3818 KILLEWICH DRIVE	99801	-134.59064422171534	58.388425715202665	
9242 EMILY WAY	99801	-134.59018469032839	58.38855875006917	
9240 EMILY WAY	99801	-134.58989535824674	58.38874759489764	
9238 EMILY WAY	99801	-134.58945993943863	58.388758374174984	
3807 KILLEWICH DRIVE	99801	-134.59237340228046	58.388543649200734	
3814 KILLEWICH DRIVE	99801	-134.59113676798563	58.388418757787925	
3810 KILLEWICH DRIVE	99801	-134.5915385080554	58.38846273789253	
9243 EMILY WAY	99801	-134.59007032221632	58.38828661985428	
9235 EMILY WAY	99801	-134.58932770293723	58.3882167831006	
9237 EMILY WAY	99801	-134.58975624514184	58.388224910175865	
3804 KILLEWICH DRIVE	99801	-134.59164292283415	58.38823220194065	
9250 SHARON STREET	99801	-134.5911995683088	58.388208777035	
3795 KILLEWICH DRIVE	99801	-134.5924451327559	58.388005151235085	
9257 SHARON STREET	99801	-134.59170256018922	58.38778078583895	
9253 SHARON STREET	99801	-134.59128408720068	58.387765016004906	
9251 SHARON STREET	99801	-134.59104263532365	58.38777194812177	
9249 SHARON STREET	99801	-134.59067460004331	58.38775488480925	
9245 SHARON STREET	99801	-134.59009259414714	58.38772969006315	
9239 SHARON STREET	99801	-134.58941858729114	58.387772200036075	
3785 KILLEWICH DRIVE	99801	-134.59248164118736	58.38765284614114	
9342 BETTY COURT	99801	-134.59412187506464	58.38744827303257	
9338 BETTY COURT	99801	-134.59366300483774	58.387415334097625	
9250 GEE STREET	99801	-134.59162743767527	58.387486084045996	
9246 GEE STREET	99801	-134.5911166070957	58.387476619995496	
9336 BETTY COURT	99801	-134.59319900612886	58.387395984995834	
9334 BETTY COURT	99801	-134.59300937087409	58.38740321995642	
9244 GEE STREET	99801	-134.5906036304409	58.38749659719566	
9330 BETTY COURT	99801	-134.59253922768866	58.38739762410418	
9242 GEE STREET	99801	-134.59005910495335	58.387524430870236	
9238 GEE STREET	99801	-134.58957696656392	58.3875085450872	
9249 GEE STREET	99801	-134.5912316103167	58.38702756791677	
9335 BETTY COURT	99801	-134.59315674758128	58.3869937268571	
9331 BETTY COURT	99801	-134.59254268171094	58.386956828820466	
3815 KILLEWICH DRIVE	99801	-134.59129212622412	58.388896290059705	
9347 BETTY COURT	99801	-134.59455981185047	58.3869441861957	
9253 GEE STREET	99801	-134.59164443200385	58.38698501184192	
9343 BETTY COURT	99801	-134.5941108653125	58.386969904178166	
9339 BETTY COURT	99801	-134.59353429961374	58.38699318723064	
9247 GEE STREET	99801	-134.59048490280477	58.38697679501403	
9243 GEE STREET	99801	-134.59008664640163	58.38697552411306	
9241 GEE STREET	99801	-134.5896418509786	58.3870381028635	
9416 LONG RUN DRIVE	99801	-134.59492971832157	58.386568055086336	
9414 LONG RUN DRIVE	99801	-134.5942068422158	58.38656409777779	
9412 LONG RUN DRIVE	99801	-134.59360756530998	58.38653258008787	
9410 LONG RUN DRIVE	99801	-134.59311803558242	58.38652615016112	
3620 KILLEWICH DRIVE	99801	-134.59162420463858	58.386757892833636	
9404 LONG RUN DRIVE	99801	-134.5910727729031	58.38660558686789	
9402 LONG RUN DRIVE	99801	-134.59055388713037	58.386653566086856	
9232 LONG RUN DRIVE	99801	-134.58970800471275	58.38665245809967	
9406 LONG RUN DRIVE	99801	-134.5915376968767	58.38652029094527	
9419 LONG RUN DRIVE	99801	-134.59524462274442	58.38600582181667	
9417 LONG RUN DRIVE	99801	-134.59475847337728	58.38604275192707	
9413 LONG RUN DRIVE	99801	-134.5940341527805	58.385947787227956	
9411 LONG RUN DRIVE	99801	-134.5934452442297	58.385973583163334	
9409 LONG RUN DRIVE	99801	-134.59311350717505	58.38598312578519	
9407 LONG RUN DRIVE	99801	-134.5925643320076	58.38598986895386	
9403 LONG RUN DRIVE	99801	-134.59173237078195	58.38602599385712	
9401 LONG RUN DRIVE	99801	-134.59108221240012	58.38597285610632	
9395 LONG RUN DRIVE	99801	-134.59069387968594	58.38600794694954	
9391 LONG RUN DRIVE	99801	-134.59016749298058	58.38600606809287	
9229 LONG RUN DRIVE	99801	-134.5896095430694	58.38603130597968	
3503 MEANDER WAY	99801	-134.59562651813127	58.38545738115753	
3500 MEANDER WAY	99801	-134.5950173840118	58.38555048619027	
3496 MEANDER WAY	99801	-134.59471217420753	58.38549336910391	
3500 STREAM COURT	99801	-134.59370619403995	58.385547846809764	
3483 STREAM COURT	99801	-134.59329151104356	58.38559182107682	
3481 STREAM COURT	99801	-134.59307638878755	58.38554654807435	
3473 RICHARDS DRIVE	99801	-134.59251115892928	58.385470175944704	
9377 NORTHLAND STREET	99801	-134.59098227033317	58.3854673411352	
9373 NORTHLAND STREET	99801	-134.59034475484066	58.38556248512718	
3470 RICHARDS DRIVE	99801	-134.5916446053787	58.38563589606085	
3480 STREAM COURT	99801	-134.59406727725832	58.385270465886435	
9369 NORTHLAND STREET	99801	-134.5900410344431	58.385598267184406	
9365 NORTHLAND STREET	99801	-134.58965993765852	58.38557958717225	
3494 MEANDER WAY	99801	-134.5945441667915	58.38538548002764	
3470 STREAM COURT	99801	-134.5929443499155	58.38533986818301	
3466 RICHARDS DRIVE	99801	-134.59171446735832	58.38539167706704	
3456 MEANDER WAY	99801	-134.59125259675838	58.38524811784883	
3492 MEANDER WAY	99801	-134.59464378726156	58.38514411202978	
3474 STREAM COURT	99801	-134.59377349492274	58.38511479595658	
9366 NORTHLAND STREET	99801	-134.58953534492187	58.385122206090244	
9370 NORTHLAND STREET	99801	-134.59020695776763	58.38507860183894	
9362 NORTHLAND STREET	99801	-134.58929374033127	58.38512182795495	
3478 MEANDER WAY	99801	-134.5941266136778	58.38500094595121	
3499 MEANDER WAY	99801	-134.5956085464357	58.38507499518662	
3463 MEANDER WAY	99801	-134.59228531887362	58.38500908318568	
3459 MEANDER WAY	99801	-134.59172911259242	58.3849522981527	
3467 MEANDER WAY	99801	-134.59280545689785	58.38493995995614	
3488 MEANDER WAY	99801	-134.59453746356286	58.38494410816371	
3450 MEANDER WAY	99801	-134.58997301939968	58.384947660204354	
3455 MEANDER WAY	99801	-134.59135832038245	58.3848606720715	
3495 MEANDER WAY	99801	-134.59550013595057	58.38484202180671	
3471 MEANDER WAY	99801	-134.59320413640745	58.38481914090153	
3451 MEANDER WAY	99801	-134.59096780116892	58.38481184183834	
3475 MEANDER WAY	99801	-134.59354076478883	58.384744310834	
3446 MEANDER WAY	99801	-134.5897085832278	58.38474611488346	
3445 MEANDER WAY	99801	-134.59062651142952	58.38464468911045	
3491 MEANDER WAY	99801	-134.59521497923834	58.384665589013416	
3479 MEANDER WAY	99801	-134.59401202727508	58.38461097997362	
3487 MEANDER WAY	99801	-134.59500016779938	58.384573899085325	
9361 TURN STREET	99801	-134.58936799417432	58.38461887619218	
3483 MEANDER WAY	99801	-134.5944146917113	58.384524873027026	
3441 MEANDER WAY	99801	-134.5903408148298	58.38443055080359	
3437 MEANDER WAY	99801	-134.5900989398463	58.38425282894178	
3433 MEANDER WAY	99801	-134.5898580691793	58.384059234858874	
3429 MEANDER WAY	99801	-134.58954863639482	58.3838456227828	
3401 MEANDER WAY	99801	-134.58930319420134	58.38332508111865	
3379 MEANDER WAY	99801	-134.58947119622746	58.3830887309115	
3377 MEANDER WAY	99801	-134.58957328616623	58.38287709794115	
3361 MEANDER WAY	99801	-134.5898103398916	58.38269126203703	
3343 MEANDER WAY	99801	-134.59008937368685	58.38245065217934	
3339 MEANDER WAY	99801	-134.59043223996954	58.382336828894644	
3335 MEANDER WAY	99801	-134.590817539073	58.38215706012636	
10965 GLACIER HIGHWAY	99801	-134.63430594856447	58.38159996995737	
3340 MEANDER WAY	99801	-134.58944458633212	58.38217387890247	
3333 MEANDER WAY	99801	-134.5910796189639	58.38203202412117	
3336 MEANDER WAY	99801	-134.58977731063524	58.38195164699558	
3327 MEANDER WAY	99801	-134.59145802888744	58.381857519926875	
10945 GLACIER HIGHWAY	99801	-134.63366349772778	58.381397358107286	
3332 MEANDER WAY	99801	-134.59015435511955	58.38185164392321	
3323 MEANDER WAY	99801	-134.59175191902082	58.38168721903191	
10925 GLACIER HIGHWAY	99801	-134.63341742401863	58.38126968112129	
9357 LAKEVIEW COURT	99801	-134.58979803027725	58.38164431507457	
9365 LAKEVIEW COURT	99801	-134.59062949473457	58.38162808379139	
10915 GLACIER HIGHWAY	99801	-134.6331732843823	58.381070576948055	
9361 LAKEVIEW COURT	99801	-134.59012460830724	58.38162522277091	
3319 MEANDER WAY	99801	-134.5920684529876	58.38151694886845	
10909 GLACIER HIGHWAY	99801	-134.6328935597826	58.38089568604909	
10903 GLACIER HIGHWAY	99801	-134.63332497390118	58.380779965895634	
3315 MEANDER WAY	99801	-134.5923717053629	58.381346171137004	
3314 MEANDER WAY	99801	-134.59142760115213	58.38125407791952	
9368 LAKEVIEW COURT	99801	-134.59101126166232	58.38123635918063	
3311 MEANDER WAY	99801	-134.59262768659133	58.38110573813181	
9362 LAKEVIEW COURT	99801	-134.59051674718327	58.38119253819518	
10885 GLACIER HIGHWAY	99801	-134.63202811026144	58.38076900992396	
9360 LAKEVIEW COURT	99801	-134.5901436903205	58.38119572279734	
9356 LAKEVIEW COURT	99801	-134.58963026989795	58.38122095894583	
9352 LAKEVIEW COURT	99801	-134.58929900715378	58.381212995090884	
9387 RIVERCOURT WAY	99801	-134.59288904782997	58.38096950701125	
10845 GLACIER HIGHWAY	99801	-134.63184109988396	58.38052292188083	
9391 RIVERCOURT WAY	99801	-134.59354119687848	58.380926746765425	
9375 RIVERCOURT WAY	99801	-134.59183737665214	58.380892647888295	
9371 RIVERCOURT WAY	99801	-134.59140783462263	58.380941077109775	
9367 RIVERCOURT WAY	99801	-134.59098610703776	58.380928687117375	
9363 RIVERCOURT WAY	99801	-134.59063146743495	58.380924084903825	
9359 RIVERCOURT WAY	99801	-134.59015720457563	58.38092677690683	
9355 RIVERCOURT WAY	99801	-134.58966507692028	58.380930247876115	
10835 GLACIER HIGHWAY	99801	-134.631458429251	58.38022602312534	
9399 RIVERCOURT WAY	99801	-134.59431055181702	58.38071598999956	
10825 GLACIER HIGHWAY	99801	-134.63030704507662	58.37977081304403	
10827 GLACIER HIGHWAY	99801	-134.6309627146227	58.37993900805423	
9398 RIVERCOURT WAY	99801	-134.59426717217195	58.38045343380925	
9394 RIVERCOURT WAY	99801	-134.59374474883364	58.38043204019301	
9390 RIVERCOURT WAY	99801	-134.59332900223194	58.38049901382502	
9386 RIVERCOURT WAY	99801	-134.5929441549811	58.3805193491431	
9382 RIVERCOURT WAY	99801	-134.59250410805262	58.38050187022724	
9378 RIVERCOURT WAY	99801	-134.59210210567477	58.38043668391578	
9374 RIVERCOURT WAY	99801	-134.59165713957182	58.380493764920445	
9370 RIVERCOURT WAY	99801	-134.59128930281918	58.38050167289295	
9366 RIVERCOURT WAY	99801	-134.5908243150652	58.38048168796278	
9362 RIVERCOURT WAY	99801	-134.5904081992559	58.38047773986158	
9358 RIVERCOURT WAY	99801	-134.5900270979798	58.38049447984531	
9354 RIVERCOURT WAY	99801	-134.5896356508065	58.380444487817655	
10785 GLACIER HIGHWAY	99801	-134.62909412361032	58.3798375769352	
3101 DIMOND PARK LOOP	99801	-134.5919393309453	58.37935617582333	
10670 GLACIER HIGHWAY	99801	-134.62450349265828	58.37863439977303	
10680 GLACIER HIGHWAY	99801	-134.6259688272447	58.37833069715962	
10695 GLACIER HIGHWAY	99801	-134.62720590800225	58.37800924001497	
10650 GLACIER HIGHWAY	99801	-134.62526048857518	58.37716820387454	
10665 GLACIER HIGHWAY	99801	-134.62682101134402	58.377588354948486	
3144 WILMA AVENUE	99801	-134.6266776941236	58.37736503579993	
3140 WILMA AVENUE	99801	-134.6271029143583	58.37722179716775	
10630 GLACIER HIGHWAY	99801	-134.62331232120167	58.376835698871716	
3139 WILMA AVENUE	99801	-134.62665653071383	58.376780925100505	
3135 WILMA AVENUE	99801	-134.62702244597008	58.37668075805711	
3125 WILMA AVENUE	99801	-134.62762462712922	58.37651899292391	
3161 DIMOND PARK LOOP	99801	-134.59257601010628	58.37681613483534	
3050 HAMILTON STREET	99801	-134.62157523186877	58.376315212961536	
10635 GLACIER HIGHWAY	99801	-134.62520251040843	58.376032924833055	
3040 HAMILTON STREET	99801	-134.621887296717	58.376155520066256	
3030 HAMILTON STREET	99801	-134.62223814003943	58.37594739797397	
3020 HAMILTON STREET	99801	-134.6226618906303	58.37578134076935	
10615 GLACIER HIGHWAY	99801	-134.62458251835216	58.37564452290872	
3010 HAMILTON STREET	99801	-134.62317945587955	58.37556670117257	
3041 HAMILTON STREET	99801	-134.6214837932543	58.37565072118862	
10585 GLACIER HIGHWAY	99801	-134.6241159477666	58.375192081807	
3031 HAMILTON STREET	99801	-134.62190720877356	58.37550091082857	
3021 HAMILTON STREET	99801	-134.62226965204127	58.37539285081844	
10460 GLACIER HIGHWAY	99801	-134.619439824149	58.37524413687525	
3011 HAMILTON STREET	99801	-134.62262052860137	58.375250840175	
3621 KILLEWICH DRIVE	99801	-134.59246019929984	58.38675311009126	
9408 LONG RUN DRIVE	99801	-134.59255946763037	58.38651279116637	
4041 AUK KWAAN LANE	99801	-134.6281025101991	58.391863982966726	
11585 MENDENHALL LOOP ROAD	99801	-134.62523428022678	58.392426886961225	
4255 LAKE SHORE DRIVE	99801	-134.6313117271786	58.39211262701054	
9364 LAKEVIEW COURT	99801	-134.590624663595	58.381238019768254	
3331 MEANDER WAY	99801	-134.5912849711429	58.382001748972186	
9375 NORTHLAND STREET	99801	-134.59059849297583	58.385555602962064	
9245 GEE STREET	99801	-134.59074043936712	58.38707806292893	
3811 KILLEWICH DRIVE	99801	-134.5920034940128	58.3888352321679	
3827 KILLEWICH DRIVE	99801	-134.5913576996466	58.38969158210403	
3831 KILLEWICH DRIVE	99801	-134.59077278590385	58.38988249020632	
9244 SHARON STREET	99801	-134.59067309356857	58.38819359691183	
9241 SHARON STREET	99801	-134.58963836821025	58.387775682103445	
9241 EMILY WAY	99801	-134.5901717258422	58.38837886892887	
11101 GOAT HILL ROAD	99801	-134.61738401704488	58.392446649023846	
11155 GOAT HILL ROAD	99801	-134.61635336374974	58.39200577890262	
11207 GOAT HILL ROAD	99801	-134.61785850627962	58.39234294409283	
10829 GLACIER HIGHWAY	99801	-134.63086894128682	58.37983699292773	
3130 WILMA AVENUE	99801	-134.62768084010642	58.37709216403457	
3120 WILMA AVENUE	99801	-134.6280213599896	58.37688690322035	
10651 GLACIER HIGHWAY	99801	-134.62601899006847	58.376908701231564	
10759 GLACIER HIGHWAY	99801	-134.6299454399371	58.37843502215043	
4248 MAYA WAY	99801	-134.63885429491776	58.39106461785487	
4248 MAYA WAY	99801	-134.63899511212676	58.391093520778405	
3045 DIMOND PARK LOOP	99801	-134.58970131765378	58.37870324617299	
3135 DIMOND PARK LOOP	99801	-134.5960278485693	58.37654063808167	
10685 GLACIER HIGHWAY	99801	-134.6268180882261	58.377861058968016	
10685 GLACIER HIGHWAY	99801	-134.62696237023715	58.377820090879936	
10683 GLACIER HIGHWAY	99801	-134.62674245636737	58.37776152519129	
10683 GLACIER HIGHWAY	99801	-134.62687168441087	58.37771796082436	
10705 GLACIER HIGHWAY	99801	-134.6272728738134	58.37829461288678	
10763 GLACIER HIGHWAY	99801	-134.62917032679755	58.37944411996105	
10765 GLACIER HIGHWAY	99801	-134.6293826400217	58.379264675085906	
11265 GOAT HILL ROAD	99801	-134.61952030241866	58.39144865219389	
4255 LAKE SHORE DRIVE	99801	-134.63135093325084	58.39217486707882	
11029 MENDENHALL LOOP ROAD	99801	-134.61438157517583	58.39239335710679	
11031 MENDENHALL LOOP ROAD	99801	-134.6152277549358	58.39221631802389	
11020 GLACIER HIGHWAY	99801	-134.63696998069295	58.382937793170406	
11024 AUKE LAKE WAY	99801	-134.63655747970438	58.38323771506678	
3828 KILLEWICH DRIVE	99801	-134.59000879300922	58.38945826583976	
3470 STREAM COURT	99801	-134.5929589852681	58.385418045080854	
3482 STREAM COURT	99801	-134.59404869560666	58.385406298025984	
3471 RICHARDS DRIVE	99801	-134.59246485526796	58.385409639999	
9234 LONG RUN DRIVE	99801	-134.5897389184366	58.386775782083184	
9401 LONG RUN DRIVE	99801	-134.59120041003024	58.38603575401644	
2961 RIVERSIDE DRIVE	99801	-134.5906610462623	58.37617520410873	
10620 GLACIER HIGHWAY	99801	-134.6231586410161	58.37649933403721	
4043 AUK KWAAN LANE	99801	-134.62823273896586	58.39182116577675	
10460 GLACIER HIGHWAY	99801	-134.6194847929138	58.3752930679665	
9351 LAKEVIEW COURT	99801	-134.5892974629498	58.381641203981104	
11275 GOAT HILL ROAD	99801	-134.61979606904123	58.39214684310125	
3500 STREAM COURT	99801	-134.59356590504038	58.38561957620232	
9309 GLACIER HIGHWAY	99801	-134.58909404574192	58.36431250507903	
9184 JAMES BOULEVARD	99801	-134.58812206141798	58.37457460784016	
9184 JAMES BOULEVARD	99801	-134.58821974781526	58.37457532005874	
9184 JAMES BOULEVARD	99801	-134.5883204839929	58.374577110025974	
9184 JAMES BOULEVARD	99801	-134.58841146716154	58.37457939694447	
9184 JAMES BOULEVARD	99801	-134.58851002402628	58.3745777807926	
9188 JAMES BOULEVARD	99801	-134.588762108363	58.374578129836216	
9188 JAMES BOULEVARD	99801	-134.58876141486357	58.37461905788194	
9188 JAMES BOULEVARD	99801	-134.58887078924099	58.374581510989735	
9188 JAMES BOULEVARD	99801	-134.58897566126223	58.37458589687953	
9188 JAMES BOULEVARD	99801	-134.58908420829127	58.374584026835294	
9188 JAMES BOULEVARD	99801	-134.58919075567047	58.37458577582129	
9155 JAMES BOULEVARD	99801	-134.58470556177997	58.373459065150605	
9157 JAMES BOULEVARD	99801	-134.5847625877325	58.373439786116855	
9159 JAMES BOULEVARD	99801	-134.58483568005394	58.37341546296781	
9161 JAMES BOULEVARD	99801	-134.584908475033	58.37339507691978	
9163 JAMES BOULEVARD	99801	-134.58497086572442	58.37337419106529	
9165 JAMES BOULEVARD	99801	-134.58503335073894	58.373353146922156	
9167 JAMES BOULEVARD	99801	-134.5851070287619	58.37333270807936	
9169 JAMES BOULEVARD	99801	-134.5851909808168	58.373302734009066	
9171 JAMES BOULEVARD	99801	-134.585267881995	58.37327799010774	
9173 JAMES BOULEVARD	99801	-134.5853330565655	58.37325601980008	
9175 JAMES BOULEVARD	99801	-134.58541045181713	58.37323229006239	
9177 JAMES BOULEVARD	99801	-134.58547822072217	58.373211921808924	
9179 JAMES BOULEVARD	99801	-134.58591096704228	58.373216199995724	
9181 JAMES BOULEVARD	99801	-134.58597333617416	58.37326055989179	
9183 JAMES BOULEVARD	99801	-134.58602765370614	58.37329840778448	
9185 JAMES BOULEVARD	99801	-134.58607721376032	58.3733346629808	
9187 JAMES BOULEVARD	99801	-134.58612926484284	58.37337174579245	
9189 JAMES BOULEVARD	99801	-134.58617860121657	58.3734069490373	
9191 JAMES BOULEVARD	99801	-134.58623221626598	58.37344439495956	
9193 JAMES BOULEVARD	99801	-134.58628636760963	58.37348175181203	
9195 JAMES BOULEVARD	99801	-134.5863421547854	58.37352239095774	
9197 JAMES BOULEVARD	99801	-134.5864009450292	58.37356186513132	
9199 JAMES BOULEVARD	99801	-134.58643869493235	58.3735927259821	
9201 JAMES BOULEVARD	99801	-134.58648714826214	58.37361989796046	
2205 JORDAN AVENUE	99801	-134.5804301110336	58.36437983112873	
2215 JORDAN AVENUE	99801	-134.57996981068874	58.36488401711718	
2235 JORDAN AVENUE	99801	-134.5799215900226	58.36541765417372	
2225 JORDAN AVENUE	99801	-134.57975299421008	58.36467386279239	
2245 JORDAN AVENUE	99801	-134.57910952468384	58.36539770687288	
8233 GLACIER HIGHWAY	99801	-134.56638580586423	58.359989102152355	
8235 GLACIER HIGHWAY	99801	-134.5664526387247	58.36001333276845	
2865 MENDENHALL LOOP ROAD	99801	-134.58227984461152	58.374700953869535	
2865 MENDENHALL LOOP ROAD	99801	-134.58231555893227	58.3745980851378	
2865 MENDENHALL LOOP ROAD	99801	-134.58242913203534	58.374501472055364	
2865 MENDENHALL LOOP ROAD	99801	-134.58146461271141	58.374325389811666	
2865 MENDENHALL LOOP ROAD	99801	-134.58247300665212	58.37439794421917	
2865 MENDENHALL LOOP ROAD	99801	-134.58262598435513	58.37433103908216	
2865 MENDENHALL LOOP ROAD	99801	-134.58158945158644	58.374254856052204	
2865 MENDENHALL LOOP ROAD	99801	-134.5827413226477	58.374229623870114	
2865 MENDENHALL LOOP ROAD	99801	-134.58283828679947	58.374148385787045	
2865 MENDENHALL LOOP ROAD	99801	-134.58294779322924	58.374055964769084	
2865 MENDENHALL LOOP ROAD	99801	-134.58175521321425	58.374163767912265	
2865 MENDENHALL LOOP ROAD	99801	-134.5808907859759	58.374388252909455	
2865 MENDENHALL LOOP ROAD	99801	-134.58184189075766	58.37408421509656	
2865 MENDENHALL LOOP ROAD	99801	-134.58195221195942	58.374005797806994	
2865 MENDENHALL LOOP ROAD	99801	-134.58211700430502	58.37394107101525	
2865 MENDENHALL LOOP ROAD	99801	-134.58226948434134	58.373851169120556	
2865 MENDENHALL LOOP ROAD	99801	-134.58175875077984	58.374818728860745	
2865 MENDENHALL LOOP ROAD	99801	-134.58116226763457	58.374928264982294	
2865 MENDENHALL LOOP ROAD	99801	-134.58243582538253	58.373737206918136	
2865 MENDENHALL LOOP ROAD	99801	-134.58259804585148	58.37365229016467	
2865 MENDENHALL LOOP ROAD	99801	-134.58288649309256	58.3735071159542	
2865 MENDENHALL LOOP ROAD	99801	-134.58274119508692	58.37357488280431	
2865 MENDENHALL LOOP ROAD	99801	-134.58104110825892	58.37467332298601	
2865 MENDENHALL LOOP ROAD	99801	-134.5808884234067	58.37478320812948	
2865 MENDENHALL LOOP ROAD	99801	-134.5807559641231	58.37487780486043	
2865 MENDENHALL LOOP ROAD	99801	-134.58045139481763	58.3748017440686	
2817 MARSHA AVENUE	99801	-134.58470081508202	58.37502190888541	
2818 MARSHA AVENUE	99801	-134.58375328469674	58.37505215281296	
2902 GLACIERWOOD COURT	99801	-134.58906839255235	58.3748831111254	
2908 GLACIERWOOD COURT	99801	-134.58859958785675	58.37488436503365	
2814 MARSHA AVENUE	99801	-134.5840015817362	58.37479690317995	
2881 LINDA AVENUE	99801	-134.58758852771626	58.37488758788843	
2815 MARSHA AVENUE	99801	-134.58451076211063	58.3748762367683	
2880 LINDA AVENUE	99801	-134.58681984741247	58.37491173385395	
8917 NANCY STREET	99801	-134.57839249301733	58.37498363278318	
8913 NANCY STREET	99801	-134.57806969240315	58.375015505122455	
8909 NANCY STREET	99801	-134.57775969637498	58.3750287639016	
9156 JERRY DRIVE	99801	-134.5854005236366	58.37482133512922	
9160 JERRY DRIVE	99801	-134.58606743739512	58.37480490899291	
8905 NANCY STREET	99801	-134.5774061113943	58.37503054489611	
8901 NANCY STREET	99801	-134.57703864205263	58.37502695605785	
8897 NANCY STREET	99801	-134.5766045617343	58.37504788709573	
8893 NANCY STREET	99801	-134.57624132166097	58.37500686110043	
8887 NANCY STREET	99801	-134.5756794532985	58.374980652050986	
8883 NANCY STREET	99801	-134.57513339438677	58.37501236706619	
2871 LINDA AVENUE	99801	-134.58757039791718	58.37473725802625	
9154 JERRY DRIVE	99801	-134.58501152077923	58.374698910958855	
2870 LINDA AVENUE	99801	-134.58683749212128	58.37477567806335	
9162 JERRY DRIVE	99801	-134.58636386167595	58.37467353307104	
9184 JAMES BOULEVARD	99801	-134.58863037761307	58.37463941307602	
9152 JERRY DRIVE	99801	-134.5845682893231	58.374654696068134	
2812 MARSHA AVENUE	99801	-134.58394239803036	58.37463525188047	
2880 MENDENHALL LOOP ROAD	99801	-134.57781425285887	58.37444336719302	
9176 JAMES BOULEVARD	99801	-134.5876361797488	58.37448631288176	
2860 LINDA AVENUE	99801	-134.58687847506118	58.37451606691079	
9161 JERRY DRIVE	99801	-134.58619064942118	58.374449345234545	
2858 MENDENHALL LOOP ROAD	99801	-134.57820537933353	58.37352703087948	
2810 MARSHA AVENUE	99801	-134.584050052134	58.37446154201876	
9155 JERRY DRIVE	99801	-134.58515302879266	58.374414753034415	
9159 JERRY DRIVE	99801	-134.5859716302734	58.37431384302593	
9157 JERRY DRIVE	99801	-134.5855988581766	58.37431485907539	
9153 JERRY DRIVE	99801	-134.58481566738604	58.37434112985553	
9174 JAMES BOULEVARD	99801	-134.58681971625845	58.37432982095387	
2808 MARSHA AVENUE	99801	-134.5840562585943	58.374287332933186	
8804 SASHA AVENUE	99801	-134.5755897960433	58.37441688216301	
9170 JAMES BOULEVARD	99801	-134.58662166199278	58.37414591607328	
2806 MARSHA AVENUE	99801	-134.58420251061074	58.374102815936794	
9166 JAMES BOULEVARD	99801	-134.58633967723185	58.37401961421943	
2805 MARSHA AVENUE	99801	-134.58481900193237	58.37407538195507	
9209 JAMES BOULEVARD	99801	-134.5871216031945	58.37372654693716	
9162 JAMES BOULEVARD	99801	-134.58594275931847	58.373938662052765	
9158 JAMES BOULEVARD	99801	-134.58561073929457	58.37388506895387	
2804 MARSHA AVENUE	99801	-134.58421053256626	58.37392870588533	
9154 JAMES BOULEVARD	99801	-134.5851787978649	58.37387549385349	
2803 MARSHA AVENUE	99801	-134.58487747417254	58.37386810114124	
3001 TONGASS BOULEVARD	99801	-134.57435823273818	58.37394227785171	
8816 SASHA AVENUE	99801	-134.57724868523405	58.373888127973444	
9150 JAMES BOULEVARD	99801	-134.58430752815906	58.37375074881065	
8813 SASHA AVENUE	99801	-134.57639161429955	58.373782781009005	
9148 JAMES BOULEVARD	99801	-134.58380675062583	58.373519355930405	
8817 SASHA AVENUE	99801	-134.57666775462127	58.37358452299216	
8824 SASHA AVENUE	99801	-134.5776941741565	58.37332867485819	
8821 SASHA AVENUE	99801	-134.57687533731715	58.373365169793026	
9000 ATLIN DRIVE	99801	-134.58038762880548	58.37212262401415	
8998 ATLIN DRIVE	99801	-134.5800099581954	58.372335786076434	
8992 ATLIN DRIVE	99801	-134.57951229871452	58.37265522786184	
8990 ATLIN DRIVE	99801	-134.57910436476087	58.37293830802577	
9050 ATLIN DRIVE	99801	-134.58296498428885	58.37190523319549	
9030 ATLIN DRIVE	99801	-134.5817141036119	58.372026802159745	
9010 ATLIN DRIVE	99801	-134.58124008509432	58.372039654108555	
9055 ATLIN DRIVE	99801	-134.58368183180073	58.37132694377976	
2536 TESLIN STREET	99801	-134.58115148335955	58.371377330779374	
2532 TESLIN STREET	99801	-134.58119856855518	58.37107363682839	
2528 TESLIN STREET	99801	-134.58123912838857	58.37074547818566	
2529 TESLIN STREET	99801	-134.58212828265343	58.37076713395182	
2524 TESLIN STREET	99801	-134.5811382260226	58.37045930085621	
2523 TESLIN STREET	99801	-134.58226907920115	58.37044370889025	
2517 TESLIN STREET	99801	-134.58231263132276	58.36990388587794	
2520 TESLIN STREET	99801	-134.58118183922963	58.37024586882356	
2516 TESLIN STREET	99801	-134.58124342592888	58.369978082228464	
2512 TESLIN STREET	99801	-134.5812494976419	58.36968782593651	
2510 TESLIN STREET	99801	-134.58110529288598	58.36944967421659	
9290 HURLOCK AVENUE	99801	-134.58616596461547	58.36898477409535	
2504 TESLIN STREET	99801	-134.58116899421938	58.36913425077574	
2400 MENDENHALL LOOP ROAD	99801	-134.5878153541221	58.367722585083065	
2481 ODAY DRIVE	99801	-134.58504848555484	58.368693638056904	
2461 ODAY DRIVE	99801	-134.58526943697876	58.36845679218412	
2476 ODAY DRIVE	99801	-134.58430473529683	58.368497535111146	
2421 KA SEE AN DRIVE	99801	-134.58371101896262	58.36831322811319	
2451 ODAY DRIVE	99801	-134.585526090147	58.368254519909826	
2458 ODAY DRIVE	99801	-134.58460776578826	58.368278995021726	
2419 KA SEE AN DRIVE	99801	-134.58387903266683	58.36807215694207	
2435 ODAY DRIVE	99801	-134.58573869262867	58.368047668966184	
2416 KA SEE AN DRIVE	99801	-134.58302991631422	58.36796131899902	
9081 HURLOCK AVENUE	99801	-134.58246585606244	58.36804460896916	
9077 HURLOCK AVENUE	99801	-134.5819817692272	58.36809927899155	
2440 ODAY DRIVE	99801	-134.58477476259958	58.36801243304902	
2413 KA SEE AN DRIVE	99801	-134.58414707467625	58.36783280706146	
2427 ODAY DRIVE	99801	-134.5859672518847	58.36777476612805	
2422 ODAY DRIVE	99801	-134.58499607155298	58.36780907179219	
2416 AURORA DRIVE	99801	-134.58119431233737	58.367851185995185	
2413 AURORA DRIVE	99801	-134.58201289225855	58.36782169819042	
2405 AURORA COURT	99801	-134.58258134886526	58.367323037773204	
2412 KA SEE AN DRIVE	99801	-134.5832854672496	58.36771653994293	
2407 KA SEE AN DRIVE	99801	-134.58444322497093	58.36757621899798	
2405 ODAY DRIVE	99801	-134.58630049721074	58.36754612508023	
2404 ODAY DRIVE	99801	-134.58527060299198	58.36758364977716	
2412 AURORA DRIVE	99801	-134.58106112811333	58.36754851422023	
2408 KA SEE AN DRIVE	99801	-134.58351001642623	58.36745633786897	
2409 AURORA DRIVE	99801	-134.58198133444262	58.36745589405598	
2401 KA SEE AN DRIVE	99801	-134.5845978313195	58.3674123810389	
2393 ODAY DRIVE	99801	-134.58651882106244	58.36725124196182	
2396 ODAY DRIVE	99801	-134.58555723833118	58.367302284013356	
2404 KA SEE AN DRIVE	99801	-134.58369555715996	58.36721760195061	
2408 AURORA DRIVE	99801	-134.58104298124627	58.36734389517178	
2403 AURORA COURT	99801	-134.5828905921052	58.367131634876685	
2358 MENDENHALL LOOP ROAD	99801	-134.58839058043282	58.36698482911795	
2373 ODAY DRIVE	99801	-134.58663256484542	58.36707940717985	
2391 KA SEE AN DRIVE	99801	-134.584874463918	58.36709490310547	
2380 ODAY DRIVE	99801	-134.58577676862032	58.3670603837899	
2396 KA SEE AN DRIVE	99801	-134.5840402146833	58.366991585812784	
2356 MENDENHALL LOOP ROAD	99801	-134.58873978343152	58.36684504519856	
2404 AURORA DRIVE	99801	-134.58105144966447	58.36700852583651	
2363 ODAY DRIVE	99801	-134.58693388135126	58.36683894996649	
2389 KA SEE AN DRIVE	99801	-134.58517200660137	58.366769651198325	
2399 AURORA COURT	99801	-134.5829600929621	58.36691759896827	
2366 ODAY DRIVE	99801	-134.58607064977056	58.36674212812189	
2355 ODAY DRIVE	99801	-134.58717164564402	58.36662449814215	
2327 ODAY DRIVE	99801	-134.58794617577695	58.36669497601072	
2370 KA SEE AN DRIVE	99801	-134.58370658128513	58.36665935098686	
2395 AURORA COURT	99801	-134.5824772359205	58.366656091101966	
2398 AURORA DRIVE	99801	-134.581119459318	58.36670910483067	
9370 MINER DRIVE	99801	-134.58572432587235	58.36653590813764	
2354 MENDENHALL LOOP ROAD	99801	-134.5890013333164	58.366579292197706	
2365 KA SEE AN DRIVE	99801	-134.58493358114853	58.3665741081255	
2391 AURORA DRIVE	99801	-134.5819613217747	58.36658118104106	
2346 KA SEE AN DRIVE	99801	-134.5833785066619	58.3664687492191	
2331 ODAY DRIVE	99801	-134.58773697431693	58.36645397576642	
9359 MINER DRIVE	99801	-134.58656234533626	58.366461605137	
9360 MINER DRIVE	99801	-134.58544222433042	58.3662815599383	
2355 KA SEE AN DRIVE	99801	-134.58440122783307	58.36632833803424	
2394 AURORA DRIVE	99801	-134.5811963128855	58.3664857530993	
2321 ODAY DRIVE	99801	-134.58831906106147	58.36632296593465	
2340 KA SEE AN DRIVE	99801	-134.5831381677975	58.36629494120145	
9357 MINER DRIVE	99801	-134.58624898691403	58.366262647782044	
9400 GLACIER HIGHWAY	99801	-134.5886378884272	58.36614424397871	
9096 SHEIYE WAY	99801	-134.5824679563236	58.36618484587282	
9090 SHEIYE WAY	99801	-134.58199022327236	58.36618376221395	
9350 MINER DRIVE	99801	-134.58499148206016	58.366101055856404	
9362 LEE SMITH DRIVE	99801	-134.5871379660074	58.36617622795687	
2345 KA SEE AN DRIVE	99801	-134.58405539890657	58.36611707283996	
9084 SHEIYE WAY	99801	-134.5811289518156	58.36618553705872	
9355 MINER DRIVE	99801	-134.58596472761877	58.36607994895221	
9360 LEE SMITH DRIVE	99801	-134.58691597792765	58.36596259710518	
9340 MINER DRIVE	99801	-134.58458192844404	58.365896328059115	
2335 KA SEE AN DRIVE	99801	-134.583801166698	58.36592261217437	
9328 GLACIER HIGHWAY	99801	-134.5885540818994	58.36529435398605	
9351 MINER DRIVE	99801	-134.58558750975962	58.36587543211224	
9330 MINER DRIVE	99801	-134.5842352326433	58.36571042013104	
9099 SHEIYE WAY	99801	-134.5830149171439	58.365695451770804	
9095 SHEIYE WAY	99801	-134.58245598717076	58.36575147012791	
9091 SHEIYE WAY	99801	-134.58204591073513	58.365755308211874	
9087 SHEIYE WAY	99801	-134.5814499899352	58.365780460231264	
9083 SHEIYE WAY	99801	-134.5810125741722	58.36574147914024	
9352 LEE SMITH DRIVE	99801	-134.58621639423887	58.36557070702175	
2331 KA SEE AN DRIVE	99801	-134.58390499577519	58.365581834976695	
2295 TROUT STREET	99801	-134.57720283881523	58.36504711388158	
9096 MINER COURT	99801	-134.58325553807927	58.365356067976855	
9090 MINER COURT	99801	-134.5827604891026	58.36535492021381	
9088 MINER COURT	99801	-134.58235992492752	58.36537767522191	
9084 MINER COURT	99801	-134.58170000006194	58.365407942022046	
9066 MINER COURT	99801	-134.58135622827743	58.36532802504275	
9346 LEE SMITH DRIVE	99801	-134.58586787306146	58.36517302803925	
9349 LEE SMITH DRIVE	99801	-134.58653687809795	58.365132857044166	
9310 GLACIER HIGHWAY	99801	-134.5880225325761	58.3645050800069	
2215 KA SEE AN DRIVE	99801	-134.5846555148389	58.36514490486083	
9061 MINER COURT	99801	-134.5810932455797	58.36502735201289	
9343 LEE SMITH DRIVE	99801	-134.5865576498423	58.36494017622924	
9115 MINER COURT	99801	-134.58363949869297	58.36486970522245	
9111 MINER COURT	99801	-134.58315501390405	58.364941570900214	
9091 MINER COURT	99801	-134.58268422842318	58.364925372924006	
9081 MINER COURT	99801	-134.5822073451782	58.36491550797686	
9071 MINER COURT	99801	-134.5814815791922	58.364895730956945	
9340 LEE SMITH DRIVE	99801	-134.58587602796763	58.36489528711175	
9337 LEE SMITH DRIVE	99801	-134.58656936387356	58.36472460701895	
8800 GLACIER HIGHWAY	99801	-134.57885487296207	58.36377987002288	
9300 GLACIER HIGHWAY	99801	-134.58726431674702	58.36426698519348	
2204 KA SEE AN DRIVE	99801	-134.58399387958096	58.364549427766086	
9283 LEE SMITH DRIVE	99801	-134.5865563230306	58.36454980282366	
2197 CASCADE STREET	99801	-134.5831530313222	58.36443933688751	
2199 CASCADE STREET	99801	-134.58277988013634	58.36452744401386	
2203 CASCADE STREET	99801	-134.58234315158455	58.36457167112345	
2205 CASCADE STREET	99801	-134.58178465819262	58.364670909931036	
2202 CASCADE STREET	99801	-134.58132542055478	58.36455340215111	
9230 LEE SMITH DRIVE	99801	-134.58597249804598	58.36444950493597	
2200 CASCADE STREET	99801	-134.58093246241518	58.36442803282242	
2195 CASCADE STREET	99801	-134.5834484836259	58.36429629597697	
2200 KA SEE AN DRIVE	99801	-134.58409213191686	58.364393473204196	
9220 LEE SMITH DRIVE	99801	-134.58540398035382	58.36428260815932	
9233 LEE SMITH DRIVE	99801	-134.5864787750654	58.36437152799158	
2285 TROUT STREET	99801	-134.57615009594724	58.36439840080369	
9218 LEE SMITH DRIVE	99801	-134.58494270533689	58.36423315904807	
9190 LEE SMITH DRIVE	99801	-134.58400585232707	58.364156077816055	
2194 CASCADE STREET	99801	-134.5817144791077	58.36416151903818	
2196 CASCADE STREET	99801	-134.5812662125944	58.36412104392087	
2190 CASCADE STREET	99801	-134.5821536600602	58.364163942803636	
2185 CASCADE STREET	99801	-134.58354915063325	58.36401804209807	
2180 CASCADE STREET	99801	-134.58260045333643	58.363994431954566	
2200 TROUT STREET	99801	-134.57748135518085	58.363989253156916	
9191 LEE SMITH DRIVE	99801	-134.58490184277122	58.36384609780865	
2170 CASCADE STREET	99801	-134.58225157283292	58.36379322302084	
9301 GLACIER HIGHWAY	99801	-134.58836361031302	58.363687902932256	
2103 JORDAN AVENUE	99801	-134.58042948580612	58.36381531795944	
2175 CASCADE STREET	99801	-134.58351044671923	58.36382545414692	
9200 GLACIER HIGHWAY	99801	-134.58591885335218	58.36357235203403	
9044 GLACIER HIGHWAY	99801	-134.58111689103458	58.36378331911981	
8585 OLD DAIRY ROAD	99801	-134.57515283662443	58.363546517098634	
2155 CASCADE STREET	99801	-134.58310714268256	58.363594601190236	
2150 CASCADE STREET	99801	-134.58203447697818	58.363643839160595	
2135 CASCADE STREET	99801	-134.58276459799671	58.36345683421225	
9190 GLACIER HIGHWAY	99801	-134.58479212883066	58.36336803081654	
2101 JORDAN AVENUE	99801	-134.58055581408792	58.363636369856735	
9040 GLACIER HIGHWAY	99801	-134.58148545093104	58.363201192066654	
9000 GLACIER HIGHWAY	99801	-134.5809293003454	58.36344636619934	
2094 JORDAN AVENUE	99801	-134.5791179068638	58.36288540791333	
2125 CASCADE STREET	99801	-134.58236697490588	58.36321698984662	
9150 GLACIER HIGHWAY	99801	-134.58346618313192	58.363264135766656	
8990 GLACIER HIGHWAY	99801	-134.58022911568372	58.3632606451538	
9230 CESSNA DRIVE	99801	-134.5854542500771	58.362570721197	
9110 GLACIER HIGHWAY	99801	-134.58246270387414	58.363058632885945	
8525 OLD DAIRY ROAD	99801	-134.57350401575138	58.36240603821803	
9085 GLACIER HIGHWAY	99801	-134.58087616230137	58.36247150192993	
2085 ALEX HOLDEN WAY	99801	-134.58870869094292	58.36220716119718	
2093 JORDAN AVENUE	99801	-134.5802582031326	58.362524437127	
8505 OLD DAIRY ROAD	99801	-134.57277624113237	58.3619580348807	
2121 ALEX HOLDEN WAY	99801	-134.5869351946882	58.36187260584483	
9225 CESSNA DRIVE	99801	-134.58638307663983	58.361893433008206	
9221 CESSNA DRIVE	99801	-134.58600100787814	58.36184256313831	
8465 OLD DAIRY ROAD	99801	-134.57201086662886	58.36166170791751	
2075 JORDAN AVENUE	99801	-134.5800382856696	58.36192253088952	
9204 BONNETT WAY	99801	-134.58552083230765	58.361539174004164	
8895 MALLARD STREET	99801	-134.57897736364094	58.36129189722956	
8855 MALLARD STREET	99801	-134.57789361182768	58.36151809405875	
8825 MALLARD STREET	99801	-134.57743280932456	58.361426023061675	
8725 MALLARD STREET	99801	-134.5757088506662	58.36140517206156	
2055 JORDAN AVENUE	99801	-134.5803259810208	58.36163110381231	
8717 MALLARD STREET	99801	-134.57462694039924	58.361413154053366	
9243 BONNETT WAY	99801	-134.58650144764485	58.361262795058686	
9203 BONNETT WAY	99801	-134.5856409999432	58.36125952996314	
7600 GLACIER HIGHWAY	99801	-134.548169643667	58.359900680219525	
1800 SHELL SIMMONS DRIVE	99801	-134.58354878412064	58.361169359205256	
7840 GLACIER HIGHWAY	99801	-134.55354545427963	58.360620743956666	
8461 OLD DAIRY ROAD	99801	-134.5711559561426	58.36120621683372	
7850 GLACIER HIGHWAY	99801	-134.554790210243	58.36058193010905	
1975 ALEX HOLDEN WAY	99801	-134.5876080211579	58.360780630151	
1873 SHELL SIMMONS DRIVE	99801	-134.58346338487982	58.35908394084575	
7860 GLACIER HIGHWAY	99801	-134.55541442168615	58.360612599211194	
8375 OLD DAIRY ROAD	99801	-134.57092062179268	58.361005440141845	
7640 GLACIER HIGHWAY	99801	-134.55038777993624	58.35963315018114	
7870 GLACIER HIGHWAY	99801	-134.55584935899725	58.360493536992486	
1990 ALPINE AVENUE	99801	-134.57618133396292	58.36094763820192	
8602 TEAL STREET	99801	-134.57492834583834	58.36082504102166	
8371 OLD DAIRY ROAD	99801	-134.5705673521207	58.360919923979964	
7880 GLACIER HIGHWAY	99801	-134.5562425974112	58.36035337582451	
8550 AIRPORT BOULEVARD	99801	-134.57289719030223	58.3600487877861	
7890 GLACIER HIGHWAY	99801	-134.55665332422706	58.360386649161164	
8367 OLD DAIRY ROAD	99801	-134.57017069921037	58.36067241008033	
7644 GLACIER HIGHWAY	99801	-134.55135521878483	58.360525775843804	
1942 BAKER WAY	99801	-134.5886599303893	58.36056685590315	
1910 ALEX HOLDEN WAY	99801	-134.5876186302614	58.36043582280619	
7724 GLACIER HIGHWAY	99801	-134.55185619484575	58.36043128577678	
7760 GLACIER HIGHWAY	99801	-134.55227559220074	58.36033519184723	
8355 OLD DAIRY ROAD	99801	-134.56971002426803	58.36042443499322	
9091 YANDUKIN DRIVE	99801	-134.5804209913368	58.359696926802926	
8420 AIRPORT BOULEVARD	99801	-134.5704887666013	58.35956534289109	
7790 GLACIER HIGHWAY	99801	-134.55280225738386	58.36013163791537	
1913 ALEX HOLDEN WAY	99801	-134.58751892265477	58.35999773995725	
8251 GLACIER HIGHWAY	99801	-134.56668407618292	58.360227155135426	
8619 TEAL STREET	99801	-134.57639971171355	58.360089055044746	
8617 TEAL STREET	99801	-134.5753434034322	58.36018537489515	
1850 CREST STREET	99801	-134.57430951171045	58.36015050199188	
7704 GLACIER HIGHWAY	99801	-134.55124159717275	58.36008334317577	
7630 GLACIER HIGHWAY	99801	-134.55004514182562	58.36016273010771	
1901 RENSHAW WAY	99801	-134.5887881056073	58.359935382780904	
1900 RENSHAW WAY	99801	-134.58916567291112	58.359938732822	
8345 OLD DAIRY ROAD	99801	-134.5694039727423	58.36012804002197	
8400 AIRPORT BOULEVARD	99801	-134.5698369238783	58.35957832190168	
7340 GLACIER HIGHWAY	99801	-134.5408792635708	58.359260991217965	
8001 GLACIER HIGHWAY	99801	-134.55662639992138	58.35959493796881	
7730 GLACIER HIGHWAY	99801	-134.5518078196694	58.35997073703167	
8390 AIRPORT BOULEVARD	99801	-134.56808992612787	58.35958155510809	
8181 GLACIER HIGHWAY	99801	-134.56141492164568	58.35934914284327	
1890 RENSHAW WAY	99801	-134.58883233326202	58.35965820383206	
1899 ALEX HOLDEN WAY	99801	-134.58763635941187	58.35947233090726	
8600 AIRPORT BOULEVARD	99801	-134.57440673637365	58.35953617992004	
7705 GLACIER HIGHWAY	99801	-134.55163229964265	58.359403323043395	
7320 GLACIER HIGHWAY	99801	-134.53985940083882	58.35925496112226	
7691 GLACIER HIGHWAY	99801	-134.55069783974474	58.35928707009766	
7671 GLACIER HIGHWAY	99801	-134.55038348509086	58.35918256879101	
7520 GLACIER HIGHWAY	99801	-134.54734237883366	58.3592444461522	
8999 YANDUKIN DRIVE	99801	-134.58022280501882	58.35881933110784	
8995 YANDUKIN DRIVE	99801	-134.5793997317246	58.35882450076761	
1720 CREST STREET	99801	-134.574354112166	58.35896343520919	
8575 AIRPORT BOULEVARD	99801	-134.57357591600842	58.358984944105764	
8555 AIRPORT BOULEVARD	99801	-134.57244033319986	58.358819021022455	
8415 AIRPORT BOULEVARD	99801	-134.5707183265806	58.3588621148503	
8411 AIRPORT BOULEVARD	99801	-134.5702935986227	58.35898319905907	
8391 AIRPORT BOULEVARD	99801	-134.5689074577151	58.358987702815654	
8401 AIRPORT BOULEVARD	99801	-134.56949347189408	58.35897037015919	
8335 AIRPORT BOULEVARD	99801	-134.56739054096678	58.35876714389162	
8319 AIRPORT BOULEVARD	99801	-134.56673614343512	58.35884057383362	
8991 YANDUKIN DRIVE	99801	-134.57850815021186	58.358764910142646	
8425 LIVINGSTON WAY	99801	-134.56860962307928	58.35777379308907	
8421 LIVINGSTON WAY	99801	-134.56656811895112	58.35761882088034	
1700 CREST STREET	99801	-134.57325319264933	58.357697308045786	
1713 CREST STREET	99801	-134.57860002720415	58.35784486216266	
1725 CREST STREET	99801	-134.57853615069925	58.35802895614806	
1729 CREST STREET	99801	-134.57820729094848	58.35797336616834	
1737 CREST STREET	99801	-134.5776242160571	58.357887700810416	
1741 CREST STREET	99801	-134.57732009141768	58.3578456840529	
9151 GLACIER HIGHWAY	99801	-134.583933704135	58.36265118206208	
9097 GLACIER HIGHWAY	99801	-134.5815424175948	58.36190827999415	
9095 GLACIER HIGHWAY	99801	-134.58190254500568	58.362380721227694	
1745 CREST STREET	99801	-134.57690932058435	58.357786053131846	
1749 CREST STREET	99801	-134.57661946388657	58.35774337694845	
2105 ALEX HOLDEN WAY	99801	-134.5890283753014	58.36236123587836	
9326 GLACIER HIGHWAY	99801	-134.58833381858497	58.36560249410199	
9211 LEE SMITH DRIVE	99801	-134.58533922439824	58.36392721212903	
8433 LIVINGSTON WAY	99801	-134.57198836023773	58.357715245022966	
8429 LIVINGSTON WAY	99801	-134.56961456209942	58.35772758897191	
1717 CREST STREET	99801	-134.5789289363623	58.35789659691234	
1709 CREST STREET	99801	-134.57830020729156	58.35781615584265	
1705 CREST STREET	99801	-134.5779929726846	58.357773356223355	
1701 CREST STREET	99801	-134.57768819407167	58.357721713190536	
1669 CREST STREET	99801	-134.57889026658427	58.35758306510792	
1677 CREST STREET	99801	-134.57912500984273	58.35760757212608	
1661 CREST STREET	99801	-134.57869581007134	58.35756171794583	
1733 CREST STREET	99801	-134.57790139303464	58.35792488986641	
1753 CREST STREET	99801	-134.5763080898428	58.35771087918588	
2092 JORDAN AVENUE	99801	-134.5791197007994	58.362246647086174	
8745 GLACIER HIGHWAY	99801	-134.57690527636893	58.36338026300105	
8231 GLACIER HIGHWAY	99801	-134.56623414778636	58.36013490217273	
8180 GLACIER HIGHWAY	99801	-134.56251662988316	58.36030113008662	
2247 JORDAN AVENUE	99801	-134.57883919736034	58.36540179989634	
2241 JORDAN AVENUE	99801	-134.57933965958492	58.36539894886784	
2237 JORDAN AVENUE	99801	-134.57962806280858	58.36536517516442	
2233 JORDAN AVENUE	99801	-134.5801658212871	58.36539215181897	
2231 JORDAN AVENUE	99801	-134.58032849181203	58.365408705782784	
2223 JORDAN AVENUE	99801	-134.58053891587912	58.36534168088679	
2221 JORDAN AVENUE	99801	-134.58056417919985	58.36514600598489	
2217 JORDAN AVENUE	99801	-134.58055398871124	58.36499938797451	
2213 JORDAN AVENUE	99801	-134.58059937788764	58.36487413378267	
2209 JORDAN AVENUE	99801	-134.58051950508244	58.36475412097011	
2207 JORDAN AVENUE	99801	-134.5805051320379	58.36452145486781	
2201 JORDAN AVENUE	99801	-134.5801661608503	58.36429452904727	
2203 JORDAN AVENUE	99801	-134.57986429277884	58.36453395899356	
2211 JORDAN AVENUE	99801	-134.58004184209977	58.36471031202191	
2219 JORDAN AVENUE	99801	-134.57991352584628	58.36509438598684	
2239 JORDAN AVENUE	99801	-134.57959073870683	58.36503388810306	
2243 JORDAN AVENUE	99801	-134.57922079181157	58.365067072217464	
2227 JORDAN AVENUE	99801	-134.57930286908245	58.36490691990605	
9324 GLACIER HIGHWAY	99801	-134.5874191072503	58.365644805057265	
9322 GLACIER HIGHWAY	99801	-134.58767461955813	58.36515067009538	
9320 GLACIER HIGHWAY	99801	-134.58858112657933	58.3649445260948	
9101 GLACIER HIGHWAY	99801	-134.58266418161932	58.362592725016064	
9121 GLACIER HIGHWAY	99801	-134.58294808877497	58.36232346389953	
9131 GLACIER HIGHWAY	99801	-134.5831522803306	58.36210398886597	
9141 GLACIER HIGHWAY	99801	-134.583950329256	58.36174470222315	
8413 AIRPORT BOULEVARD	99801	-134.57030020124003	58.35891127789496	
9344 GLACIER HIGHWAY	99801	-134.5891772620766	58.365326496104295	
9342 GLACIER HIGHWAY	99801	-134.58918353591056	58.3657019910354	
2804 MARSHA AVENUE	99801	-134.58429221188342	58.37394645797108	
9158 JERRY DRIVE	99801	-134.58572091856246	58.37491877118378	
9178 JAMES BOULEVARD	99801	-134.58781490586279	58.37443432405498	
2534 TESLIN STREET	99801	-134.58115495804307	58.371308800786636	
2533 TESLIN STREET	99801	-134.58205815028086	58.370996758971415	
2526 TESLIN STREET	99801	-134.5811027677217	58.370553618041164	
2525 TESLIN STREET	99801	-134.58206773620327	58.370512217008084	
2508 TESLIN STREET	99801	-134.58097590673896	58.36945290699003	
8917 NANCY STREET	99801	-134.57859089493098	58.37494884703884	
8885 NANCY STREET	99801	-134.57547460776934	58.375016819789884	
8889 NANCY STREET	99801	-134.57600135739406	58.37500736699551	
3009 TONGASS BOULEVARD	99801	-134.57663392676264	58.37440888191456	
8812 SASHA AVENUE	99801	-134.57701035500264	58.374100564787184	
7722 GLACIER HIGHWAY	99801	-134.5516809622799	58.36041583122149	
7642 GLACIER HIGHWAY	99801	-134.5511850697852	58.36053862915375	
7324 GLACIER HIGHWAY	99801	-134.54000520279934	58.35927468098282	
9209 JAMES BOULEVARD	99801	-134.5871234788768	58.37368082580416	
9209 JAMES BOULEVARD	99801	-134.58712240539003	58.373639012968134	
9209 JAMES BOULEVARD	99801	-134.58721134578968	58.37373293491819	
9209 JAMES BOULEVARD	99801	-134.58720246504478	58.373656629064364	
9209 JAMES BOULEVARD	99801	-134.58721504684868	58.37360744510137	
9205 JAMES BOULEVARD	99801	-134.5870911062889	58.37390289077746	
9205 JAMES BOULEVARD	99801	-134.58710312844238	58.37383189218527	
9205 JAMES BOULEVARD	99801	-134.5873015941364	58.37387776197535	
9205 JAMES BOULEVARD	99801	-134.58731777728624	58.37383400721742	
9215 JAMES BOULEVARD	99801	-134.58767537683792	58.37401148811012	
9215 JAMES BOULEVARD	99801	-134.58767074871758	58.37396606316713	
9215 JAMES BOULEVARD	99801	-134.58747447670945	58.37400563906261	
9215 JAMES BOULEVARD	99801	-134.5874278083321	58.37394050904963	
9209 JAMES BOULEVARD	99801	-134.58720700513024	58.37356386100213	
9209 JAMES BOULEVARD	99801	-134.58707905898262	58.373568403880576	
9209 JAMES BOULEVARD	99801	-134.5872130858264	58.37353108810193	
9209 JAMES BOULEVARD	99801	-134.58709851469507	58.373517352991236	
9209 JAMES BOULEVARD	99801	-134.5872255283914	58.37347645004687	
9209 JAMES BOULEVARD	99801	-134.58708682671488	58.37346652295466	
9213 JAMES BOULEVARD	99801	-134.5878179852876	58.3733649691214	
9213 JAMES BOULEVARD	99801	-134.58781340387964	58.3733213621117	
9213 JAMES BOULEVARD	99801	-134.5877660770372	58.37336533701938	
9213 JAMES BOULEVARD	99801	-134.5877441473645	58.37332003513353	
9213 JAMES BOULEVARD	99801	-134.58771430802568	58.37337115885158	
9213 JAMES BOULEVARD	99801	-134.58766820019713	58.373327847204585	
9213 JAMES BOULEVARD	99801	-134.58754806310426	58.373366883038855	
9213 JAMES BOULEVARD	99801	-134.58753263274264	58.373305168923316	
9213 JAMES BOULEVARD	99801	-134.5874616433773	58.37337113200114	
9213 JAMES BOULEVARD	99801	-134.58743910644347	58.37330219605738	
9213 JAMES BOULEVARD	99801	-134.5873339784024	58.37338658418208	
9213 JAMES BOULEVARD	99801	-134.58733243689338	58.37332658994365	
9104 MENDENHALL MALL ROAD	99801	-134.5869196143079	58.372637287169574	
9102 MENDENHALL MALL ROAD	99801	-134.5863743162692	58.372416699052884	
9106 MENDENHALL MALL ROAD	99801	-134.58753649639667	58.372480728156894	
9108 MENDENHALL MALL ROAD	99801	-134.5883383874165	58.37257440210939	
9110 MENDENHALL MALL ROAD	99801	-134.5890523558279	58.37259191604377	
2201 KA SEE AN DRIVE	99801	-134.5847028937836	58.36427036403679	
2203 KA SEE AN DRIVE	99801	-134.5847331041266	58.36443420385952	
2205 KA SEE AN DRIVE	99801	-134.5848057347139	58.36456128919555	
9371 LEE SMITH DRIVE	99801	-134.58817009164127	58.366569912055915	
2323 ODAY DRIVE	99801	-134.58811761924892	58.36638713519166	
9358 LEE SMITH DRIVE	99801	-134.58665997513967	58.365851488215995	
9354 LEE SMITH DRIVE	99801	-134.5864979900293	58.36569717999503	
9320 LEE SMITH DRIVE	99801	-134.5857310299993	58.364459044899796	
2198 CASCADE STREET	99801	-134.58115330334633	58.3641632501646	
8604 AIRPORT BOULEVARD	99801	-134.57478270916783	58.359548182051235	
8608 AIRPORT BOULEVARD	99801	-134.5752071406817	58.35953949701186	
8612 AIRPORT BOULEVARD	99801	-134.57564257206622	58.35953218894779	
8399 AIRPORT BOULEVARD	99801	-134.56931901906592	58.358799832011314	
8777 GLACIER HIGHWAY	99801	-134.57719693688378	58.36282095993587	
1936 RANDAL ALLISON WAY	99801	-134.58919671329744	58.36079827198671	
1926 RANDAL ALLISON WAY	99801	-134.58925473458333	58.360472094987536	
9151 JAMES BOULEVARD	99801	-134.58399703985413	58.373064596791885	
7507 VISTA DEL SOL DRIVE	99801	-134.546191355782	58.35956419682472	
7511 VISTA DEL SOL DRIVE	99801	-134.54620281738673	58.35976991702761	
7515 VISTA DEL SOL DRIVE	99801	-134.54622086274415	58.35998233987588	
7519 VISTA DEL SOL DRIVE	99801	-134.5462446636076	58.36016773181066	
7523 VISTA DEL SOL DRIVE	99801	-134.546268549811	58.360356499162464	
7527 VISTA DEL SOL DRIVE	99801	-134.5463244447846	58.36054167613583	
7531 VISTA DEL SOL DRIVE	99801	-134.54657989061712	58.36074911816691	
7535 VISTA DEL SOL DRIVE	99801	-134.54646273682937	58.36094558601293	
7539 VISTA DEL SOL DRIVE	99801	-134.5463129113147	58.36111866123106	
7543 VISTA DEL SOL DRIVE	99801	-134.54628594478817	58.36132801397095	
7550 VISTA DEL SOL DRIVE	99801	-134.54673593876177	58.36161510694024	
7546 VISTA DEL SOL DRIVE	99801	-134.5472196968136	58.361446516865286	
7542 VISTA DEL SOL DRIVE	99801	-134.5475834022143	58.361356334804526	
7538 VISTA DEL SOL DRIVE	99801	-134.547565348772	58.361143912212796	
7534 VISTA DEL SOL DRIVE	99801	-134.54752195295725	58.3609451571973	
7530 VISTA DEL SOL DRIVE	99801	-134.54749805956735	58.36075639016573	
7526 VISTA DEL SOL DRIVE	99801	-134.54748708844278	58.36057090990341	
7522 VISTA DEL SOL DRIVE	99801	-134.54716753613664	58.36036727910587	
7513 CASA BONITA COURT	99801	-134.54709205160165	58.360168741198926	
7517 CASA BONITA COURT	99801	-134.54763893516682	58.360219013126574	
7518 CASA BONITA COURT	99801	-134.54761993040867	58.359706336103336	
7514 CASA BONITA COURT	99801	-134.5472159104147	58.35972256993273	
7506 VISTA DEL SOL DRIVE	99801	-134.54677794488276	58.35940166001427	
7510 VISTA DEL SOL DRIVE	99801	-134.54683073078715	58.35972180604895	
2537 TESLIN STREET	99801	-134.58208627743073	58.37127476186267	
8907 YANDUKIN DRIVE	99801	-134.56301215496694	58.357565372181995	
2035 JORDAN AVENUE	99801	-134.58012481678765	58.36130715584457	
7502 VISTA DEL SOL DRIVE	99801	-134.5466864415896	58.359156706137824	
8855 MALLARD STREET	99801	-134.57803551060826	58.36152147505008	
2375 JORDAN AVENUE	99801	-134.58049392735137	58.36631089213543	
2375 JORDAN AVENUE	99801	-134.58050145613177	58.36637809093119	
2375 JORDAN AVENUE	99801	-134.58050022184656	58.36644382195884	
2375 JORDAN AVENUE	99801	-134.58049607881645	58.36650957312353	
2375 JORDAN AVENUE	99801	-134.58049488405715	58.36657683279064	
2375 JORDAN AVENUE	99801	-134.58049985623225	58.36665780420238	
2375 JORDAN AVENUE	99801	-134.5805044789627	58.36672502306821	
2375 JORDAN AVENUE	99801	-134.5805094107136	58.36680446620783	
2375 JORDAN AVENUE	99801	-134.58051407207162	58.36687321319475	
2375 JORDAN AVENUE	99801	-134.5805130722467	58.366948113212935	
2359 JORDAN AVENUE	99801	-134.57865218698282	58.366155709100816	
2359 JORDAN AVENUE	99801	-134.57877189018936	58.36617321020162	
2359 JORDAN AVENUE	99801	-134.57890861467394	58.36617377794481	
2359 JORDAN AVENUE	99801	-134.57901331062536	58.36617304294119	
2359 JORDAN AVENUE	99801	-134.57912091621998	58.366172287206645	
2359 JORDAN AVENUE	99801	-134.57923720582843	58.366169941791014	
2359 JORDAN AVENUE	99801	-134.57935062621792	58.366169145065825	
2359 JORDAN AVENUE	99801	-134.57876804899323	58.3661365551738	
2359 JORDAN AVENUE	99801	-134.5789076426968	58.36613557516789	
2359 JORDAN AVENUE	99801	-134.57901524829143	58.36613481896142	
2359 JORDAN AVENUE	99801	-134.57911703370132	58.36613410421671	
2359 JORDAN AVENUE	99801	-134.5792391416979	58.3661317168656	
2359 JORDAN AVENUE	99801	-134.57935264024076	58.3661339770044	
2367 JORDAN AVENUE	99801	-134.5801666962462	58.36615423720815	
2367 JORDAN AVENUE	99801	-134.58008414196988	58.366173316211764	
2367 JORDAN AVENUE	99801	-134.57996781283555	58.36617413319659	
2367 JORDAN AVENUE	99801	-134.57984563027878	58.3661734641548	
2367 JORDAN AVENUE	99801	-134.579717629334	58.36617283516131	
2367 JORDAN AVENUE	99801	-134.57960711589277	58.36617361209784	
2367 JORDAN AVENUE	99801	-134.5794733001531	58.36617302409493	
2367 JORDAN AVENUE	99801	-134.58007628530441	58.366137593131924	
2367 JORDAN AVENUE	99801	-134.57997839588793	58.36613279204523	
2367 JORDAN AVENUE	99801	-134.57985330278964	58.36613214184898	
2367 JORDAN AVENUE	99801	-134.57972530184483	58.36613151285471	
2367 JORDAN AVENUE	99801	-134.57961777709858	58.36613532686833	
2367 JORDAN AVENUE	99801	-134.57947671375118	58.366134633796825	
2345 JORDAN AVENUE	99801	-134.5796779399681	58.36580636279233	
2396 ODAY DRIVE	99801	-134.58553007327697	58.3673908570178	
8363 OLD DAIRY ROAD	99801	-134.5698350463994	58.360523468222716	
8461 OLD DAIRY ROAD	99801	-134.57129510787505	58.361162122162	
2518 TESLIN STREET	99801	-134.5812441850053	58.370044900927354	
2029 JORDAN AVENUE	99801	-134.57998350460693	58.36087976793607	
8907 YANDUKIN DRIVE	99801	-134.57590535982956	58.35811541807027	
7527 VISTA DEL SOL DRIVE	99801	-134.54628556120755	58.36058584792186	
2904 GLACIERWOOD COURT	99801	-134.58887555660021	58.37486914714453	
9350 MINER DRIVE	99801	-134.58510263061027	58.36615257402588	
8601 TEAL STREET	99801	-134.57437930990972	58.36035582576928	
8876 TEAL STREET	99801	-134.57840630641147	58.36084891198884	
8886 TEAL STREET	99801	-134.5786139591759	58.360843333128926	
8896 TEAL STREET	99801	-134.57883342388803	58.360839731066996	
8906 TEAL STREET	99801	-134.57904897104717	58.36083615586472	
8916 TEAL STREET	99801	-134.57929597990255	58.360836481011624	
8430 AIRPORT BOULEVARD	99801	-134.5705840032928	58.3602030311654	
7651 GLACIER HIGHWAY	99801	-134.54952629557874	58.35897665619347	
7400 GLACIER HIGHWAY	99801	-134.54392603819744	58.35917901509839	
9145 GLACIER HIGHWAY	99801	-134.58415142162391	58.3622317441687	
9028 ATLIN DRIVE	99801	-134.58160609736865	58.37191722593956	
9059 ATLIN DRIVE	99801	-134.58447777507507	58.370906011029426	
9101 MENDENHALL MALL ROAD	99801	-134.58699851064438	58.371563848119486	
9103 MENDENHALL MALL ROAD	99801	-134.58764255778732	58.3715205460312	
9105 MENDENHALL MALL ROAD	99801	-134.58904388201984	58.37153642912275	
1945 ALEX HOLDEN WAY	99801	-134.5877076003055	58.36051641388496	
1830 CREST STREET	99801	-134.57425792056537	58.35969956387661	
1880 CREST STREET	99801	-134.57226441611778	58.36089952223105	
1880 CREST STREET	99801	-134.572264240048	58.360832990158706	
1880 CREST STREET	99801	-134.57226171488372	58.36077268288703	
1880 CREST STREET	99801	-134.57226382412802	58.36070122905793	
1900 CREST STREET	99801	-134.57377791477646	58.36112887782965	
1900 CREST STREET	99801	-134.573631876559	58.36112626583756	
1900 CREST STREET	99801	-134.5735084237845	58.361128413203254	
1900 CREST STREET	99801	-134.5733828473926	58.36112643877662	
1900 CREST STREET	99801	-134.5732585232522	58.36112614379067	
1900 CREST STREET	99801	-134.57310458255523	58.36112294182648	
1900 CREST STREET	99801	-134.5729437661531	58.36112174020626	
1900 CREST STREET	99801	-134.57278816986104	58.36112879206694	
1900 CREST STREET	99801	-134.57265631334698	58.36112453691832	
1900 CREST STREET	99801	-134.57330179599776	58.361188851809615	
1889 RENSHAW WAY	99801	-134.58912791671972	58.35935369697665	
9342 GLACIER HIGHWAY	99801	-134.58895149927602	58.36567964284981	
9342 GLACIER HIGHWAY	99801	-134.5889667670426	58.36571669318616	
9342 GLACIER HIGHWAY	99801	-134.5889800396509	58.36574640183992	
9342 GLACIER HIGHWAY	99801	-134.58898918719544	58.36577469415723	
9342 GLACIER HIGHWAY	99801	-134.58886693007852	58.36560792614905	
9342 GLACIER HIGHWAY	99801	-134.58888355969108	58.36565461278983	
9342 GLACIER HIGHWAY	99801	-134.58889184664957	58.36569259888138	
9342 GLACIER HIGHWAY	99801	-134.58890424609547	58.36573150699624	
9342 GLACIER HIGHWAY	99801	-134.58891931443603	58.365770168179566	
9342 GLACIER HIGHWAY	99801	-134.58893337935842	58.36580503506041	
9342 GLACIER HIGHWAY	99801	-134.58894220440777	58.36583829477782	
9320 GLACIER HIGHWAY	99801	-134.58845786604425	58.36502247915712	
9320 GLACIER HIGHWAY	99801	-134.58841655611758	58.3649850789536	
9320 GLACIER HIGHWAY	99801	-134.58837509527396	58.36494178999551	
9328 GLACIER HIGHWAY	99801	-134.58877796901766	58.36542412705534	
9328 GLACIER HIGHWAY	99801	-134.5887340027727	58.365377826937625	
9328 GLACIER HIGHWAY	99801	-134.5886782371565	58.36532922322159	
9328 GLACIER HIGHWAY	99801	-134.58862960416363	58.36527905892984	
9328 GLACIER HIGHWAY	99801	-134.58856943859917	58.36522671588226	
9328 GLACIER HIGHWAY	99801	-134.5885238499968	58.36518331508223	
9328 GLACIER HIGHWAY	99801	-134.58846676565378	58.36513924186922	
9328 GLACIER HIGHWAY	99801	-134.5884212354419	58.36509810210907	
9322 GLACIER HIGHWAY	99801	-134.58813090623028	58.365061516169185	
9322 GLACIER HIGHWAY	99801	-134.58806058610986	58.36508431188714	
9322 GLACIER HIGHWAY	99801	-134.58798295010973	58.36510832415234	
9322 GLACIER HIGHWAY	99801	-134.58790534105904	58.365133408784324	
9322 GLACIER HIGHWAY	99801	-134.58782370755594	58.365157517134726	
9322 GLACIER HIGHWAY	99801	-134.58773742886447	58.365185200230904	
9322 GLACIER HIGHWAY	99801	-134.58764224068202	58.36521475101927	
9322 GLACIER HIGHWAY	99801	-134.58757158189673	58.36523958020219	
9322 GLACIER HIGHWAY	99801	-134.5874991237859	58.36526211619136	
9322 GLACIER HIGHWAY	99801	-134.58743774819075	58.365284458987254	
9322 GLACIER HIGHWAY	99801	-134.5873623202496	58.36530987095562	
9326 GLACIER HIGHWAY	99801	-134.58820427433446	58.36552110517296	
9326 GLACIER HIGHWAY	99801	-134.58806329542873	58.36556206021481	
9326 GLACIER HIGHWAY	99801	-134.58812946982414	58.365624914895584	
9326 GLACIER HIGHWAY	99801	-134.5882163288273	58.36559942117154	
9324 GLACIER HIGHWAY	99801	-134.58771021530126	58.365835201136825	
9324 GLACIER HIGHWAY	99801	-134.58766116279517	58.36578799221701	
9324 GLACIER HIGHWAY	99801	-134.5876137281549	58.36574549108403	
9324 GLACIER HIGHWAY	99801	-134.58754890662232	58.365684201820535	
9324 GLACIER HIGHWAY	99801	-134.58748174408012	58.36562375206404	
9324 GLACIER HIGHWAY	99801	-134.58742907316008	58.36557173415975	
9324 GLACIER HIGHWAY	99801	-134.5873856297346	58.365531296939174	
9324 GLACIER HIGHWAY	99801	-134.58731918764127	58.36548937785741	
9324 GLACIER HIGHWAY	99801	-134.58725801057375	58.365432828080166	
9324 GLACIER HIGHWAY	99801	-134.58717733826796	58.36536404389249	
3003 TONGASS BOULEVARD	99801	-134.57460571680235	58.374043404193195	
2427 ODAY DRIVE	99801	-134.5861730792725	58.36773027589815	
2354 MENDENHALL LOOP ROAD	99801	-134.58906530324612	58.36652466882055	
2354 MENDENHALL LOOP ROAD	99801	-134.5890078218477	58.36652114413607	
2354 MENDENHALL LOOP ROAD	99801	-134.58895285124052	58.36651825597703	
2354 MENDENHALL LOOP ROAD	99801	-134.58888024939927	58.36650893801104	
2354 MENDENHALL LOOP ROAD	99801	-134.58880402195751	58.36650423497443	
2354 MENDENHALL LOOP ROAD	99801	-134.58872897400371	58.36649690102531	
2354 MENDENHALL LOOP ROAD	99801	-134.58864898980747	58.36649156805695	
2354 MENDENHALL LOOP ROAD	99801	-134.58859145630677	58.36648607583845	
2354 MENDENHALL LOOP ROAD	99801	-134.58904113137842	58.36665202319491	
2354 MENDENHALL LOOP ROAD	99801	-134.58897734470506	58.36664591991997	
2354 MENDENHALL LOOP ROAD	99801	-134.58890856699196	58.36663985292253	
2354 MENDENHALL LOOP ROAD	99801	-134.58884227042566	58.366633112179464	
2354 MENDENHALL LOOP ROAD	99801	-134.5887747746085	58.36662834602532	
2354 MENDENHALL LOOP ROAD	99801	-134.58870721231597	58.366620958861986	
2354 MENDENHALL LOOP ROAD	99801	-134.58863966709146	58.36661422706718	
2354 MENDENHALL LOOP ROAD	99801	-134.588570857039	58.36660684885276	
2354 MENDENHALL LOOP ROAD	99801	-134.5885076093548	58.366573208227386	
2354 MENDENHALL LOOP ROAD	99801	-134.58853217019296	58.366509442143354	
2354 MENDENHALL LOOP ROAD	99801	-134.58910029981294	58.36662406892435	
2354 MENDENHALL LOOP ROAD	99801	-134.5891176947901	58.36657281010493	
9328 GLACIER HIGHWAY	99801	-134.58860378658235	58.365460512845075	
9328 GLACIER HIGHWAY	99801	-134.58857439909616	58.36543351598261	
9328 GLACIER HIGHWAY	99801	-134.58853781161295	58.365396447915884	
9328 GLACIER HIGHWAY	99801	-134.5884938804023	58.36535578621893	
9328 GLACIER HIGHWAY	99801	-134.58845982526987	58.36532017586307	
9328 GLACIER HIGHWAY	99801	-134.58842189839856	58.3652856171183	
9328 GLACIER HIGHWAY	99801	-134.58838989861155	58.3652540898377	
9328 GLACIER HIGHWAY	99801	-134.5883558183263	58.36521745600029	
9328 GLACIER HIGHWAY	99801	-134.5883238167426	58.365185928187586	
9328 GLACIER HIGHWAY	99801	-134.58828394322208	58.36515138297531	
9328 GLACIER HIGHWAY	99801	-134.58864341665944	58.36544603392022	
9328 GLACIER HIGHWAY	99801	-134.58861526705167	58.365418700162785	
9328 GLACIER HIGHWAY	99801	-134.58857567111062	58.36538292401971	
9328 GLACIER HIGHWAY	99801	-134.58853348083497	58.36534323385411	
9328 GLACIER HIGHWAY	99801	-134.58849511468753	58.36530679423033	
9328 GLACIER HIGHWAY	99801	-134.5884605600918	58.365272948821165	
9328 GLACIER HIGHWAY	99801	-134.58842851718558	58.365239740870706	
9328 GLACIER HIGHWAY	99801	-134.58839524358748	58.365207199122096	
9328 GLACIER HIGHWAY	99801	-134.58836321595265	58.36517464697773	
9328 GLACIER HIGHWAY	99801	-134.58832610026005	58.36513819822768	
9342 GLACIER HIGHWAY	99801	-134.58926963044738	58.36570100112299	
9342 GLACIER HIGHWAY	99801	-134.5892510595755	58.36564144377854	
9342 GLACIER HIGHWAY	99801	-134.5892366002927	58.365583990081134	
9310 GLACIER HIGHWAY	99801	-134.58835092520295	58.36466550506799	
9310 GLACIER HIGHWAY	99801	-134.58833159525466	58.364646823864696	
9310 GLACIER HIGHWAY	99801	-134.58825950365647	58.364591870970976	
9310 GLACIER HIGHWAY	99801	-134.58821118417563	58.36454516784679	
9310 GLACIER HIGHWAY	99801	-134.58815448610818	58.36450248805416	
9310 GLACIER HIGHWAY	99801	-134.58806978934993	58.36443375906617	
9310 GLACIER HIGHWAY	99801	-134.58803048266634	58.36440779094617	
9310 GLACIER HIGHWAY	99801	-134.58799778578663	58.3643822708993	
9310 GLACIER HIGHWAY	99801	-134.587695546711	58.36450277217477	
9310 GLACIER HIGHWAY	99801	-134.5878139186143	58.36459849902133	
9310 GLACIER HIGHWAY	99801	-134.58822057336698	58.3647405567779	
9310 GLACIER HIGHWAY	99801	-134.58815516613285	58.364689022883326	
9310 GLACIER HIGHWAY	99801	-134.58758029555497	58.36467542898204	
9310 GLACIER HIGHWAY	99801	-134.5875954195911	58.36471394808472	
9310 GLACIER HIGHWAY	99801	-134.58761151290943	58.36475345095905	
9310 GLACIER HIGHWAY	99801	-134.5876276448553	58.364794439873876	
9310 GLACIER HIGHWAY	99801	-134.58764084739502	58.36483148784116	
9310 GLACIER HIGHWAY	99801	-134.58765896371938	58.36487642415712	
9310 GLACIER HIGHWAY	99801	-134.58767051156235	58.36492239699623	
9310 GLACIER HIGHWAY	99801	-134.5876854972579	58.364955470961114	
9310 GLACIER HIGHWAY	99801	-134.58769755444564	58.36498460212749	
9310 GLACIER HIGHWAY	99801	-134.58770967541378	58.36501621021916	
9310 GLACIER HIGHWAY	99801	-134.58758974673006	58.36495333513637	
9310 GLACIER HIGHWAY	99801	-134.58761758102915	58.365009592141845	
9310 GLACIER HIGHWAY	99801	-134.58745665503255	58.36507769382258	
9310 GLACIER HIGHWAY	99801	-134.58727234499074	58.36514268093877	
9310 GLACIER HIGHWAY	99801	-134.5871916681934	58.36516628089084	
9310 GLACIER HIGHWAY	99801	-134.58709240884608	58.365200288013355	
9310 GLACIER HIGHWAY	99801	-134.58694577235067	58.36522423093786	
9310 GLACIER HIGHWAY	99801	-134.58695302983983	58.36518580002952	
9310 GLACIER HIGHWAY	99801	-134.58696180458355	58.3651145511398	
9310 GLACIER HIGHWAY	99801	-134.58697330032425	58.365057519225196	
9310 GLACIER HIGHWAY	99801	-134.58698240564797	58.36499926688332	
9310 GLACIER HIGHWAY	99801	-134.58699242186336	58.364930485148975	
9310 GLACIER HIGHWAY	99801	-134.58699565220516	58.36487619987852	
9310 GLACIER HIGHWAY	99801	-134.5870069458249	58.3648142188352	
9310 GLACIER HIGHWAY	99801	-134.58702005493984	58.364751257167555	
9310 GLACIER HIGHWAY	99801	-134.58703719299885	58.36470180682812	
9310 GLACIER HIGHWAY	99801	-134.58713565015057	58.364665321780386	
9310 GLACIER HIGHWAY	99801	-134.58724701429637	58.36462971308381	
2880 LINDA AVENUE	99801	-134.5869332902598	58.374932106778665	
9150 JAMES BOULEVARD	99801	-134.58422228881838	58.373828030013776	
9159 JERRY DRIVE	99801	-134.58580934512577	58.37435289284288	
9010 ATLIN DRIVE	99801	-134.58132758100302	58.3719540841229	
2529 TESLIN STREET	99801	-134.58226854380524	58.37075402008184	
8186 GLACIER HIGHWAY	99801	-134.562080484338	58.3603250339232	
8184 GLACIER HIGHWAY	99801	-134.5619870272091	58.36030531087948	
8995 ATLIN DRIVE	99801	-134.5786439359569	58.37058648085983	
9041 ATLIN DRIVE	99801	-134.58209380890608	58.37145994280394	
9041 ATLIN DRIVE	99801	-134.58200452085842	58.37145992019183	
1875 SHELL SIMMONS DRIVE	99801	-134.58381253128468	58.35936029585078	
3008 TONGASS BOULEVARD	99801	-134.5745061735874	58.3747478027677	
3008 TONGASS BOULEVARD	99801	-134.5744621929694	58.3747030900465	
9951 STEPHEN RICHARDS MEMORIAL DRIVE	99801	-134.58329014837054	58.38206393907134	
9951 STEPHEN RICHARDS MEMORIAL DRIVE	99801	-134.58316350837336	58.382287189858125	
9951 STEPHEN RICHARDS MEMORIAL DRIVE	99801	-134.5831355860394	58.3825536397683	
9951 STEPHEN RICHARDS MEMORIAL DRIVE	99801	-134.58314296659776	58.3826979568578	
9951 STEPHEN RICHARDS MEMORIAL DRIVE	99801	-134.58306551295564	58.38286659094931	
9951 STEPHEN RICHARDS MEMORIAL DRIVE	99801	-134.5831418769413	58.383034730227855	
9951 STEPHEN RICHARDS MEMORIAL DRIVE	99801	-134.58311452503753	58.3832281288476	
9951 STEPHEN RICHARDS MEMORIAL DRIVE	99801	-134.5830848698534	58.3833357179498	
9951 STEPHEN RICHARDS MEMORIAL DRIVE	99801	-134.58317281312307	58.38364297485577	
9951 STEPHEN RICHARDS MEMORIAL DRIVE	99801	-134.58252472805293	58.383734254205564	
9951 STEPHEN RICHARDS MEMORIAL DRIVE	99801	-134.5823877592266	58.383615512972774	
9951 STEPHEN RICHARDS MEMORIAL DRIVE	99801	-134.58286525063104	58.383749927890335	
9951 STEPHEN RICHARDS MEMORIAL DRIVE	99801	-134.58249332115395	58.38333831699614	
9951 STEPHEN RICHARDS MEMORIAL DRIVE	99801	-134.58195171159778	58.38281946509102	
9951 STEPHEN RICHARDS MEMORIAL DRIVE	99801	-134.5825348134386	58.38317976210318	
9951 STEPHEN RICHARDS MEMORIAL DRIVE	99801	-134.58256276362036	58.383061520073994	
9951 STEPHEN RICHARDS MEMORIAL DRIVE	99801	-134.58248269318582	58.382801436792825	
9951 STEPHEN RICHARDS MEMORIAL DRIVE	99801	-134.5825012856173	58.382659449847615	
9951 STEPHEN RICHARDS MEMORIAL DRIVE	99801	-134.5825208347545	58.38252761386857	
9951 STEPHEN RICHARDS MEMORIAL DRIVE	99801	-134.5824280082429	58.382395712878036	
9951 STEPHEN RICHARDS MEMORIAL DRIVE	99801	-134.58320000243177	58.383501856858004	
9951 STEPHEN RICHARDS MEMORIAL DRIVE	99801	-134.5824584656226	58.382276214104074	
9951 STEPHEN RICHARDS MEMORIAL DRIVE	99801	-134.58258586289958	58.382128495079414	
9951 STEPHEN RICHARDS MEMORIAL DRIVE	99801	-134.58198736842635	58.38269283119464	
2865 MENDENHALL LOOP ROAD	99801	-134.58177964200007	58.375071343823834	
2865 MENDENHALL LOOP ROAD	99801	-134.5817077803706	58.375165015138315	
2865 MENDENHALL LOOP ROAD	99801	-134.58106559184196	58.37511346019441	
2865 MENDENHALL LOOP ROAD	99801	-134.58161996915328	58.37529817303738	
9951 STEPHEN RICHARDS MEMORIAL DRIVE	99801	-134.58201079199742	58.38254015588314	
2865 MENDENHALL LOOP ROAD	99801	-134.58099776993635	58.37525146005705	
9951 STEPHEN RICHARDS MEMORIAL DRIVE	99801	-134.5820295057014	58.382425966025664	
9951 STEPHEN RICHARDS MEMORIAL DRIVE	99801	-134.5814341032294	58.38302590592022	
9951 STEPHEN RICHARDS MEMORIAL DRIVE	99801	-134.58139061758314	58.38319376706217	
9951 STEPHEN RICHARDS MEMORIAL DRIVE	99801	-134.5813463297413	58.38333817289246	
9951 STEPHEN RICHARDS MEMORIAL DRIVE	99801	-134.58133109790737	58.383468770133994	
9951 STEPHEN RICHARDS MEMORIAL DRIVE	99801	-134.58127174621654	58.38359447823438	
9951 STEPHEN RICHARDS MEMORIAL DRIVE	99801	-134.58206283230012	58.38228731512846	
9951 STEPHEN RICHARDS MEMORIAL DRIVE	99801	-134.58194705113812	58.38215854500895	
9951 STEPHEN RICHARDS MEMORIAL DRIVE	99801	-134.5815802510413	58.38216140598622	
2865 MENDENHALL LOOP ROAD	99801	-134.5815831903289	58.375390283216916	
2865 MENDENHALL LOOP ROAD	99801	-134.58094950435444	58.37542114717881	
9951 STEPHEN RICHARDS MEMORIAL DRIVE	99801	-134.5816183018801	58.383747296851624	
2865 MENDENHALL LOOP ROAD	99801	-134.58153942800152	58.37551823678195	
2865 MENDENHALL LOOP ROAD	99801	-134.58083233799024	58.375593863152275	
2865 MENDENHALL LOOP ROAD	99801	-134.5807367267013	58.37573916396225	
2865 MENDENHALL LOOP ROAD	99801	-134.58139383265353	58.375754374881765	
9951 STEPHEN RICHARDS MEMORIAL DRIVE	99801	-134.5813036346125	58.382236420962535	
2865 MENDENHALL LOOP ROAD	99801	-134.5807810495774	58.37586898906447	
2865 MENDENHALL LOOP ROAD	99801	-134.58138572984967	58.37588729881151	
2865 MENDENHALL LOOP ROAD	99801	-134.58077660740835	58.3760036157887	
9951 STEPHEN RICHARDS MEMORIAL DRIVE	99801	-134.5819642188415	58.383723008121684	
9951 STEPHEN RICHARDS MEMORIAL DRIVE	99801	-134.5813181648622	58.38241889204714	
2865 MENDENHALL LOOP ROAD	99801	-134.58137444611137	58.37599641522953	
2865 MENDENHALL LOOP ROAD	99801	-134.58069446995034	58.376164056884704	
9951 STEPHEN RICHARDS MEMORIAL DRIVE	99801	-134.58140072093514	58.38255707384438	
9951 STEPHEN RICHARDS MEMORIAL DRIVE	99801	-134.58133712919619	58.38280257080235	
9951 STEPHEN RICHARDS MEMORIAL DRIVE	99801	-134.58204162756783	58.38360097415399	
9951 STEPHEN RICHARDS MEMORIAL DRIVE	99801	-134.58210299507817	58.38347211181966	
9951 STEPHEN RICHARDS MEMORIAL DRIVE	99801	-134.58211445039467	58.38334789988886	
2865 MENDENHALL LOOP ROAD	99801	-134.58139942286957	58.376104967023856	
9951 STEPHEN RICHARDS MEMORIAL DRIVE	99801	-134.58205960555162	58.38316716898471	
2865 MENDENHALL LOOP ROAD	99801	-134.58145874761092	58.37622145190933	
9951 STEPHEN RICHARDS MEMORIAL DRIVE	99801	-134.58079470576635	58.382834585835134	
9951 STEPHEN RICHARDS MEMORIAL DRIVE	99801	-134.58204779989217	58.383035870822916	
2865 MENDENHALL LOOP ROAD	99801	-134.58144693656155	58.37630621881838	
9951 STEPHEN RICHARDS MEMORIAL DRIVE	99801	-134.58087390842834	58.38269815700545	
2865 MENDENHALL LOOP ROAD	99801	-134.58151517618379	58.37563842401507	
2865 MENDENHALL LOOP ROAD	99801	-134.58150530190218	58.37645500694509	
9951 STEPHEN RICHARDS MEMORIAL DRIVE	99801	-134.58024459814763	58.38266588613056	
9951 STEPHEN RICHARDS MEMORIAL DRIVE	99801	-134.5802278167198	58.382820252021666	
9951 STEPHEN RICHARDS MEMORIAL DRIVE	99801	-134.58028169407729	58.38305828477975	
9951 STEPHEN RICHARDS MEMORIAL DRIVE	99801	-134.58028870093648	58.38321444884305	
9951 STEPHEN RICHARDS MEMORIAL DRIVE	99801	-134.5802913877975	58.382559565103435	
9951 STEPHEN RICHARDS MEMORIAL DRIVE	99801	-134.5801659039321	58.38241922500122	
9951 STEPHEN RICHARDS MEMORIAL DRIVE	99801	-134.58028189170665	58.383314597806645	
9951 STEPHEN RICHARDS MEMORIAL DRIVE	99801	-134.58026809627884	58.38345855623403	
9951 STEPHEN RICHARDS MEMORIAL DRIVE	99801	-134.5802297085718	58.38362918717071	
9951 STEPHEN RICHARDS MEMORIAL DRIVE	99801	-134.5803388583704	58.38373171593727	
9951 STEPHEN RICHARDS MEMORIAL DRIVE	99801	-134.5802112769388	58.38222359109445	
9951 STEPHEN RICHARDS MEMORIAL DRIVE	99801	-134.58082169385244	58.38373144091897	
9951 STEPHEN RICHARDS MEMORIAL DRIVE	99801	-134.58021650423544	58.382032803063304	
9951 STEPHEN RICHARDS MEMORIAL DRIVE	99801	-134.5806979868547	58.382040789809444	
9951 STEPHEN RICHARDS MEMORIAL DRIVE	99801	-134.5810035029845	58.382053080983866	
9951 STEPHEN RICHARDS MEMORIAL DRIVE	99801	-134.58102040119329	58.38362070113466	
9951 STEPHEN RICHARDS MEMORIAL DRIVE	99801	-134.58090257995724	58.383464992842065	
9951 STEPHEN RICHARDS MEMORIAL DRIVE	99801	-134.58088957235194	58.383328304144264	
9951 STEPHEN RICHARDS MEMORIAL DRIVE	99801	-134.58098111337435	58.383189715189204	
9951 STEPHEN RICHARDS MEMORIAL DRIVE	99801	-134.58094340838693	58.382264629890386	
9951 STEPHEN RICHARDS MEMORIAL DRIVE	99801	-134.5808580082478	58.38305818305874	
9951 STEPHEN RICHARDS MEMORIAL DRIVE	99801	-134.58095485921183	58.382426055975074	
9951 STEPHEN RICHARDS MEMORIAL DRIVE	99801	-134.58092025700543	58.38254829180161	
2895 MENDENHALL LOOP ROAD	99801	-134.5791649273807	58.37618736685377	
9951 STEPHEN RICHARDS MEMORIAL DRIVE	99801	-134.57979746800316	58.38283472523155	
9951 STEPHEN RICHARDS MEMORIAL DRIVE	99801	-134.57982692465964	58.38270717400771	
9951 STEPHEN RICHARDS MEMORIAL DRIVE	99801	-134.5792028317941	58.38305875618147	
9951 STEPHEN RICHARDS MEMORIAL DRIVE	99801	-134.5792048700715	58.383161385030455	
9951 STEPHEN RICHARDS MEMORIAL DRIVE	99801	-134.579820868218	58.38257561182156	
9951 STEPHEN RICHARDS MEMORIAL DRIVE	99801	-134.57949418778009	58.38210824922638	
9951 STEPHEN RICHARDS MEMORIAL DRIVE	99801	-134.57993472788363	58.38240095584834	
9951 STEPHEN RICHARDS MEMORIAL DRIVE	99801	-134.57986860738714	58.38321109112141	
9951 STEPHEN RICHARDS MEMORIAL DRIVE	99801	-134.5792116649283	58.3833197549316	
9951 STEPHEN RICHARDS MEMORIAL DRIVE	99801	-134.5792050991419	58.38343598288769	
2895 MENDENHALL LOOP ROAD	99801	-134.57902624726376	58.3762710208212	
9951 STEPHEN RICHARDS MEMORIAL DRIVE	99801	-134.57906690321687	58.38368093499316	
9951 STEPHEN RICHARDS MEMORIAL DRIVE	99801	-134.57971855190377	58.38218481983859	
2895 MENDENHALL LOOP ROAD	99801	-134.57890020644288	58.37637782381562	
2895 MENDENHALL LOOP ROAD	99801	-134.57882011265215	58.37648273299219	
2895 MENDENHALL LOOP ROAD	99801	-134.57875235093363	58.37660341904387	
2895 MENDENHALL LOOP ROAD	99801	-134.5786352411633	58.376700768220374	
9951 STEPHEN RICHARDS MEMORIAL DRIVE	99801	-134.5798924666411	58.38227349300569	
9951 STEPHEN RICHARDS MEMORIAL DRIVE	99801	-134.57927792376532	58.383722556036695	
2895 MENDENHALL LOOP ROAD	99801	-134.57854530632864	58.37680713987787	
2895 MENDENHALL LOOP ROAD	99801	-134.57846785538146	58.376941008931404	
9951 STEPHEN RICHARDS MEMORIAL DRIVE	99801	-134.5790428355538	58.382424065785926	
9951 STEPHEN RICHARDS MEMORIAL DRIVE	99801	-134.57920607111902	58.38252644311706	
9951 STEPHEN RICHARDS MEMORIAL DRIVE	99801	-134.5791854161557	58.38268939289334	
9951 STEPHEN RICHARDS MEMORIAL DRIVE	99801	-134.57980707818007	58.383050836067085	
9951 STEPHEN RICHARDS MEMORIAL DRIVE	99801	-134.57962220758955	58.38370322892586	
9951 STEPHEN RICHARDS MEMORIAL DRIVE	99801	-134.57986050907485	58.38363646622897	
2895 MENDENHALL LOOP ROAD	99801	-134.5784039348591	58.37706944201366	
2895 MENDENHALL LOOP ROAD	99801	-134.57828207569588	58.37720195121112	
9951 STEPHEN RICHARDS MEMORIAL DRIVE	99801	-134.57983562843646	58.38346619699816	
9951 STEPHEN RICHARDS MEMORIAL DRIVE	99801	-134.57979900502062	58.38334127583051	
9951 STEPHEN RICHARDS MEMORIAL DRIVE	99801	-134.57910501963272	58.382814144007874	
2895 MENDENHALL LOOP ROAD	99801	-134.57817800766685	58.377324378000665	
2895 MENDENHALL LOOP ROAD	99801	-134.57805139192416	58.37742763913891	
2895 MENDENHALL LOOP ROAD	99801	-134.5780088719668	58.37757429406943	
2895 MENDENHALL LOOP ROAD	99801	-134.5780092582424	58.377690312992385	
2895 MENDENHALL LOOP ROAD	99801	-134.57788603992813	58.377767676941126	
2895 MENDENHALL LOOP ROAD	99801	-134.57790911944443	58.37790145992503	
2895 MENDENHALL LOOP ROAD	99801	-134.57787775296964	58.37802524405832	
2895 MENDENHALL LOOP ROAD	99801	-134.5779028177627	58.378153772102756	
2895 MENDENHALL LOOP ROAD	99801	-134.57787194176808	58.37828890302166	
2895 MENDENHALL LOOP ROAD	99801	-134.57776541235518	58.37842497116925	
2895 MENDENHALL LOOP ROAD	99801	-134.57772494235329	58.378558177051815	
2895 MENDENHALL LOOP ROAD	99801	-134.57967452637	58.37640420516243	
2895 MENDENHALL LOOP ROAD	99801	-134.57959281471344	58.376517103199355	
2895 MENDENHALL LOOP ROAD	99801	-134.5793760620152	58.37671753119212	
9951 STEPHEN RICHARDS MEMORIAL DRIVE	99801	-134.57859804102907	58.38279713292494	
2895 MENDENHALL LOOP ROAD	99801	-134.57944591501166	58.37660993085249	
9951 STEPHEN RICHARDS MEMORIAL DRIVE	99801	-134.57859953672403	58.38289978796555	
9951 STEPHEN RICHARDS MEMORIAL DRIVE	99801	-134.5786380573817	58.38305131782938	
9951 STEPHEN RICHARDS MEMORIAL DRIVE	99801	-134.57865267476802	58.38320211286414	
9951 STEPHEN RICHARDS MEMORIAL DRIVE	99801	-134.57864264507785	58.38332390803896	
9951 STEPHEN RICHARDS MEMORIAL DRIVE	99801	-134.57863884610254	58.383455804145775	
2895 MENDENHALL LOOP ROAD	99801	-134.57920617173033	58.37695794276644	
2895 MENDENHALL LOOP ROAD	99801	-134.57908256264892	58.377066590043626	
2895 MENDENHALL LOOP ROAD	99801	-134.57894746501333	58.37717000689848	
2895 MENDENHALL LOOP ROAD	99801	-134.57894178227085	58.37725785098033	
2895 MENDENHALL LOOP ROAD	99801	-134.57876421767853	58.377359013035765	
2895 MENDENHALL LOOP ROAD	99801	-134.57870858411468	58.37745061998221	
2895 MENDENHALL LOOP ROAD	99801	-134.57864820834442	58.37759663896223	
2895 MENDENHALL LOOP ROAD	99801	-134.5786459320135	58.37770972205531	
2895 MENDENHALL LOOP ROAD	99801	-134.57860932386905	58.3778486288008	
2895 MENDENHALL LOOP ROAD	99801	-134.5785653639123	58.377984543217025	
2895 MENDENHALL LOOP ROAD	99801	-134.5785464310194	58.37810472817167	
2895 MENDENHALL LOOP ROAD	99801	-134.57853705620107	58.37825724888406	
2895 MENDENHALL LOOP ROAD	99801	-134.57849374392964	58.378372999920856	
2895 MENDENHALL LOOP ROAD	99801	-134.57845842307097	58.37849823493789	
2895 MENDENHALL LOOP ROAD	99801	-134.57840752362867	58.37860268518769	
2895 MENDENHALL LOOP ROAD	99801	-134.57927459730382	58.37603370390769	
2895 MENDENHALL LOOP ROAD	99801	-134.5792826578869	58.376818884144555	
9951 STEPHEN RICHARDS MEMORIAL DRIVE	99801	-134.58248302735913	58.383445465917674	
9951 STEPHEN RICHARDS MEMORIAL DRIVE	99801	-134.57923349309138	58.382190649163476	
9951 STEPHEN RICHARDS MEMORIAL DRIVE	99801	-134.5790782893631	58.38228213383453	
3425 MEANDER WAY	99801	-134.58924351732037	58.38356622186485	
9302 STEPHEN RICHARDS MEMORIAL DRIVE	99801	-134.58604271665678	58.383708408127326	
9312 STEPHEN RICHARDS MEMORIAL DRIVE	99801	-134.58638920494673	58.38370429415176	
9322 STEPHEN RICHARDS MEMORIAL DRIVE	99801	-134.58688864309187	58.383627170206836	
3464 KANT COURT	99801	-134.58534915168042	58.38369809587404	
9332 STEPHEN RICHARDS MEMORIAL DRIVE	99801	-134.5872132205737	58.3836394777817	
9300 STEPHEN RICHARDS MEMORIAL DRIVE	99801	-134.5848406953482	58.383672190904015	
9296 STEPHEN RICHARDS MEMORIAL DRIVE	99801	-134.58443262934216	58.38362346309947	
9292 STEPHEN RICHARDS MEMORIAL DRIVE	99801	-134.584014516578	58.383681875896194	
9342 STEPHEN RICHARDS MEMORIAL DRIVE	99801	-134.58761159824937	58.383624577774704	
9352 STEPHEN RICHARDS MEMORIAL DRIVE	99801	-134.5880130221122	58.383609803968874	
3424 MEANDER WAY	99801	-134.58842940382277	58.38359727504954	
3460 KANT COURT	99801	-134.58511932490154	58.38347480409914	
3461 KANT COURT	99801	-134.5859747141898	58.38344720598773	
3454 KANT COURT	99801	-134.58471548097737	58.38324044409659	
9343 PARKVIEW COURT	99801	-134.58715848622342	58.38325977193191	
9341 PARKVIEW COURT	99801	-134.58668102895496	58.383182590032554	
9349 PARKVIEW COURT	99801	-134.58763748679755	58.383339918147975	
9351 PARKVIEW COURT	99801	-134.58800173028905	58.38330522588037	
3402 MEANDER WAY	99801	-134.5885408236641	58.383370375809776	
3457 KANT COURT	99801	-134.58610535528325	58.38322287705262	
3453 KANT COURT	99801	-134.58591502113913	58.383040971005954	
3450 KANT COURT	99801	-134.5851586603312	58.38296654122543	
9337 PARKVIEW COURT	99801	-134.586368585916	58.38295117094379	
9354 PARKVIEW COURT	99801	-134.58868781679067	58.382951896179364	
9350 PARKVIEW COURT	99801	-134.58820226570148	58.3828779508011	
3449 KANT COURT	99801	-134.58543655596094	58.382931358820834	
9346 PARKVIEW COURT	99801	-134.58783925290194	58.38285377402563	
9342 PARKVIEW COURT	99801	-134.5874649653472	58.382763251073065	
9357 CENTER COURT	99801	-134.58894648757504	58.38266213983443	
9334 PARKVIEW COURT	99801	-134.58637278643826	58.382599120999195	
9353 CENTER COURT	99801	-134.58860966964917	58.38261963877186	
9338 PARKVIEW COURT	99801	-134.58685768804548	58.38259246006714	
9349 CENTER COURT	99801	-134.588126788353	58.38254173587904	
3300 RIVERSIDE DRIVE	99801	-134.58767094095703	58.38060106283029	
9345 CENTER COURT	99801	-134.58761981603757	58.38235697619005	
3369 PARK PLACE	99801	-134.5844712892387	58.38246338400956	
9356 CENTER COURT	99801	-134.58914570785393	58.38236093491253	
3366 PARK PLACE	99801	-134.58367029383922	58.382460497155186	
9352 CENTER COURT	99801	-134.58872414376245	58.38221167908778	
3367 PARK PLACE	99801	-134.5843683872229	58.38232852998201	
9341 CENTER COURT	99801	-134.58742983762636	58.38216304816352	
3365 PARK PLACE	99801	-134.5843662869618	58.38229659407889	
9348 CENTER COURT	99801	-134.58824800522083	58.38199452090956	
9344 CENTER COURT	99801	-134.58782181300901	58.38195200208853	
3359 PARK PLACE	99801	-134.58442840815863	58.38212948594385	
9353 LAKEVIEW COURT	99801	-134.58922873913565	58.38166298916487	
9349 LAKEVIEW COURT	99801	-134.58890893889452	58.381867342933774	
3357 PARK PLACE	99801	-134.5843393357066	58.38204025293288	
3354 PARK PLACE	99801	-134.583765896145	58.382003979837975	
3355 PARK PLACE	99801	-134.58434196327883	58.38196507883076	
3352 PARK PLACE	99801	-134.58376471036885	58.38197373904392	
9345 LAKEVIEW COURT	99801	-134.58838050223366	58.381770139879094	
3353 PARK PLACE	99801	-134.584407353445	58.381860848107735	
9161 CINEMA DRIVE	99801	-134.5816713743471	58.38165357300146	
3350 PARK PLACE	99801	-134.58369219476583	58.38184052816239	
3349 PARK PLACE	99801	-134.5844358533957	58.38180650693298	
9091 CINEMA DRIVE	99801	-134.5789921849448	58.38167466682409	
3346 PARK PLACE	99801	-134.58369222171532	58.38181111609568	
9341 LAKEVIEW COURT	99801	-134.58815603570204	58.38149020023484	
3347 PARK PLACE	99801	-134.58435821470064	58.381684973075714	
3344 PARK PLACE	99801	-134.58373067589764	58.381667371819674	
3345 PARK PLACE	99801	-134.58435865577343	58.38165618394547	
3342 PARK PLACE	99801	-134.58373029231703	58.38165249688177	
3343 PARK PLACE	99801	-134.58441330478374	58.38152005808908	
3340 PARK PLACE	99801	-134.5836900882165	58.38150884379489	
3335 PARK PLACE	99801	-134.58444516623027	58.38146869092223	
9344 LAKEVIEW COURT	99801	-134.58836514822883	58.38127136007454	
3336 PARK PLACE	99801	-134.58368653537957	58.38147873915239	
9348 LAKEVIEW COURT	99801	-134.5887664166831	58.381212591011156	
3333 PARK PLACE	99801	-134.5843778734323	58.38135392303278	
3334 PARK PLACE	99801	-134.58374105413415	58.38133853603601	
3331 PARK PLACE	99801	-134.58441591977953	58.38125624478271	
3332 PARK PLACE	99801	-134.58373882002402	58.38131673605229	
3329 PARK PLACE	99801	-134.58463940355423	58.3811894501387	
3330 PARK PLACE	99801	-134.58368838141743	58.38118176696629	
9351 RIVERCOURT WAY	99801	-134.58922894484982	58.38091685002694	
9347 RIVERCOURT WAY	99801	-134.58883730903037	58.38090933021809	
3327 PARK PLACE	99801	-134.58456379325509	58.38106372922819	
3326 PARK PLACE	99801	-134.5836933446094	58.381117170136136	
9343 RIVERCOURT WAY	99801	-134.58830255541645	58.38091790921451	
9160 CINEMA DRIVE	99801	-134.58246519130915	58.38101109922914	
3325 PARK PLACE	99801	-134.58456030958843	58.38102748103179	
3324 PARK PLACE	99801	-134.5837451531468	58.380985669837536	
3323 PARK PLACE	99801	-134.58466875420953	58.380894499230756	
3322 PARK PLACE	99801	-134.5837485739314	58.38095368091313	
3321 PARK PLACE	99801	-134.5849334661642	58.38085504503467	
3320 PARK PLACE	99801	-134.58369270141566	58.38081581120403	
3314 PARK PLACE	99801	-134.5836180900431	58.38077194212905	
3319 PARK PLACE	99801	-134.58488221098904	58.380717383105235	
3312 PARK PLACE	99801	-134.5836937668176	58.380703792080716	
3317 PARK PLACE	99801	-134.58488179776398	58.38069535290804	
9350 RIVERCOURT WAY	99801	-134.58901147978753	58.38055531010253	
9346 RIVERCOURT WAY	99801	-134.58873175878114	58.38053214807645	
9342 RIVERCOURT WAY	99801	-134.58832231835268	58.3805175439355	
3315 PARK PLACE	99801	-134.5849669742226	58.38055788015397	
3310 PARK PLACE	99801	-134.5837124400974	58.380561794807775	
3306 PARK PLACE	99801	-134.58384759342852	58.380512690173084	
3309 PARK PLACE	99801	-134.58465365712286	58.38053142797172	
3304 PARK PLACE	99801	-134.58411802405828	58.38050978479143	
3307 PARK PLACE	99801	-134.58436897561944	58.38050851507032	
9183 PARKWOOD DRIVE	99801	-134.58759810735043	58.3802007580069	
9179 PARKWOOD DRIVE	99801	-134.5871110417017	58.380192014938864	
9175 PARKWOOD DRIVE	99801	-134.58667709972394	58.38018128296587	
9171 PARKWOOD DRIVE	99801	-134.58627147084727	58.38017493995244	
9167 PARKWOOD DRIVE	99801	-134.58581688917752	58.380153646954774	
9163 PARKWOOD DRIVE	99801	-134.58528526529406	58.380178673796536	
9159 PARKWOOD DRIVE	99801	-134.58486455999198	58.38016102987257	
9155 PARKWOOD DRIVE	99801	-134.58448799430974	58.38014999694062	
9151 PARKWOOD DRIVE	99801	-134.5839987179071	58.380189483009225	
9147 PARKWOOD DRIVE	99801	-134.58362975915867	58.380191155891325	
9143 PARKWOOD DRIVE	99801	-134.58327616519483	58.380191449776	
9139 PARKWOOD DRIVE	99801	-134.5827541622681	58.38015606208653	
9137 PARKWOOD DRIVE	99801	-134.58232360334566	58.38017892011345	
3110 GLACIERWOOD DRIVE	99801	-134.58186449237027	58.37996372985837	
9180 PARKWOOD DRIVE	99801	-134.58751948410182	58.379736100781884	
9170 PARKWOOD DRIVE	99801	-134.58664694058487	58.37971090784275	
9166 PARKWOOD DRIVE	99801	-134.58573701277908	58.37971724104916	
9158 PARKWOOD DRIVE	99801	-134.584657680677	58.37972298506431	
3101 RIVERWOOD DRIVE	99801	-134.5842743129514	58.37973530483393	
3100 GLACIERWOOD DRIVE	99801	-134.58193469840464	58.379629061162085	
9144 PARKWOOD DRIVE	99801	-134.58339799471364	58.37964322012725	
3101 GLACIERWOOD DRIVE	99801	-134.58294230272622	58.37967851790382	
3018 MOUNTAINWOOD CIRCLE	99801	-134.5875851689154	58.37952252280904	
3011 MOUNTAINWOOD CIRCLE	99801	-134.58671494035696	58.37946322380679	
3090 MOUNTAINWOOD CIRCLE	99801	-134.5848608032375	58.379456508119986	
3089 MOUNTAINWOOD CIRCLE	99801	-134.58572233340905	58.379535491185095	
3090 RIVERWOOD DRIVE	99801	-134.5834712199857	58.37947772900774	
3091 RIVERWOOD DRIVE	99801	-134.58436459184085	58.379430128113576	
3091 GLACIERWOOD DRIVE	99801	-134.5829808970458	58.379410030012274	
3090 GLACIERWOOD DRIVE	99801	-134.58208547343855	58.37944042701436	
3019 MOUNTAINWOOD CIRCLE	99801	-134.58661995968532	58.379280957851584	
3022 MOUNTAINWOOD CIRCLE	99801	-134.58747605594772	58.37933690283762	
3086 MOUNTAINWOOD CIRCLE	99801	-134.58502929125217	58.37929109006859	
3085 MOUNTAINWOOD CIRCLE	99801	-134.5857442199626	58.37930732807889	
3080 RIVERWOOD DRIVE	99801	-134.5836367561364	58.37928424294525	
3081 RIVERWOOD DRIVE	99801	-134.5845465141606	58.37918569000148	
3080 GLACIERWOOD DRIVE	99801	-134.5821306676805	58.379224027953555	
3081 GLACIERWOOD DRIVE	99801	-134.58299275031595	58.37921610603614	
3026 MOUNTAINWOOD CIRCLE	99801	-134.58738570159983	58.37909531494382	
3027 MOUNTAINWOOD CIRCLE	99801	-134.58673438708624	58.379054407162045	
3082 MOUNTAINWOOD CIRCLE	99801	-134.58497806212816	58.379070893960865	
3083 MOUNTAINWOOD CIRCLE	99801	-134.5858691747203	58.379060189905836	
3070 RIVERWOOD DRIVE	99801	-134.5836470643043	58.37906840198441	
3071 RIVERWOOD DRIVE	99801	-134.58446018067193	58.378998270979096	
3070 GLACIERWOOD DRIVE	99801	-134.58220122226123	58.378997273903906	
3071 GLACIERWOOD DRIVE	99801	-134.58320083696668	58.37900723382194	
3035 MOUNTAINWOOD CIRCLE	99801	-134.5866288440235	58.37884662197043	
3078 MOUNTAINWOOD CIRCLE	99801	-134.58506605121192	58.378849988114304	
3071 MOUNTAINWOOD CIRCLE	99801	-134.58595701288712	58.37884378286072	
3030 MOUNTAINWOOD CIRCLE	99801	-134.58745932213063	58.37887688805272	
3060 RIVERWOOD DRIVE	99801	-134.58364896963099	58.37882501496443	
3061 RIVERWOOD DRIVE	99801	-134.5845222821058	58.378804054140126	
3060 GLACIERWOOD DRIVE	99801	-134.58239134799615	58.378814379127995	
3061 GLACIERWOOD DRIVE	99801	-134.58319706134753	58.37878977191037	
3045 MOUNTAINWOOD CIRCLE	99801	-134.5866943312077	58.378618580163106	
3074 MOUNTAINWOOD CIRCLE	99801	-134.58516800730175	58.378657866833414	
3067 MOUNTAINWOOD CIRCLE	99801	-134.58601480240768	58.37867117511062	
3050 RIVERWOOD DRIVE	99801	-134.58378246018052	58.37862122901098	
3034 MOUNTAINWOOD CIRCLE	99801	-134.58750079644898	58.378635443957435	
3051 RIVERWOOD DRIVE	99801	-134.5847014259364	58.378581738832004	
3051 GLACIERWOOD DRIVE	99801	-134.5833216738471	58.37859832711462	
3050 GLACIERWOOD DRIVE	99801	-134.58238239897932	58.37859010880373	
3051 MOUNTAINWOOD CIRCLE	99801	-134.58668988724196	58.37845449909753	
3059 MOUNTAINWOOD CIRCLE	99801	-134.5861774630511	58.37833239320857	
3072 MOUNTAINWOOD CIRCLE	99801	-134.5852643911418	58.378402250948724	
3038 MOUNTAINWOOD CIRCLE	99801	-134.5875299090507	58.37841145885929	
3040 RIVERWOOD DRIVE	99801	-134.58392085463322	58.37838498905371	
3041 RIVERWOOD DRIVE	99801	-134.5848005253836	58.378414470858154	
3040 GLACIERWOOD DRIVE	99801	-134.58249665120871	58.378349113015624	
3041 GLACIERWOOD DRIVE	99801	-134.5833363532172	58.37836971992323	
3042 MOUNTAINWOOD CIRCLE	99801	-134.587556903425	58.37822498713416	
3066 MOUNTAINWOOD CIRCLE	99801	-134.58532015226643	58.37822052586644	
3030 RIVERWOOD DRIVE	99801	-134.58399697787036	58.37821108994424	
3031 RIVERWOOD DRIVE	99801	-134.58490464012502	58.37813818118162	
3030 GLACIERWOOD DRIVE	99801	-134.58252569913176	58.378195329018986	
3031 GLACIERWOOD DRIVE	99801	-134.58343250169867	58.37814590222564	
3046 MOUNTAINWOOD CIRCLE	99801	-134.58742024721238	58.378018569074584	
3062 MOUNTAINWOOD CIRCLE	99801	-134.5856065989594	58.37798273316972	
3050 MOUNTAINWOOD CIRCLE	99801	-134.5868509354095	58.37792786179848	
3054 MOUNTAINWOOD CIRCLE	99801	-134.58643153985113	58.37793138911179	
3058 MOUNTAINWOOD CIRCLE	99801	-134.58602503511705	58.37794985416011	
3020 RIVERWOOD DRIVE	99801	-134.5840788287658	58.37798666694923	
3021 RIVERWOOD DRIVE	99801	-134.58487890159552	58.37790546200851	
3020 GLACIERWOOD DRIVE	99801	-134.58264073738704	58.377954998881485	
3021 GLACIERWOOD DRIVE	99801	-134.58354940395816	58.377878136016456	
3010 RIVERWOOD DRIVE	99801	-134.58410332312866	58.377770224116595	
9183 RIVERWOOD DRIVE	99801	-134.58749492955184	58.37771972519801	
9179 RIVERWOOD DRIVE	99801	-134.58687071092214	58.377688831218705	
9163 RIVERWOOD DRIVE	99801	-134.58522131243237	58.37762720096499	
9175 RIVERWOOD DRIVE	99801	-134.58639661784446	58.37765856882717	
3010 GLACIERWOOD DRIVE	99801	-134.5826589336614	58.377741233970625	
9171 RIVERWOOD DRIVE	99801	-134.58595922094608	58.377661754219325	
3011 GLACIERWOOD DRIVE	99801	-134.58363954989693	58.377673070060126	
9167 RIVERWOOD DRIVE	99801	-134.5856367320473	58.3776949839232	
3000 RIVERWOOD DRIVE	99801	-134.58429472177636	58.37751189305174	
3000 GLACIERWOOD DRIVE	99801	-134.58276995914233	58.37750967414801	
3001 GLACIERWOOD DRIVE	99801	-134.58365543660273	58.37752172197885	
2990 RIVERWOOD DRIVE	99801	-134.58451130469305	58.37732388014592	
9182 RIVERWOOD DRIVE	99801	-134.58762641596	58.3771927538181	
9158 RIVERWOOD DRIVE	99801	-134.58482897772362	58.377241915827106	
2990 GLACIERWOOD DRIVE	99801	-134.58290192614913	58.377274837887185	
2992 LINDA AVENUE	99801	-134.5868796338879	58.3771254870639	
9174 RIVERWOOD DRIVE	99801	-134.58650843474112	58.37726023286875	
2991 GLACIERWOOD DRIVE	99801	-134.58380404310353	58.377293534072955	
9170 RIVERWOOD DRIVE	99801	-134.58594922718856	58.377235617972936	
9166 RIVERWOOD DRIVE	99801	-134.58559749094076	58.37720929989202	
9162 RIVERWOOD DRIVE	99801	-134.5852320068758	58.37721151080751	
2987 GLACIERWOOD DRIVE	99801	-134.58392807618975	58.376966273087405	
2978 GLACIERWOOD DRIVE	99801	-134.58290705103784	58.377134756067946	
2989 LINDA AVENUE	99801	-134.58765015663633	58.3769023208907	
9179 GLACIERWOOD DRIVE	99801	-134.5868812050413	58.3769480199508	
9175 GLACIERWOOD DRIVE	99801	-134.58638439267173	58.3769064431958	
9171 GLACIERWOOD DRIVE	99801	-134.5860945853813	58.37692636279665	
9167 GLACIERWOOD DRIVE	99801	-134.58554667594004	58.37695205322927	
9155 GLACIERWOOD DRIVE	99801	-134.58437980391184	58.37694571622938	
9163 GLACIERWOOD DRIVE	99801	-134.58524866074288	58.37695313985462	
9159 GLACIERWOOD DRIVE	99801	-134.5846978811843	58.376902572882614	
2970 GLACIERWOOD DRIVE	99801	-134.58316977142752	58.376807245856064	
2981 GLACIERWOOD COURT	99801	-134.58795311885578	58.37671395618489	
2960 GLACIERWOOD DRIVE	99801	-134.5835577178661	58.376645077170785	
2971 GLACIERWOOD COURT	99801	-134.58817275424778	58.376522314072176	
2960 LINDA AVENUE	99801	-134.58700931737724	58.376385582926474	
9174 GLACIERWOOD DRIVE	99801	-134.58650850840297	58.37648269719475	
2959 LINDA AVENUE	99801	-134.58759212636727	58.3761491951699	
9170 GLACIERWOOD DRIVE	99801	-134.58605911180905	58.37647767519458	
9150 GLACIERWOOD DRIVE	99801	-134.5838731406169	58.37650759616883	
9166 GLACIERWOOD DRIVE	99801	-134.58562801838903	58.376446013779635	
9162 GLACIERWOOD DRIVE	99801	-134.58523930389086	58.376452177063285	
9158 GLACIERWOOD DRIVE	99801	-134.5848573501135	58.37646584320481	
9154 GLACIERWOOD DRIVE	99801	-134.58434567062602	58.37646165019541	
2961 GLACIERWOOD COURT	99801	-134.5883341608431	58.37633575181715	
9147 SKYWOOD LANE	99801	-134.58344231130158	58.3760653379022	
2954 LINDA AVENUE	99801	-134.58696506726466	58.37620526805924	
9151 SKYWOOD LANE	99801	-134.58389047001702	58.37623589108708	
9175 SKYWOOD LANE	99801	-134.58645803566043	58.3761590809994	
2951 GLACIERWOOD COURT	99801	-134.58849769285237	58.37607920108159	
9171 SKYWOOD LANE	99801	-134.58600410616756	58.376185073916176	
9167 SKYWOOD LANE	99801	-134.58564535587402	58.37618044611953	
9155 SKYWOOD LANE	99801	-134.58439503933909	58.376177699115665	
9163 SKYWOOD LANE	99801	-134.58518366673377	58.376172556019235	
9159 SKYWOOD LANE	99801	-134.584703453434	58.37616067305668	
2941 GLACIERWOOD COURT	99801	-134.5886662769868	58.37593078819077	
2948 GLACIERWOOD COURT	99801	-134.58774266334763	58.37590008906284	
9146 SKYWOOD LANE	99801	-134.58342084605786	58.375796295902575	
2931 GLACIERWOOD COURT	99801	-134.5888340652139	58.37573235618696	
9178 SKYWOOD LANE	99801	-134.5868591172651	58.37567971305241	
9174 SKYWOOD LANE	99801	-134.58649726329224	58.37572224602825	
9170 SKYWOOD LANE	99801	-134.58608065879946	58.37569337101463	
9166 SKYWOOD LANE	99801	-134.58564584815082	58.375761102106985	
9162 SKYWOOD LANE	99801	-134.58515062220604	58.37571466905967	
9158 SKYWOOD LANE	99801	-134.58479364518686	58.37569607377945	
2929 LINDA AVENUE	99801	-134.58800689200868	58.3756651328092	
9154 SKYWOOD LANE	99801	-134.58438890923557	58.37568969416134	
9150 SKYWOOD LANE	99801	-134.58401556670856	58.37566292085475	
2921 GLACIERWOOD COURT	99801	-134.5890064177809	58.375561447765854	
2928 GLACIERWOOD COURT	99801	-134.58827001214868	58.37533392311475	
2911 LINDA AVENUE	99801	-134.58760995792568	58.375457118987775	
2910 LINDA AVENUE	99801	-134.5868184747867	58.375464785978835	
2911 GLACIERWOOD COURT	99801	-134.58919177705496	58.37535393498395	
2821 MARSHA AVENUE	99801	-134.5846145283057	58.375383934160645	
2823 MARSHA AVENUE	99801	-134.5842333919953	58.3754428697884	
2822 MARSHA AVENUE	99801	-134.58399926767606	58.37539126720512	
2901 LINDA AVENUE	99801	-134.58764018892995	58.37527698402095	
8904 NANCY STREET	99801	-134.5772846942022	58.375426354916264	
2900 LINDA AVENUE	99801	-134.58679756380351	58.375280562942066	
2819 MARSHA AVENUE	99801	-134.5848177811219	58.375248600874535	
2901 GLACIERWOOD COURT	99801	-134.58923804478368	58.37510581291058	
2820 MARSHA AVENUE	99801	-134.58373785882668	58.37524210718502	
2918 GLACIERWOOD COURT	99801	-134.58825427276656	58.375076369792474	
2891 LINDA AVENUE	99801	-134.58765490692755	58.37510428298258	
2890 LINDA AVENUE	99801	-134.58677212800626	58.37509676099261	
3377 PARK PLACE	99801	-134.58478950664835	58.38268084399672	
3375 PARK PLACE	99801	-134.5846350628948	58.38262163789777	
3373 PARK PLACE	99801	-134.5845664729296	58.38249731277244	
3364 PARK PLACE	99801	-134.5837601648935	58.382320441106934	
3362 PARK PLACE	99801	-134.58376166508003	58.38229478802038	
3360 PARK PLACE	99801	-134.58367818464066	58.38216449395761	
3376 PARK PLACE	99801	-134.58372049079898	58.38281334812935	
3374 PARK PLACE	99801	-134.5837830979844	58.38266909791393	
3372 PARK PLACE	99801	-134.58378511200726	58.382626092957686	
3370 PARK PLACE	99801	-134.58370014216115	58.382502918820954	
3386 PARK PLACE	99801	-134.58354702162603	58.38331149298255	
3384 PARK PLACE	99801	-134.58369065774838	58.383166207817986	
3382 PARK PLACE	99801	-134.58375751576173	58.38304221096726	
3380 PARK PLACE	99801	-134.5837559230487	58.38289851691768	
2980 GLACIERWOOD DRIVE	99801	-134.58291662707876	58.37702434788937	
3104 GLACIERWOOD DRIVE	99801	-134.5819381506303	58.37971268577504	
9340 PARKVIEW COURT	99801	-134.58711101385393	58.38262702211543	
3456 KANT COURT	99801	-134.5847576613715	58.383359560036936	
2956 GLACIERWOOD COURT	99801	-134.5876712490792	58.37607592510991	
2991 LINDA AVENUE	99801	-134.5876463711357	58.37702258819102	
3356 PARK PLACE	99801	-134.5836734020101	58.38213463193946	
3363 PARK PLACE	99801	-134.58443984640715	58.38216957589993	
8904 NANCY STREET	99801	-134.57705588072295	58.37546138701068	
9160 CINEMA DRIVE	99801	-134.58223782771074	58.38093321586074	
9160 CINEMA DRIVE	99801	-134.58231961302914	58.38093372496755	
9160 CINEMA DRIVE	99801	-134.58239412289208	58.380935735962986	
9160 CINEMA DRIVE	99801	-134.5824748086726	58.380937738010076	
9204 CINEMA DRIVE	99801	-134.58315719501357	58.38099838288729	
9204 CINEMA DRIVE	99801	-134.5831777817049	58.380959909814514	
9204 CINEMA DRIVE	99801	-134.58319798930722	58.380924767794724	
9204 CINEMA DRIVE	99801	-134.58322422280847	58.38087906493761	
9196 CINEMA DRIVE	99801	-134.5832295273602	58.38074608587381	
9196 CINEMA DRIVE	99801	-134.58322790500281	58.380712989029355	
9196 CINEMA DRIVE	99801	-134.58322181712012	58.38066599310526	
9196 CINEMA DRIVE	99801	-134.58322203630905	58.38062136182533	
9192 CINEMA DRIVE	99801	-134.58319358307077	58.380510335820226	
9192 CINEMA DRIVE	99801	-134.583170941034	58.38046923799643	
9192 CINEMA DRIVE	99801	-134.58315053670066	58.38042620916461	
9192 CINEMA DRIVE	99801	-134.58313184365792	58.3803838462269	
9188 CINEMA DRIVE	99801	-134.5827698279883	58.380506376890054	
9188 CINEMA DRIVE	99801	-134.58276374100393	58.38046125607511	
9188 CINEMA DRIVE	99801	-134.58276591582523	58.38041134783231	
9188 CINEMA DRIVE	99801	-134.58276193179697	58.38037484888229	
9184 CINEMA DRIVE	99801	-134.58246772455826	58.3803983510493	
9184 CINEMA DRIVE	99801	-134.58237129939565	58.380401485800725	
9184 CINEMA DRIVE	99801	-134.58228166369997	58.38040028012711	
9184 CINEMA DRIVE	99801	-134.582209113961	58.38040179899326	
9180 CINEMA DRIVE	99801	-134.5819245411537	58.38050355722345	
9180 CINEMA DRIVE	99801	-134.5819303227109	58.380466936859754	
9180 CINEMA DRIVE	99801	-134.5819281829239	58.380426259087	
9180 CINEMA DRIVE	99801	-134.58192864016635	58.380377522088544	
9176 CINEMA DRIVE	99801	-134.58154087428912	58.380518129815556	
9176 CINEMA DRIVE	99801	-134.5815594092284	58.38048235296557	
9176 CINEMA DRIVE	99801	-134.5815822794372	58.380428418936575	
9176 CINEMA DRIVE	99801	-134.58160067064603	58.38039098607787	
9172 CINEMA DRIVE	99801	-134.58147966308567	58.380762187106505	
9172 CINEMA DRIVE	99801	-134.58148570605258	58.38072005110498	
9172 CINEMA DRIVE	99801	-134.58148446907245	58.38068495688441	
9172 CINEMA DRIVE	99801	-134.58148788626377	58.380650503138476	
9164 CINEMA DRIVE	99801	-134.58154764399313	58.38100829891219	
9164 CINEMA DRIVE	99801	-134.58153589223258	58.380968486914774	
9164 CINEMA DRIVE	99801	-134.58151930034927	58.3809327529079	
9164 CINEMA DRIVE	99801	-134.581500318049	58.38089739610347	
9168 CINEMA DRIVE	99801	-134.5820068115624	58.38079154211963	
9168 CINEMA DRIVE	99801	-134.58208583725624	58.38079060396524	
9168 CINEMA DRIVE	99801	-134.5821643392323	58.38079192501094	
9168 CINEMA DRIVE	99801	-134.5822571082517	58.38079314385805	
9200 CINEMA DRIVE	99801	-134.5824475924144	58.3807955240949	
9200 CINEMA DRIVE	99801	-134.58252486280023	58.380793600219256	
9200 CINEMA DRIVE	99801	-134.5826161603792	58.38079526695021	
9200 CINEMA DRIVE	99801	-134.58269480069578	58.3807961777887	
2981 RIVERSIDE DRIVE	99801	-134.58922253357363	58.37648525812256	
3025 DIMOND PARK LOOP	99801	-134.58895914932899	58.37795287797338	
9135 PARKWOOD DRIVE	99801	-134.58206846473695	58.38017990679391	
3061 RIVERWOOD DRIVE	99801	-134.58462665286712	58.37875257280695	
9945 STEPHEN RICHARDS MEMORIAL DRIVE	99801	-134.578436424228	58.383708123219485	
9951 STEPHEN RICHARDS MEMORIAL DRIVE	99801	-134.57808797581413	58.38347749779118	
9951 STEPHEN RICHARDS MEMORIAL DRIVE	99801	-134.5780918179086	58.38336700915535	
9951 STEPHEN RICHARDS MEMORIAL DRIVE	99801	-134.57805984866425	58.38322921998893	
9951 STEPHEN RICHARDS MEMORIAL DRIVE	99801	-134.57809608490618	58.38309352592407	
9951 STEPHEN RICHARDS MEMORIAL DRIVE	99801	-134.57806389826956	58.38297471801662	
9951 STEPHEN RICHARDS MEMORIAL DRIVE	99801	-134.57809482995972	58.382815230923605	
9000 STEPHEN RICHARDS MEMORIAL DRIVE	99801	-134.5782770011128	58.38262924917419	
9000 STEPHEN RICHARDS MEMORIAL DRIVE	99801	-134.5784166693766	58.382625262225595	
9000 STEPHEN RICHARDS MEMORIAL DRIVE	99801	-134.57828468440343	58.38254335119519	
9000 STEPHEN RICHARDS MEMORIAL DRIVE	99801	-134.57841948918824	58.38254655592569	
9000 STEPHEN RICHARDS MEMORIAL DRIVE	99801	-134.578295820818	58.382468277062415	
9000 STEPHEN RICHARDS MEMORIAL DRIVE	99801	-134.57841271858595	58.382467567828805	
9000 STEPHEN RICHARDS MEMORIAL DRIVE	99801	-134.57829462695702	58.38239345378066	
9000 STEPHEN RICHARDS MEMORIAL DRIVE	99801	-134.57842105315515	58.382389441845646	
9000 STEPHEN RICHARDS MEMORIAL DRIVE	99801	-134.57829599868444	58.38226406381886	
9000 STEPHEN RICHARDS MEMORIAL DRIVE	99801	-134.57842832771234	58.38226581901729	
9000 STEPHEN RICHARDS MEMORIAL DRIVE	99801	-134.57829116215495	58.38220099293971	
9000 STEPHEN RICHARDS MEMORIAL DRIVE	99801	-134.5784272542256	58.382196897155076	
9000 STEPHEN RICHARDS MEMORIAL DRIVE	99801	-134.57830561425126	58.382121939078814	
9000 STEPHEN RICHARDS MEMORIAL DRIVE	99801	-134.57841662715575	58.3821146239163	
9000 STEPHEN RICHARDS MEMORIAL DRIVE	99801	-134.5783021189065	58.3820385358697	
9000 STEPHEN RICHARDS MEMORIAL DRIVE	99801	-134.57840344527727	58.382041167977725	
9951 STEPHEN RICHARDS MEMORIAL DRIVE	99801	-134.5829046920619	58.38203634786206	
9951 STEPHEN RICHARDS MEMORIAL DRIVE	99801	-134.58136443259093	58.38270211616058	
9165 RIVERWOOD DRIVE	99801	-134.58512809784858	58.37770371112504	
2992 RIVERWOOD DRIVE	99801	-134.58443883670074	58.37740056900417	
3028 MOUNTAINWOOD CIRCLE	99801	-134.58748086373114	58.37900400098179	
3048 MOUNTAINWOOD CIRCLE	99801	-134.58720739410077	58.37794682422365	
3087 MOUNTAINWOOD CIRCLE	99801	-134.58579972237243	58.37923590281959	
9350 RIVERCOURT WAY	99801	-134.58923321723734	58.38055340505237	
9192 CINEMA DRIVE	99801	-134.58328049597282	58.38049846185411	
9192 CINEMA DRIVE	99801	-134.58326115075317	58.380456981121554	
9192 CINEMA DRIVE	99801	-134.58323771730065	58.38041446280198	
9192 CINEMA DRIVE	99801	-134.58322238036382	58.38037082117575	
9188 CINEMA DRIVE	99801	-134.58286895438496	58.38050671080412	
9188 CINEMA DRIVE	99801	-134.58287584176824	58.38045791881386	
9188 CINEMA DRIVE	99801	-134.58287866876643	58.38040988406962	
9188 CINEMA DRIVE	99801	-134.582877114681	58.380375756905856	
9180 CINEMA DRIVE	99801	-134.58182798393878	58.380501227831125	
9180 CINEMA DRIVE	99801	-134.58183122955188	58.38046919278378	
9180 CINEMA DRIVE	99801	-134.58183222578356	58.38042863699378	
9180 CINEMA DRIVE	99801	-134.58183300282627	58.38037954583179	
9176 CINEMA DRIVE	99801	-134.58143598609826	58.38050505583364	
9176 CINEMA DRIVE	99801	-134.58145539869153	58.38046970519405	
9176 CINEMA DRIVE	99801	-134.58147234720602	58.38041729895949	
9176 CINEMA DRIVE	99801	-134.58148772636366	58.380383044170976	
2964 LINDA AVENUE	99801	-134.58700677424667	58.37650235797481	
2971 GLACIERWOOD COURT	99801	-134.58800017171205	58.376604679014136	
9332 PARKVIEW COURT	99801	-134.58613013081876	58.38265809590633	
9347 CENTER COURT	99801	-134.58770793537707	58.3823977901926	
3086 MOUNTAINWOOD CIRCLE	99801	-134.58506752444896	58.37922516490397	
3057 MOUNTAINWOOD CIRCLE	99801	-134.58637527297498	58.378345165146754	
3262 MENDENHALL LOOP ROAD	99801	-134.57586082674766	58.38023185418684	
3262 MENDENHALL LOOP ROAD	99801	-134.57586522579757	58.38019393178276	
3262 MENDENHALL LOOP ROAD	99801	-134.57586964191552	58.38015258915714	
3262 MENDENHALL LOOP ROAD	99801	-134.57587095165923	58.38011182106661	
3262 MENDENHALL LOOP ROAD	99801	-134.57586975959484	58.38006352917204	
3262 MENDENHALL LOOP ROAD	99801	-134.5758694110485	58.38001768720451	
3264 MENDENHALL LOOP ROAD	99801	-134.57547814533496	58.37987799493859	
3264 MENDENHALL LOOP ROAD	99801	-134.5754132393607	58.37987898209845	
3264 MENDENHALL LOOP ROAD	99801	-134.57535197156338	58.37987838914317	
3264 MENDENHALL LOOP ROAD	99801	-134.57528223085632	58.379878310961644	
3264 MENDENHALL LOOP ROAD	99801	-134.57520229696567	58.37987897880166	
3264 MENDENHALL LOOP ROAD	99801	-134.57514685743794	58.379878755089386	
3264 MENDENHALL LOOP ROAD	99801	-134.57482880441998	58.379882980189855	
3264 MENDENHALL LOOP ROAD	99801	-134.57491007320712	58.379882174825724	
3264 MENDENHALL LOOP ROAD	99801	-134.57431029324476	58.379884619176394	
3264 MENDENHALL LOOP ROAD	99801	-134.57459231842986	58.37988272821919	
3264 MENDENHALL LOOP ROAD	99801	-134.57498721513383	58.37988078309997	
3264 MENDENHALL LOOP ROAD	99801	-134.5750619369992	58.379879784165816	
3264 MENDENHALL LOOP ROAD	99801	-134.57437122686878	58.3798832651286	
3264 MENDENHALL LOOP ROAD	99801	-134.57443481321786	58.379884982767635	
3264 MENDENHALL LOOP ROAD	99801	-134.57464308581984	58.37988152017302	
3264 MENDENHALL LOOP ROAD	99801	-134.57470474438432	58.379881547960416	
3264 MENDENHALL LOOP ROAD	99801	-134.57448492214272	58.37988248990678	
3264 MENDENHALL LOOP ROAD	99801	-134.57410044859103	58.379887847226136	
3264 MENDENHALL LOOP ROAD	99801	-134.57415063027943	58.379887855232674	
3264 MENDENHALL LOOP ROAD	99801	-134.57476084327553	58.37988045718656	
3264 MENDENHALL LOOP ROAD	99801	-134.57454164536304	58.379882276084956	
3264 MENDENHALL LOOP ROAD	99801	-134.57420253673317	58.37988686807305	
3264 MENDENHALL LOOP ROAD	99801	-134.57425234202745	58.37988558985203	
3264 MENDENHALL LOOP ROAD	99801	-134.5739340123284	58.37989014981352	
3264 MENDENHALL LOOP ROAD	99801	-134.57398507795907	58.37988821223029	
3264 MENDENHALL LOOP ROAD	99801	-134.57403874780573	58.379889569103696	
3264 MENDENHALL LOOP ROAD	99801	-134.5737812690857	58.37989496598369	
3264 MENDENHALL LOOP ROAD	99801	-134.57384024258582	58.37989369388561	
3264 MENDENHALL LOOP ROAD	99801	-134.57388676363942	58.37989206102215	
3266 MENDENHALL LOOP ROAD	99801	-134.5735073610775	58.380253951080036	
3266 MENDENHALL LOOP ROAD	99801	-134.57350820010396	58.38021471187119	
3266 MENDENHALL LOOP ROAD	99801	-134.57351586363166	58.38016924499166	
3266 MENDENHALL LOOP ROAD	99801	-134.57351662630134	58.38011778307664	
3266 MENDENHALL LOOP ROAD	99801	-134.57351691555886	58.38007097192202	
3266 MENDENHALL LOOP ROAD	99801	-134.57352243840123	58.38003050186191	
3345 TONGASS BOULEVARD	99801	-134.572910224857	58.3826411440861	
3345 TONGASS BOULEVARD	99801	-134.5730542580347	58.38264023188241	
3345 TONGASS BOULEVARD	99801	-134.57317142709385	58.382639489215805	
3345 TONGASS BOULEVARD	99801	-134.57328398959223	58.382638776218165	
3345 TONGASS BOULEVARD	99801	-134.5734080972386	58.38263798881254	
3345 TONGASS BOULEVARD	99801	-134.57290874533174	58.382694610860405	
3345 TONGASS BOULEVARD	99801	-134.57305451944447	58.38269368688468	
3345 TONGASS BOULEVARD	99801	-134.57316858662094	58.382692965882235	
3345 TONGASS BOULEVARD	99801	-134.5732836967414	58.38269223499013	
3345 TONGASS BOULEVARD	99801	-134.57340751872357	58.382691450882234	
3335 TONGASS BOULEVARD	99801	-134.57298144419104	58.38210697579526	
3335 TONGASS BOULEVARD	99801	-134.5729829632422	58.38218049894158	
3335 TONGASS BOULEVARD	99801	-134.57304251885057	58.382105821041854	
3335 TONGASS BOULEVARD	99801	-134.5730439058494	58.38217711710342	
3339 TONGASS BOULEVARD	99801	-134.57298144419104	58.38227098806916	
3339 TONGASS BOULEVARD	99801	-134.57298775216097	58.38233952314459	
3339 TONGASS BOULEVARD	99801	-134.57305514736686	58.382272165893234	
3339 TONGASS BOULEVARD	99801	-134.57305404333735	58.38233906115209	
8750 HALOFF WAY	99801	-134.57355707115036	58.38377053493954	
3469 TONGASS BOULEVARD	99801	-134.5729161016356	58.38363108404907	
8527 JENNIFER DRIVE	99801	-134.57206817914397	58.38362136607828	
8758 HALOFF WAY	99801	-134.57565936427383	58.38364131202677	
8525 JENNIFER DRIVE	99801	-134.57140605430425	58.38363609985085	
8756 HALOFF WAY	99801	-134.57493211067765	58.38357869192973	
8521 JENNIFER DRIVE	99801	-134.5706246682291	58.38362662817428	
8754 HALOFF WAY	99801	-134.5747073656683	58.3836677482202	
8752 HALOFF WAY	99801	-134.57416944818797	58.383733812010036	
8519 JENNIFER DRIVE	99801	-134.57014024362726	58.38377086222982	
8513 JENNIFER DRIVE	99801	-134.5692437411434	58.383628877774186	
8511 JENNIFER DRIVE	99801	-134.56861647632658	58.383599867012784	
8509 JENNIFER DRIVE	99801	-134.5681241348722	58.383618519818086	
8505 JENNIFER DRIVE	99801	-134.5671441842883	58.38362095920062	
8503 JENNIFER DRIVE	99801	-134.56647668123497	58.38363837488001	
8501 JENNIFER DRIVE	99801	-134.56582538828096	58.38360806296501	
3465 TONGASS BOULEVARD	99801	-134.57309018076458	58.38315305287583	
3400 TONGASS BOULEVARD	99801	-134.5715859374483	58.38256693621521	
8500 EVERGREEN PARK ROAD	99801	-134.56704453237722	58.38318399481407	
8502 JENNIFER DRIVE	99801	-134.5663094499634	58.38316552779603	
8460 RAINBOW ROW	99801	-134.56540223956134	58.383126373767716	
8760 TRINITY DRIVE	99801	-134.57537219892862	58.38280177021423	
8748 TRINITY DRIVE	99801	-134.57493367284795	58.38279987282035	
8740 TRINITY DRIVE	99801	-134.57422590371033	58.38266861520459	
8501 RAINBOW ROW	99801	-134.56655426333617	58.382842280891815	
8502 EVERGREEN PARK ROAD	99801	-134.56744088435192	58.382948046779504	
8500 RAINBOW ROW	99801	-134.5656042877367	58.382755732128764	
8503 RAINBOW ROW	99801	-134.56668572908308	58.382608764843596	
8506 EVERGREEN PARK ROAD	99801	-134.567800804252	58.38258497781951	
3300 MENDENHALL LOOP ROAD	99801	-134.57394897915935	58.38138342778751	
8505 RAINBOW ROW	99801	-134.56693192316646	58.38231180311309	
8510 EVERGREEN PARK ROAD	99801	-134.5679739554213	58.38228664215367	
8504 RAINBOW ROW	99801	-134.56629294521665	58.382141564221136	
8512 EVERGREEN PARK ROAD	99801	-134.56812063503583	58.38215506379979	
8511 RAINBOW ROW	99801	-134.56737667726702	58.381910935143026	
3323 TONGASS BOULEVARD	99801	-134.57320812057824	58.38172123001546	
8514 EVERGREEN PARK ROAD	99801	-134.56833392922027	58.38198305481058	
8506 RAINBOW ROW	99801	-134.5664943394185	58.38194491011899	
8513 RAINBOW ROW	99801	-134.56755049857952	58.38174928111671	
8600 EVERGREEN PARK ROAD	99801	-134.56864463581582	58.381625665934735	
3315 TONGASS BOULEVARD	99801	-134.57310529402093	58.38136446014528	
8510 RAINBOW ROW	99801	-134.5669174252561	58.38150646219333	
8616 EVERGREEN PARK ROAD	99801	-134.5720093601541	58.3813818599845	
8612 EVERGREEN PARK ROAD	99801	-134.571356428673	58.38138967498017	
8610 EVERGREEN PARK ROAD	99801	-134.57074274728157	58.38140622991766	
8517 RAINBOW ROW	99801	-134.56783647904686	58.3813642628158	
8606 EVERGREEN PARK ROAD	99801	-134.57020627519054	58.38139718620946	
8604 EVERGREEN PARK ROAD	99801	-134.56939742222727	58.38143417389225	
8525 RAINBOW ROW	99801	-134.56810488936554	58.38113160118778	
8512 RAINBOW ROW	99801	-134.56713056043873	58.38124952284387	
8744 HAYES WAY	99801	-134.57353365386757	58.380914296014254	
8601 HAYES WAY	99801	-134.56889619373976	58.380992348027526	
8740 HAYES WAY	99801	-134.5730094258138	58.38092841301915	
8615 HAYES WAY	99801	-134.57196615657884	58.38099854018735	
8611 HAYES WAY	99801	-134.57135636219766	58.38096235079377	
8609 HAYES WAY	99801	-134.5707293048917	58.38094384399397	
8605 HAYES WAY	99801	-134.57017186702024	58.38096665017592	
8603 HAYES WAY	99801	-134.569483505086	58.38107552906375	
8516 RAINBOW ROW	99801	-134.56756752075583	58.380980422889195	
8520 RAINBOW ROW	99801	-134.56773906663577	58.380779451135076	
8743 HAYES WAY	99801	-134.57348966516471	58.38056891107455	
3259 TONGASS BOULEVARD	99801	-134.5728461129935	58.38043209482507	
8618 HAYES WAY	99801	-134.5719739413791	58.380585424952386	
8616 HAYES WAY	99801	-134.57153470203608	58.38057354017937	
8614 HAYES WAY	99801	-134.5710453762261	58.380590956892505	
8526 RAINBOW ROW	99801	-134.56779122102455	58.38041909381098	
8610 HAYES WAY	99801	-134.5703175791492	58.380548917234144	
8606 HAYES WAY	99801	-134.5695743409309	58.380584954930555	
8604 HAYES WAY	99801	-134.568972015143	58.38057004609776	
3260 TONGASS BOULEVARD	99801	-134.5719993259724	58.38037032383499	
3257 TONGASS BOULEVARD	99801	-134.57300376103765	58.38007467280919	
3228 TONGASS BOULEVARD	99801	-134.57215986569344	58.37938803808992	
3255 TONGASS BOULEVARD	99801	-134.57305164932714	58.37985581397663	
3253 TONGASS BOULEVARD	99801	-134.57294181231734	58.37963768992237	
3240 BRESEE STREET	99801	-134.57359118736824	58.37946985989693	
8742 LORI AVENUE	99801	-134.57305097918393	58.37946130409728	
3209 BRESEE STREET	99801	-134.57431250489697	58.37833581592077	
3220 BRESEE STREET	99801	-134.57340537713995	58.37899304304555	
3219 TONGASS BOULEVARD	99801	-134.5729680125809	58.379038023972115	
3216 BRESEE STREET	99801	-134.57351597412446	58.3788181239488	
3215 TONGASS BOULEVARD	99801	-134.57301021633128	58.37878808577416	
8617 MARILYN AVENUE	99801	-134.5720925091151	58.378671455820246	
8613 MARILYN AVENUE	99801	-134.57166173280038	58.378714905030535	
8609 MARILYN AVENUE	99801	-134.5711397038225	58.37871668819391	
8607 MARILYN AVENUE	99801	-134.5706612089999	58.37874102323119	
8605 MARILYN AVENUE	99801	-134.57016387830242	58.37874237590985	
8601 MARILYN AVENUE	99801	-134.569690515555	58.37872484618873	
8597 MARILYN AVENUE	99801	-134.56935488699858	58.37869216286026	
8595 MARILYN AVENUE	99801	-134.5688004989075	58.37872329804911	
3212 BRESEE STREET	99801	-134.5735187148844	58.378501165918784	
3211 TONGASS BOULEVARD	99801	-134.57302007893477	58.37852312212771	
8620 MARILYN AVENUE	99801	-134.57209584366146	58.378311343073655	
8612 MARILYN AVENUE	99801	-134.5716225653557	58.37832977777952	
8610 MARILYN AVENUE	99801	-134.57118023311315	58.37830807484515	
3208 BRESEE STREET	99801	-134.5735741517172	58.37825583495745	
8608 MARILYN AVENUE	99801	-134.57077434103016	58.37832653310243	
3207 TONGASS BOULEVARD	99801	-134.572964043824	58.37825692813656	
8606 MARILYN AVENUE	99801	-134.5702602459728	58.378311198007474	
8602 MARILYN AVENUE	99801	-134.5699392141414	58.37833769094708	
3208 MALISSA DRIVE	99801	-134.56915389973352	58.37820454216448	
8787 GAIL AVENUE	99801	-134.5756754620837	58.37795611985884	
8725 GAIL AVENUE	99801	-134.57502216858154	58.37807898488472	
8721 GAIL AVENUE	99801	-134.57437265788505	58.37804711201586	
8621 GAIL AVENUE	99801	-134.57212142588412	58.378062369040066	
8711 GAIL AVENUE	99801	-134.57348575928987	58.37802202290312	
8619 GAIL AVENUE	99801	-134.57174616006407	58.37807629596136	
8707 GAIL AVENUE	99801	-134.57303732030002	58.378051259150105	
8615 GAIL AVENUE	99801	-134.5711488657401	58.378058377807314	
8611 GAIL AVENUE	99801	-134.5707489779964	58.378060919780836	
8609 GAIL AVENUE	99801	-134.5702034975997	58.37809303190371	
3204 MALISSA DRIVE	99801	-134.56925661400143	58.37800327293857	
8809 GAIL AVENUE	99801	-134.57565231878706	58.37767647399621	
3202 MALISSA DRIVE	99801	-134.5694917686883	58.37781517692931	
3166 BRESEE STREET	99801	-134.5735844248508	58.37759976878156	
3169 BRESEE STREET	99801	-134.57436958025684	58.37759947581732	
3190 TONGASS BOULEVARD	99801	-134.5721932479877	58.37762627685655	
8728 GAIL AVENUE	99801	-134.57475074711004	58.377604007814114	
3171 TONGASS BOULEVARD	99801	-134.57301998730665	58.37762443193664	
8618 GAIL AVENUE	99801	-134.57172923490577	58.37763395420929	
8616 GAIL AVENUE	99801	-134.57117126343508	58.37764361212828	
8614 GAIL AVENUE	99801	-134.570872197209	58.37764676502262	
8610 GAIL AVENUE	99801	-134.5704546180441	58.37764985621523	
3200 MALISSA DRIVE	99801	-134.56966445812355	58.37748874786759	
8813 GAIL AVENUE	99801	-134.57563753341577	58.377343159883466	
3165 BRESEE STREET	99801	-134.57437150534653	58.37739561119148	
3164 BRESEE STREET	99801	-134.57350593006126	58.3774442679997	
3167 TONGASS BOULEVARD	99801	-134.57292095613138	58.377396833924024	
8812 GAIL AVENUE	99801	-134.57489740785994	58.37737733284267	
3168 TONGASS BOULEVARD	99801	-134.5722237026725	58.3773919500588	
3163 TONGASS BOULEVARD	99801	-134.57295178631193	58.3772020091452	
8817 GAIL AVENUE	99801	-134.57561649127857	58.37714710782808	
3160 BRESEE STREET	99801	-134.57350154179107	58.377201270132176	
3166 TONGASS BOULEVARD	99801	-134.57222603829223	58.377200165145126	
3161 BRESEE STREET	99801	-134.5743619176275	58.37715104688185	
8816 GAIL AVENUE	99801	-134.57484585085083	58.37713696981417	
3159 TONGASS BOULEVARD	99801	-134.57302197707497	58.377011088918124	
8821 GAIL AVENUE	99801	-134.57564374167274	58.3769333780581	
3162 TONGASS BOULEVARD	99801	-134.5722222051809	58.37702405915945	
3157 BRESEE STREET	99801	-134.5743273998627	58.37689385207679	
8820 GAIL AVENUE	99801	-134.5748173841378	58.37694142483539	
3043 TONGASS BOULEVARD	99801	-134.57347698813942	58.376848748778805	
3158 TONGASS BOULEVARD	99801	-134.57235459080263	58.37683131090649	
8825 GAIL AVENUE	99801	-134.57570941660484	58.37668034120802	
8824 GAIL AVENUE	99801	-134.57486890072272	58.376679003993814	
3029 TONGASS BOULEVARD	99801	-134.57447635041828	58.376678368122256	
3044 TONGASS BOULEVARD	99801	-134.5726106160485	58.37666901421543	
8829 GAIL AVENUE	99801	-134.57583237979753	58.37648504616423	
3040 TONGASS BOULEVARD	99801	-134.57296699389138	58.37658497118946	
8828 GAIL AVENUE	99801	-134.57495807019276	58.37642220705601	
8833 GAIL AVENUE	99801	-134.576012209941	58.376330449067744	
8837 GAIL AVENUE	99801	-134.57620274261276	58.376144220224546	
8832 GAIL AVENUE	99801	-134.57508361694025	58.37625497217705	
8836 GAIL AVENUE	99801	-134.57536504294907	58.376109868024045	
8841 GAIL AVENUE	99801	-134.57641376765278	58.37599821595825	
8840 GAIL AVENUE	99801	-134.5755737117081	58.37592927384237	
8845 GAIL AVENUE	99801	-134.5765796227054	58.375830478838594	
8842 GAIL AVENUE	99801	-134.57577035382212	58.37578469119075	
8849 GAIL AVENUE	99801	-134.57657565125353	58.37561230493053	
8846 GAIL AVENUE	99801	-134.57589840866586	58.375419062858924	
8888 NANCY STREET	99801	-134.57544399228613	58.37543983115803	
8900 NANCY STREET	99801	-134.5766872579444	58.37541480801979	
8612 HAYES WAY	99801	-134.57062198675794	58.380596910815186	
8502 RAINBOW ROW	99801	-134.5661227611827	58.38238048692621	
8502 RAINBOW ROW	99801	-134.5659578242083	58.382549873209946	
8517 JENNIFER DRIVE	99801	-134.56984417328266	58.383616272101165	
8517 JENNIFER DRIVE	99801	-134.57017804742938	58.383619517233576	
3256 TONGASS BOULEVARD	99801	-134.57215885059716	58.38016340685531	
3252 TONGASS BOULEVARD	99801	-134.57214380920607	58.37998042487277	
3246 TONGASS BOULEVARD	99801	-134.5721797930214	58.3797693930554	
3232 TONGASS BOULEVARD	99801	-134.57158074069437	58.379338233828335	
3224 TONGASS BOULEVARD	99801	-134.57218242239023	58.379136640911184	
3220 TONGASS BOULEVARD	99801	-134.57218685108458	58.37892622292164	
8616 HAYES WAY	99801	-134.57131543495333	58.38058016617043	
8602 EVERGREEN PARK ROAD	99801	-134.56889518762665	58.381494265960654	
8502 JENNIFER DRIVE	99801	-134.56642700260315	58.38318426795293	
8809 GAIL AVENUE	99801	-134.5757392909779	58.37766227185145	
8809 GAIL AVENUE	99801	-134.57558750264437	58.377738310933616	
8809 GAIL AVENUE	99801	-134.57576329216568	58.377742849977615	
8787 GAIL AVENUE	99801	-134.57574499168672	58.377887166025864	
8787 GAIL AVENUE	99801	-134.57555909881336	58.377917303877474	
8787 GAIL AVENUE	99801	-134.57555031418823	58.37800387817132	
8725 GAIL AVENUE	99801	-134.57488226855244	58.378071991045964	
8725 GAIL AVENUE	99801	-134.5748945610988	58.37812381296089	
8725 GAIL AVENUE	99801	-134.57508162357863	58.378139808945335	
8721 GAIL AVENUE	99801	-134.57428814617973	58.37802423376767	
8721 GAIL AVENUE	99801	-134.57429004342163	58.37809919913862	
8721 GAIL AVENUE	99801	-134.5744438808123	58.37810389215219	
3168 BRESEE STREET	99801	-134.57348650938312	58.37758573004423	
3170 BRESEE STREET	99801	-134.5733550660941	58.37759818197027	
3029 TONGASS BOULEVARD	99801	-134.57424330767066	58.37668647807388	
3240 BRESEE STREET	99801	-134.57337328662302	58.379470104805854	
3240 BRESEE STREET	99801	-134.5733863741784	58.37953277693997	
3240 BRESEE STREET	99801	-134.57359816637967	58.37957749296014	
3240 BRESEE STREET	99801	-134.57337839983364	58.37958224417819	
3232 TONGASS BOULEVARD	99801	-134.57149025878573	58.3792281758914	
3232 TONGASS BOULEVARD	99801	-134.57139709810085	58.37913346601379	
3234 TONGASS BOULEVARD	99801	-134.57104143711356	58.379113990854535	
3234 TONGASS BOULEVARD	99801	-134.57087489844304	58.37910187386186	
3234 TONGASS BOULEVARD	99801	-134.57070314235736	58.37915132898777	
3234 TONGASS BOULEVARD	99801	-134.57051562533	58.37918399305158	
3240 TONGASS BOULEVARD	99801	-134.5715948999399	58.37987647181114	
3240 TONGASS BOULEVARD	99801	-134.57150815861607	58.37997000179303	
3240 TONGASS BOULEVARD	99801	-134.57143518038072	58.38007159690007	
3238 TONGASS BOULEVARD	99801	-134.5708512556831	58.380039450784345	
3238 TONGASS BOULEVARD	99801	-134.5706879230998	58.380054351834886	
3238 TONGASS BOULEVARD	99801	-134.5703295060812	58.38000003001283	
3238 TONGASS BOULEVARD	99801	-134.57047790776616	58.37999982184337	
3261 TONGASS BOULEVARD	99801	-134.57283653515591	58.380533481847856	
8741 HAYES WAY	99801	-134.572947336058	58.38055587007895	
8739 HAYES WAY	99801	-134.5731128084283	58.38056050577899	
8750 HAYES WAY	99801	-134.57390933381092	58.38108023392621	
8748 HAYES WAY	99801	-134.5738885135576	58.380978417076875	
8747 HAYES WAY	99801	-134.57383537820857	58.380554559856584	
8749 HAYES WAY	99801	-134.57383322135357	58.380469328892744	
8746 HAYES WAY	99801	-134.5737499942391	58.38091314216375	
8745 HAYES WAY	99801	-134.57363856182138	58.38058008610658	
8742 HAYES WAY	99801	-134.57318208380806	58.38092709480433	
8613 HAYES WAY	99801	-134.57182240098058	58.38104370976559	
8620 HAYES WAY	99801	-134.57221773516406	58.38064014995929	
8609 HAYES WAY	99801	-134.57091585533178	58.38096257685399	
8607 HAYES WAY	99801	-134.5705902025666	58.38109792495705	
8607 HAYES WAY	99801	-134.5705914566147	58.38114720585663	
8608 HAYES WAY	99801	-134.57009832374453	58.380539286955496	
8603 HAYES WAY	99801	-134.569362364575	58.38110493515041	
8603 HAYES WAY	99801	-134.5693503334384	58.38104674414567	
8603 HAYES WAY	99801	-134.5692834790183	58.38111935678792	
8603 HAYES WAY	99801	-134.56925581180587	58.381069600182585	
8603 HAYES WAY	99801	-134.5694950493357	58.38112898785015	
8528 RAINBOW ROW	99801	-134.56773003138062	58.38048080396117	
8530 RAINBOW ROW	99801	-134.567586856094	58.38045959686382	
8532 RAINBOW ROW	99801	-134.56761994284255	58.3805148660302	
8523 RAINBOW ROW	99801	-134.56824099221592	58.38105166894916	
8521 RAINBOW ROW	99801	-134.5683524515831	58.38099424410577	
8516 RAINBOW ROW	99801	-134.56736670506902	58.380949509159265	
8516 RAINBOW ROW	99801	-134.5672230402006	58.38090887903894	
8522 RAINBOW ROW	99801	-134.56760974337084	58.380739704814026	
8524 RAINBOW ROW	99801	-134.567439804577	58.38070480794617	
8519 RAINBOW ROW	99801	-134.56785812215702	58.38132848023064	
8514 RAINBOW ROW	99801	-134.56765727413082	58.38158017591342	
8506 RAINBOW ROW	99801	-134.56672574633401	58.38183683499562	
8506 RAINBOW ROW	99801	-134.56675429569205	58.381811955794916	
8507 RAINBOW ROW	99801	-134.56703906972197	58.382208817172724	
8501 RAINBOW ROW	99801	-134.56648569403225	58.382895278782925	
8499 RAINBOW ROW	99801	-134.56616864443248	58.38314416078389	
8504 EVERGREEN PARK ROAD	99801	-134.5675825756217	58.38281275899091	
8508 EVERGREEN PARK ROAD	99801	-134.5678958028899	58.38248822083732	
8516 EVERGREEN PARK ROAD	99801	-134.56843638836665	58.38187461905901	
8606 EVERGREEN PARK ROAD	99801	-134.56995145009392	58.38141995818974	
8614 EVERGREEN PARK ROAD	99801	-134.57225946190897	58.38139002395639	
3325 TONGASS BOULEVARD	99801	-134.5730282958247	58.38171303597953	
3327 TONGASS BOULEVARD	99801	-134.57302840901244	58.381781907924854	
3329 TONGASS BOULEVARD	99801	-134.57302490827777	58.38184610794228	
8760 TRINITY DRIVE	99801	-134.57534864061031	58.38277491000159	
8760 TRINITY DRIVE	99801	-134.57536951655922	58.382725362942956	
8760 TRINITY DRIVE	99801	-134.57536841342804	58.382681782100846	
8760 TRINITY DRIVE	99801	-134.57536177667473	58.38263823982162	
8760 TRINITY DRIVE	99801	-134.5753547716121	58.38258017190626	
8764 TRINITY DRIVE	99801	-134.5759242460101	58.38278250805875	
8764 TRINITY DRIVE	99801	-134.57592350939154	58.38275345421705	
8764 TRINITY DRIVE	99801	-134.57593346901308	58.38270979523432	
8764 TRINITY DRIVE	99801	-134.57593796867434	58.382669080960255	
8764 TRINITY DRIVE	99801	-134.57593140558288	58.38262844481465	
8764 TRINITY DRIVE	99801	-134.57594121608412	58.38257897619683	
8740 TRINITY DRIVE	99801	-134.5741621844106	58.38267858585948	
8740 TRINITY DRIVE	99801	-134.57400714597233	58.38267385719245	
8740 TRINITY DRIVE	99801	-134.57396296503006	58.38267707085887	
8748 TRINITY DRIVE	99801	-134.5749000498052	58.382757702990865	
8748 TRINITY DRIVE	99801	-134.57497668598037	58.38272520282502	
8748 TRINITY DRIVE	99801	-134.57493671095025	58.38267608189356	
8748 TRINITY DRIVE	99801	-134.57497455068497	58.38264094723472	
3465 TONGASS BOULEVARD	99801	-134.5729085432108	58.38320748804555	
3465 TONGASS BOULEVARD	99801	-134.57290492120356	58.38328306685233	
3465 TONGASS BOULEVARD	99801	-134.57290719663618	58.383373134026726	
8523 JENNIFER DRIVE	99801	-134.57078341491285	58.383626206227085	
8519 JENNIFER DRIVE	99801	-134.57002912382325	58.38377383986474	
8519 JENNIFER DRIVE	99801	-134.56990734640672	58.38377177911345	
8519 JENNIFER DRIVE	99801	-134.56979663443784	58.38376964301467	
8515 JENNIFER DRIVE	99801	-134.56948871621296	58.38362648689732	
8515 JENNIFER DRIVE	99801	-134.56947614429055	58.38378639791842	
8515 JENNIFER DRIVE	99801	-134.56934337688483	58.383787319981835	
8515 JENNIFER DRIVE	99801	-134.56922713129381	58.38378522202858	
8515 JENNIFER DRIVE	99801	-134.56908330023705	58.383786219910284	
8509 JENNIFER DRIVE	99801	-134.5680000344123	58.3836135699431	
8509 JENNIFER DRIVE	99801	-134.567883936145	58.38361728081889	
8509 JENNIFER DRIVE	99801	-134.5677290414372	58.3836183540531	
8509 JENNIFER DRIVE	99801	-134.56771914559604	58.38366491797509	
8509 JENNIFER DRIVE	99801	-134.5677366896935	58.38370257198947	
8509 JENNIFER DRIVE	99801	-134.5677321801508	58.38374328601242	
8509 JENNIFER DRIVE	99801	-134.56772243073502	58.38379565999231	
8507 JENNIFER DRIVE	99801	-134.56741662804262	58.383624312174	
3467 TONGASS BOULEVARD	99801	-134.5731617154073	58.38359220696972	
3469 TONGASS BOULEVARD	99801	-134.57289816407598	58.383672505009336	
3469 TONGASS BOULEVARD	99801	-134.57289985290873	58.383739328857835	
3469 TONGASS BOULEVARD	99801	-134.5729180653528	58.383803131151886	
8750 HALOFF WAY	99801	-134.5736019006763	58.38371409121458	
8750 HALOFF WAY	99801	-134.5735954867052	58.38367926510211	
8750 HALOFF WAY	99801	-134.57360478696333	58.38360945878199	
8750 HALOFF WAY	99801	-134.57364299680393	58.3835888502259	
8752 HALOFF WAY	99801	-134.57411025370234	58.3836872948003	
8752 HALOFF WAY	99801	-134.57410937065842	58.3836524309875	
8752 HALOFF WAY	99801	-134.57418084601233	58.38363449682872	
8752 HALOFF WAY	99801	-134.5742076229943	58.383599438943264	
8754 HALOFF WAY	99801	-134.5746233282735	58.383628500093856	
8754 HALOFF WAY	99801	-134.57444549688154	58.38359777799592	
8754 HALOFF WAY	99801	-134.57455598876314	58.38359119495485	
8756 HALOFF WAY	99801	-134.5750147727518	58.38357345996574	
8756 HALOFF WAY	99801	-134.5751254847207	58.38357559183808	
8756 HALOFF WAY	99801	-134.57520839023826	58.383572107001385	
3220 MENDENHALL LOOP ROAD	99801	-134.57536504294907	58.37880026598697	
3317 TONGASS BOULEVARD	99801	-134.57315092843737	58.38144162812683	
8618 EVERGREEN PARK ROAD	99801	-134.57198939958852	58.381317269172236	
8813 GAIL AVENUE	99801	-134.57567520336892	58.377429090779195	
3270 TONGASS BOULEVARD	99801	-134.5722556009499	58.38377916315771	
8741 TRINITY DRIVE	99801	-134.5738557699655	58.38322855409604	
8749 TRINITY DRIVE	99801	-134.57493666333954	58.38326229422258	
8745 TRINITY DRIVE	99801	-134.5744472575795	58.383357372111206	
3235 BRESEE STREET	99801	-134.57431749683502	58.3792850012249	
3235 BRESEE STREET	99801	-134.57445664587252	58.37928498097272	
3235 BRESEE STREET	99801	-134.57431718781456	58.379248449772476	
3235 BRESEE STREET	99801	-134.57445660544835	58.37924834003376	
3235 BRESEE STREET	99801	-134.5743172542899	58.37921290100306	
3235 BRESEE STREET	99801	-134.57445683002715	58.37921278419952	
3235 BRESEE STREET	99801	-134.57484750824253	58.37928482696187	
3235 BRESEE STREET	99801	-134.5749876723763	58.379284840149346	
3235 BRESEE STREET	99801	-134.5748474229026	58.37924841397786	
3235 BRESEE STREET	99801	-134.57498768135946	58.37924841209394	
3235 BRESEE STREET	99801	-134.57484741032619	58.37921286991824	
3235 BRESEE STREET	99801	-134.57498790414166	58.37921299001868	
3235 BRESEE STREET	99801	-134.5743293276473	58.37957063694382	
3235 BRESEE STREET	99801	-134.5744650792564	58.37956969922793	
3235 BRESEE STREET	99801	-134.57433025470868	58.37960718806245	
3235 BRESEE STREET	99801	-134.57446601530094	58.379606233863335	
3235 BRESEE STREET	99801	-134.57433044874477	58.37964282497805	
3235 BRESEE STREET	99801	-134.57446694865052	58.379641870779956	
3235 BRESEE STREET	99801	-134.57499517869883	58.37956599593292	
3235 BRESEE STREET	99801	-134.57485461301812	58.37956697321098	
3235 BRESEE STREET	99801	-134.5749962108631	58.379602534810914	
3235 BRESEE STREET	99801	-134.57485551762161	58.379603511146044	
3235 BRESEE STREET	99801	-134.57499633123734	58.379638186802524	
3235 BRESEE STREET	99801	-134.57485652373472	58.37963914194269	
3235 BRESEE STREET	99801	-134.57531304486716	58.379565563104705	
3235 BRESEE STREET	99801	-134.5752341997347	58.37952918196597	
3235 BRESEE STREET	99801	-134.5751709583387	58.379576094157684	
3235 BRESEE STREET	99801	-134.57538016339194	58.37959894314089	
3235 BRESEE STREET	99801	-134.5753031723822	58.37964057983365	
3235 BRESEE STREET	99801	-134.5752352345939	58.379607002026574	
3235 BRESEE STREET	99801	-134.57518844224907	58.37929248417251	
3235 BRESEE STREET	99801	-134.57527077194652	58.37933104902113	
3235 BRESEE STREET	99801	-134.57524054992544	58.37926704506427	
3235 BRESEE STREET	99801	-134.57532482806877	58.37930951908171	
3235 BRESEE STREET	99801	-134.57529374905485	58.37923843010783	
3235 BRESEE STREET	99801	-134.57537398567774	58.37928125880857	
3331 TONGASS BOULEVARD	99801	-134.57303640222182	58.381908805053854	
3310 TONGASS BOULEVARD	99801	-134.57221062859185	58.38110306403879	
8617 HAYES WAY	99801	-134.5722051488686	58.380999410989176	
3313 TONGASS BOULEVARD	99801	-134.5728052773773	58.38108464302701	
3311 TONGASS BOULEVARD	99801	-134.57281389042424	58.380972627112186	
8740 LORI AVENUE	99801	-134.57283695377086	58.3794958899367	
8517 RAINBOW ROW	99801	-134.56777723335722	58.381413377096955	
8499 JENNIFER DRIVE	99801	-134.56491796138488	58.38348604979119	
8499 JENNIFER DRIVE	99801	-134.56501410357816	58.38354803289224	
8737 TRINITY DRIVE	99801	-134.57327859520893	58.38315899318003	
8737 TRINITY DRIVE	99801	-134.573283518875	58.38325775777248	
8737 TRINITY DRIVE	99801	-134.5732857808329	58.383293868991736	
8737 TRINITY DRIVE	99801	-134.57329229811026	58.38339157691881	
8508 EVERGREEN PARK ROAD	99801	-134.56762479733837	58.38234187313689	
8758 HALOFF WAY	99801	-134.57569502379735	58.38354574278766	
8525 JENNIFER DRIVE	99801	-134.57140481013755	58.383691147886886	
8525 JENNIFER DRIVE	99801	-134.57150357181823	58.383635912894384	
8525 JENNIFER DRIVE	99801	-134.57150368320933	58.38369121099046	
8525 JENNIFER DRIVE	99801	-134.57125961813313	58.38363641584023	
8525 JENNIFER DRIVE	99801	-134.57126095841954	58.383689527914065	
8525 JENNIFER DRIVE	99801	-134.57115434905657	58.38368824700528	
8525 JENNIFER DRIVE	99801	-134.57116348132976	58.38363430987229	
8527 JENNIFER DRIVE	99801	-134.5720672404045	58.38366051484791	
8527 JENNIFER DRIVE	99801	-134.57195425929123	58.38362029896619	
8527 JENNIFER DRIVE	99801	-134.57195504980865	58.38365992007251	
9950 STEPHEN RICHARDS MEMORIAL DRIVE	99801	-134.5810451578642	58.38415524489688	
9950 STEPHEN RICHARDS MEMORIAL DRIVE	99801	-134.58181704964514	58.38469484094547	
9950 STEPHEN RICHARDS MEMORIAL DRIVE	99801	-134.58183052527272	58.384448518934185	
9950 STEPHEN RICHARDS MEMORIAL DRIVE	99801	-134.58130469372622	58.38415193812372	
9950 STEPHEN RICHARDS MEMORIAL DRIVE	99801	-134.58134708971605	58.38528908390338	
9950 STEPHEN RICHARDS MEMORIAL DRIVE	99801	-134.58155808062008	58.38529574102989	
9950 STEPHEN RICHARDS MEMORIAL DRIVE	99801	-134.5815538028427	58.38414742109563	
9950 STEPHEN RICHARDS MEMORIAL DRIVE	99801	-134.5820417892646	58.384696424141204	
9950 STEPHEN RICHARDS MEMORIAL DRIVE	99801	-134.582266896295	58.38472208019016	
9950 STEPHEN RICHARDS MEMORIAL DRIVE	99801	-134.5818323767005	58.38418519185291	
9950 STEPHEN RICHARDS MEMORIAL DRIVE	99801	-134.5820251425841	58.38415239491241	
9950 STEPHEN RICHARDS MEMORIAL DRIVE	99801	-134.58183513542676	58.385304389123725	
9950 STEPHEN RICHARDS MEMORIAL DRIVE	99801	-134.58204876378446	58.38531050188613	
9950 STEPHEN RICHARDS MEMORIAL DRIVE	99801	-134.5825028154482	58.384694948783576	
9950 STEPHEN RICHARDS MEMORIAL DRIVE	99801	-134.58273805278006	58.38471050195975	
9950 STEPHEN RICHARDS MEMORIAL DRIVE	99801	-134.58223848617584	58.38414329916566	
9950 STEPHEN RICHARDS MEMORIAL DRIVE	99801	-134.58253222808722	58.38411805192223	
9950 STEPHEN RICHARDS MEMORIAL DRIVE	99801	-134.58293855495484	58.384718436770505	
9950 STEPHEN RICHARDS MEMORIAL DRIVE	99801	-134.5830107022486	58.385040744921106	
9950 STEPHEN RICHARDS MEMORIAL DRIVE	99801	-134.58264338741714	58.384092792887785	
9950 STEPHEN RICHARDS MEMORIAL DRIVE	99801	-134.58227069437206	58.385291899891115	
9950 STEPHEN RICHARDS MEMORIAL DRIVE	99801	-134.58288843704685	58.38416720804791	
9950 STEPHEN RICHARDS MEMORIAL DRIVE	99801	-134.58267005570295	58.38524589613536	
9950 STEPHEN RICHARDS MEMORIAL DRIVE	99801	-134.58278579913576	58.38505585812034	
9950 STEPHEN RICHARDS MEMORIAL DRIVE	99801	-134.58291251099814	58.38439966317206	
9950 STEPHEN RICHARDS MEMORIAL DRIVE	99801	-134.5825227867936	58.38504655917599	
9950 STEPHEN RICHARDS MEMORIAL DRIVE	99801	-134.5828123793867	58.38449388611573	
9950 STEPHEN RICHARDS MEMORIAL DRIVE	99801	-134.58302090890686	58.38529821514309	
9950 STEPHEN RICHARDS MEMORIAL DRIVE	99801	-134.58122659689036	58.38477181704528	
9950 STEPHEN RICHARDS MEMORIAL DRIVE	99801	-134.58230133590638	58.38501406017731	
9950 STEPHEN RICHARDS MEMORIAL DRIVE	99801	-134.5820606610721	58.38499168796111	
9950 STEPHEN RICHARDS MEMORIAL DRIVE	99801	-134.58262961714212	58.38447845292657	
9950 STEPHEN RICHARDS MEMORIAL DRIVE	99801	-134.58303800205007	58.38556548097587	
9950 STEPHEN RICHARDS MEMORIAL DRIVE	99801	-134.5813489195843	58.38464464814132	
9950 STEPHEN RICHARDS MEMORIAL DRIVE	99801	-134.58105530613196	58.38498465405313	
9950 STEPHEN RICHARDS MEMORIAL DRIVE	99801	-134.5826291625946	58.38564600102418	
9950 STEPHEN RICHARDS MEMORIAL DRIVE	99801	-134.580555794325	58.384948593068216	
9950 STEPHEN RICHARDS MEMORIAL DRIVE	99801	-134.58138392962584	58.38451039815611	
9950 STEPHEN RICHARDS MEMORIAL DRIVE	99801	-134.58237221657555	58.384451520999356	
9950 STEPHEN RICHARDS MEMORIAL DRIVE	99801	-134.58040447401368	58.38506696910067	
9950 STEPHEN RICHARDS MEMORIAL DRIVE	99801	-134.58030133484266	58.38513498593009	
9950 STEPHEN RICHARDS MEMORIAL DRIVE	99801	-134.5821222217202	58.38443926079907	
9950 STEPHEN RICHARDS MEMORIAL DRIVE	99801	-134.57897290620048	58.38553766317842	
9950 STEPHEN RICHARDS MEMORIAL DRIVE	99801	-134.58021617994362	58.38527528414746	
9950 STEPHEN RICHARDS MEMORIAL DRIVE	99801	-134.57918463731633	58.38548422614228	
9950 STEPHEN RICHARDS MEMORIAL DRIVE	99801	-134.58005825342173	58.38537647501166	
9950 STEPHEN RICHARDS MEMORIAL DRIVE	99801	-134.58052597115588	58.38553885078229	
9950 STEPHEN RICHARDS MEMORIAL DRIVE	99801	-134.57992008175123	58.38548796177887	
9950 STEPHEN RICHARDS MEMORIAL DRIVE	99801	-134.57934376488578	58.38540665920584	
9950 STEPHEN RICHARDS MEMORIAL DRIVE	99801	-134.58227303628	58.385578198025776	
9950 STEPHEN RICHARDS MEMORIAL DRIVE	99801	-134.57952062789383	58.38528131403636	
9950 STEPHEN RICHARDS MEMORIAL DRIVE	99801	-134.58064221315362	58.38543211413518	
9950 STEPHEN RICHARDS MEMORIAL DRIVE	99801	-134.5799656757435	58.38435899699811	
9950 STEPHEN RICHARDS MEMORIAL DRIVE	99801	-134.57967535820995	58.385193635912835	
9950 STEPHEN RICHARDS MEMORIAL DRIVE	99801	-134.58002948487473	58.38422665689937	
9950 STEPHEN RICHARDS MEMORIAL DRIVE	99801	-134.5806974200177	58.38533748307287	
9950 STEPHEN RICHARDS MEMORIAL DRIVE	99801	-134.57979476766744	58.38509270917184	
9950 STEPHEN RICHARDS MEMORIAL DRIVE	99801	-134.580135599266	58.38413027503177	
9950 STEPHEN RICHARDS MEMORIAL DRIVE	99801	-134.5794451047313	58.384095673957596	
9950 STEPHEN RICHARDS MEMORIAL DRIVE	99801	-134.57987975458153	58.384958376129156	
9950 STEPHEN RICHARDS MEMORIAL DRIVE	99801	-134.58084275844752	58.3852220548524	
9950 STEPHEN RICHARDS MEMORIAL DRIVE	99801	-134.58009227441815	58.384852225887926	
9950 STEPHEN RICHARDS MEMORIAL DRIVE	99801	-134.58018057970892	58.38473482108957	
9950 STEPHEN RICHARDS MEMORIAL DRIVE	99801	-134.58021325772398	58.38462214006875	
9950 STEPHEN RICHARDS MEMORIAL DRIVE	99801	-134.57983631744426	58.38446985878515	
9950 STEPHEN RICHARDS MEMORIAL DRIVE	99801	-134.58034792237163	58.38454200477171	
9950 STEPHEN RICHARDS MEMORIAL DRIVE	99801	-134.58034048611768	58.384416599077916	
9950 STEPHEN RICHARDS MEMORIAL DRIVE	99801	-134.57976580418602	58.384569286045505	
9950 STEPHEN RICHARDS MEMORIAL DRIVE	99801	-134.58040225158166	58.38432210609409	
9950 STEPHEN RICHARDS MEMORIAL DRIVE	99801	-134.57969234175872	58.384702288840046	
9950 STEPHEN RICHARDS MEMORIAL DRIVE	99801	-134.58053909644048	58.38419670103118	
9950 STEPHEN RICHARDS MEMORIAL DRIVE	99801	-134.57958966522006	58.384786395879516	
9950 STEPHEN RICHARDS MEMORIAL DRIVE	99801	-134.58093641410414	58.384382300139904	
9950 STEPHEN RICHARDS MEMORIAL DRIVE	99801	-134.58089392828276	58.385109802968465	
9950 STEPHEN RICHARDS MEMORIAL DRIVE	99801	-134.58085500068825	58.38463915309694	
9950 STEPHEN RICHARDS MEMORIAL DRIVE	99801	-134.57949230131803	58.384858703210504	
9950 STEPHEN RICHARDS MEMORIAL DRIVE	99801	-134.58073906142275	58.384754773942944	
9950 STEPHEN RICHARDS MEMORIAL DRIVE	99801	-134.57928782319976	58.384981111905205	
9950 STEPHEN RICHARDS MEMORIAL DRIVE	99801	-134.58067687464887	58.38483158085628	
9950 STEPHEN RICHARDS MEMORIAL DRIVE	99801	-134.5791561598235	58.38509927592197	
9950 STEPHEN RICHRADS MEMORIAL DRIVE	99801	-134.57909101130417	58.38413739387507	
9950 STEPHEN RICHARDS MEMORIAL DRIVE	99801	-134.57833506102628	58.38556637002995	
9950 STEPHEN RICHARDS MEMORIAL DRIVE	99801	-134.579030165715	58.38520284110887	
9950 STEPHEN RICHRADS MEMORIAL DRIVE	99801	-134.5789196163412	58.38422669315986	
9950 STEPHEN RICHARDS MEMORIAL DRIVE	99801	-134.57888798127019	58.385284688984235	
9950 STEPHEN RICHARDS MEMORIAL DRIVE	99801	-134.57741565779085	58.38558259902996	
9950 STEPHEN RICHRADS MEMORIAL DRIVE	99801	-134.5787725612309	58.384378383084645	
9950 STEPHEN RICHARDS MEMORIAL DRIVE	99801	-134.5794121859677	58.3842536968378	
9950 STEPHEN RICHARDS MEMORIAL DRIVE	99801	-134.5787176957266	58.38537767392255	
9950 STEPHEN RICHRADS MEMORIAL DRIVE	99801	-134.57875812979586	58.384512949082946	
9950 STEPHEN RICHARDS MEMORIAL DRIVE	99801	-134.5793051939224	58.38437492516928	
9950 STEPHEN RICHARDS MEMORIAL DRIVE	99801	-134.57763187599156	58.385507936809255	
9950 STEPHEN RICHARDS MEMORIAL DRIVE	99801	-134.57850111999645	58.38545423979192	
9950 STEPHEN RICHARDS MEMORIAL DRIVE	99801	-134.57918246518997	58.384534910968384	
9950 STEPHEN RICHARDS MEMORIAL DRIVE	99801	-134.57780152373127	58.385371401065804	
9950 STEPHEN RICHRADS MEMORIAL DRIVE	99801	-134.5785242040043	58.384640302116495	
9950 STEPHEN RICHRADS MEMORIAL DRIVE	99801	-134.57829185475606	58.38476640678415	
9950 STEPHEN RICHARDS MEMORIAL DRIVE	99801	-134.579013608866	58.38467813591867	
9950 STEPHEN RICHARDS MEMORIAL DRIVE	99801	-134.57817937669932	58.38515415497479	
9950 STEPHEN RICHRADS MEMORIAL DRIVE	99801	-134.57790670656954	58.3850485219047	
9950 STEPHEN RICHRADS MEMORIAL DRIVE	99801	-134.57857331939246	58.38413001084765	
9950 STEPHEN RICHRADS MEMORIAL DRIVE	99801	-134.57799770411123	58.38495171988076	
9950 STEPHEN RICHARDS MEMORIAL DRIVE	99801	-134.57792322838426	58.38528468380436	
9950 STEPHEN RICHRADS MEMORIAL DRIVE	99801	-134.57842554742652	58.38427413500527	
9950 STEPHEN RICHRADS MEMORIAL DRIVE	99801	-134.57754313861113	58.38526380922601	
9950 STEPHEN RICHRADS MEMORIAL DRIVE	99801	-134.57683979187965	58.38492691916381	
9950 STEPHEN RICHRADS MEMORIAL DRIVE	99801	-134.57799433632724	58.38462229217264	
9950 STEPHEN RICHRADS MEMORIAL DRIVE	99801	-134.5782765330906	58.38444804519652	
9950 STEPHEN RICHRADS MEMORIAL DRIVE	99801	-134.57719219737237	58.384805346141746	
9950 STEPHEN RICHRADS MEMORIAL DRIVE	99801	-134.57745583404363	58.3851473749159	
9950 STEPHEN RICHRADS MEMORIAL DRIVE	99801	-134.57733093228654	58.384659779875726	
9950 STEPHEN RICHRADS MEMORIAL DRIVE	99801	-134.57773359223117	58.38470950787143	
9950 STEPHEN RICHRADS MEMORIAL DRIVE	99801	-134.57730720508494	58.38530709021044	
9950 STEPHEN RICHRADS MEMORIAL DRIVE	99801	-134.57753004566587	58.38486868878625	
9950 STEPHEN RICHRADS MEMORIAL DRIVE	99801	-134.577489310661	58.38451932192555	
9950 STEPHEN RICHRADS MEMORIAL DRIVE	99801	-134.57707207914416	58.38525397115432	
9950 STEPHEN RICHRADS MEMORIAL DRIVE	99801	-134.57762760899394	58.384415578139304	
9950 STEPHEN RICHRADS MEMORIAL DRIVE	99801	-134.57775541590266	58.38433345794255	
9950 STEPHEN RICHRADS MEMORIAL DRIVE	99801	-134.577358115307	58.38496285020103	
9950 STEPHEN RICHRADS MEMORIAL DRIVE	99801	-134.57799401023877	58.3840400341385	
9950 STEPHEN RICHRADS MEMORIAL DRIVE	99801	-134.5768774106288	58.3853929051732	
9950 STEPHEN RICHARDS MEMORIAL DRIVE	99801	-134.57886373124907	58.384804215963854	
9950 STEPHEN RICHRADS MEMORIAL DRIVE	99801	-134.57796516443668	58.384140249040804	
9950 STEPHEN RICHARDS MEMORIAL DRIVE	99801	-134.57872513826874	58.384959940005935	
9950 STEPHEN RICHARDS MEMORIAL DRIVE	99801	-134.5785535339983	58.38492227791578	
9950 STEPHEN RICHRADS MEMORIAL DRIVE	99801	-134.5776304862978	58.385111406865306	
4000 RIVERSIDE DRIVE	99801	-134.5827722309817	58.39203182417395	
4425 ICHABOD LANE	99801	-134.577311647254	58.392555317807165	
4410 PORTAGE BOULEVARD	99801	-134.57862836096655	58.39237751212318	
4413 PORTAGE BOULEVARD	99801	-134.5793169133436	58.39238337507397	
4412 JULEP STREET	99801	-134.57985858039197	58.39234866816136	
4424 ICHABOD LANE	99801	-134.57815252515718	58.392410184184364	
4417 JULEP STREET	99801	-134.58062976070715	58.392374829939385	
4423 ICHABOD LANE	99801	-134.57731177391645	58.392357895971834	
4407 SESAME STREET	99801	-134.5769020837564	58.392310529030084	
4410 JULEP STREET	99801	-134.57990646508816	58.392133730115034	
4411 PORTAGE BOULEVARD	99801	-134.5793495042221	58.392107516839836	
4408 PORTAGE BOULEVARD	99801	-134.57852213428586	58.39211344198239	
4413 JULEP STREET	99801	-134.5806091758124	58.392136983879965	
4420 ICHABOD LANE	99801	-134.57807406630025	58.392124739063185	
4421 ICHABOD LANE	99801	-134.57728947234122	58.39214977388974	
4405 SESAME STREET	99801	-134.57692552439542	58.39213916890696	
4409 JULEP STREET	99801	-134.58070288087632	58.391964581948415	
4408 JULEP STREET	99801	-134.57994798342395	58.392021134880515	
4416 ICHABOD LANE	99801	-134.57819094430525	58.39196287101813	
4417 ICHABOD LANE	99801	-134.57735374410484	58.39195967185135	
4407 PORTAGE BOULEVARD	99801	-134.57944379139434	58.39187640913708	
4406 PORTAGE BOULEVARD	99801	-134.57861286412955	58.39190170497019	
4403 SESAME STREET	99801	-134.5769230666048	58.39187365393915	
4405 JULEP STREET	99801	-134.58059965097547	58.39176156776634	
4402 JULEP STREET	99801	-134.57992631426268	58.391745738035674	
3883 KILLEWICH DRIVE	99801	-134.58399717999134	58.39118237117747	
4404 PORTAGE BOULEVARD	99801	-134.5786520216928	58.391643336145485	
4405 PORTAGE BOULEVARD	99801	-134.57941887661994	58.39171899998398	
4401 SESAME STREET	99801	-134.5769297078497	58.39165447377027	
4415 ICHABOD LANE	99801	-134.5774643204281	58.391682196817165	
4414 ICHABOD LANE	99801	-134.57812139583763	58.39168841817419	
4401 JULEP STREET	99801	-134.58061898721195	58.391580766979494	
3879 KILLEWICH DRIVE	99801	-134.58450901309075	58.39117140996196	
4398 JULEP STREET	99801	-134.57992272818805	58.391551023104725	
3875 KILLEWICH DRIVE	99801	-134.58507120933828	58.391121953796755	
8316 ASPEN AVENUE	99801	-134.57861063900262	58.391417996231006	
8312 ASPEN AVENUE	99801	-134.57828326776024	58.39139426222989	
8308 ASPEN AVENUE	99801	-134.5777576742673	58.391389669856586	
8306 ASPEN AVENUE	99801	-134.5774134380538	58.39141966999305	
4403 PORTAGE BOULEVARD	99801	-134.57941335377757	58.391445904966474	
4399 SESAME STREET	99801	-134.57692857776908	58.391451546787366	
3871 KILLEWICH DRIVE	99801	-134.5856445384071	58.39105942419643	
3867 KILLEWICH DRIVE	99801	-134.58605014302927	58.39102604794282	
3863 KILLEWICH DRIVE	99801	-134.58670834133287	58.39099465900914	
4397 JULEP STREET	99801	-134.58064661759346	58.39137890880388	
4394 JULEP STREET	99801	-134.5799149308114	58.391338817073944	
3859 KILLEWICH DRIVE	99801	-134.587378507891	58.390940543777816	
4399 PORTAGE BOULEVARD	99801	-134.5794353669936	58.39119287616288	
4393 JULEP STREET	99801	-134.58063878787746	58.39118778892917	
3855 KILLEWICH DRIVE	99801	-134.58782964991155	58.39088119099188	
4390 JULEP STREET	99801	-134.57995227557439	58.391146860800696	
3851 KILLEWICH DRIVE	99801	-134.58850455867608	58.39084055394934	
8317 ASPEN AVENUE	99801	-134.57862521057484	58.39101967298014	
8313 ASPEN AVENUE	99801	-134.578233442703	58.39099145504624	
4389 JULEP STREET	99801	-134.58062550359105	58.39102320510511	
8311 ASPEN AVENUE	99801	-134.57792655664238	58.39099084485727	
8309 ASPEN AVENUE	99801	-134.577466100889	58.39102909605971	
3847 KILLEWICH DRIVE	99801	-134.58894734726277	58.39062658791885	
8305 ASPEN AVENUE	99801	-134.57693612721073	58.390991301086515	
4395 PORTAGE BOULEVARD	99801	-134.57939528326733	58.39096746698328	
4386 JULEP STREET	99801	-134.57994231056296	58.390926411005324	
3866 KILLEWICH DRIVE	99801	-134.58573532933627	58.39060900995797	
3870 KILLEWICH DRIVE	99801	-134.58515494579748	58.390604417011524	
3862 KILLEWICH DRIVE	99801	-134.5863426012481	58.39060238679248	
3874 KILLEWICH DRIVE	99801	-134.58466465160362	58.39059005998915	
3878 KILLEWICH DRIVE	99801	-134.58395539305926	58.3906022681433	
3860 KILLEWICH DRIVE	99801	-134.586916839412	58.39053666215399	
3960 JULEP STREET	99801	-134.5800073710474	58.390593234797045	
3965 PORTAGE BOULEVARD	99801	-134.57943038044547	58.39073618089747	
8940 HAFFNER COURT	99801	-134.57869132568143	58.390660499883424	
8930 HAFFNER COURT	99801	-134.57833690975912	58.39067709614014	
8932 HAFFNER COURT	99801	-134.57772411859818	58.39068401779715	
8926 HAFFNER COURT	99801	-134.57729086113665	58.390689902216806	
8924 HAFFNER COURT	99801	-134.5769200159261	58.39068226819673	
3854 KILLEWICH DRIVE	99801	-134.5874808322901	58.3905139930507	
9034 DIVISION STREET	99801	-134.58291700706613	58.390621962958264	
9030 DIVISION STREET	99801	-134.58259141358974	58.390639538087704	
9026 DIVISION STREET	99801	-134.58212617700238	58.390617105877986	
9022 DIVISION STREET	99801	-134.58175393131833	58.39063071992018	
9018 DIVISION STREET	99801	-134.58130233115702	58.39067188076647	
9014 DIVISION STREET	99801	-134.5808587349849	58.390624203166254	
3850 KILLEWICH DRIVE	99801	-134.58799882423912	58.3904284438566	
3961 PORTAGE BOULEVARD	99801	-134.57943016305316	58.390569264825544	
3846 KILLEWICH DRIVE	99801	-134.58852806758708	58.39028920103248	
3837 MELROSE STREET	99801	-134.58292124621596	58.39021038000048	
3841 MELROSE STREET	99801	-134.58247865166538	58.390320267131315	
3839 RIVERSIDE DRIVE	99801	-134.58764156155567	58.38956566596288	
3845 MELROSE STREET	99801	-134.58212845512995	58.3903086978012	
3849 MELROSE STREET	99801	-134.58171104395	58.39028445078572	
3853 MELROSE STREET	99801	-134.5812465412863	58.39031048602853	
3842 KILLEWICH DRIVE	99801	-134.58898769868702	58.39016106609229	
3857 MELROSE STREET	99801	-134.5809026464326	58.39033430692169	
3957 PORTAGE BOULEVARD	99801	-134.57943637939493	58.390353587082124	
8937 HAFFNER COURT	99801	-134.57832911417907	58.390305416088374	
8933 HAFFNER COURT	99801	-134.57784939135948	58.39029421682902	
8929 HAFFNER COURT	99801	-134.57733012380277	58.390298651144796	
3956 JULEP STREET	99801	-134.5801343308448	58.39021724901557	
3956 PORTAGE BOULEVARD	99801	-134.57869903322657	58.39020290784393	
3955 PORTAGE BOULEVARD	99801	-134.5795314229486	58.3901377818354	
3952 JULEP STREET	99801	-134.5801694190398	58.39002016392157	
3833 MELROSE STREET	99801	-134.5829190686997	58.38995448810682	
3952 PORTAGE BOULEVARD	99801	-134.5788076979349	58.389978444841915	
8936 DURAN STREET	99801	-134.57862002100742	58.38999727177984	
8934 DURAN STREET	99801	-134.5783186011953	58.38997066612038	
8930 DURAN STREET	99801	-134.5778314241555	58.38997686094161	
8926 DURAN STREET	99801	-134.57734620903625	58.38995600609069	
3844 MELROSE STREET	99801	-134.58181019729614	58.389899353795144	
3848 MELROSE STREET	99801	-134.58129283596446	58.38992853311463	
3852 MELROSE STREET	99801	-134.58092197638086	58.38992055710051	
3953 PORTAGE BOULEVARD	99801	-134.5794919967891	58.38999005194743	
3828 MELROSE STREET	99801	-134.58218574788216	58.389721047867255	
3948 JULEP STREET	99801	-134.5801546139056	58.389815952967794	
3829 MELROSE STREET	99801	-134.58287855288376	58.38975045993	
3943 PORTAGE BOULEVARD	99801	-134.57952723410446	58.38973878682779	
3817 AUTUMN COURT	99801	-134.58128236609983	58.38958000880619	
3821 AUTUMN COURT	99801	-134.58083773776343	58.38960697213051	
3944 JULEP STREET	99801	-134.58009444025632	58.389585156069025	
3825 MELROSE STREET	99801	-134.58292365819253	58.389523545186016	
3813 AUTUMN COURT	99801	-134.58155961314597	58.389370598100314	
3806 PORTAGE BOULEVARD	99801	-134.57876280373029	58.38949040195939	
8935 DURAN STREET	99801	-134.57830128167663	58.389583550963074	
8929 DURAN STREET	99801	-134.57758714168702	58.3896058228019	
8925 DURAN STREET	99801	-134.57708872043477	58.389628595132834	
3807 PORTAGE BOULEVARD	99801	-134.57953232216224	58.389490419851484	
3820 MELROSE STREET	99801	-134.5822517641741	58.38944931506922	
3821 MELROSE STREET	99801	-134.58296122933095	58.38931579105619	
3940 JULEP STREET	99801	-134.58010012659207	58.389397632211626	
3805 PORTAGE BOULEVARD	99801	-134.57953355644742	58.38938329776936	
3800 PORTAGE BOULEVARD	99801	-134.5787887012616	58.38918506102628	
8926 TRIO STREET	99801	-134.5781749839376	58.389177291075875	
8924 TRIO STREET	99801	-134.57771834512585	58.38919838416596	
3816 MELROSE STREET	99801	-134.58219760744052	58.38921523395647	
8922 TRIO STREET	99801	-134.57719978993313	58.38918919884671	
3803 PORTAGE BOULEVARD	99801	-134.5795058245563	58.38918096887771	
3809 AUTUMN COURT	99801	-134.58158288310509	58.38914870581757	
3779 JULEP STREET	99801	-134.58088312604147	58.38886002213203	
3817 MELROSE STREET	99801	-134.58292482779902	58.3890508349159	
3936 JULEP STREET	99801	-134.58013177962943	58.38913615108571	
3812 MELROSE STREET	99801	-134.58210135475446	58.388974801854346	
3805 AUTUMN COURT	99801	-134.5813189410066	58.38889954412337	
3813 MELROSE STREET	99801	-134.582933936716	58.388836832128504	
9236 EMILY WAY	99801	-134.5891685151807	58.38869826010955	
9232 EMILY WAY	99801	-134.5887058917925	58.38867477006453	
9230 EMILY WAY	99801	-134.58842303925897	58.388685865779095	
9228 EMILY WAY	99801	-134.58805713657915	58.38867951487782	
9224 EMILY WAY	99801	-134.58757978980347	58.388724992918206	
9220 EMILY WAY	99801	-134.58704997872024	58.38873090685779	
9218 EMILY WAY	99801	-134.58667537406026	58.388723930198225	
9216 EMILY WAY	99801	-134.58631104792374	58.38869341218142	
9212 EMILY WAY	99801	-134.5858043280349	58.38868534595448	
9210 EMILY WAY	99801	-134.58549870320894	58.388658711995525	
9208 EMILY WAY	99801	-134.5851213982132	58.38868016607127	
9206 EMILY WAY	99801	-134.58465972703922	58.38867523291575	
9204 EMILY WAY	99801	-134.58433191292744	58.38871986813088	
9202 EMILY WAY	99801	-134.58394134430654	58.388716437950784	
9200 EMILY WAY	99801	-134.5837438613694	58.38856890316416	
3808 MELROSE STREET	99801	-134.58184999266322	58.38871191114842	
3728 PORTAGE BOULEVARD	99801	-134.57871982114057	58.3886951891901	
3729 PORTAGE BOULEVARD	99801	-134.5795352300088	58.38864605397172	
3780 JULEP STREET	99801	-134.58013891584602	58.388737891991404	
8937 TRIO STREET	99801	-134.5782435280887	58.388758056818936	
8935 TRIO STREET	99801	-134.57766547028822	58.38871257787951	
8933 TRIO STREET	99801	-134.57723150675088	58.38873943592469	
3809 MELROSE STREET	99801	-134.58292298535437	58.38863628888452	
3775 JULEP STREET	99801	-134.58084147116173	58.388609623812	
3805 MELROSE STREET	99801	-134.5824962784079	58.388461102129696	
3804 MELROSE STREET	99801	-134.5814884926266	58.38849522900477	
3776 JULEP STREET	99801	-134.58012610766673	58.38852785381068	
9233 EMILY WAY	99801	-134.58860159918467	58.38815135678037	
9229 EMILY WAY	99801	-134.588179994669	58.38828709306956	
9227 EMILY WAY	99801	-134.58777107526348	58.38824181316801	
9225 EMILY WAY	99801	-134.587403062441	58.3882636578414	
9201 EMILY WAY	99801	-134.58384060812887	58.38835098083805	
3737 JULEP STREET	99801	-134.5830189667492	58.38816209009542	
9221 EMILY WAY	99801	-134.5869204308765	58.388273482831146	
9217 EMILY WAY	99801	-134.58638163035226	58.38817169004121	
9213 EMILY WAY	99801	-134.58598237142925	58.38825698903269	
9211 EMILY WAY	99801	-134.58567218226335	58.38825336716697	
9209 EMILY WAY	99801	-134.58534398457093	58.38819671401946	
3771 JULEP STREET	99801	-134.58090757189527	58.3883628921839	
9205 EMILY WAY	99801	-134.584150205305	58.38824128721566	
9207 EMILY WAY	99801	-134.5844970017171	58.38822554395584	
8928 TANIS DRIVE	99801	-134.57867258682458	58.38824587905734	
8926 TANIS DRIVE	99801	-134.578228416629	58.38827079609745	
8924 TANIS DRIVE	99801	-134.5777155396872	58.38825640610633	
8922 TANIS DRIVE	99801	-134.5772637931005	58.38825063522904	
3772 JULEP STREET	99801	-134.58013100797658	58.38833328120253	
3800 MELROSE STREET	99801	-134.58133891684358	58.38822127888965	
3739 JULEP STREET	99801	-134.58263227615538	58.388178146977985	
3768 JULEP STREET	99801	-134.5800230053266	58.38811285478208	
9233 SHARON STREET	99801	-134.5889728153994	58.38776423907285	
3721 PORTAGE BOULEVARD	99801	-134.57946380675716	58.38777033822463	
9231 SHARON STREET	99801	-134.58843756771208	58.387787733020474	
3764 JULEP STREET	99801	-134.58020553221255	58.38784078610596	
9217 SHARON STREET	99801	-134.58631574341774	58.38771225380223	
9215 SHARON STREET	99801	-134.58594811507422	58.38772879117537	
9213 SHARON STREET	99801	-134.58530851459193	58.387790771999924	
3736 JULEP STREET	99801	-134.58301577862827	58.38781630007642	
9209 SHARON STREET	99801	-134.58480519662308	58.387721129203854	
3740 JULEP STREET	99801	-134.5826142820019	58.38782393801303	
9207 SHARON STREET	99801	-134.58430506587683	58.38769823509875	
3756 JULEP STREET	99801	-134.58094623538514	58.387758941808215	
9203 SHARON STREET	99801	-134.58378342586948	58.38776321399331	
3744 JULEP STREET	99801	-134.5821612948418	58.387812409771094	
3748 JULEP STREET	99801	-134.58176076929428	58.38780325893501	
3760 JULEP STREET	99801	-134.58055181299164	58.38777954604424	
3722 PORTAGE BOULEVARD	99801	-134.57870261031803	58.38776963003939	
3752 JULEP STREET	99801	-134.58136049707167	58.38778196394993	
8925 TANIS DRIVE	99801	-134.57815042938762	58.38785771612164	
8923 TANIS DRIVE	99801	-134.57770777195495	58.387842560803286	
8921 TANIS DRIVE	99801	-134.57722047274424	58.38782704385253	
9234 GEE STREET	99801	-134.58887825424102	58.38748058520648	
9230 GEE STREET	99801	-134.58836240657058	58.3874715600071	
9224 GEE STREET	99801	-134.58760218121026	58.38746913595876	
9034 GEE STREET	99801	-134.58305362824444	58.387428883924684	
9216 GEE STREET	99801	-134.58641145980957	58.38747539902498	
9026 GEE STREET	99801	-134.5823049040147	58.38741256395407	
9214 GEE STREET	99801	-134.58595033930285	58.38744573785681	
9022 GEE STREET	99801	-134.58186695016087	58.38739548822499	
9212 GEE STREET	99801	-134.58530525011417	58.38747724484236	
9210 GEE STREET	99801	-134.5848491368169	58.38745317104435	
9208 GEE STREET	99801	-134.58431670175472	58.387492625865164	
9200 GEE STREET	99801	-134.58378531502652	58.387447335996974	
9010 GEE STREET	99801	-134.5807538476923	58.38736109282961	
3715 PORTAGE BOULEVARD	99801	-134.57952924633068	58.38740865288583	
8904 GEE STREET	99801	-134.57718674909015	58.387342958080986	
9237 GEE STREET	99801	-134.58906111979184	58.38702386022502	
9233 GEE STREET	99801	-134.588599939098	58.387031848195384	
9219 GEE STREET	99801	-134.58596106967894	58.38708221700638	
9217 GEE STREET	99801	-134.585364718586	58.38704613886015	
9215 GEE STREET	99801	-134.58481945378495	58.38708323221726	
9023 GEE STREET	99801	-134.58232345781857	58.38700767520896	
9019 GEE STREET	99801	-134.5818623274304	58.38699302619029	
3727 PORTAGE BOULEVARD	99801	-134.5794967686399	58.38813103198335	
3727 PORTAGE BOULEVARD	99801	-134.57947650085046	58.388353224015454	
9030 GEE STREET	99801	-134.5826306969171	58.387400333977205	
9220 GEE STREET	99801	-134.58690092036684	58.38745003315264	
9018 GEE STREET	99801	-134.58150451228306	58.38739671108176	
9014 GEE STREET	99801	-134.5811656318253	58.38741907894715	
9006 GEE STREET	99801	-134.58035334909425	58.38734343507589	
9002 GEE STREET	99801	-134.58001841224058	58.387370164202856	
8910 GEE STREET	99801	-134.57868415532883	58.38735209302683	
8908 GEE STREET	99801	-134.57813817906208	58.3873715278516	
8906 GEE STREET	99801	-134.5777399091842	58.38735392802054	
9229 GEE STREET	99801	-134.58802890163147	58.38705752703111	
9225 GEE STREET	99801	-134.5875721047162	58.387067091961804	
9223 GEE STREET	99801	-134.5868954118975	58.38709586302031	
9221 GEE STREET	99801	-134.58642810469345	58.38703667610424	
9213 GEE STREET	99801	-134.58423485085927	58.387043066855064	
9211 GEE STREET	99801	-134.58380290763301	58.38707404917233	
9031 GEE STREET	99801	-134.58305272903084	58.38702334790995	
9027 GEE STREET	99801	-134.58265172378296	58.38702644911114	
9015 GEE STREET	99801	-134.5815396274275	58.386990700051776	
9011 GEE STREET	99801	-134.58110952484927	58.38695981183701	
9007 GEE STREET	99801	-134.58077938320258	58.38698898417133	
9005 GEE STREET	99801	-134.58035419710384	58.38696589511806	
9003 GEE STREET	99801	-134.57995976932048	58.38690518986869	
3653 PORTAGE BOULEVARD	99801	-134.57946555038714	58.386924866971654	
8909 GEE STREET	99801	-134.57873489576934	58.38695315879161	
9230 LONG RUN DRIVE	99801	-134.58912446179912	58.38667572205559	
8907 GEE STREET	99801	-134.57821271677278	58.386939776885555	
9228 LONG RUN DRIVE	99801	-134.58858087684766	58.38656735205666	
9226 LONG RUN DRIVE	99801	-134.58803595340643	58.38666269697328	
8905 GEE STREET	99801	-134.57772912311262	58.38697497601051	
9220 LONG RUN DRIVE	99801	-134.58700998392717	58.38654411486968	
8903 GEE STREET	99801	-134.5771869619909	58.38695367393299	
9216 LONG RUN DRIVE	99801	-134.58594345191958	58.38653308205061	
9212 LONG RUN DRIVE	99801	-134.58542955000004	58.386712476767265	
9208 LONG RUN DRIVE	99801	-134.58472048279683	58.386560703175185	
9210 LONG RUN DRIVE	99801	-134.58493242322012	58.38654048811923	
9206 LONG RUN DRIVE	99801	-134.58430304556575	58.38650247314063	
9202 LONG RUN DRIVE	99801	-134.58378253204575	58.386548235106396	
3649 PORTAGE BOULEVARD	99801	-134.57946137681435	58.386740781000576	
9032 LONG RUN DRIVE	99801	-134.5830890488161	58.386595567880306	
9028 LONG RUN DRIVE	99801	-134.58266179299898	58.38646205801866	
9022 LONG RUN DRIVE	99801	-134.58229614094907	58.38643957888815	
9020 LONG RUN DRIVE	99801	-134.5819396517151	58.38642076982798	
9018 LONG RUN DRIVE	99801	-134.58151341638418	58.3863781070715	
9016 LONG RUN DRIVE	99801	-134.58103699038165	58.38646113885048	
9014 LONG RUN DRIVE	99801	-134.5807499274444	58.38636886121505	
9012 LONG RUN DRIVE	99801	-134.58034813617064	58.38636499476525	
9008 LONG RUN DRIVE	99801	-134.5798954526411	58.38641487716171	
3645 PORTAGE BOULEVARD	99801	-134.57944176299844	58.386550107812674	
3640 PORTAGE BOULEVARD	99801	-134.57877310560997	58.386426927131076	
9004 LONG RUN DRIVE	99801	-134.5782652152163	58.38636867709841	
9002 LONG RUN DRIVE	99801	-134.57774372792252	58.386352495077844	
9000 LONG RUN DRIVE	99801	-134.5771961831973	58.386328548122485	
3641 PORTAGE BOULEVARD	99801	-134.57945759311036	58.386370270107605	
9227 LONG RUN DRIVE	99801	-134.58875353933348	58.38601872518071	
9225 LONG RUN DRIVE	99801	-134.5882225721185	58.38593153390956	
9223 LONG RUN DRIVE	99801	-134.58755463428056	58.386013837800256	
9221 LONG RUN DRIVE	99801	-134.58695191323395	58.38599554884819	
9219 LONG RUN DRIVE	99801	-134.58638705797318	58.386000464955586	
9217 LONG RUN DRIVE	99801	-134.58593379772523	58.38608035113409	
9215 LONG RUN DRIVE	99801	-134.5850090171745	58.38608253983268	
9213 LONG RUN DRIVE	99801	-134.58449567221047	58.386059935203335	
9209 LONG RUN DRIVE	99801	-134.58379263539777	58.38610918892221	
9029 LONG RUN DRIVE	99801	-134.58296325682852	58.38607981478988	
9027 LONG RUN DRIVE	99801	-134.58268036836242	58.38580639921156	
9025 LONG RUN DRIVE	99801	-134.5823340390743	58.38605430005403	
9023 LONG RUN DRIVE	99801	-134.58195060936492	58.38602015716097	
9021 LONG RUN DRIVE	99801	-134.58152141139018	58.385815480873454	
9019 LONG RUN DRIVE	99801	-134.58115244455692	58.3860295731005	
9017 LONG RUN DRIVE	99801	-134.5807135519636	58.38600794883312	
9015 LONG RUN DRIVE	99801	-134.58031536742573	58.385947841851475	
9013 LONG RUN DRIVE	99801	-134.58001237556186	58.386013648972835	
9011 LONG RUN DRIVE	99801	-134.57952556593295	58.38596893310611	
9009 LONG RUN DRIVE	99801	-134.57919183821164	58.38598688915155	
9007 LONG RUN DRIVE	99801	-134.57870198239564	58.385967473812066	
9005 LONG RUN DRIVE	99801	-134.5781234143521	58.38597701596469	
9003 LONG RUN DRIVE	99801	-134.57762916218104	58.38599888323106	
9001 LONG RUN DRIVE	99801	-134.57708170728736	58.38596040807806	
9361 NORTHLAND STREET	99801	-134.58924104066514	58.38561434783732	
9357 NORTHLAND STREET	99801	-134.5887610447577	58.38557797199517	
9353 NORTHLAND STREET	99801	-134.5883215493948	58.38557486077774	
9349 NORTHLAND STREET	99801	-134.58795328684073	58.38555984998561	
9345 NORTHLAND STREET	99801	-134.5875582913221	58.38555543390986	
9337 NORTHLAND STREET	99801	-134.58673064380642	58.38559062217317	
9333 NORTHLAND STREET	99801	-134.58629070287918	58.38559201791173	
9329 NORTHLAND STREET	99801	-134.5859666212674	58.38556281899338	
9325 NORTHLAND STREET	99801	-134.58549477577452	58.38555198081889	
9321 NORTHLAND STREET	99801	-134.5850634478942	58.385533693981806	
9317 NORTHLAND STREET	99801	-134.584588467281	58.38557835012553	
9315 NORTHLAND STREET	99801	-134.58417175409207	58.38555997712791	
9309 NORTHLAND STREET	99801	-134.5837761854483	58.38561402291866	
9358 NORTHLAND STREET	99801	-134.58878010431306	58.38515760998835	
9354 NORTHLAND STREET	99801	-134.58839949711034	58.38515413378417	
9350 NORTHLAND STREET	99801	-134.58793757620472	58.38514020400625	
9346 NORTHLAND STREET	99801	-134.5875151703918	58.38512932802964	
9342 NORTHLAND STREET	99801	-134.58718532069759	58.385197769021644	
9338 NORTHLAND STREET	99801	-134.58676160873426	58.38514528410709	
9334 NORTHLAND STREET	99801	-134.5863111871626	58.38516245322267	
9330 NORTHLAND STREET	99801	-134.5858451232269	58.3851415150001	
9326 NORTHLAND STREET	99801	-134.58552389915604	58.385150866189626	
9322 NORTHLAND STREET	99801	-134.58509721376913	58.385160920905335	
9318 NORTHLAND STREET	99801	-134.5846456001331	58.38515817883886	
9302 TURN STREET	99801	-134.58393989532397	58.38511385791719	
9359 TURN STREET	99801	-134.5891473167366	58.38488045108915	
9353 TURN STREET	99801	-134.58871167694295	58.38483383697208	
9349 TURN STREET	99801	-134.58825961414925	58.384824651928696	
9304 TURN STREET	99801	-134.58383202382802	58.38500652287663	
9345 TURN STREET	99801	-134.58773848707986	58.38487445409519	
9341 TURN STREET	99801	-134.58737292126827	58.38487246781143	
9337 TURN STREET	99801	-134.58691483257567	58.384812161113544	
9333 TURN STREET	99801	-134.58658078056254	58.38485508382124	
9329 TURN STREET	99801	-134.58603776604127	58.384865013831	
9325 TURN STREET	99801	-134.58562352591431	58.384835530824745	
9321 TURN STREET	99801	-134.58510130829018	58.384869269884945	
9317 TURN STREET	99801	-134.58473162280467	58.38488546200418	
9308 TURN STREET	99801	-134.58374367002824	58.38473899004124	
9312 TURN STREET	99801	-134.5839241038396	58.384540333979636	
9318 TURN STREET	99801	-134.58431151308565	58.38441354520938	
9356 TURN STREET	99801	-134.5885477290137	58.38432884910947	
9350 TURN STREET	99801	-134.58810537341498	58.38437719402891	
9348 TURN STREET	99801	-134.58771643793122	58.384368934211196	
9344 TURN STREET	99801	-134.58728145929763	58.38441059117407	
9338 TURN STREET	99801	-134.58677665282033	58.38436948894706	
9336 TURN STREET	99801	-134.5863436900062	58.38437643114959	
9322 TURN STREET	99801	-134.5848472512531	58.38437153506511	
9332 TURN STREET	99801	-134.58601902089623	58.384410259180605	
9328 TURN STREET	99801	-134.5854990939761	58.384389806022774	
9324 TURN STREET	99801	-134.5851447508173	58.3844169871099	
9360 TURN STREET	99801	-134.5889475071629	58.38431999404523	
9311 STEPHEN RICHARDS MEMORIAL DRIVE	99801	-134.58383042213188	58.38415365885136	
9315 STEPHEN RICHARDS MEMORIAL DRIVE	99801	-134.58406774086026	58.38413684101924	
9319 STEPHEN RICHARDS MEMORIAL DRIVE	99801	-134.58463627023053	58.38410362303419	
9323 STEPHEN RICHARDS MEMORIAL DRIVE	99801	-134.58505633683043	58.384147922150476	
9327 STEPHEN RICHARDS MEMORIAL DRIVE	99801	-134.58550372119814	58.384142378053426	
9331 STEPHEN RICHARDS MEMORIAL DRIVE	99801	-134.5858980780146	58.384147284059	
9335 STEPHEN RICHARDS MEMORIAL DRIVE	99801	-134.58629887036176	58.38411886519523	
9339 STEPHEN RICHARDS MEMORIAL DRIVE	99801	-134.58671695976972	58.38410988293078	
9343 STEPHEN RICHARDS MEMORIAL DRIVE	99801	-134.58714531512473	58.38408632908109	
9347 STEPHEN RICHARDS MEMORIAL DRIVE	99801	-134.58754036813556	58.38409865391968	
9351 STEPHEN RICHARDS MEMORIAL DRIVE	99801	-134.58800793585104	58.38409150116256	
9353 STEPHEN RICHARDS MEMORIAL DRIVE	99801	-134.58824588340013	58.3840440628388	
3428 MEANDER WAY	99801	-134.5888792217266	58.383977732148374	
9341 NORTHLAND STREET	99801	-134.58723909115557	58.38561711388409	
9300 TURN STREET	99801	-134.5839175335616	58.38518594701995	
9331 TURN STREET	99801	-134.58642077623736	58.38486684989595	
9317 STEPHEN RICHARDS MEMORIAL DRIVE	99801	-134.58428924295143	58.3841501378112	
9212 LONG RUN DRIVE	99801	-134.58531764237352	58.386650965872136	
3849 KILLEWICH DRIVE	99801	-134.58881257930892	58.39065694983063	
9032 LONG RUN DRIVE	99801	-134.5830396306957	58.38661485479378	
9005 LONG RUN DRIVE	99801	-134.5782589323992	58.38593195488737	
9005 LONG RUN DRIVE	99801	-134.57822566419097	58.38599527902731	
9005 LONG RUN DRIVE	99801	-134.5779617741948	58.385980848081914	
8924 DURAN STREET	99801	-134.57707238996124	58.38998748493737	
8927 DURAN STREET	99801	-134.57732534476546	58.389614234888064	
8931 DURAN STREET	99801	-134.57783439937572	58.38959069601459	
8928 DURAN STREET	99801	-134.57758134935006	58.38995995313104	
8932 DURAN STREET	99801	-134.57813320329373	58.38997405992393	
8933 DURAN STREET	99801	-134.57810449223894	58.38959279691843	
8941 HAFFNER COURT	99801	-134.57865211781254	58.390337905032005	
8928 HAFFNER COURT	99801	-134.5781364228557	58.390666212925204	
8935 HAFFNER COURT	99801	-134.57812621619746	58.39029765485983	
8931 HAFFNER COURT	99801	-134.57761263856972	58.39029326621486	
8927 HAFFNER COURT	99801	-134.57708790566284	58.390298938824415	
9226 EMILY WAY	99801	-134.58771818874774	58.38873107212793	
9222 EMILY WAY	99801	-134.58719207782516	58.38871179720144	
9223 EMILY WAY	99801	-134.5870496750897	58.38828345095989	
9214 EMILY WAY	99801	-134.58609231174532	58.38871702510724	
9219 EMILY WAY	99801	-134.58658025594642	58.388197325198526	
9215 EMILY WAY	99801	-134.58610549991198	58.388282465918714	
9211 SHARON STREET	99801	-134.58496754016122	58.38774615020573	
3725 PORTAGE BOULEVARD	99801	-134.5794973399684	58.387926822802754	
3717 PORTAGE BOULEVARD	99801	-134.57953026322357	58.387588507897625	
3801 MELROSE STREET	99801	-134.58217816699946	58.38819970399402	
3731 PORTAGE BOULEVARD	99801	-134.57946978594373	58.3887708499378	
3808 PORTAGE BOULEVARD	99801	-134.57875237428982	58.38959704110164	
4412 PORTAGE BOULEVARD	99801	-134.57857260882506	58.392451170167895	
4406 JULEP STREET	99801	-134.57997239604015	58.39194233184432	
9950 STEPHEN RICHARDS MEMORIAL DRIVE	99801	-134.58197464199375	58.38559371879141	
9950 STEPHEN RICHARDS MEMORIAL DRIVE	99801	-134.5816915055926	58.38560552605861	
9950 STEPHEN RICHARDS MEMORIAL DRIVE	99801	-134.5815217985641	58.38554619819749	
9950 STEPHEN RICHARDS MEMORIAL DRIVE	99801	-134.58126096283988	58.38557747802406	
9950 STEPHEN RICHARDS MEMORIAL DRIVE	99801	-134.58105576337448	58.385592007081094	
9950 STEPHEN RICHARDS MEMORIAL DRIVE	99801	-134.58180702085332	58.38500602983936	
9950 STEPHEN RICHARDS MEMORIAL DRIVE	99801	-134.5816325482622	58.38500398705447	
3798 PORTAGE BOULEVARD	99801	-134.5787392777513	58.389121363108806	
3945 PORTAGE BOULEVARD	99801	-134.5795544566508	58.389785393991204	
9237 GEE STREET	99801	-134.5892494363198	58.38702500022019	
3561 RIVERSIDE DRIVE	99801	-134.5839866301766	58.385867058792066	
9209 LONG RUN DRIVE	99801	-134.58394541367474	58.38612760401381	
3557 RIVERSIDE DRIVE	99801	-134.58372584475808	58.385743749995804	
3563 RIVERSIDE DRIVE	99801	-134.58398792285232	58.38593847297932	
9950 STEPHEN RICHARDS MEMORIAL DRIVE	99801	-134.58146356168254	58.38441021679848	
9229 SHARON STREET	99801	-134.58785905895732	58.38774471876647	
9227 SHARON STREET	99801	-134.5876462058457	58.38775038990249	
8311 ASPEN AVENUE	99801	-134.57780167015667	58.390991173963826	
9226 GEE STREET	99801	-134.5878692377678	58.38746460381671	
9009 LONG RUN DRIVE	99801	-134.57901228295268	58.38588190887887	
9950 STEPHEN RICHARDS MEMORIAL DRIVE	99801	-134.58088952384293	58.38450715404748	
9355 STEPHEN RICHARDS MEMORIAL DRIVE	99801	-134.58848209091252	58.38402184917758	
9360 NORTHLAND STREET	99801	-134.58911747470287	58.38512504704917	
9227 LONG RUN DRIVE	99801	-134.58903304384594	58.3860286157789	
9207 EMILY WAY	99801	-134.584381340031	58.388226359959276	
8310 ASPEN AVENUE	99801	-134.57791500340952	58.391392700050886	
3867 KILLEWICH DRIVE	99801	-134.58624607188094	58.391024006919075	
9221 SHARON STREET	99801	-134.58695555859737	58.38772954503568	
9229 SHARON STREET	99801	-134.58798468385822	58.387742780202046	
8305 ASPEN AVENUE	99801	-134.57685523841099	58.390918939942175	
9216 LONG RUN DRIVE	99801	-134.58593729306997	58.38659811912721	
3575 MENDENHALL LOOP ROAD	99801	-134.57553199484462	58.38521372412633	
3577 MENDENHALL LOOP ROAD	99801	-134.57563654437067	58.38523475507367	
3579 MENDENHALL LOOP ROAD	99801	-134.57574791839792	58.38525879789384	
3581 MENDENHALL LOOP ROAD	99801	-134.57585396631382	58.38527776391292	
3583 MENDENHALL LOOP ROAD	99801	-134.57571254903021	58.385375787026994	
3585 MENDENHALL LOOP ROAD	99801	-134.57566525542546	58.38543384892732	
3587 MENDENHALL LOOP ROAD	99801	-134.5755704265691	58.38554420206272	
3591 MENDENHALL LOOP ROAD	99801	-134.57546141511108	58.3856412671042	
3593 MENDENHALL LOOP ROAD	99801	-134.57535563758805	58.38563943720122	
3595 MENDENHALL LOOP ROAD	99801	-134.57521065219615	58.38564233886413	
3597 MENDENHALL LOOP ROAD	99801	-134.5750489832928	58.38562708511817	
9950 STEPHEN RICHRADS MEMORIAL DRIVE	99801	-134.5766908017982	58.38508555096548	
8901 BIRCH LANE	99801	-134.576771739107	58.39255449578344	
8887 BIRCH LANE	99801	-134.57555738482782	58.39253617915022	
8863 BIRCH LANE	99801	-134.5753106023479	58.39254879105128	
8859 BIRCH LANE	99801	-134.57484366075815	58.392519878962915	
4006 DIANE ROAD	99801	-134.56491176480608	58.39245318898119	
4166 ASPEN AVENUE	99801	-134.5685872370624	58.392475972185004	
4410 SESAME STREET	99801	-134.57620242460916	58.39234770300758	
4216 MENDENHALL BOULEVARD	99801	-134.56995967956024	58.39232201907862	
4013 MENDENHALL LOOP ROAD	99801	-134.56656201759372	58.392234551019406	
4170 ASPEN AVENUE	99801	-134.56856634494383	58.39229497685149	
4212 MENDENHALL BOULEVARD	99801	-134.56974620481444	58.39215523480723	
4408 SESAME STREET	99801	-134.57614329120895	58.3921893162053	
4005 DIANE ROAD	99801	-134.5645326820444	58.392131153844865	
4221 MENDENHALL BOULEVARD	99801	-134.57074511883394	58.392099910904435	
8144 PINEWOOD DRIVE	99801	-134.57356342403608	58.39205813590485	
8140 PINEWOOD DRIVE	99801	-134.57304228439028	58.39210652578488	
8136 PINEWOOD DRIVE	99801	-134.5727296275523	58.39210626213131	
8132 PINEWOOD DRIVE	99801	-134.57235484412755	58.39206515098203	
8128 PINEWOOD DRIVE	99801	-134.5719941956938	58.392090877941854	
8124 PINEWOOD DRIVE	99801	-134.57153710413115	58.392090751764734	
4002 DIANE ROAD	99801	-134.5654941336216	58.39204599981796	
4174 ASPEN AVENUE	99801	-134.5687853012095	58.39209448387669	
4003 MENDENHALL LOOP ROAD	99801	-134.56692300828558	58.392009521852216	
4208 MENDENHALL BOULEVARD	99801	-134.5695156252473	58.391964121023655	
8148 PINEWOOD DRIVE	99801	-134.57383541234452	58.391928303993694	
4406 SESAME STREET	99801	-134.5760923998515	58.3920134771373	
4176 ASPEN AVENUE	99801	-134.56892919874164	58.39191900921543	
4217 MENDENHALL BOULEVARD	99801	-134.57046607425892	58.391958832864475	
4179 ASPEN AVENUE	99801	-134.56790745224254	58.391957861108665	
8152 PINEWOOD DRIVE	99801	-134.57417400893468	58.39184214005281	
4001 DIANE ROAD	99801	-134.56476454979563	58.391923214041206	
8116 PINEWOOD DRIVE	99801	-134.57093351621026	58.39181345996706	
4000 DIANE ROAD	99801	-134.56570319224946	58.39180459312844	
8156 PINEWOOD DRIVE	99801	-134.57448957182262	58.39174273094164	
4182 ASPEN AVENUE	99801	-134.56912185233577	58.39177018696736	
4404 SESAME STREET	99801	-134.57604925376836	58.391799102966125	
4213 MENDENHALL BOULEVARD	99801	-134.57028882317863	58.39180201777586	
4001 MENDENHALL LOOP ROAD	99801	-134.56720541705135	58.39177102501707	
4183 ASPEN AVENUE	99801	-134.5681500854041	58.391798979142045	
8141 PINEWOOD DRIVE	99801	-134.57313172964314	58.39172779386782	
8145 PINEWOOD DRIVE	99801	-134.57351570283322	58.39160962804809	
8137 PINEWOOD DRIVE	99801	-134.57281732737852	58.391685186025406	
8133 PINEWOOD DRIVE	99801	-134.5723821717768	58.391718153929205	
8129 PINEWOOD DRIVE	99801	-134.57205995866082	58.391738188049246	
8117 PINEWOOD DRIVE	99801	-134.57163349695438	58.391676925094295	
4021 DEBORAH DRIVE	99801	-134.56493460177722	58.391685380001405	
4025 DEBORAH DRIVE	99801	-134.5645424745793	58.39174751583222	
8160 PINEWOOD DRIVE	99801	-134.5747309796822	58.39156139097249	
4211 MENDENHALL BOULEVARD	99801	-134.56999841042366	58.39162995884407	
3998 DIANE ROAD	99801	-134.56597349981004	58.39156941699291	
4402 SESAME STREET	99801	-134.57617713793223	58.391601239978755	
4118 MENDENHALL BOULEVARD	99801	-134.56845659417232	58.3915776139181	
4207 MENDENHALL BOULEVARD	99801	-134.56961123024806	58.39146173577332	
4112 MENDENHALL BOULEVARD	99801	-134.56811002233908	58.391465746205604	
8157 PINEWOOD DRIVE	99801	-134.5740167956751	58.391450842913414	
8250 ASPEN AVENUE	99801	-134.57369503531	58.391384886800715	
8246 ASPEN AVENUE	99801	-134.57325467576786	58.39138642308498	
8242 ASPEN AVENUE	99801	-134.57290171062473	58.39137472510008	
8236 ASPEN AVENUE	99801	-134.57256493132638	58.391388192895676	
8234 ASPEN AVENUE	99801	-134.57220170562613	58.3913976799082	
4400 SESAME STREET	99801	-134.5762059882259	58.391378178091756	
8230 ASPEN AVENUE	99801	-134.57189772202216	58.39138768299811	
8226 ASPEN AVENUE	99801	-134.57140227599015	58.39141967893859	
3980 MENDENHALL LOOP ROAD	99801	-134.5662962914411	58.39135312388455	
8218 ASPEN AVENUE	99801	-134.57076374719801	58.39139274195383	
8214 ASPEN AVENUE	99801	-134.57035033531773	58.39140730298498	
8210 ASPEN AVENUE	99801	-134.57006381675953	58.39143267495647	
8164 PINEWOOD DRIVE	99801	-134.57471237377604	58.39136920709248	
4106 MENDENHALL BOULEVARD	99801	-134.56772694027774	58.391289807952525	
4016 DEBORAH DRIVE	99801	-134.5654463782828	58.39128683895608	
4022 DEBORAH DRIVE	99801	-134.56456713962203	58.39130707012421	
4020 DEBORAH DRIVE	99801	-134.56480519137568	58.39129765606454	
8205 ASPEN AVENUE	99801	-134.56903542272735	58.391227943920896	
4109 MENDENHALL BOULEVARD	99801	-134.5686573370956	58.39111957096098	
8503 VALLEY BOULEVARD	99801	-134.56673216030515	58.391021536032504	
3940 DIANE ROAD	99801	-134.56631593220646	58.39108146581199	
8495 VALLEY BOULEVARD	99801	-134.56550845276726	58.39104147214611	
8275 ASPEN AVENUE	99801	-134.57629212408523	58.390980609123545	
8267 ASPEN AVENUE	99801	-134.57503222162788	58.39098190907132	
8207 ASPEN AVENUE	99801	-134.56945771175924	58.39104744784599	
8263 ASPEN AVENUE	99801	-134.5746691315732	58.39099013014514	
8259 ASPEN AVENUE	99801	-134.57432741872734	58.3910108690324	
8255 ASPEN AVENUE	99801	-134.57396271799334	58.39098540777147	
8465 VALLEY BOULEVARD	99801	-134.5645561217851	58.39102882721903	
8251 ASPEN AVENUE	99801	-134.57355715199876	58.390960091977185	
8247 ASPEN AVENUE	99801	-134.5731996485668	58.390989425791105	
8243 ASPEN AVENUE	99801	-134.57279932693686	58.39098955809293	
4101 MENDENHALL BOULEVARD	99801	-134.5683813387077	58.39096929001825	
8239 ASPEN AVENUE	99801	-134.57245216940206	58.39099347488474	
8235 ASPEN AVENUE	99801	-134.57210585897857	58.390997832838984	
8233 ASPEN AVENUE	99801	-134.57176996092753	58.39098588895453	
8227 ASPEN AVENUE	99801	-134.57138623118087	58.39101199194901	
8493 VALLEY BOULEVARD	99801	-134.56529127426754	58.391023834126514	
8223 ASPEN AVENUE	99801	-134.57098087000216	58.3909995607658	
8219 ASPEN AVENUE	99801	-134.57067381595658	58.39099501306938	
8215 ASPEN AVENUE	99801	-134.5702806215601	58.39099948402135	
8211 ASPEN AVENUE	99801	-134.56992988693383	58.391018957797804	
8486 DURAN COURT	99801	-134.57530010733043	58.39067593177991	
8488 DURAN COURT	99801	-134.57501844596302	58.39077079099429	
8490 DURAN COURT	99801	-134.57456960003634	58.39070553702753	
8572 DURAN STREET	99801	-134.57366334903503	58.39058061701739	
8576 DURAN STREET	99801	-134.57316506881827	58.39063847212964	
8580 DURAN STREET	99801	-134.5727343841317	58.39059046914059	
8584 DURAN STREET	99801	-134.57222353019594	58.39061596882391	
8588 DURAN STREET	99801	-134.57183502680186	58.39062605493962	
4021 SPRUCE LANE	99801	-134.57075992486648	58.39049732703424	
3921 MENDENHALL LOOP ROAD	99801	-134.56922745917888	58.39053167511262	
8592 DURAN STREET	99801	-134.5714359493386	58.39055982891067	
3828 KIOWA DRIVE	99801	-134.56726366830594	58.39059497498526	
8502 VALLEY BOULEVARD	99801	-134.566390643292	58.3906104102062	
8498 VALLEY BOULEVARD	99801	-134.56583321081044	58.39068685501228	
8494 VALLEY BOULEVARD	99801	-134.56534572564848	58.390694043156465	
8490 VALLEY BOULEVARD	99801	-134.56496836405887	58.390630484034524	
8468 VALLEY BOULEVARD	99801	-134.56451277178442	58.39060113815118	
8484 DURAN COURT	99801	-134.57526580426298	58.390472676174795	
3824 KIOWA DRIVE	99801	-134.56745331074728	58.390428600172974	
8687 DURAN STREET	99801	-134.57125190699475	58.390281068782926	
8925 HAFFNER COURT	99801	-134.57681202136095	58.39029658418307	
8482 DURAN COURT	99801	-134.57512296674295	58.39029384816589	
8515 NUGGET PLACE	99801	-134.56638450330706	58.39037953281561	
8511 NUGGET PLACE	99801	-134.56540773635254	58.39035300513209	
8507 NUGGET PLACE	99801	-134.56518638787327	58.3903564761155	
8501 NUGGET PLACE	99801	-134.5646689160488	58.39033627406449	
8480 DURAN COURT	99801	-134.57474526738676	58.39024587484114	
4020 SPRUCE LANE	99801	-134.5699968060326	58.390097349220994	
8449 DURAN STREET	99801	-134.57396101209264	58.39014240685951	
8573 DURAN STREET	99801	-134.57341446539564	58.39015888612188	
8583 DURAN STREET	99801	-134.573013879661	58.390174127078524	
8589 DURAN STREET	99801	-134.57247835798753	58.390186196009346	
8692 DURAN STREET	99801	-134.5719907156204	58.39014317620578	
8541 STEEP PLACE	99801	-134.5680856097229	58.39003088301355	
3820 KIOWA DRIVE	99801	-134.56721585457663	58.39021391597317	
4017 SPRUCE LANE	99801	-134.57076736830692	58.39012052897888	
8502 NUGGET PLACE	99801	-134.56457451838378	58.390040595922436	
8539 STEEP PLACE	99801	-134.5677388690064	58.39001067088837	
8922 DURAN STREET	99801	-134.57678739404747	58.38996539885002	
8920 DURAN STREET	99801	-134.57663375787936	58.38997743818945	
8543 STEEP PLACE	99801	-134.56829740012756	58.38998774484011	
8896 DURAN STREET	99801	-134.57515563936815	58.39002642606392	
8892 DURAN STREET	99801	-134.57472918305163	58.38998445980154	
8691 DURAN STREET	99801	-134.5713265668763	58.3900174109328	
3816 KIOWA DRIVE	99801	-134.56688673072114	58.38988798584627	
8445 DURAN STREET	99801	-134.57391577473152	58.38986728820333	
8537 STEEP PLACE	99801	-134.56760059313135	58.38995672176547	
8830 DURAN STREET	99801	-134.57351098398306	58.38991236120265	
8820 DURAN STREET	99801	-134.57300007525004	58.389849925037836	
8790 DURAN STREET	99801	-134.57258567342632	58.38985881308497	
8700 DURAN STREET	99801	-134.5720621801945	58.389866553222284	
8512 NUGGET PLACE	99801	-134.5663269913659	58.38988477377854	
8510 NUGGET PLACE	99801	-134.5657606206473	58.389960176779375	
8506 NUGGET PLACE	99801	-134.56529144584573	58.3898826667712	
4016 SPRUCE LANE	99801	-134.56992335169014	58.389776526171715	
8548 STEEP PLACE	99801	-134.56848836938056	58.389850087948496	
8695 DURAN STREET	99801	-134.57122377265836	58.38985702483474	
8504 NUGGET PLACE	99801	-134.5647638374316	58.389912514225394	
8535 STEEP PLACE	99801	-134.56749730304335	58.38981586397894	
8699 DURAN STREET	99801	-134.57135288392087	58.3896443410622	
8533 STEEP PLACE	99801	-134.56733151895767	58.38971890318278	
8546 STEEP PLACE	99801	-134.56848883830114	58.38974578682866	
3805 MCGINNIS DRIVE	99801	-134.57665430414653	58.38950829876888	
4009 SPRUCE LANE	99801	-134.57076387925036	58.3896675361848	
8913 DURAN STREET	99801	-134.57589022770858	58.38960832203827	
3850 MENDENHALL LOOP ROAD	99801	-134.56926718178244	58.38922610208121	
8531 STEEP PLACE	99801	-134.5668691659624	58.38959362513216	
8895 DURAN STREET	99801	-134.57480208672683	58.38944927222229	
8433 STEEP PLACE	99801	-134.56623217059442	58.38958744719398	
8429 STEEP PLACE	99801	-134.56548918570104	58.3896289350815	
8427 STEEP PLACE	99801	-134.5650386293821	58.38958680496332	
8544 STEEP PLACE	99801	-134.56833286471667	58.38955752695467	
8787 DURAN STREET	99801	-134.5715078909181	58.38939291621653	
8425 STEEP PLACE	99801	-134.5644987302182	58.38944278208823	
8893 DURAN STREET	99801	-134.5744644782835	58.38950772386757	
8889 DURAN STREET	99801	-134.57401716667934	58.38945284217217	
8885 DURAN STREET	99801	-134.5735500606979	58.38945485409443	
8791 DURAN STREET	99801	-134.57197575417933	58.38945321319834	
8799 DURAN STREET	99801	-134.57267384127485	58.38941588502767	
8795 DURAN STREET	99801	-134.57228489680796	58.389430132821076	
8542 STEEP PLACE	99801	-134.56812832910623	58.389463003014114	
4005 SPRUCE LANE	99801	-134.57058938330303	58.389340496871775	
3800 MCGINNIS DRIVE	99801	-134.57592085307326	58.38951812812031	
3803 MCGINNIS DRIVE	99801	-134.57677222509557	58.3891833268895	
8540 STEEP PLACE	99801	-134.56794046982077	58.38935807311076	
8538 STEEP PLACE	99801	-134.5677476329703	58.38928308411007	
8536 STEEP PLACE	99801	-134.5672477321928	58.38924970900018	
3727 EL CAMINO STREET	99801	-134.57330878489068	58.3891209671241	
3729 EL CAMINO STREET	99801	-134.57279109297897	58.389129578966184	
3731 EL CAMINO STREET	99801	-134.57234945513417	58.389142904951925	
3733 EL CAMINO STREET	99801	-134.57191206721893	58.38915638113358	
3735 EL CAMINO STREET	99801	-134.57140017662732	58.388936117122725	
8424 STEEP PLACE	99801	-134.56451534366107	58.38921838581657	
8532 STEEP PLACE	99801	-134.5668655727013	58.38923678892599	
3809 KIOWA DRIVE	99801	-134.56607363411644	58.38920926312539	
8426 STEEP PLACE	99801	-134.5654437336426	58.38922696279211	
3788 MCGINNIS DRIVE	99801	-134.5759591949662	58.38902865595506	
3725 EL CAMINO STREET	99801	-134.57350910291083	58.38885948677183	
3800 KIOWA DRIVE	99801	-134.56690090613634	58.38895176589492	
3803 KIOWA DRIVE	99801	-134.56609551438186	58.38893704423083	
3721 SANDERS STREET	99801	-134.57529069568122	58.38888402905027	
8419 NUGGET DRIVE	99801	-134.5655119121794	58.38888831710809	
8417 NUGGET DRIVE	99801	-134.5649332129818	58.38896747587092	
8415 NUGGET DRIVE	99801	-134.5644443686688	58.388973426025444	
8931 TRIO STREET	99801	-134.5766977664366	58.38875397921732	
3786 MCGINNIS DRIVE	99801	-134.57599331657394	58.388880390769074	
3724 EL CAMINO STREET	99801	-134.5726295246869	58.3887478788231	
3726 EL CAMINO STREET	99801	-134.57213855585826	58.38873715604514	
3784 MCGINNIS DRIVE	99801	-134.5759173541352	58.38872982389123	
3723 EL CAMINO STREET	99801	-134.57350350101675	58.38857099282832	
3780 MCGINNIS DRIVE	99801	-134.5760039849663	58.38847528015097	
3715 SANDERS STREET	99801	-134.57541204819464	58.38847409217511	
3722 SANDERS STREET	99801	-134.57470177365568	58.38855804707921	
3722 EL CAMINO STREET	99801	-134.57267286211115	58.388543269218694	
3728 EL CAMINO STREET	99801	-134.57225439810574	58.38852367588973	
8920 TANIS DRIVE	99801	-134.57672340525315	58.38826835797823	
3716 AMALGA STREET	99801	-134.5662196552659	58.388463161194416	
8416 NUGGET DRIVE	99801	-134.56500270485554	58.38842475088322	
3720 SANDERS STREET	99801	-134.57463827534153	58.38839922277634	
8414 NUGGET DRIVE	99801	-134.56448866279882	58.38842751482609	
3730 EL CAMINO STREET	99801	-134.5721863237735	58.388308849193066	
3721 EL CAMINO STREET	99801	-134.57343135641796	58.388339349179134	
3714 AMALGA STREET	99801	-134.56594037263733	58.38831919682539	
3720 EL CAMINO STREET	99801	-134.57272531743556	58.388317782831265	
3774 MCGINNIS DRIVE	99801	-134.5759660607899	58.38820349490474	
3711 SANDERS STREET	99801	-134.5754127569654	58.388156993948925	
3716 SANDERS STREET	99801	-134.57479006906496	58.38810833308176	
3710 CHANNCIE COURT	99801	-134.57127810097012	58.38788489218181	
3712 AMALGA STREET	99801	-134.56559568097796	58.38812953605146	
3709 AMALGA STREET	99801	-134.56454942574297	58.38812921680631	
3719 EL CAMINO STREET	99801	-134.57351429966477	58.38801650707761	
3718 EL CAMINO STREET	99801	-134.57270745533444	58.38806222423015	
3712 AMALGA STREET	99801	-134.56539016440726	58.38805663413289	
3701 SANDERS STREET	99801	-134.57598529461848	58.3879121741659	
3707 SANDERS STREET	99801	-134.57540785216392	58.38791655792767	
3710 AMALGA STREET	99801	-134.56522530828127	58.38798436820217	
3779 MCGINNIS DRIVE	99801	-134.57675435131637	58.387752965080146	
3714 SANDERS STREET	99801	-134.57465377397511	58.38783884095468	
3716 EL CAMINO STREET	99801	-134.57281148114265	58.387722885072485	
3708 AMALGA STREET	99801	-134.5647673103185	58.38777854780465	
3717 EL CAMINO STREET	99801	-134.57351799713047	58.38762397806697	
3712 SANDERS STREET	99801	-134.57467461039812	58.38771821594029	
3710 SANDERS STREET	99801	-134.5747125130149	58.38759185107646	
3713 EL CAMINO STREET	99801	-134.57344980511894	58.38731995684198	
3718 CHANNCIE COURT	99801	-134.57120806561562	58.3874226297968	
3660 MCGINNIS DRIVE	99801	-134.5758258122145	58.38722917318592	
3714 CHANNCIE COURT	99801	-134.5712206959285	58.38759583605101	
3700 MCGINNIS DRIVE	99801	-134.57584446393474	58.38748798589651	
3706 SANDERS STREET	99801	-134.57529482343995	58.387544786152574	
3708 SANDERS STREET	99801	-134.57475585043915	58.387476002211734	
3775 MCGINNIS DRIVE	99801	-134.5766775300882	58.38749903301388	
3730 CHANNCIE COURT	99801	-134.57221413112313	58.38720930083951	
3640 MCGINNIS DRIVE	99801	-134.5748170140319	58.38724984883358	
3722 CHANNCIE COURT	99801	-134.57134127319583	58.38721400111685	
3726 CHANNCIE COURT	99801	-134.57181348070978	58.38713059205484	
3631 MENDENHALL LOOP ROAD	99801	-134.5735749215734	58.38710748520095	
3654 MCGINNIS DRIVE	99801	-134.57571218611082	58.38690367881665	
3650 MCGINNIS DRIVE	99801	-134.5753903601687	58.38674898893671	
8697 SHORT WAY	99801	-134.57256763256046	58.386928272840315	
3651 MCGINNIS DRIVE	99801	-134.5765531170146	58.38678218889124	
8695 SHORT WAY	99801	-134.57206178583408	58.386929361983626	
8699 SHORT WAY	99801	-134.57284258980096	58.386685390213046	
8996 LONG RUN DRIVE	99801	-134.57666072440585	58.38640801682366	
3625 MCGINNIS DRIVE	99801	-134.57421878007014	58.386540908147964	
3654 TONGASS BOULEVARD	99801	-134.572187858096	58.38647687018411	
3631 MCGINNIS DRIVE	99801	-134.57546563809123	58.38640384194779	
8694 SHORT WAY	99801	-134.57184909980913	58.38646297718676	
8688 SHORT WAY	99801	-134.57124887877393	58.38640504882882	
3663 TONGASS BOULEVARD	99801	-134.57326491566377	58.386231870159214	
3621 MCGINNIS DRIVE	99801	-134.57463550403887	58.38611134183136	
8993 LONG RUN DRIVE	99801	-134.57589061398414	58.386205364783464	
3659 TONGASS BOULEVARD	99801	-134.57278653402892	58.386161612128504	
3650 TONGASS BOULEVARD	99801	-134.57155425566486	58.38606851012172	
8999 LONG RUN DRIVE	99801	-134.57642395544644	58.385905238797136	
3655 TONGASS BOULEVARD	99801	-134.57278221582735	58.38599005778142	
3619 MENDENHALL LOOP ROAD	99801	-134.57489973808978	58.38592825178939	
3620 MENDENHALL LOOP ROAD	99801	-134.57395292276345	58.38578783891678	
3640 TONGASS BOULEVARD	99801	-134.57183513819297	58.385835022967065	
3651 TONGASS BOULEVARD	99801	-134.57281142904037	58.38577921684071	
3589 MENDENHALL LOOP ROAD	99801	-134.57562428326534	58.3854799748715	
8759 DUDLEY STREET	99801	-134.57371023480465	58.385422300126294	
8757 DUDLEY STREET	99801	-134.57314413268227	58.38547055878522	
8751 DUDLEY STREET	99801	-134.57271129563227	58.385434783190995	
8695 DUDLEY STREET	99801	-134.57130419163923	58.38538061186629	
8693 DUDLEY STREET	99801	-134.57090798878485	58.38539409513645	
8691 DUDLEY STREET	99801	-134.5703927573587	58.38540033596801	
8689 DUDLEY STREET	99801	-134.56975248403828	58.38541346417258	
8687 DUDLEY STREET	99801	-134.56923529608142	58.38541429483896	
8685 DUDLEY STREET	99801	-134.56895089664897	58.38550707176951	
8681 DUDLEY STREET	99801	-134.5682318707225	58.38555383709668	
8677 DUDLEY STREET	99801	-134.56772939627174	58.38554648120693	
8675 DUDLEY STREET	99801	-134.567384125199	58.38555292920639	
8673 DUDLEY STREET	99801	-134.56690004016042	58.38559087598665	
8669 DUDLEY STREET	99801	-134.56627822811737	58.385573727799134	
8665 DUDLEY STREET	99801	-134.56586157691217	58.38550771219087	
8663 DUDLEY STREET	99801	-134.56564539733904	58.38550507610344	
8655 DUDLEY STREET	99801	-134.56529877430182	58.38555574988205	
8676 DUDLEY STREET	99801	-134.56821628944394	58.385137664897336	
8674 DUDLEY STREET	99801	-134.5676300183468	58.38489643977176	
8672 DUDLEY STREET	99801	-134.56726508315253	58.38518199614899	
8668 DUDLEY STREET	99801	-134.56677098998333	58.385173880145004	
8664 DUDLEY STREET	99801	-134.5658258203706	58.38514816509092	
8764 DUDLEY STREET	99801	-134.57438783222682	58.38501201503833	
8662 DUDLEY STREET	99801	-134.5656417977897	58.38515527901974	
8660 DUDLEY STREET	99801	-134.56518042485644	58.38487110076972	
8760 DUDLEY STREET	99801	-134.57386820714063	58.38490208499508	
8756 DUDLEY STREET	99801	-134.57320952823832	58.38496502719633	
8740 DUDLEY STREET	99801	-134.5727733198111	58.385014540970964	
8678 DUDLEY STREET	99801	-134.56905807284892	58.385012758125924	
3540 TONGASS BOULEVARD	99801	-134.57184151982474	58.38496101508291	
8690 DUDLEY STREET	99801	-134.5714043358271	58.385013661791966	
8686 DUDLEY STREET	99801	-134.5707981356054	58.384982059837164	
8684 DUDLEY STREET	99801	-134.57034076376837	58.384982233130216	
8682 DUDLEY STREET	99801	-134.5696861183017	58.38498274688768	
3525 FOREST GROVE DRIVE	99801	-134.5666225011618	58.384868674188134	
3535 TONGASS BOULEVARD	99801	-134.57268027500888	58.38482221592581	
3528 FOREST GROVE DRIVE	99801	-134.56591266679732	58.38493108997638	
3523 SIERRA STREET	99801	-134.56900488000767	58.38469461302552	
3526 FOREST GROVE DRIVE	99801	-134.5659236972107	58.38482339178106	
3515 TONGASS BOULEVARD	99801	-134.57285265901697	58.3845187389374	
3523 FOREST GROVE DRIVE	99801	-134.5665688061623	58.38473320822834	
8579 FOREST LANE	99801	-134.5719312902677	58.38449209806434	
8571 FOREST LANE	99801	-134.57162196707773	58.384532361926794	
8565 FOREST LANE	99801	-134.57135632536674	58.38457891993304	
3522 FOREST GROVE DRIVE	99801	-134.56583767364077	58.38460660192275	
3521 SIERRA STREET	99801	-134.56903317873574	58.38479716318223	
8555 FOREST LANE	99801	-134.57083121606573	58.384536345834334	
8547 FOREST LANE	99801	-134.57051698627765	58.38450881495201	
8539 FOREST LANE	99801	-134.57013395631859	58.384507203964105	
8531 FOREST LANE	99801	-134.56975867522718	58.3845217480603	
3502 SIERRA STREET	99801	-134.56810045258635	58.38453220322973	
8513 FOREST LANE	99801	-134.56737892036026	58.38441934591116	
8493 FOREST LANE	99801	-134.56512867920108	58.384426741121736	
3521 FOREST GROVE DRIVE	99801	-134.566559149273	58.384620400998514	
8523 FOREST LANE	99801	-134.5692546808269	58.38447808608627	
8521 FOREST LANE	99801	-134.56906432691991	58.38446870787639	
8507 FOREST LANE	99801	-134.5668296050556	58.38441552115889	
3519 FOREST GROVE DRIVE	99801	-134.56657091271163	58.384441046027675	
8497 FOREST LANE	99801	-134.56588261635443	58.384406708027676	
8495 FOREST LANE	99801	-134.5656740958174	58.38439592694926	
3480 TONGASS BOULEVARD	99801	-134.57204930464155	58.38404106591905	
8570 FOREST LANE	99801	-134.5715886871914	58.38408306609681	
8562 FOREST LANE	99801	-134.57122587471613	58.384032125075564	
8554 FOREST LANE	99801	-134.57083243507958	58.38409612697964	
8546 FOREST LANE	99801	-134.5704835698474	58.38410538520487	
8538 FOREST LANE	99801	-134.57010980601052	58.3841006958152	
8528 FOREST LANE	99801	-134.56947533490847	58.38410278715684	
8532 FOREST LANE	99801	-134.56968965856223	58.38411715718065	
8524 FOREST LANE	99801	-134.5688898363625	58.38408722005615	
8520 FOREST LANE	99801	-134.56843007590513	58.38406361203586	
8516 FOREST LANE	99801	-134.56792874500968	58.38407816808789	
8512 FOREST LANE	99801	-134.56748107497774	58.38407960815249	
8508 FOREST LANE	99801	-134.56694037182172	58.384080761899426	
8504 FOREST LANE	99801	-134.56643194064225	58.384067312033196	
8498 FOREST LANE	99801	-134.56598902359647	58.3840854729539	
8745 HALOFF WAY	99801	-134.573939259388	58.38415578880501	
8751 HALOFF WAY	99801	-134.57433064727246	58.384186923880854	
8759 HALOFF WAY	99801	-134.5749681358155	58.384182428990265	
8761 HALOFF WAY	99801	-134.5751706358435	58.38419365797465	
3820 MENDENHALL LOOP ROAD	99801	-134.5682357433597	58.386913088869775	
8465 VALLEY BOULEVARD	99801	-134.5645856521034	58.3910771370592	
8465 VALLEY BOULEVARD	99801	-134.5644844254456	58.39112943423335	
8465 VALLEY BOULEVARD	99801	-134.56445677440286	58.39104886314318	
8502 VALLEY BOULEVARD	99801	-134.56653523162856	58.3906217181268	
3816 KIOWA DRIVE	99801	-134.5670463586522	58.390049766894805	
8431 STEEP PLACE	99801	-134.56598325461573	58.389608451049355	
8500 NUGGET PLACE	99801	-134.5645684367893	58.390140981167534	
8503 NUGGET PLACE	99801	-134.56492260118335	58.390346921022825	
8513 NUGGET PLACE	99801	-134.56585659305898	58.39035486586551	
3805 KIOWA DRIVE	99801	-134.56592087919566	58.38884477307374	
3714 AMALGA STREET	99801	-134.56580175540245	58.388272645169174	
4018 DEBORAH DRIVE	99801	-134.56515919137803	58.39123710516802	
4175 ASPEN AVENUE	99801	-134.56787163371717	58.392211560033005	
4171 ASPEN AVENUE	99801	-134.5678656410559	58.39241630607291	
4167 ASPEN AVENUE	99801	-134.56782359181577	58.39251602495764	
8996 LONG RUN DRIVE	99801	-134.5766723917248	58.38632975783142	
8995 LONG RUN DRIVE	99801	-134.57596110927608	58.38609458285222	
3716 SANDERS STREET	99801	-134.57480247030745	58.388064083200995	
3807 MCGINNIS DRIVE	99801	-134.57665956737577	58.38960691421673	
3642 MCGINNIS DRIVE	99801	-134.57499378271686	58.3872276710944	
3630 MCGINNIS DRIVE	99801	-134.57425986182471	58.38675887603394	
3636 MCGINNIS DRIVE	99801	-134.5739629614368	58.38691041804231	
8800 DURAN STREET	99801	-134.57243469088158	58.389887052171396	
8698 DURAN STREET	99801	-134.57198432859875	58.38992404178082	
8690 DURAN STREET	99801	-134.57202339722875	58.39019460183619	
4013 SPRUCE LANE	99801	-134.57067096380558	58.38993317982475	
8112 PINEWOOD DRIVE	99801	-134.57077153918476	58.39168442895394	
8120 PINEWOOD DRIVE	99801	-134.57119156266552	58.3920412060225	
8496 FOREST LANE	99801	-134.56575251964006	58.38407756484302	
8502 FOREST LANE	99801	-134.56623542698733	58.384070395128596	
8506 FOREST LANE	99801	-134.56676952662772	58.38408881081381	
8510 FOREST LANE	99801	-134.56723669908448	58.384078207174	
8511 FOREST LANE	99801	-134.56719429321316	58.384432833787066	
8514 FOREST LANE	99801	-134.56773465500942	58.38409635207795	
8518 FOREST LANE	99801	-134.56824085207873	58.38407010598539	
8522 FOREST LANE	99801	-134.5687165288863	58.3840875011936	
8526 FOREST LANE	99801	-134.56925355793283	58.38409965508895	
8534 FOREST LANE	99801	-134.56982069311778	58.3840658771482	
8563 FOREST LANE	99801	-134.57114882262096	58.38451286902799	
8693 DUDLEY STREET	99801	-134.57077285611496	58.385401783042134	
8679 DUDLEY STREET	99801	-134.5679656909207	58.38554913377268	
3527 FOREST GROVE DRIVE	99801	-134.56657277132595	58.38494564001955	
3524 FOREST GROVE DRIVE	99801	-134.56583043681286	58.38468924513438	
8766 DUDLEY STREET	99801	-134.57464227014958	58.385031917819	
8690 SHORT WAY	99801	-134.5712483083437	58.38648237294723	
8692 SHORT WAY	99801	-134.5715908036222	58.38645964896928	
3917 MENDENHALL LOOP ROAD	99801	-134.5749817704449	58.385833825013485	
3633 MENDENHALL LOOP ROAD	99801	-134.5735419192665	58.38718066077699	
4015 MENDENHALL LOOP ROAD	99801	-134.56733850515562	58.39237917077388	
8918 HAFFNER COURT	99801	-134.5763253186316	58.39074391095483	
8658 DUDLEY STREET	99801	-134.56505768444586	58.38481477982919	
3620 TONGASS BOULEVARD	99801	-134.57183587121824	58.3855601767884	
3622 TONGASS BOULEVARD	99801	-134.57189414672735	58.38566368882334	
3627 MCGINNIS DRIVE	99801	-134.57480780719857	58.386187935774	
8991 LONG RUN DRIVE	99801	-134.5758369899516	58.386426305090936	
8991 LONG RUN DRIVE	99801	-134.5758319468096	58.38647598680362	
3621 MCGINNIS DRIVE	99801	-134.57456921915067	58.38616835808839	
3514 MENDENHALL LOOP ROAD	99801	-134.57393908511486	58.384571738076865	
3510 MENDENHALL LOOP ROAD	99801	-134.57483610592664	58.38449225911612	
8145 PINEWOOD DRIVE	99801	-134.5735972141655	58.3916029481017	
3274 TONGASS BOULEVARD	99801	-134.57226331388495	58.383853638786434	
3272 TONGASS BOULEVARD	99801	-134.57188443773575	58.38386138306736	
3710 AMALGA STREET	99801	-134.56513841604044	58.38790970918251	
3773 MCGINNIS DRIVE	99801	-134.57670035358464	58.387374725080306	
8422 STEEP PLACE	99801	-134.56456301725322	58.38927924010963	
3737 EL CAMINO STREET	99801	-134.57142234704853	58.38886850502408	
8521 JENNIFER DRIVE	99801	-134.5705676997687	58.38381790205125	
8523 JENNIFER DRIVE	99801	-134.57090510788774	58.38381944808361	
3715 EL CAMINO STREET	99801	-134.57349843092527	58.38745204895615	
8920 HAFFNER COURT	99801	-134.576499395964	58.390719191997654	
8997 LONG RUN DRIVE	99801	-134.57623442259958	58.3858641901102	
8414 NUGGET DRIVE	99801	-134.56459112284352	58.38843330309623	
8490 FOREST LANE	99801	-134.5652977789685	58.38400099598497	
8490 FOREST LANE	99801	-134.5650874725807	58.38400523001007	
3706 AMALGA STREET	99801	-134.56451192197818	58.387560215174766	
3200 MENDENHALL LOOP ROAD	99801	-134.5686322570312	58.38828829093979	
3800 MENDENHALL LOOP ROAD	99801	-134.56826202357334	58.38795824978224	
3840 MENDENHALL LOOP ROAD	99801	-134.56739975498664	58.38785137684292	
8493 FOREST LANE	99801	-134.5652686340274	58.384432383123865	
8476 THUNDER MOUNTAIN ROAD	99801	-134.55736106192367	58.391801837924895	
8476 THUNDER MOUNTAIN ROAD	99801	-134.55741050160367	58.39212407898794	
8476 THUNDER MOUNTAIN ROAD	99801	-134.55734789621488	58.39244576814691	
8476 THUNDER MOUNTAIN ROAD	99801	-134.55714436222598	58.391831666805345	
8476 THUNDER MOUNTAIN ROAD	99801	-134.55722213477003	58.392139269189414	
8476 THUNDER MOUNTAIN ROAD	99801	-134.5571325960924	58.392454697912235	
8476 THUNDER MOUNTAIN ROAD	99801	-134.5569221253129	58.39183478877032	
8476 THUNDER MOUNTAIN ROAD	99801	-134.55702798009105	58.392131802149706	
8476 THUNDER MOUNTAIN ROAD	99801	-134.55692801826117	58.392485991856	
8476 THUNDER MOUNTAIN ROAD	99801	-134.5567290611887	58.39183767815315	
8476 THUNDER MOUNTAIN ROAD	99801	-134.55680264309188	58.39212337606906	
8476 THUNDER MOUNTAIN ROAD	99801	-134.55671935129877	58.39245896199559	
8476 THUNDER MOUNTAIN ROAD	99801	-134.55657656857596	58.39213417408847	
8476 THUNDER MOUNTAIN ROAD	99801	-134.55652217558549	58.3924843077869	
8476 THUNDER MOUNTAIN ROAD	99801	-134.5563800953452	58.39214315807576	
8476 THUNDER MOUNTAIN ROAD	99801	-134.55629697782524	58.39248396409933	
8476 THUNDER MOUNTAIN ROAD	99801	-134.55612389492788	58.39248500599057	
4051 DEBORAH DRIVE	99801	-134.5621705602082	58.39252501920532	
4007 DIANE ROAD	99801	-134.56422064234897	58.39235962383201	
4047 MITCHELL WAY	99801	-134.5626119519146	58.39244989193136	
4043 DELTA DRIVE	99801	-134.5602091840067	58.392422638881364	
4041 MITCHELL WAY	99801	-134.5635048234081	58.392378052138035	
4090 DELTA DRIVE	99801	-134.5582360560447	58.392253461027416	
4054 DEBORAH DRIVE	99801	-134.56117472471513	58.39241637904782	
4041 DELTA DRIVE	99801	-134.5606068493184	58.392237181895794	
4050 DEBORAH DRIVE	99801	-134.56160714135353	58.39231945412157	
4039 MITCHELL WAY	99801	-134.56331642782837	58.39223600016716	
4039 DELTA DRIVE	99801	-134.5609167923459	58.39229461903784	
4037 MITCHELL WAY	99801	-134.563210452676	58.392150718804146	
4035 DEBORAH DRIVE	99801	-134.56356507700747	58.39207615617589	
4046 DEBORAH DRIVE	99801	-134.56202144436259	58.3921757310134	
4052 DELTA DRIVE	99801	-134.55905961802245	58.39212812606805	
4037 DELTA DRIVE	99801	-134.5613104403916	58.392142724931055	
4033 DEBORAH DRIVE	99801	-134.56381467480747	58.392002336801056	
4031 DEBORAH DRIVE	99801	-134.56391975164456	58.391941006978946	
4044 DELTA DRIVE	99801	-134.55980228670887	58.39209748717429	
4037 DELTA DRIVE	99801	-134.56153132983175	58.39198416300771	
4042 DEBORAH DRIVE	99801	-134.56245298963515	58.391999107035076	
4029 DEBORAH DRIVE	99801	-134.56406172229038	58.39189730993349	
4040 DELTA DRIVE	99801	-134.56026677499955	58.39194040198531	
4035 DELTA DRIVE	99801	-134.5619336017042	58.3919037628924	
4038 DEBORAH DRIVE	99801	-134.56287575836745	58.3919047718439	
4027 DEBORAH DRIVE	99801	-134.5643486720399	58.39181247690768	
4038 DELTA DRIVE	99801	-134.56073513592747	58.3918333669133	
4033 DELTA DRIVE	99801	-134.56224424541765	58.391802281902514	
4036 DELTA DRIVE	99801	-134.56036607207614	58.391684846096545	
4034 DEBORAH DRIVE	99801	-134.56327992029523	58.391773074943046	
4034 DELTA DRIVE	99801	-134.5611191172024	58.3916372541421	
4031 DELTA DRIVE	99801	-134.56251797466115	58.391654517085335	
4030 DEBORAH DRIVE	99801	-134.56364160718147	58.391598932976876	
4029 DELTA DRIVE	99801	-134.56265717759757	58.39158164881965	
4032 DELTA DRIVE	99801	-134.5614711939117	58.391558841026296	
4027 DELTA DRIVE	99801	-134.56316323542802	58.39142433722269	
4026 DEBORAH DRIVE	99801	-134.5640982585696	58.39147232495199	
4025 DELTA DRIVE	99801	-134.56348363574378	58.391333579198815	
4023 DELTA DRIVE	99801	-134.56381928855475	58.391198384781596	
4019 DELTA DRIVE	99801	-134.56416159608534	58.39113184108046	
4022 DELTA DRIVE	99801	-134.56316087465547	58.39104329706055	
8451 VALLEY BOULEVARD	99801	-134.56269254337198	58.39102219518671	
8431 VALLEY BOULEVARD	99801	-134.56145550573356	58.39098658106716	
4000 SLATE DRIVE	99801	-134.56394616840214	58.39058780000411	
4001 SLATE DRIVE	99801	-134.56322540333727	58.390605928846675	
8445 CANYON DRIVE	99801	-134.56322633129696	58.39030638694807	
8441 CANYON DRIVE	99801	-134.56278079296717	58.390322376937526	
4004 SLATE DRIVE	99801	-134.56394383727397	58.390311962092866	
8437 CANYON DRIVE	99801	-134.56230231880585	58.39031957594727	
8433 CANYON DRIVE	99801	-134.56183346470286	58.39032504185659	
8429 CANYON DRIVE	99801	-134.56136879495244	58.39032519111088	
8425 CANYON DRIVE	99801	-134.5609013637809	58.3903252810401	
8421 CANYON DRIVE	99801	-134.56042384183374	58.39032526503177	
8417 CANYON DRIVE	99801	-134.55996681315315	58.39032538980272	
8413 CANYON DRIVE	99801	-134.5595013394106	58.390325589907036	
4008 SLATE DRIVE	99801	-134.56394018741895	58.39009053715381	
4011 SLATE DRIVE	99801	-134.5632807521352	58.38989169417859	
8440 CANYON DRIVE	99801	-134.5627763328318	58.389938252172605	
8436 CANYON DRIVE	99801	-134.56230013320476	58.38994152921125	
8432 CANYON DRIVE	99801	-134.56182984539058	58.38994310510889	
8428 CANYON DRIVE	99801	-134.56136740795364	58.38994540091898	
8424 CANYON DRIVE	99801	-134.56090037832902	58.389948226893395	
8420 CANYON DRIVE	99801	-134.56042341333736	58.38995110889737	
8416 CANYON DRIVE	99801	-134.5599634417759	58.38995230906528	
8412 CANYON DRIVE	99801	-134.55941030593632	58.389935668208615	
4012 SLATE DRIVE	99801	-134.56398152339676	58.389840229968335	
4021 SLATE DRIVE	99801	-134.56325690366103	58.38964049521774	
4067 GRANITE DRIVE	99801	-134.5627555332397	58.38962370213164	
4063 GRANITE DRIVE	99801	-134.56257825161669	58.389626028096465	
4059 GRANITE DRIVE	99801	-134.56211092195477	58.38963811416522	
4051 GRANITE DRIVE	99801	-134.56139662386164	58.38960951515519	
4047 GRANITE DRIVE	99801	-134.5610500699947	58.38961064612078	
4016 SLATE DRIVE	99801	-134.5639690475941	58.38954844201876	
4043 GRANITE DRIVE	99801	-134.56059751312762	58.38961163489166	
4031 GRANITE DRIVE	99801	-134.5598510472625	58.38960197695328	
4020 SLATE DRIVE	99801	-134.56393111443458	58.38934072711587	
4076 GRANITE DRIVE	99801	-134.5635291632607	58.3892287251776	
4072 GRANITE DRIVE	99801	-134.56308228464454	58.389230792201936	
4064 GRANITE DRIVE	99801	-134.56225776506267	58.389218463977436	
4060 GRANITE DRIVE	99801	-134.56207992828084	58.38922096700806	
4056 GRANITE DRIVE	99801	-134.56165115880248	58.38923568290342	
4048 GRANITE DRIVE	99801	-134.5609285063772	58.38923551716481	
4044 GRANITE DRIVE	99801	-134.5605771123875	58.389240041074856	
4032 GRANITE DRIVE	99801	-134.5597628156336	58.389237834209155	
8413 NUGGET DRIVE	99801	-134.56407438943418	58.38896058401151	
8411 NUGGET DRIVE	99801	-134.5635795317987	58.38886691777793	
8409 NUGGET DRIVE	99801	-134.5632203440256	58.388896314073214	
8407 NUGGET DRIVE	99801	-134.5627720523595	58.38893706306493	
8405 NUGGET DRIVE	99801	-134.562297367292	58.38890633899912	
8403 NUGGET DRIVE	99801	-134.5618151193081	58.38891740591878	
8399 NUGGET DRIVE	99801	-134.56119826776208	58.388943940803415	
8424 DOLOMITE AVENUE	99801	-134.56055464013235	58.38891890511324	
8425 DOLOMITE AVENUE	99801	-134.55979826135808	58.38890860709639	
8412 NUGGET DRIVE	99801	-134.56392220135035	58.3884600389309	
3734 QUARTZ STREET	99801	-134.56304830766553	58.38841799405431	
3731 BOULDER STREET	99801	-134.56237108663746	58.38844127285475	
3732 BOULDER STREET	99801	-134.56072221096716	58.38846845223208	
3729 BOULDER STREET	99801	-134.56248781821705	58.38818729300813	
3731 QUARTZ STREET	99801	-134.56404249025846	58.38827135877652	
3730 QUARTZ STREET	99801	-134.5634673609658	58.3880881989597	
3725 BOULDER STREET	99801	-134.56267792598567	58.388063785144126	
3707 AMALGA STREET	99801	-134.56429273843872	58.387961065085975	
3726 QUARTZ STREET	99801	-134.56359237501232	58.38789393611006	
3721 BOULDER STREET	99801	-134.56293462766294	58.387841405766814	
3705 AMALGA STREET	99801	-134.56378290409083	58.38766240478906	
3717 BOULDER STREET	99801	-134.56318217910075	58.387662941109184	
3701 AMALGA STREET	99801	-134.56331881285547	58.38745398376954	
8435 VALLEY BOULEVARD	99801	-134.56175308704448	58.39103599598973	
8437 VALLEY BOULEVARD	99801	-134.56188820623964	58.39103008102423	
8439 VALLEY BOULEVARD	99801	-134.56199395411826	58.391027494786115	
8441 VALLEY BOULEVARD	99801	-134.56213653561846	58.39102776692259	
8443 VALLEY BOULEVARD	99801	-134.56222949328406	58.39102771984015	
8445 VALLEY BOULEVARD	99801	-134.56240186022416	58.39102911018444	
4055 GRANITE DRIVE	99801	-134.561742044953	58.3896115670902	
4039 GRANITE DRIVE	99801	-134.56038917584692	58.38961616016598	
4052 GRANITE DRIVE	99801	-134.56126383489635	58.389232031945625	
4068 GRANITE DRIVE	99801	-134.56270177984973	58.38921931291729	
8423 VALLEY BOULEVARD	99801	-134.5609402078321	58.39107881177902	
8425 VALLEY BOULEVARD	99801	-134.5612043807976	58.39107590303024	
3704 AMALGA STREET	99801	-134.56407352435656	58.387368455874864	
3702 AMALGA STREET	99801	-134.5636461948776	58.387100897164416	
3625 AMALGA STREET	99801	-134.56268065506754	58.3864061959073	
3601 AMALGA STREET	99801	-134.56233985131672	58.38708745598391	
4000 GRANITE DRIVE	99801	-134.55776471091346	58.39059101718692	
4004 GRANITE DRIVE	99801	-134.55788296064586	58.390438933058356	
4008 GRANITE DRIVE	99801	-134.55811655226415	58.39022054203665	
4012 GRANITE DRIVE	99801	-134.55835042325847	58.39001355900819	
4016 GRANITE DRIVE	99801	-134.5585409846763	58.389812577982646	
4020 GRANITE DRIVE	99801	-134.55879714466946	58.38962826177592	
4024 GRANITE DRIVE	99801	-134.5589002353315	58.389405058866714	
4090 DELTA DRIVE	99801	-134.55776773733763	58.39192301677081	
4090 DELTA DRIVE	99801	-134.55801773129468	58.39192700878896	
4090 DELTA DRIVE	99801	-134.5582458602577	58.391925445221105	
4090 DELTA DRIVE	99801	-134.55841924409071	58.39190714191466	
4090 DELTA DRIVE	99801	-134.5588234536292	58.39199564892528	
4090 DELTA DRIVE	99801	-134.5587194296176	58.392551104111455	
4090 DELTA DRIVE	99801	-134.55855723519983	58.39255498400715	
4090 DELTA DRIVE	99801	-134.558292198055	58.392550856939366	
4094 DELTA DRIVE	99801	-134.55811560543984	58.39255206784727	
4090 DELTA DRIVE	99801	-134.55816820359635	58.3922996491442	
4052 DELTA DRIVE	99801	-134.55888497205652	58.39214977718539	
4052 DELTA DRIVE	99801	-134.55910611841483	58.392119698103244	
4052 DELTA DRIVE	99801	-134.55893033608	58.39219176205715	
4044 DELTA DRIVE	99801	-134.55997563460926	58.39204833692248	
4044 DELTA DRIVE	99801	-134.5598816816103	58.391998905057	
4044 DELTA DRIVE	99801	-134.55972407399034	58.39205284587655	
4040 DELTA DRIVE	99801	-134.5601726261679	58.39198021383992	
4040 DELTA DRIVE	99801	-134.56018155721847	58.39191338300612	
4040 DELTA DRIVE	99801	-134.5600737207568	58.39194472686563	
4041 DELTA DRIVE	99801	-134.56042239734273	58.39232903598653	
4036 DELTA DRIVE	99801	-134.559572989936	58.39183688389069	
4036 DELTA DRIVE	99801	-134.559775139621	58.39176316288601	
4036 DELTA DRIVE	99801	-134.55993054906347	58.3917273202279	
4036 DELTA DRIVE	99801	-134.56022886070468	58.39157921281264	
4039 DELTA DRIVE	99801	-134.561015432754	58.39225090783558	
4039 DELTA DRIVE	99801	-134.56097085026474	58.392207818988105	
4039 DELTA DRIVE	99801	-134.56085806498422	58.392243801929354	
4037 DELTA DRIVE	99801	-134.56116236120184	58.392186135891386	
4037 DELTA DRIVE	99801	-134.5615992325858	58.39203069611087	
4037 DELTA DRIVE	99801	-134.5614183487185	58.39202671210828	
4037 DELTA DRIVE	99801	-134.56147186764815	58.392073720202994	
4034 DELTA DRIVE	99801	-134.561116400697	58.39151279083036	
4034 DELTA DRIVE	99801	-134.56109866885157	58.3914391877944	
4034 DELTA DRIVE	99801	-134.56111249212717	58.391568458880045	
4035 DELTA DRIVE	99801	-134.5619646411922	58.391946709926195	
4035 DELTA DRIVE	99801	-134.56182244417096	58.391992009081925	
4035 DELTA DRIVE	99801	-134.56178059884837	58.391953359204635	
4032 DELTA DRIVE	99801	-134.5613535918646	58.391569581778924	
4032 DELTA DRIVE	99801	-134.56145975925645	58.39147147983293	
4032 DELTA DRIVE	99801	-134.5613591102154	58.39147217287768	
4033 DELTA DRIVE	99801	-134.56228015107956	58.39183625205891	
4033 DELTA DRIVE	99801	-134.56217356417446	58.391867253234985	
4033 DELTA DRIVE	99801	-134.5621452447851	58.3918343269022	
4030 DELTA DRIVE	99801	-134.56218551086943	58.391360766234136	
4030 DELTA DRIVE	99801	-134.56206729167974	58.39140052883637	
4030 DELTA DRIVE	99801	-134.56193589959472	58.391443163859456	
4030 DELTA DRIVE	99801	-134.56184413219685	58.39148135383567	
4031 DELTA DRIVE	99801	-134.56238964493292	58.39168486022101	
4031 DELTA DRIVE	99801	-134.56257571387604	58.39171000788475	
4031 DELTA DRIVE	99801	-134.56245453294082	58.39173727090184	
4027 DELTA DRIVE	99801	-134.56321922292813	58.39148857289195	
4027 DELTA DRIVE	99801	-134.56304060461196	58.39153572200774	
4027 DELTA DRIVE	99801	-134.56300668692177	58.39145807186308	
4025 DELTA DRIVE	99801	-134.56352173598995	58.391403026062285	
4025 DELTA DRIVE	99801	-134.56340062691996	58.39143307185682	
4025 DELTA DRIVE	99801	-134.5633783936167	58.39139149522382	
4023 DELTA DRIVE	99801	-134.56387544583643	58.39124618213573	
4023 DELTA DRIVE	99801	-134.56377845383687	58.39128719113012	
4023 DELTA DRIVE	99801	-134.5637403625739	58.39124711389136	
4022 DELTA DRIVE	99801	-134.56304516356204	58.39109611313237	
4022 DELTA DRIVE	99801	-134.5630983177757	58.39099698394192	
4022 DELTA DRIVE	99801	-134.56300892372684	58.39102402904781	
4019 DELTA DRIVE	99801	-134.56417394522555	58.39121212807538	
4019 DELTA DRIVE	99801	-134.56408688859307	58.39122664021563	
4019 DELTA DRIVE	99801	-134.5640669549769	58.39117113594334	
8414 VALLEY BOULEVARD	99801	-134.55956213110082	58.39061844115139	
8416 VALLEY BOULEVARD	99801	-134.55969418075264	58.390650305957635	
8418 VALLEY BOULEVARD	99801	-134.55985312596405	58.39063840715515	
8420 VALLEY BOULEVARD	99801	-134.55997441290046	58.3905928670787	
8422 VALLEY BOULEVARD	99801	-134.56048093066835	58.390608306067215	
8424 VALLEY BOULEVARD	99801	-134.56060518563845	58.3906547858991	
8426 VALLEY BOULEVARD	99801	-134.56077146289923	58.3906584178764	
8428 VALLEY BOULEVARD	99801	-134.56091753615095	58.3906287527938	
8430 VALLEY BOULEVARD	99801	-134.561435758967	58.390626899137274	
8432 VALLEY BOULEVARD	99801	-134.5615629469365	58.39065890706802	
8434 VALLEY BOULEVARD	99801	-134.56173532824965	58.39065372982885	
8436 VALLEY BOULEVARD	99801	-134.56184357793632	58.39062111687717	
8431 VALLEY BOULEVARD	99801	-134.56145715324382	58.39103140121561	
8431 VALLEY BOULEVARD	99801	-134.56145816025523	58.391071773906056	
8431 VALLEY BOULEVARD	99801	-134.56143010676723	58.39114599778254	
8438 VALLEY BOULEVARD	99801	-134.56235900519522	58.390614789865936	
8440 VALLEY BOULEVARD	99801	-134.5624914779535	58.39064694988557	
8442 VALLEY BOULEVARD	99801	-134.56263545363905	58.39066496099041	
8444 VALLEY BOULEVARD	99801	-134.56275359018375	58.39063766183196	
8451 VALLEY BOULEVARD	99801	-134.562693272804	58.391087947169595	
8451 VALLEY BOULEVARD	99801	-134.56266505402598	58.39115544201539	
8465 VALLEY BOULEVARD	99801	-134.56434739822882	58.3911169188142	
3607 AMALGA STREET	99801	-134.56097755169677	58.387543172007234	
3607 AMALGA STREET	99801	-134.56083601224228	58.387434781130274	
3607 AMALGA STREET	99801	-134.5608161244402	58.387493806810994	
3607 AMALGA STREET	99801	-134.5610244150085	58.387495177988924	
3605 AMALGA STREET	99801	-134.5610132228984	58.3876887452074	
3605 AMALGA STREET	99801	-134.56093201789164	58.387644435941446	
3605 AMALGA STREET	99801	-134.56087053809193	58.38774861520055	
3605 AMALGA STREET	99801	-134.56080022066644	58.38771264321058	
3609 AMALGA STREET	99801	-134.56116437073314	58.38732596283763	
3609 AMALGA STREET	99801	-134.56109545288288	58.38734606678807	
3609 AMALGA STREET	99801	-134.56104502415775	58.387251071224526	
3609 AMALGA STREET	99801	-134.56098713582253	58.38728511922197	
3611 AMALGA STREET	99801	-134.5613369173363	58.38717895809031	
3611 AMALGA STREET	99801	-134.56119087822054	58.38710424792348	
3611 AMALGA STREET	99801	-134.56117584221934	58.387143610842934	
3611 AMALGA STREET	99801	-134.56134633617205	58.387128417076745	
3613 AMALGA STREET	99801	-134.5614017756998	58.386996238050536	
3613 AMALGA STREET	99801	-134.56147568189485	58.38696207911775	
3613 AMALGA STREET	99801	-134.56128271209374	58.386932561135964	
3613 AMALGA STREET	99801	-134.56134060042893	58.386898511856366	
3615 AMALGA STREET	99801	-134.56164878455516	58.38683750277323	
3615 AMALGA STREET	99801	-134.56146523628473	58.386757444083706	
3615 AMALGA STREET	99801	-134.56143425159397	58.38679971978817	
3615 AMALGA STREET	99801	-134.56166888076638	58.38678688781287	
3617 AMALGA STREET	99801	-134.56183116681234	58.38665677797801	
3617 AMALGA STREET	99801	-134.56174947491874	58.38659284381893	
3617 AMALGA STREET	99801	-134.5616433973584	58.386621616206114	
3617 AMALGA STREET	99801	-134.5617784087557	58.38668237892038	
3619 AMALGA STREET	99801	-134.5620023794173	58.38645650015877	
3619 AMALGA STREET	99801	-134.56196633721146	58.38651002895696	
3619 AMALGA STREET	99801	-134.5617945838207	58.38647475685164	
3619 AMALGA STREET	99801	-134.56181460996333	58.38642133912899	
3621 AMALGA STREET	99801	-134.5621265885733	58.38629861004962	
3621 AMALGA STREET	99801	-134.56198680083364	58.38626031416107	
3621 AMALGA STREET	99801	-134.56196171627764	58.386324983036054	
3621 AMALGA STREET	99801	-134.5620851403061	58.38634936980215	
3623 AMALGA STREET	99801	-134.56223091531714	58.38619974378405	
3623 AMALGA STREET	99801	-134.56213222640002	58.38609666889584	
3623 AMALGA STREET	99801	-134.56209098744029	58.38615584090837	
3623 AMALGA STREET	99801	-134.56229975770893	58.38617683691902	
3625 AMALGA STREET	99801	-134.56254413719546	58.38634060094663	
3625 AMALGA STREET	99801	-134.5624869504445	58.386402686864166	
3625 AMALGA STREET	99801	-134.56260552536705	58.386446736819714	
3601 AMALGA STREET	99801	-134.56221650993325	58.38711962204582	
3601 AMALGA STREET	99801	-134.56224474577925	58.38718111988081	
3601 AMALGA STREET	99801	-134.5620840883789	58.387162597979575	
3601 AMALGA STREET	99801	-134.5621442153158	58.387218266775754	
3603 AMALGA STREET	99801	-134.5618540037835	58.38735767099306	
3603 AMALGA STREET	99801	-134.56176247264256	58.38732745597835	
3603 AMALGA STREET	99801	-134.56175368442416	58.38740322984476	
3603 AMALGA STREET	99801	-134.56166229072548	58.387378621084416	
4056 DEBORAH DRIVE	99801	-134.56099306111014	58.39254598317583	
4052 DEBORAH DRIVE	99801	-134.56133033538023	58.39234901891237	
4048 DEBORAH DRIVE	99801	-134.56182684142425	58.392248279785086	
4044 DEBORAH DRIVE	99801	-134.56217957659865	58.39209986900233	
4040 DEBORAH DRIVE	99801	-134.5626175591986	58.391939640211184	
4036 DEBORAH DRIVE	99801	-134.56306491212524	58.391869179802335	
4032 DEBORAH DRIVE	99801	-134.56348863307173	58.39170904600918	
4028 DEBORAH DRIVE	99801	-134.56382635290618	58.39153078783921	
4024 DEBORAH DRIVE	99801	-134.56430821012287	58.39141516802029	
8485 FOREST LANE	99801	-134.56359720794853	58.384553565162854	
8484 FOREST LANE	99801	-134.5634283183869	58.384880191148795	
8421 VALLEY BOULEVARD	99801	-134.56094447842295	58.3911505459303	
8427 VALLEY BOULEVARD	99801	-134.56120172268265	58.391148204999666	
3706 AMALGA STREET	99801	-134.56438233460852	58.38749724323135	
8403 NUGGET DRIVE	99801	-134.56201228693655	58.38885500189379	
4050 DELTA DRIVE	99801	-134.55938530402534	58.39195561910214	
4050 DELTA DRIVE	99801	-134.55928915195057	58.39198005894288	
4050 DELTA DRIVE	99801	-134.55921575240535	58.39199871720324	
4050 DELTA DRIVE	99801	-134.55935050508788	58.39191939810653	
4050 DELTA DRIVE	99801	-134.55925518934467	58.391941507923065	
4050 DELTA DRIVE	99801	-134.55917864659423	58.39196018691956	
4050 DELTA DRIVE	99801	-134.55938274292848	58.392141153839866	
5060 NORTH DOUGLAS HIGHWAY	99801	-134.4616721558382	58.31403324703768	
5060 NORTH DOUGLAS HIGHWAY	99801	-134.46063867015496	58.31406258395207	
5060 NORTH DOUGLAS HIGHWAY	99801	-134.4615084792002	58.313979224188515	
5060 NORTH DOUGLAS HIGHWAY	99801	-134.460462514121	58.313995981090414	
5060 NORTH DOUGLAS HIGHWAY	99801	-134.46025777638965	58.313976936174576	
5060 NORTH DOUGLAS HIGHWAY	99801	-134.46132569180278	58.313871752961006	
5060 NORTH DOUGLAS HIGHWAY	99801	-134.4612060047659	58.31381072989733	
5060 NORTH DOUGLAS HIGHWAY	99801	-134.46024728586377	58.31388955978879	
5060 NORTH DOUGLAS HIGHWAY	99801	-134.4602003219407	58.313811776943496	
5060 NORTH DOUGLAS HIGHWAY	99801	-134.46103367825003	58.31403401002238	
5060 NORTH DOUGLAS HIGHWAY	99801	-134.46109016162012	58.31374136620447	
5060 NORTH DOUGLAS HIGHWAY	99801	-134.4609865400538	58.31368604294444	
5060 NORTH DOUGLAS HIGHWAY	99801	-134.4609084710657	58.31397922513222	
5060 NORTH DOUGLAS HIGHWAY	99801	-134.4608130376432	58.31392755486178	
5010 NORTH DOUGLAS HIGHWAY	99801	-134.46036920701076	58.31324725979198	
5060 NORTH DOUGLAS HIGHWAY	99801	-134.46071276679285	58.31387874395155	
5010 NORTH DOUGLAS HIGHWAY	99801	-134.45935911435583	58.313285212143654	
5050 NORTH DOUGLAS HIGHWAY	99801	-134.4606112886068	58.313393520818515	
5050 NORTH DOUGLAS HIGHWAY	99801	-134.4607438718579	58.31349407321291	
5010 NORTH DOUGLAS HIGHWAY	99801	-134.45924352184002	58.31332235285285	
5010 NORTH DOUGLAS HIGHWAY	99801	-134.45994627927666	58.312937925208274	
5010 NORTH DOUGLAS HIGHWAY	99801	-134.45917647428215	58.313056280954754	
5060 NORTH DOUGLAS HIGHWAY	99801	-134.46053087501582	58.313757604177816	
5010 NORTH DOUGLAS HIGHWAY	99801	-134.45983288314176	58.31301459118211	
5010 NORTH DOUGLAS HIGHWAY	99801	-134.45913039609798	58.31337513618338	
5010 NORTH DOUGLAS HIGHWAY	99801	-134.45959506944163	58.31316958595018	
5010 NORTH DOUGLAS HIGHWAY	99801	-134.4589151076536	58.31315779077561	
5050 NORTH DOUGLAS HIGHWAY	99801	-134.4605705464154	58.313586722173305	
5010 NORTH DOUGLAS HIGHWAY	99801	-134.45909905657265	58.31365203008614	
5010 NORTH DOUGLAS HIGHWAY	99801	-134.45949910601308	58.31327655489078	
5010 NORTH DOUGLAS HIGHWAY	99801	-134.45976734924514	58.31281099380396	
5010 NORTH DOUGLAS HIGHWAY	99801	-134.4586924521256	58.31323862423549	
5010 NORTH DOUGLAS HIGHWAY	99801	-134.4602315069558	58.3132968558081	
5010 NORTH DOUGLAS HIGHWAY	99801	-134.45973377920296	58.31310540914917	
5010 NORTH DOUGLAS HIGHWAY	99801	-134.45881553209935	58.31320227003418	
5050 NORTH DOUGLAS HIGHWAY	99801	-134.45999045303247	58.313737270966875	
5010 NORTH DOUGLAS HIGHWAY	99801	-134.4600932391656	58.313346238945236	
5010 NORTH DOUGLAS HIGHWAY	99801	-134.45928733357476	58.313009042042275	
5010 NORTH DOUGLAS HIGHWAY	99801	-134.4602094362476	58.313095147041075	
5010 NORTH DOUGLAS HIGHWAY	99801	-134.45964553140442	58.31284703603096	
5010 NORTH DOUGLAS HIGHWAY	99801	-134.45997047539888	58.31339790298709	
5050 NORTH DOUGLAS HIGHWAY	99801	-134.46060051690822	58.31352620209113	
5010 NORTH DOUGLAS HIGHWAY	99801	-134.4595356647502	58.312894443144536	
5010 NORTH DOUGLAS HIGHWAY	99801	-134.45982006418262	58.31343233085477	
5010 NORTH DOUGLAS HIGHWAY	99801	-134.45924847694712	58.313614586790585	
5010 NORTH DOUGLAS HIGHWAY	99801	-134.4585595670406	58.3132780280442	
5010 NORTH DOUGLAS HIGHWAY	99801	-134.45954747400293	58.313526245030275	
5010 NORTH DOUGLAS HIGHWAY	99801	-134.45938866713206	58.31294275193159	
5010 NORTH DOUGLAS HIGHWAY	99801	-134.45964427106807	58.31345580682678	
5010 NORTH DOUGLAS HIGHWAY	99801	-134.45870736056608	58.31340558298744	
5010 NORTH DOUGLAS HIGHWAY	99801	-134.45939500923797	58.3135624450728	
5010 NORTH DOUGLAS HIGHWAY	99801	-134.45879347127257	58.31345933822469	
5010 NORTH DOUGLAS HIGHWAY	99801	-134.45891338827815	58.31351362705267	
5990 NORTH DOUGLAS HIGHWAY	99801	-134.47991039682847	58.322447838183706	
6015 NORTH DOUGLAS HIGHWAY	99801	-134.48160307075878	58.32233868121409	
5960 NORTH DOUGLAS HIGHWAY	99801	-134.47942545120378	58.322182190161826	
5989 NORTH DOUGLAS HIGHWAY	99801	-134.4820311386529	58.32128580712544	
5950 NORTH DOUGLAS HIGHWAY	99801	-134.4785056374383	58.32170460488868	
5959 NORTH DOUGLAS HIGHWAY	99801	-134.4805627839305	58.32146034198121	
5900 NORTH DOUGLAS HIGHWAY	99801	-134.47818095934514	58.32155651009688	
5957 NORTH DOUGLAS HIGHWAY	99801	-134.48069912213947	58.32075115296151	
5955 NORTH DOUGLAS HIGHWAY	99801	-134.47967022415241	58.321252147844724	
5880 NORTH DOUGLAS HIGHWAY	99801	-134.47757577242308	58.321267161938124	
5915 NORTH DOUGLAS HIGHWAY	99801	-134.47892103639197	58.321142297002815	
5850 NORTH DOUGLAS HIGHWAY	99801	-134.4766052730143	58.32092694297938	
5895 NORTH DOUGLAS HIGHWAY	99801	-134.47950752218645	58.320603398092295	
5875 NORTH DOUGLAS HIGHWAY	99801	-134.47806968682752	58.32070106591471	
5820 NORTH DOUGLAS HIGHWAY	99801	-134.47629742575634	58.32070535990168	
5845 NORTH DOUGLAS HIGHWAY	99801	-134.47764198634437	58.32041185605957	
5734 NORTH DOUGLAS HIGHWAY	99801	-134.47513341665893	58.320130056772015	
2170 GLACIER HIGHWAY	99801	-134.45258450377665	58.31995408210315	
5821 NORTH DOUGLAS HIGHWAY	99801	-134.47703100798364	58.320169845887236	
5825 NORTH DOUGLAS HIGHWAY	99801	-134.47751914172926	58.31990272391249	
5795 NORTH DOUGLAS HIGHWAY	99801	-134.47677300105428	58.31983155819432	
5730 NORTH DOUGLAS HIGHWAY	99801	-134.47485567643773	58.31956283811003	
5775 NORTH DOUGLAS HIGHWAY	99801	-134.4776204249809	58.31914597005011	
5700 NORTH DOUGLAS HIGHWAY	99801	-134.47388685957344	58.31947300292897	
5680 NORTH DOUGLAS HIGHWAY	99801	-134.4736282067554	58.31931018392493	
2150 GLACIER HIGHWAY	99801	-134.45207590191728	58.31954404293213	
2100 GLACIER HIGHWAY	99801	-134.45125239294012	58.3193127768365	
5660 NORTH DOUGLAS HIGHWAY	99801	-134.47371918633073	58.318983644915434	
2090 GLACIER HIGHWAY	99801	-134.45086817989986	58.3191109499937	
5675 NORTH DOUGLAS HIGHWAY	99801	-134.47628749488086	58.318082692102166	
5650 NORTH DOUGLAS HIGHWAY	99801	-134.47312083468967	58.318904550854796	
2050 GLACIER HIGHWAY	99801	-134.45039105141478	58.31845169281149	
5655 NORTH DOUGLAS HIGHWAY	99801	-134.4741230607976	58.318686993153214	
2090 GLACIER HIGHWAY	99801	-134.45109215056144	58.31905112911441	
5630 NORTH DOUGLAS HIGHWAY	99801	-134.47292665485784	58.31853155313172	
2080 GLACIER HIGHWAY	99801	-134.45058182303842	58.31876749693377	
5580 NORTH DOUGLAS HIGHWAY	99801	-134.4719618633444	58.318273848085084	
5651 NORTH DOUGLAS HIGHWAY	99801	-134.4740817409895	58.31790131786848	
5550 NORTH DOUGLAS HIGHWAY	99801	-134.47096883867988	58.31776068615704	
5547 NORTH DOUGLAS HIGHWAY	99801	-134.47305934500847	58.31762511917527	
2041 GLACIER HIGHWAY	99801	-134.45130265368024	58.31858994394729	
1838 BARTLETT AVENUE	99801	-134.4455325653029	58.31649059710385	
2030 GLACIER HIGHWAY	99801	-134.45018228833263	58.318083362055276	
5545 NORTH DOUGLAS HIGHWAY	99801	-134.47191150917945	58.317504690978026	
2031 GLACIER HIGHWAY	99801	-134.45098589693131	58.318043211081715	
2011 GLACIER HIGHWAY	99801	-134.4504055699864	58.31724407115988	
2020 GLACIER HIGHWAY	99801	-134.44987040943568	58.31760645082638	
5525 NORTH DOUGLAS HIGHWAY	99801	-134.47150130967464	58.31713110806961	
5470 NORTH DOUGLAS HIGHWAY	99801	-134.46963139095226	58.317141560089944	
1940 SUTHERLAND DRIVE	99801	-134.44864071821968	58.317465262154535	
1941 GLACIER HIGHWAY	99801	-134.4495358085519	58.31733039184427	
5450 NORTH DOUGLAS HIGHWAY	99801	-134.46879068193235	58.31638420595612	
5475 NORTH DOUGLAS HIGHWAY	99801	-134.47048545432716	58.31654323510411	
1931 WICKERSHAM AVENUE	99801	-134.44923697229456	58.31716099679139	
5440 NORTH DOUGLAS HIGHWAY	99801	-134.46828217170116	58.31639676723477	
1904 WICKERSHAM AVENUE	99801	-134.44818078887903	58.317029801208356	
1900 WICKERSHAM AVENUE	99801	-134.44782885140862	58.31687192689041	
1921 GLACIER HIGHWAY	99801	-134.44889646678442	58.316812313124565	
5405 NORTH DOUGLAS HIGHWAY	99801	-134.46937808490677	58.3159639631959	
5400 NORTH DOUGLAS HIGHWAY	99801	-134.46850521979295	58.31612595115533	
1901 WICKERSHAM AVENUE	99801	-134.4482328076222	58.316580136954734	
1847 BARTLETT AVENUE	99801	-134.44662326109335	58.31667799187778	
1880 GLACIER HIGHWAY	99801	-134.44724914519958	58.316484216220154	
1839 BARTLETT AVENUE	99801	-134.4462937150297	58.31635010604662	
1900 GLACIER HIGHWAY	99801	-134.4479332347463	58.31634888308632	
1880 GLACIER HIGHWAY	99801	-134.44767949930608	58.3161790648245	
1840 WICKERSHAM AVENUE	99801	-134.44680853682405	58.31620022609658	
5355 NORTH DOUGLAS HIGHWAY	99801	-134.46809935735433	58.31552925520803	
1820 WICKERSHAM AVENUE	99801	-134.44656427501684	58.315987117117665	
1811 BARTLETT AVENUE	99801	-134.44561738333374	58.315995258945115	
1841 GLACIER HIGHWAY	99801	-134.44723799620857	58.315901680189235	
1810 WICKERSHAM AVENUE	99801	-134.44626155085092	58.31583581920171	
5292 NORTH DOUGLAS HIGHWAY	99801	-134.4667889156791	58.31545170905443	
1821 WICKERSHAM AVENUE	99801	-134.44691104088616	58.31572505694381	
5270 NORTH DOUGLAS HIGHWAY	99801	-134.46560415010876	58.31521831982576	
5323 NORTH DOUGLAS HIGHWAY	99801	-134.46891185208779	58.31482379084769	
1800 WICKERSHAM AVENUE	99801	-134.44589476422883	58.31572094211911	
1799 DIMOND DRIVE	99801	-134.44573335134535	58.31550617081762	
5305 NORTH DOUGLAS HIGHWAY	99801	-134.46846119066592	58.31450387900495	
1781 BARTLETT AVENUE	99801	-134.44483536125134	58.31551419904423	
1804 GLACIER HIGHWAY	99801	-134.44649665163888	58.315352926886405	
1801 GLACIER HIGHWAY	99801	-134.4474952647228	58.31522244697668	
5260 NORTH DOUGLAS HIGHWAY	99801	-134.46506802656404	58.31493227599745	
1791 DIMOND DRIVE	99801	-134.44542232944116	58.3153925949257	
5295 NORTH DOUGLAS HIGHWAY	99801	-134.46687222723517	58.31491054209619	
5240 NORTH DOUGLAS HIGHWAY	99801	-134.46479191678506	58.314816851946524	
1775 DIMOND DRIVE	99801	-134.4447139530424	58.31529401312255	
5200 NORTH DOUGLAS HIGHWAY	99801	-134.46448108262877	58.31471432487555	
5190 NORTH DOUGLAS HIGHWAY	99801	-134.46385504491064	58.314559331214895	
5275 NORTH DOUGLAS HIGHWAY	99801	-134.46630298909415	58.31471794013581	
1780 GLACIER HIGHWAY	99801	-134.44559097196606	58.314921384984636	
5160 NORTH DOUGLAS HIGHWAY	99801	-134.46337555116142	58.314611689926885	
1776 DIMOND DRIVE	99801	-134.445039786369	58.31483401187586	
5255 NORTH DOUGLAS HIGHWAY	99801	-134.46586174381312	58.31438633401788	
5140 NORTH DOUGLAS HIGHWAY	99801	-134.46292229001514	58.31450788686232	
5253 NORTH DOUGLAS HIGHWAY	99801	-134.4655148387049	58.3142001449447	
5215 NORTH DOUGLAS HIGHWAY	99801	-134.46459360470294	58.3141193481275	
5191 NORTH DOUGLAS HIGHWAY	99801	-134.46454383534123	58.31419038897736	
1771 GLACIER HIGHWAY	99801	-134.44595209740524	58.31443547310466	
5167 NORTH DOUGLAS HIGHWAY	99801	-134.46401186111484	58.31425058187527	
1710 GLACIER HIGHWAY	99801	-134.44509806636967	58.31442663683156	
1650 GLACIER HIGHWAY	99801	-134.44314766219108	58.31343785397592	
5060 NORTH DOUGLAS HIGHWAY	99801	-134.46141725168982	58.31393042420226	
5165 NORTH DOUGLAS HIGHWAY	99801	-134.46443662770028	58.31334046006103	
5125 NORTH DOUGLAS HIGHWAY	99801	-134.46292896629433	58.31387488984733	
1540 GLACIER HIGHWAY	99801	-134.44261720791414	58.312711557798636	
5115 NORTH DOUGLAS HIGHWAY	99801	-134.462411620234	58.31380225821211	
1670 GLACIER HIGHWAY	99801	-134.44389448738232	58.31411631176711	
1690 GLACIER HIGHWAY	99801	-134.44449209521835	58.31402481692874	
5085 NORTH DOUGLAS HIGHWAY	99801	-134.46254256316138	58.31301514279296	
5010 NORTH DOUGLAS HIGHWAY	99801	-134.4590501522886	58.31312546479537	
5045 NORTH DOUGLAS HIGHWAY	99801	-134.4616744537287	58.31342322914561	
5025 NORTH DOUGLAS HIGHWAY	99801	-134.46086584061558	58.31289533308609	
1547 GLACIER HIGHWAY	99801	-134.44357199578857	58.31273338081891	
4910 NORTH DOUGLAS HIGHWAY	99801	-134.45888562314937	58.31226339016419	
1541 GLACIER HIGHWAY	99801	-134.44325394277064	58.31233943000693	
1511 GLACIER HIGHWAY	99801	-134.4429512159098	58.31202276298091	
1450 GLACIER HIGHWAY	99801	-134.44126093598973	58.311504052038735	
1491 GLACIER HIGHWAY	99801	-134.44234822986016	58.31148792817097	
1441 GLACIER HIGHWAY	99801	-134.44158780417555	58.31104006403078	
1401 GLACIER HIGHWAY	99801	-134.44126139682547	58.31062040379388	
4750 NORTH DOUGLAS HIGHWAY	99801	-134.45542924639756	58.30984145188549	
4770 NORTH DOUGLAS HIGHWAY	99801	-134.45589305825683	58.309947331821334	
1361 GLACIER HIGHWAY	99801	-134.4406334995947	58.30997368779045	
1341 GLACIER HIGHWAY	99801	-134.4404811138815	58.309820513796396	
4754 NORTH DOUGLAS HIGHWAY	99801	-134.45532233520066	58.30987989490017	
1323 GLACIER HIGHWAY	99801	-134.4403072817892	58.3096908681045	
4600 NORTH DOUGLAS HIGHWAY	99801	-134.45332015572237	58.30833987694181	
1301 HARBOR WAY	99801	-134.44012618322452	58.308457412764795	
4535 NORTH DOUGLAS HIGHWAY	99801	-134.45454932681383	58.307569465977764	
4535 NORTH DOUGLAS HIGHWAY	99801	-134.45451244917479	58.30752510705907	
4525 NORTH DOUGLAS HIGHWAY	99801	-134.45432241686464	58.3070427568014	
4485 NORTH DOUGLAS HIGHWAY	99801	-134.45373454407135	58.306698822185886	
4475 NORTH DOUGLAS HIGHWAY	99801	-134.45337158067912	58.30633374585286	
4455 NORTH DOUGLAS HIGHWAY	99801	-134.45309868507223	58.3060679338185	
4435 NORTH DOUGLAS HIGHWAY	99801	-134.45349946124972	58.305700738939905	
1362 GLACIER HIGHWAY	99801	-134.44007574102469	58.31039717195977	
4755 NORTH DOUGLAS HIGHWAY	99801	-134.45649440218614	58.30949581822326	
5665 NORTH DOUGLAS HIGHWAY	99801	-134.47569597582583	58.31899467007977	
5855 NORTH DOUGLAS HIGHWAY	99801	-134.4788030750188	58.31982857610666	
5953 NORTH DOUGLAS HIGHWAY	99801	-134.47946724891565	58.32133252407259	
5357 NORTH DOUGLAS HIGHWAY	99801	-134.46820510702958	58.315474794895856	
5300 NORTH DOUGLAS HIGHWAY	99801	-134.46718979965442	58.315526008059706	
1840 BARTLETT AVENUE	99801	-134.44561850532952	58.31653211622717	
4425 NORTH DOUGLAS HIGHWAY	99801	-134.45283134824032	58.30554720898814	
4570 NORTH DOUGLAS HIGHWAY	99801	-134.45228232668475	58.30763854303835	
4492 NORTH DOUGLAS HIGHWAY	99801	-134.45289353501417	58.30714416919853	
4490 NORTH DOUGLAS HIGHWAY	99801	-134.45271720111378	58.306993957155406	
4480 NORTH DOUGLAS HIGHWAY	99801	-134.4525941570727	58.3064137652138	
4470 NORTH DOUGLAS HIGHWAY	99801	-134.45216273756424	58.30618982013538	
4420 NORTH DOUGLAS HIGHWAY	99801	-134.45148679214384	58.30607307108387	
4410 NORTH DOUGLAS HIGHWAY	99801	-134.4514278500848	58.30573086386414	
4370 NORTH DOUGLAS HIGHWAY	99801	-134.45149612384301	58.30541147719513	
4360 NORTH DOUGLAS HIGHWAY	99801	-134.45095419538495	58.305294577848905	
4340 NORTH DOUGLAS HIGHWAY	99801	-134.45017822794756	58.304895509167444	
4300 NORTH DOUGLAS HIGHWAY	99801	-134.45080262264705	58.304251004043785	
4305 NORTH DOUGLAS HIGHWAY	99801	-134.45155728563913	58.304225282875706	
4220 NORTH DOUGLAS HIGHWAY	99801	-134.4493993742232	58.303345003140585	
4275 NORTH DOUGLAS HIGHWAY	99801	-134.45145640123945	58.30330039915135	
4225 NORTH DOUGLAS HIGHWAY	99801	-134.4508887827609	58.30303177717361	
4052 NORTH DOUGLAS HIGHWAY	99801	-134.44720833832946	58.301872576871816	
4039 NORTH DOUGLAS HIGHWAY	99801	-134.4487885377963	58.30136900678891	
4020 NORTH DOUGLAS HIGHWAY	99801	-134.4456982972863	58.301519686884944	
3980 NORTH DOUGLAS HIGHWAY	99801	-134.4453898418689	58.30138153799896	
3970 NORTH DOUGLAS HIGHWAY	99801	-134.44475809176387	58.301392707897094	
4025 NORTH DOUGLAS HIGHWAY	99801	-134.44705498602897	58.3009336969475	
3930 NORTH DOUGLAS HIGHWAY	99801	-134.44444347929348	58.30100922492479	
3920 NORTH DOUGLAS HIGHWAY	99801	-134.44356515871095	58.30126835384163	
4001 NORTH DOUGLAS HIGHWAY	99801	-134.44638987968085	58.30081863315719	
3975 NORTH DOUGLAS HIGHWAY	99801	-134.44581036840623	58.30090860399602	
3910 NORTH DOUGLAS HIGHWAY	99801	-134.44358244858523	58.30078307383173	
3860 NORTH DOUGLAS HIGHWAY	99801	-134.44265172298398	58.300483305027456	
3850 NORTH DOUGLAS HIGHWAY	99801	-134.44225619296776	58.30023110787732	
3915 NORTH DOUGLAS HIGHWAY	99801	-134.4441137320072	58.2998205700069	
3925 NORTH DOUGLAS HIGHWAY	99801	-134.44440645612735	58.30038525282886	
3840 NORTH DOUGLAS HIGHWAY	99801	-134.44199772879588	58.300151622095704	
3828 NORTH DOUGLAS HIGHWAY	99801	-134.44116288307987	58.30022967288746	
3824 NORTH DOUGLAS HIGHWAY	99801	-134.44080620609796	58.30006913302805	
3830 NORTH DOUGLAS HIGHWAY	99801	-134.44169935876417	58.30002215008145	
3845 NORTH DOUGLAS HIGHWAY	99801	-134.4429091262455	58.299961917863996	
3810 NORTH DOUGLAS HIGHWAY	99801	-134.44048426876475	58.29979270018728	
3835 NORTH DOUGLAS HIGHWAY	99801	-134.44247689555831	58.29987095286013	
3825 NORTH DOUGLAS HIGHWAY	99801	-134.44187813069223	58.299672455785135	
3819 NORTH DOUGLAS HIGHWAY	99801	-134.441111927942	58.29939592496409	
3795 NORTH DOUGLAS HIGHWAY	99801	-134.44047641030267	58.29915283583288	
3785 NORTH DOUGLAS HIGHWAY	99801	-134.44099957115785	58.29889804895391	
4280 NORTH DOUGLAS HIGHWAY	99801	-134.45058146191568	58.304030100908996	
4260 NORTH DOUGLAS HIGHWAY	99801	-134.45029703733042	58.3038440201541	
4050 NORTH DOUGLAS HIGHWAY	99801	-134.44681215703463	58.302024882793624	
3790 NORTH DOUGLAS HIGHWAY	99801	-134.4400185425956	58.30008798906472	
3781 NORTH DOUGLAS HIGHWAY	99801	-134.4408228240324	58.2988138330191	
4365 NORTH DOUGLAS HIGHWAY	99801	-134.45255053398418	58.305263730912564	
4355 NORTH DOUGLAS HIGHWAY	99801	-134.45220645138258	58.304836973026774	
4262 NORTH DOUGLAS HIGHWAY	99801	-134.45023249427555	58.30377077321425	
3932 NORTH DOUGLAS HIGHWAY	99801	-134.44463965069028	58.30109225793351	
3890 NORTH DOUGLAS HIGHWAY	99801	-134.4427033320954	58.30087709900556	
3000 FISH CREEK ROAD	99801	-134.51497037574308	58.27590991784011	
2013 GLACIER HIGHWAY	99801	-134.4507433697709	58.317663565053685	
1802 GLACIER HIGHWAY	99801	-134.44642051582528	58.31538139500338	
2150 GLACIER HIGHWAY	99801	-134.45185927857642	58.319533404797575	
2150 GLACIER HIGHWAY	99801	-134.45177609817435	58.319657147867716	
1803 GLACIER HIGHWAY	99801	-134.447882417949	58.315372108836854	
1805 GLACIER HIGHWAY	99801	-134.4477451266275	58.31562621278586	
1439 GLACIER HIGHWAY	99801	-134.44146202835765	58.31102332082899	
3812 NORTH DOUGLAS HIGHWAY	99801	-134.4406546162921	58.29988862984474	
4030 NORTH DOUGLAS HIGHWAY	99801	-134.44617419957103	58.30167954187533	
4372 NORTH DOUGLAS HIGHWAY	99801	-134.45154653909339	58.30546659204571	
4412 NORTH DOUGLAS HIGHWAY	99801	-134.45147888517272	58.30579347202952	
5200 NORTH DOUGLAS HIGHWAY	99801	-134.46434051425308	58.31467531193788	
5200 NORTH DOUGLAS HIGHWAY	99801	-134.46437633637169	58.31473169104989	
5240 NORTH DOUGLAS HIGHWAY	99801	-134.46489364470278	58.314847774069	
5240 NORTH DOUGLAS HIGHWAY	99801	-134.46479798400648	58.314864533862256	
5360 NORTH DOUGLAS HIGHWAY	99801	-134.4678763595682	58.3159661869129	
5730 NORTH DOUGLAS HIGHWAY	99801	-134.47468035044707	58.319592861120256	
5985 NORTH DOUGLAS HIGHWAY	99801	-134.48102031476932	58.32199379615015	
5823 NORTH DOUGLAS HIGHWAY	99801	-134.47715628074496	58.32024014003862	
5827 NORTH DOUGLAS HIGHWAY	99801	-134.47763144910607	58.31999541883009	
5655 NORTH DOUGLAS HIGHWAY	99801	-134.47425967299282	58.31874070922503	
5385 NORTH DOUGLAS HIGHWAY	99801	-134.46953739573252	58.31555651104745	
5167 NORTH DOUGLAS HIGHWAY	99801	-134.4637659715603	58.314174161111595	
5065 NORTH DOUGLAS HIGHWAY	99801	-134.4619924869837	58.31283947623564	
5383 NORTH DOUGLAS HIGHWAY	99801	-134.46937490936224	58.315484008845026	
1789 BARLETT AVENUE	99801	-134.44517694923138	58.31564390690647	
4031 NORTH DOUGLAS HIGHWAY	99801	-134.447759451163	58.3012723480941	
5330 NORTH DOUGLAS HIGHWAY	99801	-134.46736207406803	58.31586369289904	
3820 NORTH DOUGLAS HIGHWAY	99801	-134.44128395172564	58.29995104206711	
3826 NORTH DOUGLAS HIGHWAY	99801	-134.44092070177084	58.30011824716229	
3820 NORTH DOUGLAS HIGHWAY	99801	-134.44136084032743	58.299950921224905	
2280 CHANNEL VISTA DRIVE	99801	-134.4544665596368	58.32138328719179	
2280 CHANNEL VISTA DRIVE	99801	-134.4545455224486	58.321391958028144	
3917 NORTH DOUGLAS HIGHWAY	99801	-134.44352692371754	58.30015944280708	
3919 NORTH DOUGLAS HIGHWAY	99801	-134.4438336256235	58.30025094283005	
4055 NORTH DOUGLAS HIGHWAY	99801	-134.44901075314982	58.301930406120725	
5100 NORTH DOUGLAS HIGHWAY	99801	-134.46215659391473	58.31412769186519	
5550 NORTH DOUGLAS HIGHWAY	99801	-134.47089535289635	58.31779131696281	
1291 HARBOR WAY	99801	-134.4411575488837	58.30866152694778	
1936 SUTHERLAND DRIVE	99801	-134.44806299998234	58.31745697204654	
4771 NORTH DOUGLAS HIGHWAY	99801	-134.45759022286526	58.31004608520056	
5060 NORTH DOUGLAS HIGHWAY	99801	-134.46059578099002	58.31383352992232	
1772 DIMOND DRIVE	99801	-134.44452897285737	58.31486133713991	
2996 FISH CREEK ROAD	99801	-134.51519437604907	58.27598701596847	
4900 NORTH DOUGLAS HIGHWAY	99801	-134.4583152737923	58.31164955393472	
1923 WICKERSHAM AVENUE	99801	-134.44871428934312	58.31687944996595	
1921 WICKERSHAM AVENUE	99801	-134.44876947824093	58.316832477073355	
2290 CHANNEL VISTA DRIVE	99801	-134.4547942012721	58.321714686177316	
4031 NORTH DOUGLAS HIGHWAY	99801	-134.44767414175374	58.3012513251612	
4700 NORTH DOUGLAS HIGHWAY	99801	-134.4546247808061	58.30922463500247	
1011 TEUFELSHUND WAY	99801	-134.4701370723886	58.316165727790604	
1921 BARTLETT AVENUE	99801	-134.448004983188	58.31744962696488	
1015 TEUFELSHUND WAY	99801	-134.4711661527337	58.31573313088819	
1013 TEUFELSHUND WAY	99801	-134.47026434030818	58.315845762974504	
5303 NORTH DOUGLAS HIGHWAY	99801	-134.46811431340547	58.31461418079277	
5303 NORTH DOUGLAS HIGHWAY	99801	-134.4680708268609	58.314602161030216	
5300 NORTH DOUGLAS HIGHWAY	99801	-134.46708892513624	58.31548650295233	
5275 NORTH DOUGLAS HIGHWAY	99801	-134.4664257250131	58.31463643296081	
2591 DAVID STREET	99801	-134.41800984059256	58.286584004102146	
2593 DAVID STREET	99801	-134.4179723736587	58.286600501039906	
2595 DAVID STREET	99801	-134.4179236732922	58.28661436913381	
2589 DAVID STREET	99801	-134.41783156722948	58.28663277287179	
2583 DAVID STREET	99801	-134.4179460386478	58.28653889212764	
2585 DAVID STREET	99801	-134.41790395078013	58.28655113581372	
2587 DAVID STREET	99801	-134.41786057832158	58.28656939083578	
2581 DAVID STREET	99801	-134.41778348400558	58.28659277177574	
2575 DAVID STREET	99801	-134.41789913221695	58.28649812781912	
2577 DAVID STREET	99801	-134.41785891823494	58.28651085696059	
2579 DAVID STREET	99801	-134.41781193814222	58.28652685715813	
2573 DAVID STREET	99801	-134.41772384665052	58.28655348321233	
2567 DAVID STREET	99801	-134.41786119995578	58.28645669480036	
2569 DAVID STREET	99801	-134.4178106840941	58.28646758985538	
2565 DAVID STREET	99801	-134.41767398476233	58.28651194778678	
2559 DAVID STREET	99801	-134.41773918179072	58.28638622299894	
2561 DAVID STREET	99801	-134.4177014768033	58.28639716199216	
2563 DAVID STREET	99801	-134.4176582193291	58.28641287276994	
2557 DAVID STREET	99801	-134.4175807028049	58.286437086809556	
2551 DAVID STREET	99801	-134.4176898876378	58.28634624712431	
2553 DAVID STREET	99801	-134.41764223560526	58.28635661379777	
2555 DAVID STREET	99801	-134.41760146915937	58.28636913001841	
2549 DAVID STREET	99801	-134.41752023181326	58.28639108403956	
2542 DAVID STREET	99801	-134.41763316801078	58.286290909823755	
2545 DAVID STREET	99801	-134.41758313634102	58.2863043308448	
2547 DAVID STREET	99801	-134.41753354215084	58.28631974983075	
2541 DAVID STREET	99801	-134.41746277826263	58.286346246179846	
2537 DAVID STREET	99801	-134.41742320028786	58.28617394494496	
2533 DAVID STREET	99801	-134.41738103157178	58.28615366104519	
2525 DAVID STREET	99801	-134.4172824163165	58.2861150949701	
2535 DAVID STREET	99801	-134.41732046266375	58.28619397383253	
2521 DAVID STREET	99801	-134.41721887488322	58.28609325316727	
2531 DAVID STREET	99801	-134.4172847537329	58.28618092913184	
2517 DAVID STREET	99801	-134.41715628386746	58.28606924997711	
2527 DAVID STREET	99801	-134.41722131740246	58.28615128292552	
2513 DAVID STREET	99801	-134.41709850512672	58.28604192088738	
2519 DAVID STREET	99801	-134.4171047160786	58.286100806872945	
2509 DAVID STREET	99801	-134.4170298810255	58.286009204152435	
2515 DAVID STREET	99801	-134.41703675223914	58.28607775285999	
2505 DAVID STREET	99801	-134.41695961660065	58.28598130315039	
2511 DAVID STREET	99801	-134.41698475056398	58.286043252090714	
2501 DAVID STREET	99801	-134.4168953807696	58.285949035919174	
2507 DAVID STREET	99801	-134.4169145921403	58.28601816321975	
2503 DAVID STREET	99801	-134.41684989188028	58.28599374489201	
2904 JACKSON ROAD	99801	-134.42806066181018	58.28737991603995	
2621 JOHN STREET	99801	-134.42093277976235	58.28730603814734	
2601 DOUGLAS HIGHWAY	99801	-134.4169503980892	58.28737837192124	
3004 JACKSON ROAD	99801	-134.42922199662297	58.285499226804035	
2694 DAVID STREET	99801	-134.4197842423491	58.28727408897564	
2622 JOHN STREET	99801	-134.42018958735812	58.2873927921931	
2689 DAVID STREET	99801	-134.41892942798262	58.287279287995936	
2905 JACKSON ROAD	99801	-134.42863539584414	58.28702559805423	
2614 JOHN STREET	99801	-134.42021268214575	58.287187772850004	
2560 DOUGLAS HIGHWAY	99801	-134.41557913957092	58.28730098409903	
2611 JOHN STREET	99801	-134.42081493966168	58.287040706010536	
2694 DAVID STREET	99801	-134.41976877425824	58.287255023061526	
2610 JOHN STREET	99801	-134.42013886129064	58.287097292082585	
2571 DAVID STREET	99801	-134.41776358003384	58.28648535711781	
2523 DAVID STREET	99801	-134.41716804191623	58.286123595008604	
2684 DAVID STREET	99801	-134.4193928571596	58.286946939207084	
2682 DAVID STREET	99801	-134.41931820715945	58.28689387419499	
2680 DAVID STREET	99801	-134.41922909607993	58.28684280798828	
2623 JOHN STREET	99801	-134.420990315958	58.28737559014636	
2618 JOHN STREET	99801	-134.42025558568372	58.287252800844875	
2606 JOHN STREET	99801	-134.4200919377918	58.28703852486292	
2602 JOHN STREET	99801	-134.42004602489763	58.28697199200393	
2909 JACKSON ROAD	99801	-134.42924133824934	58.287358865021154	
2900 JACKSON ROAD	99801	-134.42744741879662	58.28707687413144	
2690 DAVID STREET	99801	-134.41968825915762	58.28713576783993	
2692 DAVID STREET	99801	-134.41973771770222	58.28721143906853	
2696 DAVID STREET	99801	-134.41981376098934	58.287323263838296	
2687 DAVID STREET	99801	-134.41896614212826	58.28733131876663	
2685 DAVID STREET	99801	-134.41900606775107	58.287382154775884	
2546 DOUGLAS HIGHWAY	99801	-134.415124118625	58.287149733944	
2539 DAVID STREET	99801	-134.4173658455519	58.28620766122422	
2529 DAVID STREET	99801	-134.41732079683703	58.286138333126125	
2690 DAVID STREET	99801	-134.4197146130331	58.28717928015013	
2690 DAVID STREET	99801	-134.4196213301774	58.28717509022856	
2692 DAVID STREET	99801	-134.41975392241162	58.28723345395459	
2692 DAVID STREET	99801	-134.41966980596504	58.28723808113522	
2694 DAVID STREET	99801	-134.4196986032581	58.28727280220621	
2696 DAVID STREET	99801	-134.41984317722162	58.28736716690603	
2696 DAVID STREET	99801	-134.419755296834	58.28735289395264	
2900 JACKSON ROAD	99801	-134.42735740760517	58.28707391194802	
3000 JACKSON ROAD	99801	-134.42884599867597	58.28537440322094	
3006 JACKSON ROAD	99801	-134.4288295622012	58.285644073951126	
3008 JACKSON ROAD	99801	-134.42921855158386	58.28576879883208	
2552 DOUGLAS HIGHWAY	99801	-134.41536765369517	58.28719408677089	
2675 DAVID STREET	99801	-134.41883255096744	58.287121173217535	
2583 DOUGLAS HIGHWAY	99801	-134.41639269162147	58.28624933914571	
2581 DOUGLAS HIGHWAY	99801	-134.4166692281002	58.28644182601042	
2579 DOUGLAS HIGHWAY	99801	-134.4159683319728	58.28642379381056	
2577 DOUGLAS HIGHWAY	99801	-134.4161771040381	58.28660879790823	
2575 DOUGLAS HIGHWAY	99801	-134.4165063599459	58.28673212210311	
2573 DOUGLAS HIGHWAY	99801	-134.4163569081304	58.28711048613657	
2571 DOUGLAS HIGHWAY	99801	-134.41598510980737	58.28694922613615	
2569 DOUGLAS HIGHWAY	99801	-134.4156621160554	58.28681219807289	
2596 DOUGLAS HIGHWAY	99801	-134.41574893912593	58.286841387094164	
2596 DOUGLAS HIGHWAY	99801	-134.41579944241118	58.2868688529812	
2596 DOUGLAS HIGHWAY	99801	-134.4158472327843	58.28689925601788	
2571 DOUGLAS HIGHWAY	99801	-134.41606522336107	58.28697688696346	
2571 DOUGLAS HIGHWAY	99801	-134.41612416991168	58.287010148209646	
2571 DOUGLAS HIGHWAY	99801	-134.41619695411094	58.287041868124454	
2573 DOUGLAS HIGHWAY	99801	-134.41642896738924	58.28712672311301	
2573 DOUGLAS HIGHWAY	99801	-134.4164964775795	58.287171621843854	
2573 DOUGLAS HIGHWAY	99801	-134.41656929411812	58.287204802159195	
2579 DOUGLAS HIGHWAY	99801	-134.41599093987358	58.28647329804688	
2579 DOUGLAS HIGHWAY	99801	-134.41602248421478	58.28652278710296	
2579 DOUGLAS HIGHWAY	99801	-134.41602065344824	58.28656808609645	
2577 DOUGLAS HIGHWAY	99801	-134.41624098683124	58.28662525186263	
2577 DOUGLAS HIGHWAY	99801	-134.4162999639246	58.28665997306239	
2577 DOUGLAS HIGHWAY	99801	-134.41637274992047	58.28669169281873	
2575 DOUGLAS HIGHWAY	99801	-134.41658476490392	58.28674890513472	
2575 DOUGLAS HIGHWAY	99801	-134.41667675238904	58.286770287067185	
2575 DOUGLAS HIGHWAY	99801	-134.41675767532476	58.28679319377024	
2583 DOUGLAS HIGHWAY	99801	-134.41645573179485	58.28628069376995	
2583 DOUGLAS HIGHWAY	99801	-134.41650388778228	58.28632862712518	
2583 DOUGLAS HIGHWAY	99801	-134.41653802286476	58.286369335906784	
2581 DOUGLAS HIGHWAY	99801	-134.41673141217913	58.286464638954236	
2581 DOUGLAS HIGHWAY	99801	-134.41679566238318	58.286486181140766	
2581 DOUGLAS HIGHWAY	99801	-134.4168546718159	58.2865223630503	
2596 JOHN STREET	99801	-134.41994572530118	58.286820507169196	
2576 VISTA DRIVE	99801	-134.41518825025145	58.28491652802392	
2576 VISTA DRIVE	99801	-134.41513437109734	58.28495224590895	
2800 JACKSON ROAD	99801	-134.42667109113484	58.285698444191226	
2568 VISTA DRIVE	99801	-134.41522353338087	58.285811014194024	
2568 VISTA DRIVE	99801	-134.41531802896222	58.28585765711423	
2568 VISTA DRIVE	99801	-134.415405371259	58.28589759198453	
2568 VISTA DRIVE	99801	-134.41549881131988	58.28594591686215	
2568 VISTA DRIVE	99801	-134.41558905517505	58.286007157997815	
2568 VISTA DRIVE	99801	-134.4157025591078	58.28607102695985	
2568 VISTA DRIVE	99801	-134.4151056268049	58.28587204022725	
2568 VISTA DRIVE	99801	-134.4151782960198	58.28592145692855	
2568 VISTA DRIVE	99801	-134.4152671402997	58.28596294204639	
2568 VISTA DRIVE	99801	-134.41536335525652	58.28600487195236	
2568 VISTA DRIVE	99801	-134.41546677380362	58.28605728615394	
2568 VISTA DRIVE	99801	-134.41557185782722	58.28612800086111	
2578 VISTA DRIVE	99801	-134.41584275917418	58.28540361987268	
2578 VISTA DRIVE	99801	-134.4159629402845	58.28546850994684	
2578 VISTA DRIVE	99801	-134.41608180985446	58.28554205119448	
2578 VISTA DRIVE	99801	-134.41620969222168	58.28560592382891	
2578 VISTA DRIVE	99801	-134.4163403369084	58.28567347691133	
2578 VISTA DRIVE	99801	-134.41646867561974	58.28574230110642	
2578 VISTA DRIVE	99801	-134.41631685225192	58.28581064821695	
2578 VISTA DRIVE	99801	-134.41619404895928	58.28575765611396	
2578 VISTA DRIVE	99801	-134.41604692198376	58.2856853048619	
2578 VISTA DRIVE	99801	-134.41593006464004	58.285623741108	
2578 VISTA DRIVE	99801	-134.41582118164106	58.28554242189665	
2578 VISTA DRIVE	99801	-134.4157152478112	58.285469548859524	
2578 VISTA DRIVE	99801	-134.41559145457515	58.28554788609336	
2578 VISTA DRIVE	99801	-134.41568874391706	58.2856161211882	
2578 VISTA DRIVE	99801	-134.41581094983	58.28567825682619	
2578 VISTA DRIVE	99801	-134.41592257179224	58.285739234920825	
2578 VISTA DRIVE	99801	-134.41606037066188	58.28581831720663	
2578 VISTA DRIVE	99801	-134.41618395728543	58.285883300021794	
2578 VISTA DRIVE	99801	-134.41603812837545	58.28594145620868	
2578 VISTA DRIVE	99801	-134.4159243792026	58.28588285896127	
2578 VISTA DRIVE	99801	-134.41579691904357	58.28579881983602	
2578 VISTA DRIVE	99801	-134.41570489382923	58.28573294812985	
2578 VISTA DRIVE	99801	-134.41560159296145	58.285663035897635	
2224 GREAT WESTERN STREET	99801	-134.4125255557144	58.284068595112075	
2204 DOUGLAS HIGHWAY	99824	-134.40834186428106	58.28379014685057	
2219 GREAT WESTERN STREET	99824	-134.4120667672342	58.283595439180395	
1535 5TH STREET	99824	-134.40284228738182	58.2787160131605	
1416 4TH STREET	99824	-134.40005365712682	58.27855236085755	
1527 5TH STREET	99824	-134.402719794008	58.27860522204683	
305 I STREET	99824	-134.3996635250871	58.27874342394872	
1410 4TH STREET	99824	-134.39977975361015	58.278458439795116	
1515 5TH STREET	99824	-134.40261540078882	58.27842312911806	
1408 4TH STREET	99824	-134.39968524994393	58.278375209149175	
1509 5TH STREET	99824	-134.40229571643036	58.2783446169467	
1413 4TH STREET	99824	-134.4004430022423	58.278336141018755	
1411 4TH STREET	99824	-134.40029016287986	58.27821648214352	
1505 5TH STREET	99824	-134.40204096769048	58.27823051080701	
1407 4TH STREET	99824	-134.40006756214908	58.278121706215885	
415 I STREET	99824	-134.40092055293556	58.278074302097714	
1501 5TH STREET	99824	-134.4018125117407	58.278005992010364	
1310 4TH STREET	99824	-134.39887488511604	58.278008364064426	
1301 3RD STREET	99824	-134.39812588420517	58.27795425502453	
1437 5TH STREET	99824	-134.4014668813419	58.277841608086305	
1310 4TH STREET	99824	-134.3987311025683	58.27806877912316	
403 H STREET	99824	-134.39948268613557	58.27776830685108	
411 H STREET	99824	-134.39987605929682	58.27761780619466	
1302 5TH STREET	99824	-134.39939587564146	58.27732671977706	
206 E STREET	99824	-134.39545089712178	58.27750540616441	
1204 4TH STREET	99824	-134.39759856684518	58.277353875159214	
1213 4TH STREET	99824	-134.39857550717454	58.27733746507516	
1211 4TH STREET	99824	-134.39833219308994	58.27724191120845	
307 F STREET	99824	-134.39697797291768	58.27720569903226	
1211 4TH STREET	99824	-134.39823064124204	58.27728057102521	
1214 5TH STREET	99824	-134.39902560984427	58.277106878075244	
1301 5TH STREET	99824	-134.39981939087374	58.27706534290432	
402 F STREET	99824	-134.39797033821878	58.277076733032565	
1212 5TH STREET	99824	-134.39884126386988	58.277030372816526	
1110 4TH STREET	99824	-134.39702335311088	58.27699536301713	
308 E STREET	99824	-134.39642347613045	58.27693867908432	
408 F STREET	99824	-134.39814217515286	58.27697855316197	
306 E STREET	99824	-134.3962927110695	58.277003425018535	
1215 5TH STREET	99824	-134.3995462805695	58.27688361285114	
401 F STREET	99824	-134.39763430272552	58.27686427682702	
412 F STREET	99824	-134.3983387193505	58.27686881797846	
1211 5TH STREET	99824	-134.3992680310035	58.27676984587452	
305 E STREET	99824	-134.3959067921285	58.27686496078662	
1202 5TH STREET	99824	-134.39853457094705	58.276785772064024	
1109 4TH STREET	99824	-134.3973936629255	58.27681131998667	
1205 5TH STREET	99824	-134.39908012141237	58.27671225986499	
411 F STREET	99824	-134.39807416819428	58.276657608948284	
309 E STREET	99824	-134.39611298962217	58.2767387038876	
406 E STREET	99824	-134.39718449200825	58.27653274191503	
1108 5TH STREET	99824	-134.39799062487285	58.27651389978008	
315 E STREET	99824	-134.3962592021128	58.2766197268861	
315 E STREET	99824	-134.39632434344557	58.27658442193346	
308 D STREET	99824	-134.39550382226508	58.276444132779424	
503 F STREET	99824	-134.39847033242108	58.2764056080876	
314 D STREET	99824	-134.395786587662	58.27632137216947	
1015 4TH STREET	99824	-134.39669701942265	58.276414449134705	
412 E STREET	99824	-134.39745948607964	58.27638871198412	
915 3RD STREET	99824	-134.39486600493862	58.27644853322344	
1109 5TH STREET	99824	-134.39833594175963	58.276299340106696	
312 D STREET	99824	-134.3956949235704	58.27635653709503	
1009 4TH STREET	99824	-134.39649188283934	58.276284238903564	
1107 5TH STREET	99824	-134.3982231115633	58.27618362089188	
1005 4TH STREET	99824	-134.39624866307784	58.27622638616791	
309 D STREET	99824	-134.39512926611408	58.27624320015889	
413 E STREET	99824	-134.3971075782536	58.276178290816524	
311 D STREET	99824	-134.3952590115872	58.27618281599573	
504 E STREET	99824	-134.39796738815136	58.27610907108992	
410 D STREET	99824	-134.39645297860102	58.27594094104865	
910 4TH STREET	99824	-134.39509560803702	58.276023002185966	
313 D STREET	99824	-134.39541922611815	58.27612757523216	
1015 5TH STREET	99824	-134.397590331989	58.27592172685124	
409 D STREET	99824	-134.39578369957837	58.27586357593595	
312 C STREET	99824	-134.39477454925614	58.27586146023034	
514 E STREET	99824	-134.3985226943207	58.27584850902942	
1011 5TH STREET	99824	-134.39729555611672	58.27586731420184	
1002 5TH STREET	99824	-134.39670010872894	58.2758164219813	
1005 5TH STREET	99824	-134.3971624141135	58.275737416080595	
313 C STREET	99824	-134.39427638312546	58.27579533621795	
808 4TH STREET	99824	-134.39396861581756	58.27557713781586	
915 5TH STREET	99824	-134.3966547096711	58.275441431826174	
815 4TH STREET	99824	-134.39482172518163	58.275491660911165	
314 B STREET	99824	-134.39395582829948	58.27544024807504	
750 ST ANNS AVENUE	99824	-134.39232257972188	58.27529935778754	
811 4TH STREET	99824	-134.394818671808	58.275286145161125	
309 B STREET	99824	-134.39334107072636	58.27529938801915	
305 B STREET	99824	-134.39307310417541	58.275354236119504	
555 D STREET	99824	-134.3969540283238	58.2752242940757	
411 C STREET	99824	-134.39522840957875	58.27530245085744	
805 4TH STREET	99824	-134.3944613956498	58.27525880916569	
903 5TH STREET	99824	-134.3962125912276	58.275263805886816	
801 4TH STREET	99824	-134.39420806624813	58.275207038879955	
751 4TH STREET	99824	-134.39339810296713	58.275070864769035	
753 ST ANNS AVENUE	99824	-134.39290566090142	58.27516743205908	
319 B STREET	99824	-134.3936352564055	58.27512063098353	
804 5TH STREET	99824	-134.39495227464693	58.27496956687224	
815 5TH STREET	99824	-134.39576417469567	58.27497884616749	
745 ST ANNS AVENUE	99824	-134.39279944769547	58.275055367194504	
749 4TH STREET	99824	-134.39415524710606	58.27499110093656	
739 ST ANNS AVENUE	99824	-134.39279863382185	58.274918879789155	
739 4TH STREET	99824	-134.39378796102068	58.274830859918985	
811 5TH STREET	99824	-134.3955744019986	58.27488486177792	
780 5TH STREET	99824	-134.39442165957152	58.27471416989665	
739 4TH STREET	99824	-134.39368709818055	58.27474829010499	
740 5TH STREET	99824	-134.39423735671627	58.27460010780109	
725 ST ANNS AVENUE	99824	-134.3927630838928	58.27478624313552	
801 5TH STREET	99824	-134.39510851503104	58.274755072006776	
719 ST ANNS AVENUE	99824	-134.39265271418205	58.27457613508235	
732 5TH STREET	99824	-134.39396019141685	58.274497124053234	
755 5TH STREET	99824	-134.39483348323037	58.27451280279324	
715 ST ANNS AVENUE	99824	-134.39247102362762	58.27447777019302	
732 5TH STREET	99824	-134.3938649583186	58.27445206611895	
745 5TH STREET	99824	-134.39465969785044	58.2744148751524	
720 4TH STREET	99824	-134.39273666893186	58.27446737595028	
724 5TH STREET	99824	-134.39366615036644	58.27432493096413	
725 5TH STREET	99824	-134.3942993943698	58.27425825800904	
709 ST ANNS AVENUE	99824	-134.3921997378017	58.27426323786554	
721 5TH STREET	99824	-134.3940876066601	58.27411985201352	
718 5TH STREET	99824	-134.39324481444706	58.27405966215988	
710 5TH STREET	99824	-134.39300363925116	58.273925254144444	
715 5TH STREET	99824	-134.3938278004052	58.27397815577923	
649 ST ANNS AVENUE	99824	-134.3919991996943	58.27385620385361	
705 5TH STREET	99824	-134.3934796268758	58.27385301901414	
643 ST ANNS AVENUE	99824	-134.39180176616455	58.27363726177259	
648 5TH STREET	99824	-134.39234096284582	58.273605742897544	
640 5TH STREET	99824	-134.39199885114797	58.27343233378578	
626 5TH STREET	99824	-134.39157292214253	58.27325062996973	
631 ST ANNS AVENUE	99824	-134.39127654726906	58.27336180016015	
620 ST ANNS AVENUE	99824	-134.39060618487818	58.27336143594397	
620 ST ANNS AVENUE	99824	-134.39048679967524	58.27330535416823	
633 5TH STREET	99824	-134.39233833527362	58.2732121802223	
620 ST ANNS AVENUE	99824	-134.39031700371348	58.27323585814414	
623 ST ANNS AVENUE	99824	-134.39097490826802	58.27317916394314	
619 ST ANNS AVENUE	99824	-134.3907755631233	58.273084879057166	
617 ST ANNS AVENUE	99824	-134.39070060320444	58.27305027398271	
625 5TH STREET	99824	-134.3917556206067	58.27294990802146	
611 ST ANNS AVENUE	99824	-134.39035707037178	58.27291849104571	
605 ST ANNS AVENUE	99824	-134.39023508993597	58.27284995607177	
615 5TH STREET	99824	-134.39149144494627	58.272867101873906	
615 5TH STREET	99824	-134.39142385480596	58.27280547190018	
608 5TH STREET	99824	-134.39062569808277	58.27273311307888	
613 5TH STREET	99824	-134.3912590067648	58.27267616911649	
609 5TH STREET	99824	-134.3910817125654	58.27258346686535	
605 5TH STREET	99824	-134.39086007662524	58.272455177055896	
531 5TH STREET	99824	-134.39048075131842	58.272322526925315	
527 5TH STREET	99824	-134.3903247040721	58.272194467179375	
2224 GREAT WESTERN STREET	99801	-134.41243974504522	58.28402161217463	
2225 GREAT WESTERN STREET	99824	-134.41246398428655	58.283632006100355	
2227 GREAT WESTERN STREET	99824	-134.4130128576201	58.283689133159484	
2237 GREAT WESTERN STREET	99824	-134.41356050924483	58.28390269411303	
2239 GREAT WESTERN STREET	99824	-134.41361100803854	58.283951110969234	
2243 GREAT WESTERN STREET	99801	-134.41367213569868	58.28410865714683	
2241 GREAT WESTERN STREET	99801	-134.4137109159695	58.28406133282448	
2231 GREAT WESTERN STREET	99824	-134.41325459516133	58.28375476923429	
2233 GREAT WESTERN STREET	99824	-134.41336439174694	58.283784678132314	
2235 GREAT WESTERN STREET	99824	-134.41346233326576	58.28382537519895	
500 H STREET	99824	-134.40064961296102	58.277513221961065	
412 H STREET	99824	-134.40048368514488	58.27781872818307	
1407 5TH STREET	99824	-134.4011268654136	58.277699556900494	
2229 GREAT WESTERN STREET	99824	-134.41313089175685	58.28371634316764	
317 H STREET	99824	-134.39892688858782	58.278140520100315	
319 H STREET	99824	-134.3990497143383	58.27805087585668	
1439 5TH STREET	99824	-134.40152326320236	58.2778942568414	
1208 5TH STREET	99824	-134.39866418526614	58.27693578879409	
414 E STREET	99824	-134.39756343463273	58.27633495709771	
314 C STREET	99824	-134.39467688531678	58.2759029278484	
645 5TH STREET	99824	-134.39260877937812	58.27335166115542	
713 ST ANNS AVENUE	99824	-134.39239796634052	58.274407495151664	
2400 DOUGLAS HIGHWAY	99801	-134.4119338138772	58.286137697984714	
2400 DOUGLAS HIGHWAY	99801	-134.41202406132558	58.286099779784394	
2400 DOUGLAS HIGHWAY	99801	-134.4121460821856	58.286047574841575	
2400 DOUGLAS HIGHWAY	99801	-134.4117343869858	58.2860364567669	
2400 DOUGLAS HIGHWAY	99801	-134.41186051584157	58.28598872087883	
2400 DOUGLAS HIGHWAY	99801	-134.4119624207274	58.28591635404321	
2400 DOUGLAS HIGHWAY	99801	-134.411677075369	58.285880918106145	
2400 DOUGLAS HIGHWAY	99801	-134.4117645371417	58.285825335936295	
2400 DOUGLAS HIGHWAY	99801	-134.4120623358449	58.28586186419193	
2400 DOUGLAS HIGHWAY	99801	-134.41189988361063	58.28575950914124	
2184 LAWSON CREEK ROAD	99824	-134.41053389191484	58.28265651402428	
2182 LAWSON CREEK ROAD	99824	-134.41040750973414	58.28261924619125	
2180 LAWSON CREEK ROAD	99824	-134.41032417392356	58.28259485999519	
2178 LAWSON CREEK ROAD	99824	-134.41014132544072	58.28255379408672	
2176 LAWSON CREEK ROAD	99824	-134.41004613636	58.282527546148415	
2174 LAWSON CREEK ROAD	99824	-134.4099305743869	58.2824920987911	
2172 LAWSON CREEK ROAD	99824	-134.40983439895595	58.28246621681866	
2170 LAWSON CREEK ROAD	99824	-134.40967624066872	58.282421670104135	
2168 LAWSON CREEK ROAD	99824	-134.40957600305603	58.282396158815345	
2166 LAWSON CREEK ROAD	99824	-134.40945926339162	58.28236059089653	
2164 LAWSON CREEK ROAD	99824	-134.40936393686857	58.28233781922994	
2138 LAWSON CREEK ROAD	99824	-134.40835146277985	58.28243815197944	
2140 LAWSON CREEK ROAD	99824	-134.40843802803388	58.282456884228964	
2122 LAWSON CREEK ROAD	99824	-134.40741826591326	58.28202296214034	
2124 LAWSON CREEK ROAD	99824	-134.4075564366854	58.282053329194575	
2126 LAWSON CREEK ROAD	99824	-134.40774462026272	58.28210054615986	
2128 LAWSON CREEK ROAD	99824	-134.40780514156003	58.282154222870936	
2130 LAWSON CREEK ROAD	99824	-134.40788058028096	58.28221504504387	
2142 LAWSON CREEK ROAD	99824	-134.40866016523395	58.28245963710942	
2144 LAWSON CREEK ROAD	99824	-134.4087580537522	58.282484631213734	
2132 LAWSON CREEK ROAD	99824	-134.40793678068178	58.28226194111828	
2134 LAWSON CREEK ROAD	99824	-134.40811819814834	58.28237845089655	
2146 LAWSON CREEK ROAD	99824	-134.40887361033538	58.28251926013049	
2148 LAWSON CREEK ROAD	99824	-134.40898780058103	58.28254394721588	
2136 LAWSON CREEK ROAD	99824	-134.40821183224534	58.2824015238478	
2113 2ND STREET	99824	-134.40659880923636	58.28307855986183	
2151 CROW HILL DRIVE	99824	-134.40602907432694	58.281468836163796	
2149 CROW HILL DRIVE	99824	-134.40595800411324	58.281410221124084	
2147 CROW HILL DRIVE	99824	-134.40585946431648	58.28135295200794	
2197 CROW HILL DRIVE	99824	-134.40493535211235	58.280237649162096	
2195 CROW HILL DRIVE	99824	-134.40499678160643	58.280301325913904	
2187 CROW HILL DRIVE	99824	-134.4050801587395	58.28041339212829	
2145 CROW HILL DRIVE	99824	-134.40577712114427	58.28129339786642	
2143 CROW HILL DRIVE	99824	-134.40569879164477	58.281230692981204	
2141 CROW HILL DRIVE	99824	-134.405640149623	58.28118356506351	
2139 CROW HILL DRIVE	99824	-134.405565910153	58.28112575622454	
2137 CROW HILL DRIVE	99824	-134.4055059323364	58.281068984916146	
2135 CROW HILL DRIVE	99824	-134.40541805374542	58.281003172893016	
2185 CROW HILL DRIVE	99824	-134.4051362971566	58.28047335203822	
2177 CROW HILL DRIVE	99824	-134.40516569272762	58.280610183126385	
1508 3RD STREET	99824	-134.39948014390333	58.27932490183436	
900 1ST STREET	99824	-134.39224473710925	58.2774947558575	
900 1ST STREET	99824	-134.39217439093767	58.277450991224526	
900 1ST STREET	99824	-134.3921138211313	58.27755247001558	
900 1ST STREET	99824	-134.39205605586528	58.27738351314427	
900 1ST STREET	99824	-134.39200540884954	58.27736100089886	
900 1ST STREET	99824	-134.39196705797346	58.27733319510787	
900 1ST STREET	99824	-134.39190763621403	58.27730402280987	
900 1ST STREET	99824	-134.39181336161823	58.27725945920997	
900 1ST STREET	99824	-134.39210866480158	58.277413929049274	
900 1ST STREET	99824	-134.3919983274302	58.27749411678231	
900 1ST STREET	99824	-134.3918881463656	58.27742382080193	
900 1ST STREET	99824	-134.39175964326256	58.27736592977864	
2300 OLD LAWSON CREEK ROAD	99801	-134.40983398483257	58.28495764786107	
2300 OLD LAWSON CREEK ROAD	99801	-134.40971198373555	58.28492975216952	
2300 OLD LAWSON CREEK ROAD	99801	-134.40979061417067	58.28499604896868	
2300 OLD LAWSON CREEK ROAD	99801	-134.40975102092452	58.28503881682684	
2300 OLD LAWSON CREEK ROAD	99801	-134.40962911055732	58.285012164132645	
2300 OLD LAWSON CREEK ROAD	99801	-134.4096695778642	58.284967085101115	
2300 OLD LAWSON CREEK ROAD	99801	-134.41001334964875	58.28500527180188	
2300 OLD LAWSON CREEK ROAD	99801	-134.4099718223298	58.28504587490684	
2300 OLD LAWSON CREEK ROAD	99801	-134.4099347057389	58.28508378195761	
2300 OLD LAWSON CREEK ROAD	99801	-134.41013323162002	58.28507948222879	
2300 OLD LAWSON CREEK ROAD	99801	-134.41018051175007	58.28503419502564	
2300 OLD LAWSON CREEK ROAD	99801	-134.41009720468554	58.28511938019777	
2175 CROW HILL DRIVE	99824	-134.40524867819525	58.28066197290802	
2167 CROW HILL DRIVE	99824	-134.40531979422303	58.28078283684803	
2540 DOUGLAS HIGHWAY	99801	-134.41474492806546	58.28706167222043	
2510 DOUGLAS HIGHWAY	99801	-134.41416405494488	58.286885830972466	
2460 DOUGLAS HIGHWAY	99801	-134.41281759082676	58.286459815229094	
2430 DOUGLAS HIGHWAY	99801	-134.4123992957046	58.28620098682108	
2400 DOUGLAS HIGHWAY	99801	-134.4122895458314	58.28597970513686	
2374 OLD LAWSON CREEK ROAD	99824	-134.41090789290698	58.28581203090193	
2362 OLD LAWSON CREEK ROAD	99824	-134.41070478382125	58.28572237396493	
2350 OLD LAWSON CREEK ROAD	99801	-134.4107405340746	58.285560962194594	
2354 OLD LAWSON CREEK ROAD	99824	-134.41027414225383	58.285668390990544	
2314 OLD LAWSON CREEK ROAD	99824	-134.4098036810648	58.285393788905814	
2358 OLD LAWSON CREEK ROAD	99801	-134.41038275575818	58.28539994400376	
2004 CREEK STREET	99801	-134.41132400871624	58.28443037396805	
2001 CREEK STREET	99801	-134.4102741817797	58.28421008899895	
2130 2ND STREET	99824	-134.40740815178145	58.28407659883322	
2005 CREEK STREET	99801	-134.4106254248524	58.28407678395584	
2126 2ND STREET	99824	-134.40702092938497	58.28383155512677	
2124 2ND STREET	99824	-134.4064703375743	58.283851361962974	
2125 2ND STREET	99824	-134.40720456838525	58.283462423207546	
2121 2ND STREET	99824	-134.40694816494866	58.283273055022605	
2208 RAVEN ROAD	99824	-134.41154110457097	58.28302699982953	
2115 2ND STREET	99824	-134.40673128199467	58.28313661911874	
2204 RAVEN ROAD	99824	-134.4112624516614	58.2830044878655	
1760 CAPITAL VIEW COURT	99824	-134.4046045079831	58.28288580582757	
2203 RAVEN ROAD	99824	-134.4125354758101	58.28267086585101	
2207 RAVEN ROAD	99824	-134.41199360304756	58.282766391847055	
1825 DOUGLAS HIGHWAY	99824	-134.40676039369808	58.2823724789881	
2205 RAVEN ROAD	99824	-134.41188757219965	58.28272913876998	
2201 RAVEN ROAD	99824	-134.41242383498323	58.28261727682093	
1755 CAPITAL VIEW COURT	99824	-134.40455437121045	58.28243782894441	
1745 CAPITAL VIEW COURT	99824	-134.4036240390713	58.28229846785511	
1746 2ND STREET	99824	-134.4041292066713	58.28226892088177	
1742 2ND STREET	99824	-134.40396970899602	58.282122390897975	
1801 DOUGLAS HIGHWAY	99824	-134.40607212878191	58.281939820159046	
1731 BEACH DRIVE	99824	-134.40301238697413	58.28207122902092	
1738 2ND STREET	99824	-134.4037937092689	58.28203855206659	
1745 2ND STREET	99824	-134.40453447532357	58.28196207304605	
1734 2ND STREET	99824	-134.40354387161872	58.281907479819445	
1730 2ND STREET	99824	-134.40312449402666	58.28175698305603	
1709 BEACH DRIVE	99824	-134.40175741626769	58.281729662917165	
1728 2ND STREET	99824	-134.40283297185232	58.28162217305313	
1765 DOUGLAS HIGHWAY	99824	-134.4058900339856	58.28151760583941	
1701 BEACH DRIVE	99824	-134.401180397818	58.281441087910835	
1726 2ND STREET	99824	-134.40263293500487	58.281443326077685	
1715 BEACH DRIVE	99824	-134.4022868976692	58.281406594903	
1641 BEACH DRIVE	99824	-134.40084142663036	58.28126951705118	
1717 DOUGLAS HIGHWAY	99824	-134.40382492572502	58.28086541101412	
1724 DOUGLAS HIGHWAY	99824	-134.40309120515715	58.281160596167155	
1631 BEACH DRIVE	99824	-134.40044581666407	58.28112591302517	
4000 CROW HILL DRIVE	99824	-134.40833055538994	58.27948780289637	
1720 DOUGLAS HIGHWAY	99824	-134.4028889836069	58.28105238999814	
2165 CROW HILL DRIVE	99824	-134.4054260460565	58.28082276799623	
1718 DOUGLAS HIGHWAY	99824	-134.40267080707895	58.2809865991973	
1716 DOUGLAS HIGHWAY	99824	-134.40257040956612	58.280935933004336	
1621 BEACH DRIVE	99824	-134.40014556735676	58.28099225584794	
1624 2ND STREET	99824	-134.40091121943973	58.280864283175006	
1714 DOUGLAS HIGHWAY	99824	-134.40245016108219	58.28087233390529	
1702 DOUGLAS HIGHWAY	99824	-134.40235475011755	58.2807424409155	
1620 2ND STREET	99824	-134.4005703186709	58.28074789499015	
1603 BEACH DRIVE	99824	-134.39950052937206	58.28070018314357	
1613 BEACH DRIVE	99824	-134.3997818251252	58.28082520503834	
1612 2ND STREET	99824	-134.40023690356327	58.28055473484437	
1625 2ND STREET	99824	-134.4014022942696	58.2805240160592	
1600 2ND STREET	99824	-134.39997830644077	58.28045465416192	
1535 BEACH DRIVE	99824	-134.39923810183316	58.280562128205574	
1621 2ND STREET	99824	-134.40108392234976	58.28038146790867	
1528 2ND STREET	99824	-134.3997942856565	58.28033652183832	
1617 2ND STREET	99824	-134.40092113055226	58.280288508108754	
1527 BEACH DRIVE	99824	-134.3989622462774	58.28041156621462	
1518 2ND STREET	99824	-134.3994666080886	58.28011750693173	
1507 3RD STREET	99824	-134.40060894622812	58.279128551923485	
1601 2ND STREET	99824	-134.40041452025787	58.28015082421372	
2201 CROW HILL DRIVE	99824	-134.4039081312799	58.27934790120484	
1519 BEACH DRIVE	99824	-134.39873662541066	58.28032545108971	
1514 2ND STREET	99824	-134.3991623496002	58.28003187000957	
1507 1ST STREET	99824	-134.39808798967323	58.28004103509761	
1511 BEACH DRIVE	99824	-134.3984268341984	58.28018046316434	
1510 2ND STREET	99824	-134.39889881533688	58.27992672094086	
1503 1ST STREET	99824	-134.39796274206475	58.27997198822728	
1519 2ND STREET	99824	-134.39990033896228	58.27992573193005	
1506 2ND STREET	99824	-134.39864601773783	58.27979768077824	
1515 2ND STREET	99824	-134.39963897862197	58.279811613881435	
1502 2ND STREET	99824	-134.39835388111584	58.279673335855115	
1511 2ND STREET	99824	-134.3993808558099	58.27968497216291	
1407 1ST STREET	99824	-134.39725734268285	58.279611175037616	
1507 2ND STREET	99824	-134.39912211495695	58.279530831983934	
1410 2ND STREET	99824	-134.39800331088128	58.27942476183289	
1403 1ST STREET	99824	-134.39710683265193	58.27953046783119	
1503 2ND STREET	99824	-134.3988379841208	58.279422495199604	
1408 2ND STREET	99824	-134.3977994229562	58.27932114220695	
1315 1ST STREET	99824	-134.3967111921429	58.2793229119713	
1413 2ND STREET	99824	-134.39850514662993	58.279246811078714	
1404 2ND STREET	99824	-134.39764506005102	58.279237687821286	
1500 3RD STREET	99824	-134.39920904133373	58.27920025013473	
1300 1ST STREET	99824	-134.39571987517576	58.27922936513752	
1414 3RD STREET	99824	-134.39894753905958	58.27907887305128	
1407 2ND STREET	99824	-134.3982101273142	58.27910120283469	
1316 2ND STREET	99824	-134.39733297094827	58.27906705611871	
1314 2ND STREET	99824	-134.3972052960919	58.278990889968625	
1410 3RD STREET	99824	-134.39888683001436	58.2789508608739	
1212 1ST STREET	99824	-134.3950707372801	58.278981174828836	
1406 3RD STREET	99824	-134.39865415737262	58.27886641893694	
1308 2ND STREET	99824	-134.39681524040904	58.278886127946095	
1208 1ST STREET	99824	-134.39492175258852	58.27890077697367	
208 H STREET	99824	-134.39836783913876	58.27888860479646	
303 I STREET	99824	-134.39949888635343	58.278825694916414	
205 H STREET	99824	-134.39781572019209	58.278763739960674	
1304 2ND STREET	99824	-134.39663210805858	58.278785371850624	
1214 1ST STREET	99824	-134.39520990069065	58.2789179429907	
1409 3RD STREET	99824	-134.39929734662448	58.2787244431822	
1309 2ND STREET	99824	-134.39743437367588	58.27874644398015	
1213 1ST STREET	99824	-134.39560138289818	58.278814401231955	
1302 2ND STREET	99824	-134.3966319634298	58.27866973585753	
1210 1ST STREET	99824	-134.3950558324329	58.27882894118291	
1216 2ND STREET	99824	-134.39625863886909	58.278563264957356	
1401 3RD STREET	99824	-134.3989338343616	58.278542476977314	
1316 3RD STREET	99824	-134.39821260396943	58.27853861004895	
1307 2ND STREET	99824	-134.39742563935636	58.27854574594135	
1210 2ND STREET	99824	-134.39602619709436	58.27852639382095	
1303 2ND STREET	99824	-134.39702499073965	58.27856016414271	
1208 2ND STREET	99824	-134.39589769668623	58.27841846205462	
1308 3RD STREET	99824	-134.39783600684612	58.27835504405927	
1204 2ND STREET	99824	-134.3958538301543	58.27827333784837	
220 G STREET	99824	-134.39753313266158	58.27828980417831	
1315 3RD STREET	99824	-134.39867855112414	58.27830650619252	
1213 2ND STREET	99824	-134.39667092785524	58.27833640079925	
1116 2ND STREET	99824	-134.39549753585473	58.278110007991415	
1311 3RD STREET	99824	-134.3983951380419	58.278293744817134	
1211 2ND STREET	99824	-134.39651134573828	58.278249359113715	
209 G STREET	99824	-134.39707258258508	58.27818035598323	
1307 3RD STREET	99824	-134.398185184692	58.27818757082695	
1205 2ND STREET	99824	-134.39632497585956	58.27812236511765	
1110 2ND STREET	99824	-134.39505117826138	58.27806734890265	
1214 3RD STREET	99824	-134.3972900377659	58.27804005992524	
1101 1ST STREET	99824	-134.39443949382485	58.27798961481939	
1203 2ND STREET	99824	-134.39619138020714	58.27806733803902	
1208 3RD STREET	99824	-134.39687337578096	58.27788209707129	
1201 2ND STREET	99824	-134.39612805886105	58.27804032490353	
1106 2ND STREET	99824	-134.39504215827762	58.277859329137485	
201 F STREET	99824	-134.39576852882985	58.27792766123504	
1102 2ND STREET	99824	-134.39482599397587	58.27775890878564	
1003 1ST STREET	99824	-134.39372915281058	58.27773836122487	
1112 3RD STREET	99824	-134.3962703771549	58.27759991592564	
1012 2ND STREET	99824	-134.3943682071172	58.277539808032	
1006 2ND STREET	99824	-134.39413056499532	58.277445918765174	
1106 3RD STREET	99824	-134.39594515827596	58.27736671622658	
1115 3RD STREET	99824	-134.3962989768186	58.27718437603487	
112 D STREET	99824	-134.393774174576	58.277435053053274	
1015 2ND STREET	99824	-134.3948735319224	58.277417205202596	
900 1ST STREET	99824	-134.39165509014325	58.27730587297316	
1013 2ND STREET	99824	-134.39479971735548	58.277377274937855	
900 1ST STREET	99824	-134.39186486562673	58.27727836188047	
1009 2ND STREET	99824	-134.39463144134322	58.277287045892095	
911 1ST STREET	99824	-134.39270788691016	58.277250625931295	
1007 2ND STREET	99824	-134.39451160338936	58.27722562813275	
909 1ST STREET	99824	-134.39259161616633	58.27718827617516	
900 1ST STREET	99824	-134.39177584617534	58.277234219105786	
1003 2ND STREET	99824	-134.39432577339812	58.277127884176316	
907 1ST STREET	99824	-134.39252794807052	58.277139913838404	
1016 3RD STREET	99824	-134.39500535340213	58.27696769203013	
108 BRADLEY STREET	99824	-134.3929805678197	58.27698709979439	
314 E STREET	99824	-134.39660466632327	58.27676592112601	
201 D STREET	99824	-134.39393379711714	58.27693035586029	
1106 4TH STREET	99824	-134.39680253733258	58.276818051896896	
909 2ND STREET	99824	-134.393670967133	58.276818578093014	
824 FRONT STREET	99824	-134.39190911573928	58.27688297801603	
103 BRADLEY STREET	99824	-134.39256963169638	58.276784747067	
905 2ND STREET	99824	-134.39345139731802	58.27672283813771	
826 2ND STREET	99824	-134.39281028407277	58.27675904797347	
1017 3RD STREET	99824	-134.39559480992526	58.27673841292034	
820 FRONT STREET	99824	-134.39199881880864	58.27670803516793	
916 3RD STREET	99824	-134.3945765246349	58.276645654226144	
914 3RD STREET	99824	-134.39433337943362	58.276554935849376	
825 FRONT STREET	99824	-134.3926887527946	58.27657815477281	
1104 5TH STREET	99824	-134.39765573562985	58.276435875096354	
804 3RD STREET	99824	-134.39352179559188	58.27621063402643	
816 FRONT STREET	99824	-134.39194654674054	58.27655433076656	
902 3RD STREET	99824	-134.3938522094281	58.27635174080643	
802 3RD STREET	99824	-134.39302218137692	58.27605554912423	
814 FRONT STREET	99824	-134.3920728381914	58.276429956034015	
911 3RD STREET	99824	-134.39462220486544	58.27633767219332	
808 FRONT STREET	99824	-134.39205365197355	58.27627937789244	
1007 4TH STREET	99824	-134.3963257358343	58.27626147891735	
802 FRONT STREET	99824	-134.39195435130375	58.27586406199554	
749 ST ANNS AVENUE	99824	-134.39327391896396	58.27499984691743	
720 5TH STREET	99824	-134.39334744606995	58.27410978880732	
650 ST ANNS AVENUE	99824	-134.3914215236778	58.273920706002244	
629 5TH STREET	99824	-134.39206875714507	58.27307715014943	
510 SUMMERS STREET	99824	-134.39131447863195	58.27223330587972	
201 MT ROBERTS STREET	99801	-134.39105394384333	58.28722062213124	
1301 1ST STREET	99824	-134.3958563813697	58.27894672901856	
1664 2ND STREET	99824	-134.40218930469675	58.28117355817752	
1662 2ND STREET	99824	-134.40205300870858	58.281133296821274	
1660 2ND STREET	99824	-134.4019604166573	58.28108450205722	
917 1ST STREET	99824	-134.39296365344123	58.277388333854866	
908 2ND STREET	99824	-134.39342366542687	58.27700910403332	
912 2ND STREET	99824	-134.3935292650835	58.27711690783823	
924 1ST STREET	99824	-134.39266792535474	58.27767453580193	
918 1ST STREET	99824	-134.39235387882297	58.27758740180086	
1632 2ND STREET	99824	-134.40118241723073	58.28088412898224	
1634 2ND STREET	99824	-134.40132421899327	58.28091251904663	
1640 2ND STREET	99824	-134.4015933174215	58.28099509291034	
1642 2ND STREET	99824	-134.4016839475522	58.28101596115737	
1644 2ND STREET	99824	-134.40181314325636	58.28105266109368	
2010 CREEK STREET	99801	-134.4121656501874	58.28415984205396	
2008 CREEK STREET	99801	-134.41215069233962	58.28424805078095	
2420 DOUGLAS HIGHWAY	99801	-134.41226388276036	58.28614660318599	
1733 2ND STREET	99824	-134.40364775189985	58.281464706019094	
1731 2ND STREET	99824	-134.40350492515955	58.28140936581202	
2360 OLD LAWSON CREEK ROAD	99801	-134.4104390495838	58.28543071711621	
2360 OLD LAWSON CREEK ROAD	99801	-134.41048887284438	58.285447573016455	
2121 DOUGLAS HIGHWAY	99824	-134.40896053042397	58.28334594722054	
2100 2ND STREET	99824	-134.40579011078327	58.28318781676534	
1770 CAPITAL VIEW COURT	99824	-134.40541671166238	58.28305184004718	
1747 2ND STREET	99824	-134.40460970833027	58.2819909760863	
1764 CAPITAL VIEW COURT	99824	-134.40509648561982	58.282825434878426	
1601 DOUGLAS HIGHWAY	99824	-134.4023777793282	58.28017144783265	
2544 DOUGLAS HIGHWAY	99801	-134.41501365009955	58.287110491803126	
2542 DOUGLAS HIGHWAY	99801	-134.41487078473173	58.287084126828546	
1309 3RD STREET	99824	-134.3982993228354	58.278255896150945	
110 F STREET	99824	-134.39551525961528	58.27840431018812	
421 C STREET	99824	-134.39532876307408	58.275175032970765	
824 2ND STREET	99824	-134.392880996757	58.27660199104417	
2234 GREAT WESTERN STREET	99801	-134.4127666114344	58.284108516888246	
2236 GREAT WESTERN STREET	99801	-134.41289116284852	58.28414007222587	
2238 GREAT WESTERN STREET	99801	-134.41300742281263	58.284165450028176	
2240 GREAT WESTERN STREET	99801	-134.4131854248845	58.284190530766985	
2242 GREAT WESTERN STREET	99801	-134.41329551701583	58.28419494111027	
2244 GREAT WESTERN STREET	99801	-134.41339759976805	58.28417737387709	
1617 2ND STREET	99824	-134.40078441594918	58.28023177796541	
1207 2ND STREET	99824	-134.39639139010515	58.27816047890397	
1212 2ND STREET	99824	-134.3960846630463	58.27855094293702	
1011 2ND STREET	99824	-134.3946897455984	58.27732324381485	
1005 2ND STREET	99824	-134.39443530228576	58.277187556796044	
1001 2ND STREET	99824	-134.39425604077587	58.27709213005796	
913 1ST STREET	99824	-134.39277015632902	58.277283653058234	
915 1ST STREET	99824	-134.39288160401813	58.27735478299914	
926 1ST STREET	99824	-134.3928088692262	58.27762070304192	
1303 1ST STREET	99824	-134.39614980527747	58.27906231309686	
1301 1ST STREET	99824	-134.3959996168434	58.279019001937876	
1301 1ST STREET	99824	-134.39594140780963	58.27899035105214	
2314 OLD LAWSON CREEK ROAD	99824	-134.40970135127583	58.28545206914964	
2314 OLD LAWSON CREEK ROAD	99824	-134.4099448647864	58.28545821479277	
2314 OLD LAWSON CREEK ROAD	99824	-134.40982785293247	58.28551166682611	
2350 OLD LAWSON CREEK ROAD	99801	-134.41092448838353	58.28557890180428	
2350 OLD LAWSON CREEK ROAD	99801	-134.41078728509692	58.28552125078273	
2350 OLD LAWSON CREEK ROAD	99801	-134.41086827810128	58.28563012094784	
2362 OLD LAWSON CREEK ROAD	99824	-134.4106440981322	58.285693612806	
2360 OLD LAWSON CREEK ROAD	99824	-134.41078456679486	58.28573616401272	
2400 OLD LAWSON CREEK ROAD	99824	-134.41119101493507	58.28597544896165	
2378 OLD LAWSON CREEK ROAD	99824	-134.4110848062207	58.285889016807594	
2460 DOUGLAS HIGHWAY	99801	-134.41289094096467	58.28647597789322	
2460 DOUGLAS HIGHWAY	99801	-134.4127718189681	58.286421427042306	
2460 DOUGLAS HIGHWAY	99801	-134.41270563109796	58.28639073601288	
2460 DOUGLAS HIGHWAY	99801	-134.4126099129095	58.28635848993253	
2460 DOUGLAS HIGHWAY	99801	-134.41281963000245	58.286514363187536	
2460 DOUGLAS HIGHWAY	99801	-134.41272715383386	58.28648037095197	
2460 DOUGLAS HIGHWAY	99801	-134.4126674140708	58.2864444661927	
2460 DOUGLAS HIGHWAY	99801	-134.4125849469311	58.2864190479962	
2460 DOUGLAS HIGHWAY	99801	-134.4124595924231	58.28638006712802	
2460 DOUGLAS HIGHWAY	99801	-134.41274482639045	58.286542411101735	
2460 DOUGLAS HIGHWAY	99801	-134.41265933462316	58.28652909311467	
2460 DOUGLAS HIGHWAY	99801	-134.41257341166454	58.286495064060105	
2460 DOUGLAS HIGHWAY	99801	-134.41251392163318	58.28647124011361	
2460 DOUGLAS HIGHWAY	99801	-134.41245079791648	58.28643017492294	
2004 CREEK STREET	99801	-134.41142509883014	58.28439255311123	
2004 CREEK STREET	99801	-134.41155725987304	58.28438812815288	
2004 CREEK STREET	99801	-134.4116820071199	58.28436174981711	
2005 CREEK STREET	99801	-134.41068144918341	58.28411086492104	
2005 CREEK STREET	99801	-134.41054777358093	58.28404197521746	
2005 CREEK STREET	99801	-134.41044957963553	58.2840058771954	
2001 CREEK STREET	99801	-134.4102096971153	58.2841868878296	
2001 CREEK STREET	99801	-134.41029419893917	58.28423406322556	
2001 CREEK STREET	99801	-134.41035055834178	58.28426673484815	
2001 CREEK STREET	99801	-134.4104691027216	58.284277053961105	
1727 2ND STREET	99824	-134.40328603986083	58.28132995205047	
1603 2ND STREET	99824	-134.40051929526103	58.28020563599107	
907 2ND STREET	99824	-134.39354005474834	58.27675690586978	
106 BRADLEY STREET	99824	-134.39326792001447	58.27695401098588	
104 BRADLEY STREET	99824	-134.39321380909502	58.27698070186512	
110 BRADLEY STREET	99824	-134.3931189110684	58.27701721893435	
827 FRONT STREET	99824	-134.39244558872866	58.27659875402061	
1749 DOUGLAS HIGHWAY	99824	-134.40526934932825	58.28107933377082	
1751 DOUGLAS HIGHWAY	99824	-134.40532879174893	58.28111857409515	
1753 DOUGLAS HIGHWAY	99824	-134.40542489082307	58.281194754088666	
1755 DOUGLAS HIGHWAY	99824	-134.40547594028402	58.281228666858944	
1757 DOUGLAS HIGHWAY	99824	-134.40556619222397	58.281304260033195	
1759 DOUGLAS HIGHWAY	99824	-134.4056150812367	58.28134137622884	
1761 DOUGLAS HIGHWAY	99824	-134.4057163429288	58.28141533079859	
1763 DOUGLAS HIGHWAY	99824	-134.4057996401118	58.28143816492797	
1707 BEACH DRIVE	99824	-134.4020911143446	58.28151359613329	
217 G STREET	99824	-134.3971958035943	58.278106921779354	
215 G STREET	99824	-134.3971551674041	58.278135059956156	
1305 3RD STREET	99824	-134.39813840133036	58.278141927173714	
1312 2ND STREET	99824	-134.39694993470104	58.27907048609491	
909 4TH STREET	99824	-134.3952680746901	58.27570332280501	
112 BRADLEY STREET	99824	-134.3930300308559	58.27702242418418	
909 5TH STREET	99824	-134.3964775618971	58.27537295605576	
106 DOCK STREET	99824	-134.39207256510355	58.27707964692855	
628 ST ANNS AVENUE	99824	-134.39090072539184	58.27347068314693	
628 ST ANNS AVENUE	99824	-134.39084776790924	58.27342827686961	
2000 CREEK STREET	99801	-134.4112111821132	58.28450413885527	
2000 CREEK STREET	99801	-134.4110776466479	58.28454519305699	
903 1ST STREET	99824	-134.39244283539233	58.27706899177015	
903 1ST STREET	99824	-134.39247263340863	58.27704759311517	
1411 1ST STREET	99824	-134.39740668580217	58.27969725883772	
1413 1ST STREET	99824	-134.3975028360803	58.27974497392475	
1415 1ST STREET	99824	-134.39759190044745	58.279795237053094	
911 2ND STREET	99824	-134.39377075109644	58.27683971284376	
730 4TH STREET	99824	-134.39328399356987	58.274883070062565	
726 4TH STREET	99824	-134.39318052741206	58.274769057165614	
2000 CREEK STREET	99801	-134.4109527790268	58.284589338997755	
103 SAVIKKO ROAD	99824	-134.39047145016198	58.27510528600669	
2551 VISTA DRIVE	99801	-134.41412983721742	58.28593422122212	
2551 VISTA DRIVE	99801	-134.41396789432787	58.28586235814218	
2551 VISTA DRIVE	99801	-134.414055881615	58.28601209181324	
2551 VISTA DRIVE	99801	-134.41387225429284	58.28593391191356	
2551 VISTA DRIVE	99801	-134.41394585236574	58.286079406119406	
2551 VISTA DRIVE	99801	-134.41377060902013	58.28599675722176	
2551 VISTA DRIVE	99801	-134.41371436819512	58.285744164995755	
2551 VISTA DRIVE	99801	-134.41356274425326	58.285672906929335	
2551 VISTA DRIVE	99801	-134.4136219387389	58.28581742186161	
2551 VISTA DRIVE	99801	-134.41346224523082	58.28572549681954	
2551 VISTA DRIVE	99801	-134.41351372139158	58.285877521845485	
2551 VISTA DRIVE	99801	-134.41336136442445	58.285793058173944	
2551 VISTA DRIVE	99801	-134.4134037379564	58.28553825397625	
2551 VISTA DRIVE	99801	-134.41325095069624	58.285473514200035	
2551 VISTA DRIVE	99801	-134.41331546231004	58.28559651887088	
2551 VISTA DRIVE	99801	-134.41314632032183	58.285531689004834	
2551 VISTA DRIVE	99801	-134.41321751090982	58.28566264111299	
2551 VISTA DRIVE	99801	-134.41305488709727	58.28559783592402	
2551 VISTA DRIVE	99801	-134.41306352619537	58.28534305015529	
2551 VISTA DRIVE	99801	-134.41293015512176	58.28526227809282	
2551 VISTA DRIVE	99801	-134.41296149913865	58.28540611279541	
2551 VISTA DRIVE	99801	-134.41282730610655	58.285317779922124	
2551 VISTA DRIVE	99801	-134.41285081411922	58.28547427496735	
2551 VISTA DRIVE	99801	-134.41270095177364	58.28537856502159	
2551 VISTA DRIVE	99801	-134.41274214312267	58.285133738109906	
2551 VISTA DRIVE	99801	-134.41259311261706	58.285066771934495	
2551 VISTA DRIVE	99801	-134.41263960312793	58.285204152902445	
2551 VISTA DRIVE	99801	-134.41248360978054	58.28513770915486	
2551 VISTA DRIVE	99801	-134.41253077672286	58.285267436796246	
2551 VISTA DRIVE	99801	-134.412375767929	58.28520128406517	
2574 VISTA DRIVE	99801	-134.4150499806646	58.28511259980826	
202 H STREET	99824	-134.39808914939826	58.27904322811879	
755 5TH STREET	99824	-134.39493098187972	58.27446193885882	
1756 CAPITAL VIEW COURT	99824	-134.40428164538514	58.28275736017198	
1520 2ND STREET	99824	-134.3996344178753	58.280198039937325	
1505 2ND STREET	99824	-134.39901300019264	58.279503537049415	
1517 5TH STREET	99824	-134.4026618787233	58.27846966605043	
1525 5TH STREET	99824	-134.40272664456035	58.278544669039476	
1537 5TH STREET	99824	-134.40276857432454	58.27875851512921	
2216 RAVEN ROAD	99824	-134.4132246992287	58.28331766678268	
2214 RAVEN ROAD	99824	-134.412811525402	58.28331403508982	
2212 RAVEN ROAD	99824	-134.41248993931003	58.283261223904844	
2210 RAVEN ROAD	99824	-134.41216266778068	58.28320052395598	
2210 RAVEN ROAD	99824	-134.41198397041276	58.283172094166694	
2210 RAVEN ROAD	99824	-134.41209837266084	58.28328939104486	
2210 RAVEN ROAD	99824	-134.41195704700542	58.283258446056834	
2212 RAVEN ROAD	99824	-134.41232113688503	58.28323215897073	
2212 RAVEN ROAD	99824	-134.412441032331	58.28333732608848	
2212 RAVEN ROAD	99824	-134.4122763037658	58.28330897716581	
2214 RAVEN ROAD	99824	-134.41265719393783	58.283288067766435	
2214 RAVEN ROAD	99824	-134.41275758606074	58.2833959960265	
2214 RAVEN ROAD	99824	-134.41261273631443	58.283369218835546	
2216 RAVEN ROAD	99824	-134.4130769470257	58.28333378979446	
2216 RAVEN ROAD	99824	-134.41325805816678	58.283391299865926	
2216 RAVEN ROAD	99824	-134.4130960371238	58.28340657702556	
2215 RAVEN ROAD	99824	-134.4128694200254	58.28299227790065	
2213 RAVEN ROAD	99824	-134.4124943689027	58.28299196809411	
2211 RAVEN ROAD	99824	-134.41213923342985	58.28290170612579	
2211 RAVEN ROAD	99824	-134.41227154269478	58.28293536601545	
2211 RAVEN ROAD	99824	-134.4122125108042	58.28282180880228	
2211 RAVEN ROAD	99824	-134.41234830373583	58.282857038114024	
2213 RAVEN ROAD	99824	-134.41263947287223	58.28300979707839	
2213 RAVEN ROAD	99824	-134.41254499256223	58.28291421223336	
2213 RAVEN ROAD	99824	-134.4126791748145	58.282936966055416	
2215 RAVEN ROAD	99824	-134.41301720905932	58.282983435189664	
2215 RAVEN ROAD	99824	-134.412858506393	58.28290878116118	
2215 RAVEN ROAD	99824	-134.4129952209961	58.28289949119222	
1789 DOUGLAS HIGHWAY	99824	-134.40468441492425	58.28131256381007	
1789 DOUGLAS HIGHWAY	99824	-134.40473056138038	58.28133349704579	
1789 DOUGLAS HIGHWAY	99824	-134.40477778581487	58.28135907285905	
1789 DOUGLAS HIGHWAY	99824	-134.40482426644434	58.28138126896422	
1789 DOUGLAS HIGHWAY	99824	-134.40486588089985	58.2814051860702	
1789 DOUGLAS HIGHWAY	99824	-134.40490263457139	58.28142307300017	
1789 DOUGLAS HIGHWAY	99824	-134.40495707157928	58.281445580774474	
1789 DOUGLAS HIGHWAY	99824	-134.40499675825023	58.28146603597773	
1789 DOUGLAS HIGHWAY	99824	-134.40504428631527	58.2814893881723	
1789 DOUGLAS HIGHWAY	99824	-134.4050862412323	58.28151321783236	
1789 DOUGLAS HIGHWAY	99824	-134.40512777843276	58.281533306030674	
1789 DOUGLAS HIGHWAY	99824	-134.40517279031667	58.281549545092524	
1789 DOUGLAS HIGHWAY	99824	-134.40523273040398	58.28157638977943	
1789 DOUGLAS HIGHWAY	99824	-134.40527457303162	58.28160271587749	
1789 DOUGLAS HIGHWAY	99824	-134.40532424537525	58.281623560152234	
2201 CROW HILL DRIVE	99824	-134.4037981819807	58.27928073279915	
2201 CROW HILL DRIVE	99824	-134.40396754495447	58.27931850385509	
2201 CROW HILL DRIVE	99824	-134.40386963577504	58.279239423110745	
2201 CROW HILL DRIVE	99824	-134.404043899957	58.279288455157854	
2201 CROW HILL DRIVE	99824	-134.40393053795805	58.27920733677291	
2201 CROW HILL DRIVE	99824	-134.40373266784704	58.27919873777678	
2201 CROW HILL DRIVE	99824	-134.40362920887577	58.27913317307856	
2201 CROW HILL DRIVE	99824	-134.4037811202785	58.279174921201076	
2201 CROW HILL DRIVE	99824	-134.40367835031503	58.27911041114451	
2201 CROW HILL DRIVE	99824	-134.40356864176437	58.27908961120534	
2201 CROW HILL DRIVE	99824	-134.40344261172325	58.279012758824	
2201 CROW HILL DRIVE	99824	-134.40362631540225	58.27906891705325	
2201 CROW HILL DRIVE	99824	-134.40349606866917	58.27898244111755	
2201 CROW HILL DRIVE	99824	-134.403677558001	58.27903955111724	
2201 CROW HILL DRIVE	99824	-134.4035561372156	58.278958791125284	
2201 CROW HILL DRIVE	99824	-134.40433995592855	58.279681318843465	
2201 CROW HILL DRIVE	99824	-134.40425108200424	58.27961280309416	
2201 CROW HILL DRIVE	99824	-134.4044034713107	58.279657188978106	
2201 CROW HILL DRIVE	99824	-134.40432427493695	58.27959134315867	
2201 CROW HILL DRIVE	99824	-134.40447649985174	58.27963940506453	
2201 CROW HILL DRIVE	99824	-134.40438761963924	58.27957063607505	
2201 CROW HILL DRIVE	99824	-134.4041457383675	58.2795217612263	
2201 CROW HILL DRIVE	99824	-134.40405162457012	58.279455619959336	
2201 CROW HILL DRIVE	99824	-134.40419367336938	58.2795001911868	
2201 CROW HILL DRIVE	99824	-134.40410299293305	58.27943162502182	
2201 CROW HILL DRIVE	99824	-134.40425730193925	58.279475550155404	
2201 CROW HILL DRIVE	99824	-134.40417155684707	58.27940708218398	
2201 CROW HILL DRIVE	99824	-134.40356846479622	58.27951257805601	
2201 CROW HILL DRIVE	99824	-134.40347540112944	58.27945124303229	
2201 CROW HILL DRIVE	99824	-134.40350952094056	58.27954578113528	
2201 CROW HILL DRIVE	99824	-134.40341884319915	58.27947724386965	
2201 CROW HILL DRIVE	99824	-134.40347301430572	58.27956728407873	
2201 CROW HILL DRIVE	99824	-134.40336605459981	58.27950270719616	
2201 CROW HILL DRIVE	99824	-134.40339353316602	58.27938689689976	
2201 CROW HILL DRIVE	99824	-134.40330068419655	58.27932439315115	
2201 CROW HILL DRIVE	99824	-134.40332725366775	58.27941433786911	
2201 CROW HILL DRIVE	99824	-134.40324604596603	58.279353168930044	
2201 CROW HILL DRIVE	99824	-134.4032759293223	58.27943763898982	
2201 CROW HILL DRIVE	99824	-134.40318455628486	58.27937918684269	
2201 CROW HILL DRIVE	99824	-134.40321318918623	58.27926736390445	
2121 LAWSON CREEK ROAD	99824	-134.40921662124686	58.28287963801362	
2121 LAWSON CREEK ROAD	99824	-134.40927057855436	58.28290639290596	
2121 LAWSON CREEK ROAD	99824	-134.40932720655326	58.28293609991808	
2121 LAWSON CREEK ROAD	99824	-134.4093919139998	58.282969448079236	
2121 LAWSON CREEK ROAD	99824	-134.40944951038256	58.282997569169275	
2121 LAWSON CREEK ROAD	99824	-134.40951422681223	58.283031443848635	
2121 LAWSON CREEK ROAD	99824	-134.40957383542124	58.28306008107528	
2121 LAWSON CREEK ROAD	99824	-134.40963958491352	58.28309553022531	
2121 LAWSON CREEK ROAD	99824	-134.409704346259	58.28313151299847	
2121 LAWSON CREEK ROAD	99824	-134.4097630098403	58.28316278820984	
2204 GREAT WESTERN STREET	99824	-134.40987443507152	58.28322453995303	
2204 GREAT WESTERN STREET	99824	-134.40994126074548	58.28324996280418	
2204 GREAT WESTERN STREET	99824	-134.41001803615958	58.28328640398695	
2204 GREAT WESTERN STREET	99824	-134.41009583295812	58.283323892136245	
2208 GREAT WESTERN STREET	99824	-134.41021315562918	58.28338475385909	
2208 GREAT WESTERN STREET	99824	-134.41028964268403	58.283419530185384	
2208 GREAT WESTERN STREET	99824	-134.41035138119858	58.283452635149615	
2208 GREAT WESTERN STREET	99824	-134.41041734898147	58.28348374809236	
2212 GREAT WESTERN STREET	99824	-134.41055680793775	58.283550258226335	
2212 GREAT WESTERN STREET	99824	-134.41062790420258	58.28358105797609	
2212 GREAT WESTERN STREET	99824	-134.4107030231233	58.28361476822378	
2212 GREAT WESTERN STREET	99824	-134.4107725769808	58.28365019603923	
2204 RAVEN ROAD	99824	-134.4112169645687	58.283033424058004	
2204 RAVEN ROAD	99824	-134.4111452251101	58.28295019707981	
2204 RAVEN ROAD	99824	-134.41100314666642	58.2829121559823	
2208 RAVEN ROAD	99824	-134.4114776367995	58.28306222421453	
2208 RAVEN ROAD	99824	-134.4114207950016	58.2830948189947	
2208 RAVEN ROAD	99824	-134.4113702441056	58.28312935522322	
1717 DOUGLAS HIGHWAY	99824	-134.4039300888004	58.28082654210539	
1717 DOUGLAS HIGHWAY	99824	-134.40398316935222	58.2807968829145	
1717 DOUGLAS HIGHWAY	99824	-134.4037796838724	58.28084278715887	
1717 DOUGLAS HIGHWAY	99824	-134.4038595252365	58.28080374394835	
1717 DOUGLAS HIGHWAY	99824	-134.4040497587693	58.28075402822548	
1717 DOUGLAS HIGHWAY	99824	-134.4039188921987	58.2807638482009	
1717 DOUGLAS HIGHWAY	99824	-134.40400805178726	58.280721349111104	
1717 DOUGLAS HIGHWAY	99824	-134.40414747660756	58.28094467421126	
1717 DOUGLAS HIGHWAY	99824	-134.4042385549976	58.28098895782755	
1717 DOUGLAS HIGHWAY	99824	-134.4042037425854	58.28090943496792	
1717 DOUGLAS HIGHWAY	99824	-134.40429757970168	58.28095438786782	
1717 DOUGLAS HIGHWAY	99824	-134.40426166775154	58.2808719329274	
1717 DOUGLAS HIGHWAY	99824	-134.40435893463558	58.28091394490161	
1717 DOUGLAS HIGHWAY	99824	-134.40449811870738	58.281108338129556	
1717 DOUGLAS HIGHWAY	99824	-134.4044551972031	58.28118337000764	
1717 DOUGLAS HIGHWAY	99824	-134.40451756543663	58.28114751088421	
1717 DOUGLAS HIGHWAY	99824	-134.40461271588987	58.28110164387354	
1717 DOUGLAS HIGHWAY	99824	-134.40453330032716	58.28121540921538	
1717 DOUGLAS HIGHWAY	99824	-134.40465403030808	58.281158066106876	
1717 DOUGLAS HIGHWAY	99824	-134.40468228591703	58.28106725396697	
1717 DOUGLAS HIGHWAY	99824	-134.40473624322456	58.28111076192788	
1717 DOUGLAS HIGHWAY	99824	-134.40435202838765	58.28106032308495	
1801 DOUGLAS HIGHWAY	99824	-134.4061314202856	58.281891691005306	
1801 DOUGLAS HIGHWAY	99824	-134.40624729666905	58.28193104283218	
1801 DOUGLAS HIGHWAY	99824	-134.40629276938873	58.28190656784573	
1801 DOUGLAS HIGHWAY	99824	-134.40616759903534	58.281844313185864	
1801 DOUGLAS HIGHWAY	99824	-134.40622301071534	58.281827509882696	
1801 DOUGLAS HIGHWAY	99824	-134.4063380139363	58.281918676172374	
1801 DOUGLAS HIGHWAY	99824	-134.40635124073057	58.28189593019706	
1801 DOUGLAS HIGHWAY	99824	-134.4063739007336	58.281856127774866	
1801 DOUGLAS HIGHWAY	99824	-134.40623023317022	58.281798100895	
1801 DOUGLAS HIGHWAY	99824	-134.40630524339477	58.281735329839286	
1801 DOUGLAS HIGHWAY	99824	-134.4064359006579	58.28187432287655	
1801 DOUGLAS HIGHWAY	99824	-134.40661395842528	58.28182796705127	
1801 DOUGLAS HIGHWAY	99824	-134.40626772615525	58.28171854112519	
1801 DOUGLAS HIGHWAY	99824	-134.40658234760878	58.28186060783427	
2198 LAWSON CREEK ROAD	99824	-134.41071015125507	58.28258991106317	
2198 LAWSON CREEK ROAD	99824	-134.41063740029344	58.282564292217636	
2198 LAWSON CREEK ROAD	99824	-134.4106839213471	58.28261951491344	
2198 LAWSON CREEK ROAD	99824	-134.41060953455334	58.28259617999364	
2196 LAWSON CREEK ROAD	99824	-134.41050332494066	58.282521788204456	
2194 LAWSON CREEK ROAD	99824	-134.41024267876097	58.28246297985878	
2192 LAWSON CREEK ROAD	99824	-134.4100288581638	58.28239764222799	
2190 LAWSON CREEK ROAD	99824	-134.40977179626208	58.282325587782836	
2188 LAWSON CREEK ROAD	99824	-134.40955264775695	58.28226712198355	
2196 LAWSON CREEK ROAD	99824	-134.4104262782354	58.28250047596395	
2196 LAWSON CREEK ROAD	99824	-134.4104671929033	58.2825614992022	
2196 LAWSON CREEK ROAD	99824	-134.41038779620524	58.28253819919234	
2194 LAWSON CREEK ROAD	99824	-134.41016277900636	58.282436190155444	
2194 LAWSON CREEK ROAD	99824	-134.41020559001785	58.282497063794054	
2194 LAWSON CREEK ROAD	99824	-134.41012709073675	58.28247358616713	
2192 LAWSON CREEK ROAD	99824	-134.40994696325095	58.28237574712635	
2192 LAWSON CREEK ROAD	99824	-134.40998760213606	58.282436815917805	
2192 LAWSON CREEK ROAD	99824	-134.40990895193798	58.28241374393409	
2190 LAWSON CREEK ROAD	99824	-134.40969567212662	58.28230253697903	
2190 LAWSON CREEK ROAD	99824	-134.40973648528492	58.282357930101924	
2190 LAWSON CREEK ROAD	99824	-134.40965843156818	58.28233808323155	
2188 LAWSON CREEK ROAD	99824	-134.4094793820607	58.282243423178905	
2188 LAWSON CREEK ROAD	99824	-134.40951480532732	58.2823025242276	
2188 LAWSON CREEK ROAD	99824	-134.40943936840299	58.28228211720739	
2162 LAWSON CREEK ROAD	99824	-134.40907281174964	58.28243803107744	
2160 LAWSON CREEK ROAD	99824	-134.40885765086605	58.282382180918454	
2158 LAWSON CREEK ROAD	99824	-134.4085330958421	58.282358655043325	
2156 LAWSON CREEK ROAD	99824	-134.4083125567449	58.28230356087182	
2154 LAWSON CREEK ROAD	99824	-134.4081212452338	58.2822009697865	
2152 LAWSON CREEK ROAD	99824	-134.40798921085332	58.28208557305617	
2150 LAWSON CREEK ROAD	99824	-134.4076331069966	58.2819506311213	
2162 LAWSON CREEK ROAD	99824	-134.40900229669478	58.28241719814441	
2162 LAWSON CREEK ROAD	99824	-134.40903063225377	58.28248160205559	
2162 LAWSON CREEK ROAD	99824	-134.4089639521069	58.28245967394672	
2160 LAWSON CREEK ROAD	99824	-134.40878187258193	58.282358534141025	
2160 LAWSON CREEK ROAD	99824	-134.4088169122679	58.282419456085066	
2160 LAWSON CREEK ROAD	99824	-134.4087441083057	58.282396138035296	
2158 LAWSON CREEK ROAD	99824	-134.4084660707421	58.282338033170404	
2158 LAWSON CREEK ROAD	99824	-134.40849883858874	58.28239291193132	
2158 LAWSON CREEK ROAD	99824	-134.40843331187864	58.28237245584664	
2156 LAWSON CREEK ROAD	99824	-134.408233035181	58.28227872910251	
2156 LAWSON CREEK ROAD	99824	-134.40827932716425	58.28233417185151	
2156 LAWSON CREEK ROAD	99824	-134.40819830002388	58.28231564592125	
2154 LAWSON CREEK ROAD	99824	-134.40807270566572	58.282150900872665	
2154 LAWSON CREEK ROAD	99824	-134.4080574109497	58.28222277290235	
2154 LAWSON CREEK ROAD	99824	-134.40801303237802	58.28217419688688	
2152 LAWSON CREEK ROAD	99824	-134.40794284161498	58.282042659947265	
2152 LAWSON CREEK ROAD	99824	-134.40792676985623	58.282109373033855	
2152 LAWSON CREEK ROAD	99824	-134.40787616236642	58.28206457603515	
2150 LAWSON CREEK ROAD	99824	-134.40754761073774	58.281929034224326	
2150 LAWSON CREEK ROAD	99824	-134.40760223010366	58.281983316185496	
2150 LAWSON CREEK ROAD	99824	-134.40751864725635	58.28196165885668	
2151 CROW HILL DRIVE	99824	-134.40598818571016	58.28148317383105	
2149 CROW HILL DRIVE	99824	-134.40591440527928	58.28142511800283	
2147 CROW HILL DRIVE	99824	-134.4057515847357	58.281397558158254	
2147 CROW HILL DRIVE	99824	-134.40580520068343	58.28137476084112	
2145 CROW HILL DRIVE	99824	-134.40572430559547	58.28131674686882	
2145 CROW HILL DRIVE	99824	-134.4056805441664	58.28133423901053	
2143 CROW HILL DRIVE	99824	-134.4056447579804	58.281254974796205	
2143 CROW HILL DRIVE	99824	-134.40560093277097	58.28126946887772	
2141 CROW HILL DRIVE	99824	-134.4055854413239	58.28120808305574	
2141 CROW HILL DRIVE	99824	-134.4055387864213	58.281223341793414	
2139 CROW HILL DRIVE	99824	-134.40552164027747	58.28115071915459	
2139 CROW HILL DRIVE	99824	-134.40547652868054	58.28117196797595	
2137 CROW HILL DRIVE	99824	-134.40545358480986	58.28109413113529	
2137 CROW HILL DRIVE	99824	-134.40540849028093	58.28111612809969	
2219 GREAT WESTERN STREET	99824	-134.4121522949341	58.283602224110766	
2219 GREAT WESTERN STREET	99824	-134.41227328632473	58.28360989405104	
2219 GREAT WESTERN STREET	99824	-134.41235556841153	58.28362019210384	
2225 GREAT WESTERN STREET	99824	-134.41255711173372	58.28364315090423	
2225 GREAT WESTERN STREET	99824	-134.41265156239933	58.28364967891749	
2225 GREAT WESTERN STREET	99824	-134.4127305288044	58.28365699984941	
2215 GREAT WESTERN STREET	99824	-134.41181347376514	58.28348643383212	
2215 GREAT WESTERN STREET	99824	-134.41187473707086	58.28349137886077	
2215 GREAT WESTERN STREET	99824	-134.4119481896167	58.28349654396158	
2215 GREAT WESTERN STREET	99824	-134.4117545820117	58.28354249098787	
2215 GREAT WESTERN STREET	99824	-134.41182012219653	58.28354956211712	
2215 GREAT WESTERN STREET	99824	-134.41189888558233	58.28355515979832	
2215 GREAT WESTERN STREET	99824	-134.41170166405496	58.28359026889917	
2215 GREAT WESTERN STREET	99824	-134.41177870986192	58.28359820519554	
2215 GREAT WESTERN STREET	99824	-134.41185570895652	58.28360381420319	
2149 LAWSON CREEK ROAD	99824	-134.41058890025127	58.283032309039086	
2149 LAWSON CREEK ROAD	99824	-134.410641869412	58.283058147149376	
2149 LAWSON CREEK ROAD	99824	-134.41070528508118	58.283090829774544	
2149 LAWSON CREEK ROAD	99824	-134.4107650131661	58.28311608601233	
2149 LAWSON CREEK ROAD	99824	-134.41082216937437	58.28314508114667	
2149 LAWSON CREEK ROAD	99824	-134.4108837803281	58.283175911946	
2149 LAWSON CREEK ROAD	99824	-134.41094895579693	58.28320811889346	
2149 LAWSON CREEK ROAD	99824	-134.41101051913995	58.2832366227991	
2149 LAWSON CREEK ROAD	99824	-134.41107300505283	58.28326698408988	
2149 LAWSON CREEK ROAD	99824	-134.41113457827734	58.28329595312625	
2224 GREAT WESTERN STREET	99801	-134.41234404931464	58.28404953786128	
2224 GREAT WESTERN STREET	99801	-134.4121191417102	58.28402802299957	
2224 GREAT WESTERN STREET	99801	-134.41253902685042	58.2840339889618	
2224 GREAT WESTERN STREET	99801	-134.4123557543628	58.284017355764014	
2224 GREAT WESTERN STREET	99801	-134.41213087730108	58.28399723686166	
2135 CROW HILL DRIVE	99824	-134.40536653895714	58.28102811512859	
2135 CROW HILL DRIVE	99824	-134.4053263034156	58.28104947406754	
2186 LAWSON CREEK ROAD	99824	-134.4106220382038	58.282678210126555	
2570 VISTA DRIVE	99801	-134.41396813417802	58.28512740209868	
2570 VISTA DRIVE	99801	-134.41386097235116	58.28518051084299	
2570 VISTA DRIVE	99801	-134.4140703364062	58.285193372212184	
2570 VISTA DRIVE	99801	-134.41397313060764	58.285237368118196	
2570 VISTA DRIVE	99801	-134.41417989224334	58.285251522921	
2570 VISTA DRIVE	99801	-134.41408461422935	58.28530340697313	
2570 VISTA DRIVE	99801	-134.41429757513882	58.28531472220006	
2570 VISTA DRIVE	99801	-134.4141934433294	58.285364976950866	
2570 VISTA DRIVE	99801	-134.4144003118646	58.28536901880509	
2570 VISTA DRIVE	99801	-134.41429883996673	58.28541625118301	
2572 VISTA DRIVE	99801	-134.41464680239204	58.285244735945454	
2572 VISTA DRIVE	99801	-134.41455733378302	58.28518550191423	
2572 VISTA DRIVE	99801	-134.41438530011789	58.28509576311031	
2572 VISTA DRIVE	99801	-134.41479208063475	58.28516717392638	
2572 VISTA DRIVE	99801	-134.41472195724535	58.28512885092357	
2572 VISTA DRIVE	99801	-134.41465815709722	58.285091599859726	
2572 VISTA DRIVE	99801	-134.41457734465425	58.28504448605285	
2572 VISTA DRIVE	99801	-134.4145092748136	58.28500393914276	
2572 VISTA DRIVE	99801	-134.41443682029606	58.28495456507915	
2572 VISTA DRIVE	99801	-134.4144191962485	58.28500815576667	
2572 VISTA DRIVE	99801	-134.4144978832775	58.28505417497292	
2572 VISTA DRIVE	99801	-134.41461274097142	58.285122113981714	
2572 VISTA DRIVE	99801	-134.41467435012854	58.285154952901344	
2572 VISTA DRIVE	99801	-134.414740273894	58.28519329995998	
2576 VISTA DRIVE	99801	-134.4148537742335	58.28473631212642	
2576 VISTA DRIVE	99801	-134.41491436290445	58.284768654132634	
2576 VISTA DRIVE	99801	-134.41498806967354	58.284810166102226	
2576 VISTA DRIVE	99801	-134.41507895492578	58.28486389915285	
2576 VISTA DRIVE	99801	-134.41480718131464	58.28476688889057	
2576 VISTA DRIVE	99801	-134.4148688614387	58.28480321706311	
2576 VISTA DRIVE	99801	-134.41494467026553	58.28484471718615	
2576 VISTA DRIVE	99801	-134.4150293230063	58.284901805926225	
2576 VISTA DRIVE	99801	-134.41472785109193	58.28484113192954	
2576 VISTA DRIVE	99801	-134.4147936589747	58.28487394702547	
2576 VISTA DRIVE	99801	-134.4149321261909	58.284952433860404	
2576 VISTA DRIVE	99801	-134.41503082588778	58.285000698164716	
403 C STREET	99824	-134.3950297732048	58.275418245223285	
803 4TH STREET	99824	-134.39430934410987	58.27519715312138	
729 4TH STREET	99824	-134.39330630412826	58.27455143393948	
311 C STREET	99824	-134.394339930847	58.27580486281454	
310 D STREET	99824	-134.39556436961354	58.27641126688705	
1102 5TH STREET	99824	-134.39776567594592	58.27643014214136	
1213 5TH STREET	99824	-134.3994915686771	58.276799951028735	
1407 5TH STREET	99824	-134.40099600962276	58.27771302321598	
1409 5TH STREET	99824	-134.40118929473257	58.27765285505512	
1218 2ND STREET	99824	-134.3962730226934	58.27867084723521	
607 ST ANNS AVENUE	99824	-134.39032062392408	58.272840911947156	
621 ST ANNS AVENUE	99824	-134.3909112114262	58.2731511720514	
1416 3RD STREET	99824	-134.39894046033513	58.27913083982985	
1210 3RD STREET	99824	-134.3970421153239	58.27798756583967	
907 3RD STREET	99824	-134.39437925190362	58.27609398492113	
907 3RD STREET	99824	-134.39448584869015	58.276157352171694	
907 3RD STREET	99824	-134.39459123544603	58.27620556186182	
907 3RD STREET	99824	-134.39442554837842	58.276071784084934	
907 3RD STREET	99824	-134.39453561086532	58.27613367384088	
907 3RD STREET	99824	-134.39463270257787	58.2761825698978	
907 3RD STREET	99824	-134.39446779794284	58.27604681993658	
907 3RD STREET	99824	-134.3945807422252	58.27610949904612	
907 3RD STREET	99824	-134.394671931108	58.27616028503756	
1520 DOUGLAS HIGHWAY	99824	-134.40022041498625	58.27971583478574	
1520 DOUGLAS HIGHWAY	99824	-134.4003073746007	58.27975290021987	
1520 DOUGLAS HIGHWAY	99824	-134.40035806473554	58.27977631777814	
1520 DOUGLAS HIGHWAY	99824	-134.40043049859185	58.279810056207985	
1520 DOUGLAS HIGHWAY	99824	-134.4005074599572	58.27984555206394	
1520 DOUGLAS HIGHWAY	99824	-134.40058233004456	58.27987683206676	
1520 DOUGLAS HIGHWAY	99824	-134.40016253563417	58.27975450276519	
1520 DOUGLAS HIGHWAY	99824	-134.40023947543995	58.279788942122075	
1520 DOUGLAS HIGHWAY	99824	-134.40030030126613	58.279820302939626	
1520 DOUGLAS HIGHWAY	99824	-134.40036503206886	58.279846356876824	
1520 DOUGLAS HIGHWAY	99824	-134.40044604932774	58.27988394407418	
1520 DOUGLAS HIGHWAY	99824	-134.40052298913352	58.2799183828329	
1730 DOUGLAS HIGHWAY	99824	-134.40335187379472	58.28124368188641	
301 I STREET	99824	-134.39954690579694	58.278867442929055	
922 1ST STREET	99824	-134.39257822857365	58.27773087422397	
1617 DOUGLAS HIGHWAY	99824	-134.40310617019148	58.28040301001796	
1617 DOUGLAS HIGHWAY	99824	-134.4032340480671	58.280456472988845	
1617 DOUGLAS HIGHWAY	99824	-134.40331225988731	58.28046702700058	
1617 DOUGLAS HIGHWAY	99824	-134.40341760172743	58.280516384179066	
1617 DOUGLAS HIGHWAY	99824	-134.40346335382316	58.28056332595446	
1617 DOUGLAS HIGHWAY	99824	-134.40352581098992	58.280590059926645	
1617 DOUGLAS HIGHWAY	99824	-134.4036316567849	58.28060859998397	
1617 DOUGLAS HIGHWAY	99824	-134.40374889321768	58.28066532007775	
1617 DOUGLAS HIGHWAY	99824	-134.40375767065632	58.28037931705036	
1617 DOUGLAS HIGHWAY	99824	-134.40384260277318	58.28040417376665	
1617 DOUGLAS HIGHWAY	99824	-134.4039125572793	58.28045395421346	
1617 DOUGLAS HIGHWAY	99824	-134.40394297243822	58.28050757296613	
1617 DOUGLAS HIGHWAY	99824	-134.40377878286216	58.280061391928086	
1617 DOUGLAS HIGHWAY	99824	-134.4037210346641	58.28001303020842	
1617 DOUGLAS HIGHWAY	99824	-134.4036271598186	58.279994831788855	
1617 DOUGLAS HIGHWAY	99824	-134.4035424001783	58.27992793004663	
1617 DOUGLAS HIGHWAY	99824	-134.40344881369197	58.27989838912455	
1617 DOUGLAS HIGHWAY	99824	-134.4033765523122	58.27984829711815	
1617 DOUGLAS HIGHWAY	99824	-134.4040915600744	58.28002346722051	
1617 DOUGLAS HIGHWAY	99824	-134.40418312714792	58.28007608817231	
1617 DOUGLAS HIGHWAY	99824	-134.40419926717865	58.28013976615924	
1617 DOUGLAS HIGHWAY	99824	-134.40426154558065	58.28017637395979	
1617 DOUGLAS HIGHWAY	99824	-134.40430652422694	58.28020277713948	
1617 DOUGLAS HIGHWAY	99824	-134.404404286981	58.280214825121575	
1617 DOUGLAS HIGHWAY	99824	-134.40449247369412	58.280271665810815	
1617 DOUGLAS HIGHWAY	99824	-134.40311125914755	58.28020000991448	
503 F STREET	99824	-134.39857054667755	58.27638046798641	
2112 2ND STREET	99824	-134.40626204700598	58.28355558199746	
2116 2ND STREET	99824	-134.40642523765547	58.283636985111215	
2114 2ND STREET	99824	-134.40652794294022	58.28358046009719	
2110 2ND STREET	99824	-134.40635353323117	58.283497837952176	
2110 2ND STREET	99824	-134.40631545813784	58.28352466085496	
2112 2ND STREET	99824	-134.40621651769246	58.28358697112071	
2114 2ND STREET	99824	-134.40648456778672	58.2836055540013	
2116 2ND STREET	99824	-134.4063840436115	58.28366566482352	
1512 3RD STREET	99824	-134.39967819188075	58.27940959489378	
1512 3RD STREET	99824	-134.39972243660344	58.27942919402389	
1512 3RD STREET	99824	-134.39978167061494	58.27945376093439	
1512 3RD STREET	99824	-134.39983811086594	58.27948173981631	
1512 3RD STREET	99824	-134.39962962805816	58.27947952183493	
1512 3RD STREET	99824	-134.39968670790967	58.27950372408521	
2204 DOUGLAS HIGHWAY	99824	-134.4083270438755	58.28385134307282	
314 E STREET	99824	-134.39654685524314	58.27683816495891	
314 E STREET	99824	-134.39658014501094	58.276787196195755	
1310 4TH STREET	99824	-134.39865350160247	58.277908672946324	
1310 4TH STREET	99824	-134.39854988003611	58.27796959404384	
811 4TH STREET	99824	-134.39464864318256	58.27536788518833	
600 ST ANNS AVENUE	99824	-134.38972725972945	58.273044974141776	
600 ST ANNS AVENUE	99824	-134.38959227438326	58.27298837694954	
600 ST ANNS AVENUE	99824	-134.38968575127515	58.27307109211309	
600 ST ANNS AVENUE	99824	-134.3895480871528	58.27301483697958	
600 ST ANNS AVENUE	99824	-134.38964851161504	58.27309463691298	
600 ST ANNS AVENUE	99824	-134.3895017322875	58.27304670595548	
600 ST ANNS AVENUE	99824	-134.38941295627953	58.27296676419415	
600 ST ANNS AVENUE	99824	-134.38936785905565	58.27299329084866	
105 SAVIKKO ROAD	99824	-134.38982565220255	58.27365269713964	
600 ST ANNS AVENUE	99824	-134.38978806219947	58.2731133249756	
600 ST ANNS AVENUE	99824	-134.3897511710857	58.273141390118866	
600 ST ANNS AVENUE	99824	-134.38946018879886	58.272945584144	
600 ST ANNS AVENUE	99824	-134.38983751894745	58.27308693493408	
517 ST ANNS AVENUE	99824	-134.38934046942262	58.272530488035216	
513 ST ANNS AVENUE	99824	-134.3891161017057	58.27246768307345	
509 ST ANNS AVENUE	99824	-134.38889974426613	58.27238140596523	
505 ST ANNS AVENUE	99824	-134.38868806704923	58.2723020310101	
408 ST ANNS AVENUE	99824	-134.38719759131297	58.27222044688932	
503 ST ANNS AVENUE	99824	-134.38844747216498	58.27224097497557	
421 ST ANNS AVENUE	99824	-134.3881293742313	58.272141350768344	
404 ST ANNS AVENUE	99824	-134.3868799524184	58.272045342123015	
523 5TH STREET	99824	-134.39016190239317	58.27210614811676	
417 ST ANNS AVENUE	99824	-134.3878874219927	58.272054978855316	
400 ST ANNS AVENUE	99824	-134.3865954092555	58.27196680305853	
519 5TH STREET	99824	-134.38996190776652	58.272025272163354	
506 5TH STREET	99824	-134.3889341883691	58.27199743289395	
413 ST ANNS AVENUE	99824	-134.3876675763949	58.2719844547699	
308 ST ANNS AVENUE	99824	-134.38635671700305	58.27188943587937	
515 5TH STREET	99824	-134.38977079208811	58.271926851059455	
424 5TH STREET	99824	-134.38846066123003	58.27180292304482	
411 ST ANNS AVENUE	99824	-134.38746586508773	58.271897619980976	
513 5TH STREET	99824	-134.38952302864791	58.27185828912908	
405 ST ANNS AVENUE	99824	-134.38728138436605	58.27181528898538	
418 5TH STREET	99824	-134.38828076191626	58.27177321803114	
226 ST ANNS AVENUE	99824	-134.3851839879592	58.27166440210659	
304 ST ANNS AVENUE	99824	-134.3858991367569	58.27165542617979	
401 ST ANNS AVENUE	99824	-134.38712114378396	58.27176617714705	
507 5TH STREET	99824	-134.38929147171376	58.271792612107134	
503 5TH STREET	99824	-134.38909305273214	58.271702322065345	
410 5TH STREET	99824	-134.38776342933065	58.271595883130736	
390 JACKSON WAY	99824	-134.3846921378833	58.271571368877005	
313 ST ANNS AVENUE	99824	-134.3865731319348	58.27165732293505	
400 5TH STREET	99824	-134.38749266003603	58.27150445500194	
415 5TH STREET	99824	-134.38856815184027	58.27152761912856	
307 ST ANNS AVENUE	99824	-134.38625452016475	58.271498790221976	
220 ST ANNS AVENUE	99824	-134.3849373941255	58.27132178180847	
305 ST ANNS AVENUE	99824	-134.38605985973425	58.271413764085544	
314 5TH STREET	99824	-134.3869195151218	58.27142025089061	
208 ST ANNS AVENUE	99824	-134.3842704731805	58.271150981107134	
223 ST ANNS AVENUE	99824	-134.38585139040123	58.2713483541024	
409 5TH STREET	99824	-134.3882098596875	58.271404891082916	
401 5TH STREET	99824	-134.38789930580558	58.27128080487054	
215 ST ANNS AVENUE	99824	-134.3854754849807	58.271183847156244	
304 5TH STREET	99824	-134.38654374175363	58.271242646831986	
319 5TH STREET	99824	-134.38755784269136	58.271166946199756	
211 ST ANNS AVENUE	99824	-134.38495756310027	58.2711041681109	
216 5TH STREET	99824	-134.3856000462763	58.270918811829794	
209 ST ANNS AVENUE	99824	-134.38479014677569	58.27102077798251	
307 5TH STREET	99824	-134.3868246988419	58.270848147061095	
404 TREADWELL STREET	99824	-134.3846445451395	58.27085651092587	
208 5TH STREET	99824	-134.3852981907813	58.270757430843084	
223 5TH STREET	99824	-134.38639858388518	58.27077751191447	
217 5TH STREET	99824	-134.38598761272755	58.27070469778021	
105 ST ANNS AVENUE	99824	-134.38433765818058	58.270568287152344	
204 5TH STREET	99824	-134.38495237802445	58.27062400098568	
215 5TH STREET	99824	-134.3857651907615	58.27063028101059	
112 5TH STREET	99824	-134.38379093182058	58.270379095208334	
205 5TH STREET	99824	-134.38524796058385	58.2704117937871	
107 5TH STREET	99824	-134.38489760863987	58.27034443882988	
116 5TH STREET	99824	-134.38338662616232	58.27016488199206	
99 5TH STREET	99824	-134.38455602694805	58.27015248476698	
118 5TH STREET	99824	-134.38301944607815	58.27008114382788	
122 5TH STREET	99824	-134.38243105136368	58.27001088888285	
113 5TH STREET	99824	-134.38423459087477	58.269966526815125	
402 ALASKA BELLE COURT	99824	-134.38185776002408	58.269872885819495	
403 ALASKA BELLE COURT	99824	-134.3811678601741	58.26965316415337	
126 5TH STREET	99824	-134.38238196831486	58.26948726601304	
616 ALTA COURT	99824	-134.38606052269097	58.26936205102033	
127 6TH STREET	99824	-134.38522800181488	58.26926916812516	
656 ALTA COURT	99824	-134.38653368511405	58.26909591778873	
124 6TH STREET	99824	-134.3839767142011	58.26905648177668	
125 6TH STREET	99824	-134.38504009222373	58.26918010994402	
515 LAUREL DRIVE	99824	-134.3831218971397	58.26902851686419	
114 6TH STREET	99824	-134.3835227164363	58.2688527311044	
660 ALTA COURT	99824	-134.38649571332698	58.26876809500764	
661 ALTA COURT	99824	-134.3859197018887	58.26858896720433	
617 ALTA COURT	99824	-134.38510504041878	58.26861244222473	
613 ALTA COURT	99824	-134.3844944752831	58.26859262403021	
522 ST ANNS AVENUE	99824	-134.38918086125454	58.27279747885874	
504 ST ANNS AVENUE	99824	-134.38839202185744	58.27253316893682	
309 5TH STREET	99824	-134.38693171783666	58.2709209552314	
1585 THANE ROAD	99801	-134.38121074484744	58.28620082201515	
1580 THANE ROAD	99801	-134.38267556020762	58.28648614289102	
1540 THANE ROAD	99801	-134.3848627207692	58.28721665084766	
1550 THANE ROAD	99801	-134.384417451934	58.28678059411735	
100 SAVIKKO ROAD	99824	-134.38469166087785	58.27586484280851	
120 SAVIKKO ROAD	99824	-134.38737916688302	58.274495616218296	
403 SUMMERS STREET	99824	-134.3896430920789	58.272666890162824	
129 6TH STREET	99824	-134.38547288974786	58.269543891003856	
151 MILL STREET	99801	-134.38686795631608	58.28688259016668	
420 ST ANNS AVENUE	99824	-134.38767067288768	58.27231186183248	
211 MT ROBERTS STREET	99801	-134.38998583888568	58.2866056708816	
225 MT ROBERTS STREET	99801	-134.38918334958785	58.28576073693705	
1000 SOUTH DOUGLAS ISLAND	99801	-134.37090681790863	58.26428660081857	
115 DOCK STREET	99824	-134.38921580392247	58.27724243409187	
125 MILL STREET	99801	-134.38623253928807	58.28729748314426	
101 SAVIKKO ROAD	99824	-134.386949817093	58.272801639775565	
410 ST ANNS AVENUE	99824	-134.3873361609371	58.272230600862514	
225 ST ANNS AVENUE	99824	-134.38595644298383	58.271257465786185	
210 5TH STREET	99824	-134.38516853513968	58.27079296884203	
611 ALTA COURT	99824	-134.3843896032619	58.26865870384872	
206 ST ANNS AVENUE	99824	-134.38422555022976	58.271174858824644	
210 ST ANNS AVENUE	99824	-134.38442905187927	58.27122320993685	
226 ST ANNS AVENUE	99824	-134.38512801932373	58.27164910807082	
288 ST ANNS AVENUE	99824	-134.38525475993222	58.2717260161137	
306 ST ANNS AVENUE	99824	-134.38630722162753	58.27187249510431	
528 5TH STREET	99824	-134.38993632105226	58.27240654796004	
504 ST ANNS AVENUE	99824	-134.38828336164067	58.27251164282635	
2769 JOHN STREET	99801	-134.4213292691793	58.288963549995394	
2767 JOHN STREET	99801	-134.42128502086337	58.288937387080125	
2765 JOHN STREET	99801	-134.42124487694994	58.28890708684174	
2763 JOHN STREET	99801	-134.42120404402868	58.288875547084935	
2761 JOHN STREET	99801	-134.42115381383127	58.28884389208622	
2759 JOHN STREET	99801	-134.4210991980586	58.28881432507638	
2757 JOHN STREET	99801	-134.42100463420527	58.28875286120107	
2755 JOHN STREET	99801	-134.42095395035867	58.28873078209764	
2753 JOHN STREET	99801	-134.42091757128458	58.28870581884486	
2751 JOHN STREET	99801	-134.42089307422677	58.28867854892527	
2719 JOHN STREET	99801	-134.42029964086188	58.28807805290796	
2725 JOHN STREET	99801	-134.42047083909378	58.28817412623112	
2727 JOHN STREET	99801	-134.42051463825211	58.28820044317433	
2733 JOHN STREET	99801	-134.42063917978476	58.28828118586862	
2735 JOHN STREET	99801	-134.42067851611276	58.28830606914766	
2717 JOHN STREET	99801	-134.42025249997073	58.28804286798317	
2721 JOHN STREET	99801	-134.42035029865738	58.28810995791193	
2723 JOHN STREET	99801	-134.42040565104855	58.28813967000242	
2729 JOHN STREET	99801	-134.42056597607225	58.288231092026145	
2731 JOHN STREET	99801	-134.4205997913545	58.28825721721546	
2737 JOHN STREET	99801	-134.42071914242146	58.28833244312835	
2702 ROGER STREET	99801	-134.41882703890485	58.28807643704557	
2700 ROGER STREET	99801	-134.418790979631	58.28805622789866	
2703 DAVID STREET	99801	-134.41896472818004	58.287972819124434	
2701 DAVID STREET	99801	-134.41891631707105	58.2879366471968	
2706 ROGER STREET	99801	-134.41892468218296	58.2881263908642	
2704 ROGER STREET	99801	-134.41886980859383	58.288099817934665	
2707 DAVID STREET	99801	-134.4190451372794	58.28801890814046	
2705 DAVID STREET	99801	-134.41901618188285	58.287994985113095	
2710 ROGER STREET	99801	-134.4190136387523	58.288195027078864	
2708 ROGER STREET	99801	-134.41895535875162	58.288167415839524	
2711 DAVID STREET	99801	-134.41913262061166	58.28807724497677	
2709 DAVID STREET	99801	-134.4191020419594	58.288051878949965	
2712 ROGER STREET	99801	-134.41905580477342	58.288221184876356	
2753 DAVID STREET	99801	-134.42001587564005	58.288666569929326	
2717 DAVID STREET	99801	-134.41927267155774	58.28817670914835	
2713 DAVID STREET	99801	-134.41919827578084	58.28810873491956	
2715 DAVID STREET	99801	-134.419225543243	58.28814243519038	
2714 ROGER STREET	99801	-134.41918579189334	58.28831302080465	
2716 ROGER STREET	99801	-134.41924098887594	58.2883428701334	
2723 DAVID STREET	99801	-134.4194362152451	58.28827698002278	
2719 DAVID STREET	99801	-134.41932290265345	58.28820745104346	
2718 ROGER STREET	99801	-134.4192872467232	58.288362232944195	
2720 ROGER STREET	99801	-134.41934272308188	58.28843657799315	
2731 DAVID STREET	99801	-134.41949513843952	58.28832560999609	
2721 DAVID STREET	99801	-134.41937285976306	58.28824021816086	
2730 ROGER STREET	99801	-134.41938887313128	58.28845975607354	
2732 ROGER STREET	99801	-134.41944087839974	58.288485733769996	
2735 DAVID STREET	99801	-134.41958336378022	58.288377852188695	
2733 DAVID STREET	99801	-134.41953256225426	58.288354209887444	
2736 ROGER STREET	99801	-134.41952256310685	58.28855834892095	
2734 ROGER STREET	99801	-134.41949271298827	58.28850845993	
2739 DAVID STREET	99801	-134.41966945382546	58.28844063696788	
2738 ROGER STREET	99801	-134.41956654102987	58.2885801410395	
2742 ROGER STREET	99801	-134.41967468830862	58.28862765622581	
2740 ROGER STREET	99801	-134.41961975902396	58.28860809712864	
2743 DAVID STREET	99801	-134.41975665867997	58.28849866098995	
2741 DAVID STREET	99801	-134.4197103738833	58.288477220132776	
2744 ROGER STREET	99801	-134.4197045914278	58.28867378499772	
2747 DAVID STREET	99801	-134.41983742530886	58.28855507993675	
2745 DAVID STREET	99801	-134.41980644960123	58.28852595512989	
2748 ROGER STREET	99801	-134.41980863071075	58.28872906993836	
2746 ROGER STREET	99801	-134.41976030584001	58.288701194217026	
2751 DAVID STREET	99801	-134.41993376423318	58.288619169065434	
2749 DAVID STREET	99801	-134.41988283694312	58.28858595277249	
2666 DOUGLAS HIGHWAY	99801	-134.41922760397824	58.289192208839694	
2664 DOUGLAS HIGHWAY	99801	-134.41908822497203	58.289148502102755	
2662 DOUGLAS HIGHWAY	99801	-134.41899875187138	58.28908673802592	
2660 DOUGLAS HIGHWAY	99801	-134.41885854641512	58.289048225197405	
2658 DOUGLAS HIGHWAY	99801	-134.41873260081564	58.28896223778928	
2648 DOUGLAS HIGHWAY	99801	-134.41839084485065	58.288799828889005	
2654 DOUGLAS HIGHWAY	99801	-134.41862856961754	58.28891160897809	
2646 DOUGLAS HIGHWAY	99801	-134.4182560014383	58.28875571416835	
2652 DOUGLAS HIGHWAY	99801	-134.41847833267448	58.28887400208709	
2642 DOUGLAS HIGHWAY	99801	-134.41819792355855	58.288664887987125	
3410 FOSTER AVENUE	99801	-134.4357529418763	58.296024532091586	
3320 DOUGLAS HIGHWAY	99801	-134.43099991977542	58.296020433858544	
3371 DOUGLAS HIGHWAY	99801	-134.43237298121247	58.29600965787807	
3351 DOUGLAS HIGHWAY	99801	-134.432271573095	58.29584554022471	
3340 NOWELL AVENUE	99801	-134.4330154347441	58.29574847507464	
3321 DOUGLAS HIGHWAY	99801	-134.43207490672646	58.295730105817356	
3330 NOWELL AVENUE	99801	-134.43276746918298	58.295601509891	
3310 DOUGLAS HIGHWAY	99801	-134.43064303168944	58.2956403899633	
3311 DOUGLAS HIGHWAY	99801	-134.43186186766357	58.295636668891646	
3333 NOWELL AVENUE	99801	-134.43356118733033	58.29544399596867	
3320 NOWELL AVENUE	99801	-134.4326429932273	58.29547538305038	
3294 DOUGLAS HIGHWAY	99801	-134.43045483823067	58.295498643860675	
3333 NOWELL AVENUE	99801	-134.43362671404046	58.29542257584147	
155 CORDOVA STREET	99801	-134.43276172715167	58.295282967961356	
102 CORDOVA STREET	99801	-134.431508627636	58.29526925291951	
3290 DOUGLAS HIGHWAY	99801	-134.43045155758327	58.29525267881948	
3280 DOUGLAS HIGHWAY	99801	-134.4299512139363	58.29509558918306	
3310 NOWELL AVENUE	99801	-134.43234334579122	58.29502849408067	
201 CORDOVA STREET	99801	-134.43329947215548	58.295110600218884	
3291 DOUGLAS HIGHWAY	99801	-134.43123984002486	58.295035323086545	
3300 NOWELL AVENUE	99801	-134.43217642533673	58.29488948091773	
3281 DOUGLAS HIGHWAY	99801	-134.43100932783136	58.29493354314467	
3260 DOUGLAS HIGHWAY	99801	-134.4297155786508	58.294883725928244	
3290 NOWELL AVENUE	99801	-134.43195927378648	58.29476317685934	
3311 NOWELL AVENUE	99801	-134.43286988341356	58.29483105097104	
3271 DOUGLAS HIGHWAY	99801	-134.43081143256757	58.294786153928214	
3280 NOWELL AVENUE	99801	-134.4317991095612	58.29463605512652	
3242 DOUGLAS HIGHWAY	99801	-134.42955014490803	58.29471543904642	
3301 NOWELL AVENUE	99801	-134.43266833200653	58.294649069801594	
210 CORDOVA STREET	99801	-134.43336896672417	58.29460164295609	
3251 DOUGLAS HIGHWAY	99801	-134.4307237210632	58.29467553395094	
301 CORDOVA STREET	99801	-134.43484512600975	58.29449591018459	
3270 NOWELL AVENUE	99801	-134.43158636784065	58.29444036986637	
3291 NOWELL AVENUE	99801	-134.43247836886667	58.29451131285593	
3310 FOSTER AVENUE	99801	-134.43330005875535	58.29445163496186	
3220 DOUGLAS HIGHWAY	99801	-134.4292252296597	58.29447915207049	
3321 FOSTER AVENUE	99801	-134.43400389776363	58.2944036550064	
3260 NOWELL AVENUE	99801	-134.4314263796852	58.294264586984475	
3241 DOUGLAS HIGHWAY	99801	-134.43031935072628	58.29437411907853	
3281 NOWELL AVENUE	99801	-134.43229735025207	58.29435393618819	
3300 FOSTER AVENUE	99801	-134.43308187683746	58.29430041582838	
3311 FOSTER AVENUE	99801	-134.4338420015865	58.29422212392685	
3200 DOUGLAS HIGHWAY	99801	-134.4288539820039	58.294198859917074	
3308 PIONEER AVENUE	99801	-134.43471890103424	58.294118821899815	
3231 DOUGLAS HIGHWAY	99801	-134.43021515513647	58.29422642301749	
3271 NOWELL AVENUE	99801	-134.43212217966996	58.29422631490288	
3240 NOWELL AVENUE	99801	-134.4311420116938	58.29412155404463	
3301 FOSTER AVENUE	99801	-134.4336447620928	58.294052849060044	
3221 DOUGLAS HIGHWAY	99801	-134.42984502139163	58.294135166137494	
3304 PIONEER AVENUE	99801	-134.43453024224814	58.29395092796181	
3261 NOWELL AVENUE	99801	-134.43187825922257	58.29407162284902	
3280 FOSTER AVENUE	99801	-134.43274704059507	58.293992601017024	
3315 PIONEER AVENUE	99801	-134.43517941068654	58.293991204960086	
3230 NOWELL AVENUE	99801	-134.43091316587515	58.293938664173055	
3190 DOUGLAS HIGHWAY	99801	-134.42854746515084	58.29400589306265	
3291 FOSTER AVENUE	99801	-134.4334382645618	58.29390308707534	
3294 PIONEER AVENUE	99801	-134.43428179159673	58.293848330020346	
3270 FOSTER AVENUE	99801	-134.4325409158649	58.29387115377166	
3251 NOWELL AVENUE	99801	-134.4315850482155	58.29388187516513	
3220 NOWELL AVENUE	99801	-134.4306877444344	58.29377809577373	
3180 DOUGLAS HIGHWAY	99801	-134.4282200301281	58.293833910017355	
3281 FOSTER AVENUE	99801	-134.43325774002062	58.2937469139765	
3260 FOSTER AVENUE	99801	-134.43238981923415	58.29372912580788	
3241 NOWELL AVENUE	99801	-134.43147520581581	58.29378058621828	
3284 PIONEER AVENUE	99801	-134.43408349478602	58.29363829208524	
3201 DOUGLAS HIGHWAY	99801	-134.42957379126128	58.29379424707082	
3210 NOWELL AVENUE	99801	-134.43035509738638	58.2936311049397	
3271 FOSTER AVENUE	99801	-134.43299253758582	58.29358667283401	
3250 FOSTER AVENUE	99801	-134.43223458226822	58.29358401996489	
3140 DOUGLAS HIGHWAY	99801	-134.42768941595105	58.29349845385148	
3231 NOWELL AVENUE	99801	-134.4312641367584	58.293630239063965	
3274 PIONEER AVENUE	99801	-134.43376121429634	58.29347110500159	
3181 DOUGLAS HIGHWAY	99801	-134.42913402999707	58.29345456782966	
3200 NOWELL AVENUE	99801	-134.4301721806316	58.29339119186881	
3240 FOSTER AVENUE	99801	-134.43204806057417	58.29340923421169	
3261 FOSTER AVENUE	99801	-134.43275632917513	58.29343052100118	
3221 NOWELL AVENUE	99801	-134.43099480656483	58.293513966962195	
3264 PIONEER AVENUE	99801	-134.43359487056026	58.29329810711403	
3261 PIONEER AVENUE	99801	-134.43427672420023	58.29325107599107	
3170 NOWELL AVENUE	99801	-134.42961754640214	58.29313456799479	
3130 DOUGLAS HIGHWAY	99801	-134.42752777489542	58.293379849951165	
3251 FOSTER AVENUE	99801	-134.43256917596548	58.29321234909692	
3211 NOWELL AVENUE	99801	-134.43075598226	58.29334638506446	
3220 FOSTER AVENUE	99801	-134.43169273555682	58.29327982298455	
3120 DOUGLAS HIGHWAY	99801	-134.42725400073618	58.29322138896418	
3141 DOUGLAS HIGHWAY	99801	-134.4286530082136	58.29317211795327	
3251 PIONEER AVENUE	99801	-134.43403599636534	58.293060008077106	
3201 NOWELL AVENUE	99801	-134.43058928009611	58.293146691839354	
3241 FOSTER AVENUE	99801	-134.4323168526769	58.29305292185038	
3210 FOSTER AVENUE	99801	-134.43151532098318	58.29309142418444	
3131 DOUGLAS HIGHWAY	99801	-134.42843927385465	58.29300882281654	
3110 DOUGLAS HIGHWAY	99801	-134.42711190702119	58.29307115085764	
3160 NOWELL AVENUE	99801	-134.42941114229595	58.29291013282861	
3241 PIONEER AVENUE	99801	-134.43379380966644	58.29288655209874	
3090 DOUGLAS HIGHWAY	99801	-134.42645654020734	58.292907749025034	
3200 FOSTER AVENUE	99801	-134.43112269522024	58.292885986954204	
3121 DOUGLAS HIGHWAY	99801	-134.4281249677098	58.292917788949254	
3236 PIONEER AVENUE	99801	-134.43298806397573	58.29288895478911	
3181 NOWELL AVENUE	99801	-134.4302472357719	58.292846998098	
3150 NOWELL AVENUE	99801	-134.4290995652329	58.29279700089399	
3117 DOUGLAS HIGHWAY	99801	-134.4279015504104	58.29282328418404	
3221 FOSTER AVENUE	99801	-134.4318312009764	58.292697251785164	
3224 PIONEER AVENUE	99801	-134.43253751214831	58.29268727600894	
3190 FOSTER AVENUE	99801	-134.4308642193703	58.292700893846906	
3140 NOWELL AVENUE	99801	-134.42894486815447	58.292679701046	
3171 NOWELL AVENUE	99801	-134.429982087236	58.292675528772286	
3070 DOUGLAS HIGHWAY	99801	-134.42600997510317	58.292706977798346	
3221 PIONEER AVENUE	99801	-134.43328729279685	58.29252609806712	
2010 FAIRBANKS STREET	99801	-134.43067656130742	58.292608830871536	
3120 NOWELL AVENUE	99801	-134.42856050779045	58.29253482508164	
3111 DOUGLAS HIGHWAY	99801	-134.4274607587786	58.29258684812847	
3099 DOUGLAS HIGHWAY	99801	-134.42732585697576	58.292468455052834	
3211 PIONEER AVENUE	99801	-134.4330369161575	58.29237262520474	
3200 PIONEER AVENUE	99801	-134.43218758690415	58.292312116040165	
3090 NOWELL AVENUE	99801	-134.42784302067813	58.29229130119223	
3199 PIONEER AVENUE	99801	-134.43280909172336	58.292178189942646	
3121 NOWELL AVENUE	99801	-134.42916197299232	58.292343316098446	
3030 DOUGLAS HIGHWAY	99801	-134.4253022257285	58.292412870004874	
3194 PIONEER AVENUE	99801	-134.431977313754	58.29214013609636	
3030 FOSTER AVENUE	99801	-134.43028471528217	58.292292921111525	
3065 DOUGLAS HIGHWAY	99801	-134.42690684859127	58.29219676595361	
3018 FOSTER AVENUE	99801	-134.42992071433582	58.292140103990576	
3192 PIONEER AVENUE	99801	-134.43175290381626	58.29198852984261	
3101 NOWELL AVENUE	99801	-134.4290508585782	58.292138378776144	
3051 DOUGLAS HIGHWAY	99801	-134.42665832607466	58.29212330321239	
3195 PIONEER AVENUE	99801	-134.43269338242652	58.291910773907915	
3010 DOUGLAS HIGHWAY	99801	-134.42465884333885	58.29204318779134	
3020 DOUGLAS HIGHWAY	99801	-134.4251058998215	58.292037417230404	
3188 PIONEER AVENUE	99801	-134.43142345926222	58.291851383888705	
3041 DOUGLAS HIGHWAY	99801	-134.42633645342016	58.292077556179045	
3099 NOWELL AVENUE	99801	-134.42871852863547	58.29197013597089	
3044 NOWELL AVENUE	99801	-134.42738809405526	58.29193402100787	
3189 PIONEER AVENUE	99801	-134.43237381484906	58.29186051711668	
3010 DOUGLAS HIGHWAY	99801	-134.42449701543367	58.292177958120185	
2990 DOUGLAS HIGHWAY	99801	-134.42431387410008	58.291942788772985	
3031 DOUGLAS HIGHWAY	99801	-134.42608777010508	58.291926858067946	
3010 FOSTER AVENUE	99801	-134.42933767537704	58.29184252922572	
3184 PIONEER AVENUE	99801	-134.43118582612345	58.29173798180577	
3095 NOWELL AVENUE	99801	-134.42832031265655	58.291872132894625	
3042 NOWELL AVENUE	99801	-134.427120311659	58.29176220920076	
3185 PIONEER AVENUE	99801	-134.43207829517172	58.29174044689781	
3006 FOSTER AVENUE	99801	-134.42905376911972	58.29170688083754	
3015 FOSTER AVENUE	99801	-134.43017518729286	58.29173062193982	
3180 PIONEER AVENUE	99801	-134.43087393285344	58.29158127884304	
2970 DOUGLAS HIGHWAY	99801	-134.42416018762634	58.291606446870425	
3038 NOWELL AVENUE	99801	-134.42676253963077	58.29155690920652	
3002 FOSTER AVENUE	99801	-134.4287490803383	58.291571139860025	
3011 FOSTER AVENUE	99801	-134.42985559456253	58.291603689035306	
3176 PIONEER AVENUE	99801	-134.4306115430438	58.29143215513974	
3001 DOUGLAS HIGHWAY	99801	-134.42533694471592	58.29164441299831	
2950 DOUGLAS HIGHWAY	99801	-134.42393026562598	58.29146313595029	
3028 NOWELL AVENUE	99801	-134.42646713314116	58.29149667107958	
3007 FOSTER AVENUE	99801	-134.42958419644722	58.29145936108614	
3177 PIONEER AVENUE	99801	-134.43137667230727	58.29136918302699	
3172 PIONEER AVENUE	99801	-134.4303274328689	58.29134050908225	
2991 DOUGLAS HIGHWAY	99801	-134.42513329843763	58.29152200394829	
2940 DOUGLAS HIGHWAY	99801	-134.4231317055592	58.291428444012986	
3035 NOWELL AVENUE	99801	-134.4272480242446	58.29139262595439	
3003 FOSTER AVENUE	99801	-134.42936257667674	58.29128538119812	
3175 PIONEER AVENUE	99801	-134.43101261207207	58.2912560740245	
2981 DOUGLAS HIGHWAY	99801	-134.42490538327365	58.291402151188464	
2994 FOSTER AVENUE	99801	-134.42813262584758	58.2912094212186	
3168 PIONEER AVENUE	99801	-134.43006635370122	58.291163576211964	
2971 DOUGLAS HIGHWAY	99801	-134.4246364860681	58.29128300908901	
2999 FOSTER AVENUE	99801	-134.42902277814073	58.29118065790678	
3027 NOWELL AVENUE	99801	-134.4270940000043	58.291192396196436	
3171 PIONEER AVENUE	99801	-134.43085020385521	58.29111179895618	
3164 PIONEER AVENUE	99801	-134.42980079912684	58.29097612179903	
2940 NOWELL AVENUE	99801	-134.4255547664094	58.29103087999224	
2995 FOSTER AVENUE	99801	-134.42873944411022	58.291036932123916	
2986 FOSTER AVENUE	99801	-134.42771996495892	58.290977280950784	
2960 NOWELL AVENUE	99801	-134.4251493180941	58.29077047823314	
3167 PIONEER AVENUE	99801	-134.43060077493848	58.290925391992694	
2936 DOUGLAS HIGHWAY	99801	-134.42289891883144	58.291310921021974	
2910 DOUGLAS HIGHWAY	99801	-134.42271306997557	58.29092602421529	
2982 FOSTER AVENUE	99801	-134.42733401637346	58.29078984207699	
2991 FOSTER AVENUE	99801	-134.4284518403872	58.290893506051624	
3156 PIONEER AVENUE	99801	-134.42924527197198	58.29076101279371	
3163 PIONEER AVENUE	99801	-134.4303101591643	58.29074179577668	
2985 FOSTER AVENUE	99801	-134.42822425670153	58.290764800008525	
2967 NOWELL AVENUE	99801	-134.42608398909607	58.29073734092121	
3152 PIONEER AVENUE	99801	-134.42899301156547	58.290586802834305	
3159 PIONEER AVENUE	99801	-134.43004237317473	58.290629782079165	
2974 FOSTER AVENUE	99801	-134.42690577690112	58.29056706209167	
2981 FOSTER AVENUE	99801	-134.4279112468256	58.29061951297841	
3155 PIONEER AVENUE	99801	-134.42982924607693	58.29054654604257	
3148 PIONEER AVENUE	99801	-134.42875263407356	58.29040188184959	
3153 PIONEER AVENUE	99801	-134.42950817471964	58.29038738017408	
2850 PETERS LANE	99801	-134.42376773972984	58.29031304016621	
2977 FOSTER AVENUE	99801	-134.4276494283445	58.290451932958455	
2850 DOUGLAS HIGHWAY	99801	-134.42139520911442	58.2902958310393	
3144 PIONEER AVENUE	99801	-134.42838985034436	58.29033055619402	
3009 GOODWIN ROAD	99801	-134.43226988695722	58.290061385776	
2973 FOSTER AVENUE	99801	-134.4274992192492	58.290201850937166	
3151 PIONEER AVENUE	99801	-134.42921122222944	58.29025335094405	
3140 PIONEER AVENUE	99801	-134.42818589774058	58.2901255840823	
2800 DOUGLAS HIGHWAY	99801	-134.42060896225524	58.28975798388532	
2969 FOSTER AVENUE	99801	-134.4271443757288	58.29013499208679	
3145 PIONEER AVENUE	99801	-134.42831859058612	58.29016911585428	
3136 PIONEER AVENUE	99801	-134.42786894066728	58.28999777520821	
3005 GOODWIN ROAD	99801	-134.4313959878825	58.28972073013696	
2810 JOHN STREET	99801	-134.42235155287094	58.29003671998557	
3141 PIONEER AVENUE	99801	-134.4288415151844	58.28991799777462	
3132 PIONEER AVENUE	99801	-134.4276176728992	58.28984890216923	
3013 BLUEBERRY HILLS ROAD	99801	-134.43317905299165	58.28940136184895	
2760 DOUGLAS HIGHWAY	99801	-134.4197132727467	58.289346855168645	
3133 PIONEER AVENUE	99801	-134.42862210526948	58.28965093390771	
3004 BLUEBERRY HILLS ROAD	99801	-134.43162913124146	58.28947114487707	
2770 DAVID STREET	99801	-134.42146420062653	58.28960368120911	
2806 JOHN STREET	99801	-134.42214963135802	58.28972138504553	
2816 PETERS LANE	99801	-134.42298075265887	58.28976362591388	
2814 PETERS LANE	99801	-134.4228838774403	58.28972493203388	
3000 BLUEBERRY HILLS ROAD	99801	-134.43055614214362	58.28927516380702	
2812 PETERS LANE	99801	-134.42277728604364	58.289685294230146	
3009 BLUEBERRY HILLS ROAD	99801	-134.43254667586254	58.289124342802154	
2810 PETERS LANE	99801	-134.42269453503633	58.289651367838594	
2808 PETERS LANE	99801	-134.42260699511021	58.28961396099247	
2806 PETERS LANE	99801	-134.42252517206254	58.289570778894145	
2800 PETERS LANE	99801	-134.42234060510256	58.289478154855566	
2800 PETERS LANE	99801	-134.42225461027874	58.28944462206365	
2800 PETERS LANE	99801	-134.42240220976814	58.28950190123004	
2918 BLUEBERRY HILLS ROAD	99801	-134.42863449483391	58.28900964716534	
2800 PETERS LANE	99801	-134.42220177676361	58.28941739520936	
2961 SIMPSON AVENUE	99801	-134.42373492606913	58.289377659792066	
2768 DAVID STREET	99801	-134.42092817230326	58.28914857198597	
2616 DOUGLAS HIGHWAY	99801	-134.41798512075258	58.28886477978944	
2959 SIMPSON AVENUE	99801	-134.42362854128496	58.28932396994947	
2957 SIMPSON AVENUE	99801	-134.42354779621567	58.289275561856655	
2953 SIMPSON AVENUE	99801	-134.4234063573725	58.28920024398333	
2811 PETERS LANE	99801	-134.42272735678185	58.289176478047	
2767 DAVID STREET	99801	-134.42048412427854	58.28916406386611	
2951 SIMPSON AVENUE	99801	-134.42332050807576	58.289150617959024	
2966 SIMPSON AVENUE	99801	-134.42418945922986	58.28912095204667	
2949 SIMPSON AVENUE	99801	-134.42324456809487	58.2890969697965	
2809 PETERS LANE	99801	-134.42241867139572	58.28908474776697	
2964 SIMPSON AVENUE	99801	-134.4240838793362	58.28905744083663	
2945 SIMPSON AVENUE	99801	-134.4231201954455	58.289030666038386	
2921 BLUEBERRY HILLS ROAD	99801	-134.43026848182672	58.288802949111215	
2807 PETERS LANE	99801	-134.42234392168263	58.28905747200085	
2640 DOUGLAS HIGHWAY	99801	-134.41807383298016	58.288592172005735	
2943 SIMPSON AVENUE	99801	-134.42303708870529	58.28897369916899	
2956 SIMPSON AVENUE	99801	-134.4238378379664	58.28892207689278	
2805 PETERS LANE	99801	-134.42226679412894	58.28902458192726	
2803 PETERS LANE	99801	-134.4222050322582	58.28899888982652	
2941 SIMPSON AVENUE	99801	-134.42294288866967	58.288928200213036	
2751 JOHN STREET	99801	-134.42104848097432	58.288778459042604	
2764 JOHN STREET	99801	-134.42206116616714	58.28893862515386	
2958 SIMPSON AVENUE	99801	-134.42392684214644	58.28897654220253	
2937 SIMPSON AVENUE	99801	-134.42284485731932	58.28887364605761	
2917 BLUEBERRY HILLS ROAD	99801	-134.42921303502968	58.28859829491084	
2962 JOHN STREET	99801	-134.4219764119167	58.288886328070625	
2935 SIMPSON AVENUE	99801	-134.42276238658633	58.28882774797401	
2950 SIMPSON AVENUE	99801	-134.42364228730546	58.28881365409664	
2925 JACKSON ROAD	99801	-134.43105322490607	58.288451397781664	
2933 SIMPSON AVENUE	99801	-134.42267781379562	58.28878015420068	
2760 JOHN STREET	99801	-134.42197293992814	58.28881113308254	
2929 SIMPSON AVENUE	99801	-134.4225809466619	58.28871142609907	
2948 SIMPSON AVENUE	99801	-134.4235429012957	58.28875789379361	
2927 SIMPSON AVENUE	99801	-134.42248056262386	58.28864609008187	
2942 SIMPSON AVENUE	99801	-134.42336830204212	58.28865369707263	
2737 DAVID STREET	99801	-134.41963518758894	58.2884121929703	
2906 BLUEBERRY HILLS ROAD	99801	-134.4272557120268	58.288218447081924	
2925 SIMPSON AVENUE	99801	-134.42241769672364	58.28861312218673	
2921 SIMPSON AVENUE	99801	-134.42229850915004	58.28854443814687	
2940 SIMPSON AVENUE	99801	-134.4232685387399	58.2885924690141	
2919 SIMPSON AVENUE	99801	-134.42219627368416	58.28848595806159	
2917 SIMPSON AVENUE	99801	-134.42213626173165	58.288450612996485	
2934 SIMPSON AVENUE	99801	-134.42309041988707	58.28849573197895	
2916 JACKSON ROAD	99801	-134.42951876495854	58.28821252479459	
2715 JOHN STREET	99801	-134.42020243057172	58.2880157052143	
2913 SIMPSON AVENUE	99801	-134.42201926065744	58.288373236017506	
2932 SIMPSON AVENUE	99801	-134.42299131325336	58.28843903623221	
2911 SIMPSON AVENUE	99801	-134.42192775916092	58.288325372009844	
2909 SIMPSON AVENUE	99801	-134.4218559460405	58.28828619019649	
2926 SIMPSON AVENUE	99801	-134.42279041671816	58.288334040091286	
2905 SIMPSON AVENUE	99801	-134.42174432497654	58.288205185916716	
2924 SIMPSON AVENUE	99801	-134.42270761630348	58.28827874178448	
2909 BLUEBERRY HILLS ROAD	99801	-134.42809228699977	58.28797729604896	
2903 SIMPSON AVENUE	99801	-134.42155829466097	58.28815852578461	
2917 JACKSON ROAD	99801	-134.43032967236888	58.28786792123526	
2901 SIMPSON AVENUE	99801	-134.4214910629485	58.28813135602152	
2912 JACKSON ROAD	99801	-134.42902674330438	58.28793349101106	
2918 SIMPSON AVENUE	99801	-134.42252189321172	58.28817599707542	
2631 DOUGLAS HIGHWAY	99801	-134.418331003578	58.288120078998396	
2916 SIMPSON AVENUE	99801	-134.42241446997514	58.28811622208757	
2910 SIMPSON AVENUE	99801	-134.42223950061566	58.28801229121488	
2621 DOUGLAS HIGHWAY	99801	-134.4182140833522	58.28805572406284	
2913 JACKSON ROAD	99801	-134.42958851195385	58.28767050192931	
2908 SIMPSON AVENUE	99801	-134.42213633269856	58.287951937977915	
2908 JACKSON ROAD	99801	-134.42852332562254	58.28766587102757	
2611 DOUGLAS HIGHWAY	99801	-134.41810367860714	58.28797061206325	
2904 SIMPSON AVENUE	99801	-134.4219641732693	58.28787421378574	
2902 SIMPSON AVENUE	99801	-134.421882032218	58.28782855900682	
2605 DOUGLAS HIGHWAY	99801	-134.4179295680371	58.28781530902839	
2900 SIMPSON AVENUE	99801	-134.42179171380272	58.28777891217156	
2892 SIMPSON AVENUE	99801	-134.42150888103214	58.287802744210026	
2890 SIMPSON AVENUE	99801	-134.42144184784735	58.28776786688754	
2888 SIMPSON AVENUE	99801	-134.42137766771188	58.28773870601782	
2886 SIMPSON AVENUE	99801	-134.42132367087845	58.28770908614266	
2634 JOHN STREET	99801	-134.42044866058774	58.28768272208607	
2698 DAVID STREET	99801	-134.41996503189327	58.28758561707853	
2632 JOHN STREET	99801	-134.4203710048247	58.28764515213821	
2695 DAVID STREET	99801	-134.41913091471093	58.28756218721271	
2630 JOHN STREET	99801	-134.42033570732224	58.28759489306852	
2628 JOHN STREET	99801	-134.42028336338893	58.287525229115374	
2626 JOHN STREET	99801	-134.4202512944316	58.28748275891724	
2603 DOUGLAS HIGHWAY	99801	-134.41784514885828	58.28751999991005	
2624 JOHN STREET	99801	-134.4202148587637	58.28743677403315	
2570 DOUGLAS HIGHWAY	99801	-134.41576701861933	58.28745660907386	
3040 DOUGLAS HIGHWAY	99801	-134.42560054365796	58.29257726702872	
3407 FOSTER AVENUE	99801	-134.43625018992878	58.295751398764594	
3025 BLUEBERRY HILLS ROAD	99801	-134.43458048771694	58.29082298406141	
3031 BLUEBERRY HILLS ROAD	99801	-134.43500298336136	58.2915977710915	
2627 JOHN STREET	99801	-134.42109724062962	58.28753366695648	
2629 JOHN STREET	99801	-134.42116590066342	58.28759847521304	
2631 JOHN STREET	99801	-134.42125021384103	58.28764832393242	
2625 JOHN STREET	99801	-134.42104580040152	58.287433834073546	
211 CORDOVA STREET	99801	-134.43436428209267	58.294968607915486	
3142 DOUGLAS HIGHWAY	99801	-134.42784901423767	58.29354610596261	
3152 NOWELL AVENUE	99801	-134.42927698160318	58.29283817106788	
3008 GOODWIN ROAD	99801	-134.43092584469707	58.290185760799446	
3004 GOODWIN ROAD	99801	-134.43032933011077	58.2898445520242	
3006 BLUEBERRY HILLS ROAD	99801	-134.43182710915028	58.28952789893768	
3001 BLUEBERRY HILLS ROAD	99801	-134.43154433566852	58.28883077092297	
3005 BLUEBERRY HILLS ROAD	99801	-134.43214936628374	58.2889554458588	
3147 PIONEER AVENUE	99801	-134.4291155390753	58.2901000570962	
2910 BLUEBERRY HILLS ROAD	99801	-134.4279203207083	58.28845196488576	
2913 BLUEBERRY HILLS ROAD	99801	-134.428766679233	58.28825327721309	
2920 JACKSON ROAD	99801	-134.43005107425657	58.28847315880128	
2915 JACKSON ROAD	99801	-134.42974674390294	58.28776842219756	
3409 FOSTER AVENUE	99801	-134.43638150116544	58.295811868059005	
3405 FOSTER AVENUE	99801	-134.4354055453896	58.29509111599136	
3311 PIONEER AVENUE	99801	-134.434940473194	58.293788419196446	
3301 PIONEER AVENUE	99801	-134.43467619692225	58.293637341227324	
3281 PIONEER AVENUE	99801	-134.4343890693063	58.293468438904256	
3240 DOUGLAS HIGHWAY	99801	-134.42955011616198	58.29460593916795	
3249 DOUGLAS HIGHWAY	99801	-134.43052052843416	58.294536570861915	
3234 PIONEER AVENUE	99801	-134.43275568328644	58.29278019004067	
2008 FAIRBANKS STREET	99801	-134.43045909534683	58.292559518876175	
3110 NOWELL AVENUE	99801	-134.4284276550448	58.29236004217387	
3007 NOWELL AVENUE	99801	-134.42663414702045	58.29109645288089	
3050 DOUGLAS HIGHWAY	99801	-134.42572908988015	58.292579563036874	
3179 PIONEER AVENUE	99801	-134.43168886471628	58.291444206855765	
2970 FOSTER AVENUE	99801	-134.42658862040187	58.29046223988116	
3022 DOUGLAS HIGHWAY	99801	-134.42517765365312	58.29205067790442	
2999 BLUEBERRY HILLS ROAD	99801	-134.4313038458872	58.28882674693491	
3000 GOODWIN ROAD	99801	-134.42977818763282	58.28945094596996	
2740 DOUGLAS HIGHWAY	99801	-134.4196452523134	58.28990098582438	
2762 DOUGLAS HIGHWAY	99801	-134.41910564061044	58.289619642234705	
2697 DAVID STREET	99801	-134.41908555517898	58.28750829015168	
2699 DAVID STREET	99801	-134.4190498022307	58.28746181798365	
2806 JOHN STREET	99801	-134.42217760040438	58.28982683602592	
2806 JOHN STREET	99801	-134.42224463808077	58.289718778159994	
2806 JOHN STREET	99801	-134.42225713903628	58.28981907394167	
2812 JOHN STREET	99801	-134.4223157972277	58.2899720219591	
2750 ROGER STREET	99801	-134.41985751523188	58.288749012858574	
2922 JACKSON ROAD	99801	-134.43002708025534	58.28857098996624	
3010 BLUEBERRY HILLS ROAD	99801	-134.43233880480747	58.28981733492101	
301 CORDOVA STREET	99801	-134.43496330926683	58.29444574818155	
301 CORDOVA STREET	99801	-134.43466799620202	58.2945670258557	
301 CORDOVA STREET	99801	-134.4345390080087	58.29461732979223	
3405 FOSTER AVENUE	99801	-134.43534494234564	58.29504069517393	
3405 FOSTER AVENUE	99801	-134.43550852376222	58.29518249315357	
3405 FOSTER AVENUE	99801	-134.43554003486577	58.295210029994465	
3405 FOSTER AVENUE	99801	-134.43555730318047	58.29522759694682	
3405 FOSTER AVENUE	99801	-134.43569274217586	58.29532837707627	
3405 FOSTER AVENUE	99801	-134.43573682071022	58.29535990919557	
3407 FOSTER AVENUE	99801	-134.43618722701052	58.29570245513372	
3407 FOSTER AVENUE	99801	-134.43614747296596	58.295656588092406	
3407 FOSTER AVENUE	99801	-134.4360824484141	58.2956080182319	
3407 FOSTER AVENUE	99801	-134.43601379017693	58.29556854894533	
3407 FOSTER AVENUE	99801	-134.43591325522192	58.2954736712173	
3407 FOSTER AVENUE	99801	-134.43595002596143	58.2955222422064	
3409 FOSTER AVENUE	99801	-134.4364283006968	58.29584471783581	
3409 FOSTER AVENUE	99801	-134.43645906440204	58.29590664621281	
3409 FOSTER AVENUE	99801	-134.43651695902545	58.29595146582729	
3409 FOSTER AVENUE	99801	-134.4365787568288	58.29599970003079	
3409 FOSTER AVENUE	99801	-134.4366239025617	58.29602164996831	
3409 FOSTER AVENUE	99801	-134.43664182125667	58.296036042170755	
3409 FOSTER AVENUE	99801	-134.43676024256735	58.296140056180086	
3409 FOSTER AVENUE	99801	-134.43680450166306	58.296173178992554	
3040 NOWELL AVENUE	99801	-134.42705262090735	58.291727114813035	
3320 NOWELL AVENUE	99801	-134.43249312369517	58.295537073191674	
3320 NOWELL AVENUE	99801	-134.4325869877609	58.295608005957355	
3220 NOWELL AVENUE	99801	-134.4327482506258	58.29554599302426	
3220 NOWELL AVENUE	99801	-134.43257116034394	58.29550759722199	
3220 NOWELL AVENUE	99801	-134.43267056970993	58.29558295691127	
3330 NOWELL AVENUE	99801	-134.43270094174963	58.2956661981008	
3330 NOWELL AVENUE	99801	-134.43291505609594	58.29572250412395	
3330 NOWELL AVENUE	99801	-134.4328568317908	58.29561077103407	
3330 NOWELL AVENUE	99801	-134.43293265229573	58.29566883712307	
3330 NOWELL AVENUE	99801	-134.432774452686	58.29573653576662	
3340 NOWELL AVENUE	99801	-134.43311003991994	58.29581960522444	
3340 NOWELL AVENUE	99801	-134.4329276531712	58.29577494501129	
3340 NOWELL AVENUE	99801	-134.43302895169418	58.29585617415469	
3340 NOWELL AVENUE	99801	-134.43286042056036	58.29579972482723	
3340 NOWELL AVENUE	99801	-134.43295685740105	58.295880028137084	
3333 NOWELL AVENUE	99801	-134.43372768916996	58.29538536487828	
3333 NOWELL AVENUE	99801	-134.43382960303893	58.29532521588425	
3333 NOWELL AVENUE	99801	-134.43391923244639	58.295322263833	
3333 NOWELL AVENUE	99801	-134.43393696608842	58.29537110979261	
3333 NOWELL AVENUE	99801	-134.4339978494068	58.295415931029495	
3333 NOWELL AVENUE	99801	-134.43403877934608	58.29545470697158	
3333 NOWELL AVENUE	99801	-134.4335196779777	58.29541682518757	
3333 NOWELL AVENUE	99801	-134.43359582996095	58.295397160786166	
3333 NOWELL AVENUE	99801	-134.4337077268077	58.29536527698477	
3333 NOWELL AVENUE	99801	-134.4338280318855	58.29529167305157	
3333 NOWELL AVENUE	99801	-134.43391497533025	58.29529391789661	
3333 NOWELL AVENUE	99801	-134.43398509243147	58.29535455084753	
3333 NOWELL AVENUE	99801	-134.43404312539545	58.295400127938386	
3333 NOWELL AVENUE	99801	-134.4340873629316	58.29543794411837	
3333 NOWELL AVENUE	99801	-134.43348246436875	58.29538671178175	
3333 NOWELL AVENUE	99801	-134.43354635255176	58.29536921808404	
3333 NOWELL AVENUE	99801	-134.43366538381846	58.2953395139496	
3333 NOWELL AVENUE	99801	-134.43382593701426	58.29526464992159	
3333 NOWELL AVENUE	99801	-134.4339116282075	58.29526621305256	
3333 NOWELL AVENUE	99801	-134.43404104130397	58.295333275129266	
3333 NOWELL AVENUE	99801	-134.43409571277218	58.2953795972227	
3333 NOWELL AVENUE	99801	-134.43414255901592	58.29541514781498	
3355 NOWELL AVENUE	99801	-134.43357625117937	58.29539016283809	
3119 DOUGLAS HIGHWAY	99801	-134.42799406430828	58.29280037713333	
3051 NOWELL AVENUE	99801	-134.4275864833925	58.29148002816726	
2763 DOUGLAS HIGHWAY	99801	-134.420304214185	58.28908483889864	
2759 DOUGLAS HIGHWAY	99801	-134.42005241641087	58.289031874833306	
3370 DOUGLAS HIGHWAY	99801	-134.43152016290256	58.2960593441566	
3145 PIONEER AVENUE	99801	-134.429056342793	58.2900330351542	
3290 DOUGLAS HIGHWAY	99801	-134.43054514766283	58.295316973934014	
3014 FOSTER AVENUE	99801	-134.42962282580106	58.2919673998828	
3155 PIONEER AVENUE	99801	-134.42990429672568	58.29048986113482	
3012 GOODWIN ROAD	99801	-134.43130259363565	58.290484450111265	
3014 FOSTER AVENUE	99801	-134.42968924813147	58.292010561116165	
3190 FOSTER AVENUE	99801	-134.43082778190572	58.29264770478862	
3075 PIONEER AVENUE	99801	-134.42697488429593	58.28747063596596	
3240 FOSTER AVENUE	99801	-134.431994001757	58.29338036409805	
2616 DOUGLAS HIGHWAY	99801	-134.41807158629362	58.28890662693141	
2616 DOUGLAS HIGHWAY	99801	-134.41822936369516	58.28902247409061	
2616 DOUGLAS HIGHWAY	99801	-134.41815403007715	58.28908806108765	
2616 DOUGLAS HIGHWAY	99801	-134.4183555177038	58.28911344289849	
2616 DOUGLAS HIGHWAY	99801	-134.41828758530536	58.28917624384391	
2616 DOUGLAS HIGHWAY	99801	-134.41854574135508	58.28922838703945	
2616 DOUGLAS HIGHWAY	99801	-134.41846704713956	58.28929252405615	
2616 DOUGLAS HIGHWAY	99801	-134.41872658479818	58.28930836009385	
2616 DOUGLAS HIGHWAY	99801	-134.4186207677493	58.28939016786198	
2616 DOUGLAS HIGHWAY	99801	-134.41887893098556	58.28940716211481	
2616 DOUGLAS HIGHWAY	99801	-134.41879712320926	58.28946735705168	
2919 JACKSON ROAD	99801	-134.43029496775452	58.28793248994666	
3077 PIONEER AVENUE	99801	-134.4270581868689	58.28754809377593	
3108 NOWELL AVENUE	99801	-134.42826674162455	58.292382458010934	
3276 PIONEER AVENUE	99801	-134.4338438296581	58.29355240883487	
3407 FOSTER AVENUE	99801	-134.43584948202326	58.29542583002851	
3405 FOSTER AVENUE	99801	-134.43544207807562	58.2951398909823	
2998 FOSTER AVENUE	99801	-134.42858262970265	58.291404682877584	
3253 NOWELL AVENUE	99801	-134.43165389330224	58.29391871190125	
3555 NOWELL AVENUE	99801	-134.43445930678175	58.2960953718225	
3355 NOWELL AVENUE	99801	-134.43448475785036	58.29610481506356	
3355 NOWELL AVENUE	99801	-134.4345881260918	58.29615615682987	
3355 NOWELL AVENUE	99801	-134.43461647422723	58.29616902790265	
3355 NOWELL AVENUE	99801	-134.43455845294133	58.29588527215876	
3355 NOWELL AVENUE	99801	-134.43453057821804	58.29586687323052	
3355 NOWELL AVENUE	99801	-134.43444449176607	58.29581135489165	
3355 NOWELL AVENUE	99801	-134.4344074299724	58.29579896617016	
3355 NOWELL AVENUE	99801	-134.4343474916817	58.295494537068954	
3355 NOWELL AVENUE	99801	-134.43437534394707	58.295511695042286	
3355 NOWELL AVENUE	99801	-134.43445000472695	58.295568921903005	
3355 NOWELL AVENUE	99801	-134.43446775274202	58.29558506813405	
3355 NOWELL AVENUE	99801	-134.43459896336736	58.29563301580163	
3410 FOSTER AVENUE	99801	-134.43475590443742	58.29609202186251	
3410 FOSTER AVENUE	99801	-134.43471987660462	58.29607740307889	
3410 FOSTER AVENUE	99801	-134.43463471990896	58.29602635814433	
3410 FOSTER AVENUE	99801	-134.4346025251875	58.296009323164526	
3410 FOSTER AVENUE	99801	-134.43486069022035	58.29592590102601	
3410 FOSTER AVENUE	99801	-134.43484581861082	58.295917517115484	
3410 FOSTER AVENUE	99801	-134.43485607737136	58.29584522297708	
3410 FOSTER AVENUE	99801	-134.4347143789151	58.29580374991105	
3410 FOSTER AVENUE	99801	-134.43466815700046	58.29578765995911	
3410 FOSTER AVENUE	99801	-134.4345972763313	58.29574126522489	
3410 FOSTER AVENUE	99801	-134.43456275497323	58.295721449932955	
3410 FOSTER AVENUE	99801	-134.43478984278886	58.29556917589191	
3410 FOSTER AVENUE	99801	-134.43477068891036	58.295556765841226	
3410 FOSTER AVENUE	99801	-134.43465081861717	58.295514629138	
3410 FOSTER AVENUE	99801	-134.43462519776693	58.295494154196426	
3410 FOSTER AVENUE	99801	-134.43454900356286	58.29544410502373	
3410 FOSTER AVENUE	99801	-134.4345205988336	58.295424382097075	
401 CORDOVA STREET	99801	-134.43619029835048	58.29443645415781	
401 CORDOVA STREET	99801	-134.4361429499485	58.29441112904024	
401 CORDOVA STREET	99801	-134.43608459538763	58.29444451218887	
401 CORDOVA STREET	99801	-134.4361376427018	58.29446903280204	
401 CORDOVA STREET	99801	-134.43606942284248	58.29437015803969	
401 CORDOVA STREET	99801	-134.43602298982375	58.29434322107522	
401 CORDOVA STREET	99801	-134.4359612513092	58.294376555188045	
401 CORDOVA STREET	99801	-134.4360096983508	58.29440215179584	
401 CORDOVA STREET	99801	-134.4363277917929	58.29450556677507	
401 CORDOVA STREET	99801	-134.43627270620138	58.29447664892804	
401 CORDOVA STREET	99801	-134.4362168992627	58.29450523204731	
401 CORDOVA STREET	99801	-134.43627087992638	58.29453342706735	
401 CORDOVA STREET	99801	-134.4370519677609	58.29474660299443	
401 CORDOVA STREET	99801	-134.43711626288072	58.29471197989843	
401 CORDOVA STREET	99801	-134.4369824148017	58.29478405918157	
401 CORDOVA STREET	99801	-134.437080115572	58.29476253715153	
401 CORDOVA STREET	99801	-134.4371444079969	58.29472791407109	
401 CORDOVA STREET	99801	-134.43701056171452	58.294799992849704	
401 CORDOVA STREET	99801	-134.43719536672805	58.29482185713546	
401 CORDOVA STREET	99801	-134.43725966184786	58.29478723411306	
401 CORDOVA STREET	99801	-134.43712581376883	58.294859311826634	
401 CORDOVA STREET	99801	-134.43722351543747	58.29483778984235	
401 CORDOVA STREET	99801	-134.43728780876066	58.29480316683552	
401 CORDOVA STREET	99801	-134.43715396068163	58.29487524593299	
401 CORDOVA STREET	99801	-134.4373512630574	58.29490210978802	
401 CORDOVA STREET	99801	-134.4374155581772	58.29486748684414	
401 CORDOVA STREET	99801	-134.43728171009818	58.2949395658106	
401 CORDOVA STREET	99801	-134.4373794108685	58.29491804293092	
401 CORDOVA STREET	99801	-134.4374437041917	58.2948834200026	
401 CORDOVA STREET	99801	-134.4373098579093	58.2949554989366	
401 CORDOVA STREET	99801	-134.43752117310515	58.29499387598146	
401 CORDOVA STREET	99801	-134.4375854673267	58.294959253127324	
401 CORDOVA STREET	99801	-134.43745161924767	58.29503133190692	
401 CORDOVA STREET	99801	-134.43754932001795	58.29500981002725	
401 CORDOVA STREET	99801	-134.43761361334114	58.29497518577239	
401 CORDOVA STREET	99801	-134.43747976705876	58.295047265935814	
401 CORDOVA STREET	99801	-134.43777899138834	58.295123829999014	
401 CORDOVA STREET	99801	-134.43784328560983	58.29508920585571	
401 CORDOVA STREET	99801	-134.43770943842915	58.29516128578692	
401 CORDOVA STREET	99801	-134.43780713919944	58.29513976304208	
401 CORDOVA STREET	99801	-134.43787143431928	58.29510513985858	
401 CORDOVA STREET	99801	-134.43773758624025	58.29517721881315	
401 CORDOVA STREET	99801	-134.4379223930504	58.29519908192166	
401 CORDOVA STREET	99801	-134.43798668817024	58.29516445879616	
401 CORDOVA STREET	99801	-134.43785284009118	58.295236539046265	
401 CORDOVA STREET	99801	-134.43795054086152	58.29521501493085	
401 CORDOVA STREET	99801	-134.43801483598133	58.29518039276513	
401 CORDOVA STREET	99801	-134.4378809879023	58.29525247203858	
401 CORDOVA STREET	99801	-134.43807829297302	58.29527933419103	
401 CORDOVA STREET	99801	-134.43814258719453	58.29524471208821	
401 CORDOVA STREET	99801	-134.4380087400138	58.29531679123066	
401 CORDOVA STREET	99801	-134.4381064407841	58.295295268108276	
401 CORDOVA STREET	99801	-134.43817073500563	58.295260645076894	
401 CORDOVA STREET	99801	-134.43803688782492	58.295332725131075	
401 CORDOVA STREET	99801	-134.43824820571572	58.2953710998785	
401 CORDOVA STREET	99801	-134.43831249993727	58.295336476921264	
401 CORDOVA STREET	99801	-134.43817865275656	58.29540855682105	
401 CORDOVA STREET	99801	-134.43827635442517	58.29538703281025	
401 CORDOVA STREET	99801	-134.43834064685004	58.295352409868634	
401 CORDOVA STREET	99801	-134.43820680056766	58.295424490208035	
3360 NOWELL AVENUE	99801	-134.43385433276038	58.29621198903965	
3360 NOWELL AVENUE	99801	-134.43378645785418	58.29623565016975	
3360 NOWELL AVENUE	99801	-134.43372088892326	58.296261403110826	
3360 NOWELL AVENUE	99801	-134.43365684173844	58.296284196036616	
3360 NOWELL AVENUE	99801	-134.43358689441882	58.296308038872475	
3360 NOWELL AVENUE	99801	-134.433527494219	58.29632842411856	
1220 GLACIER AVENUE	99801	-134.42367336182775	58.303601806915346	
1220 GLACIER AVENUE	99801	-134.4236204187182	58.30371671817059	
1220 GLACIER AVENUE	99801	-134.42353100670303	58.30373181522782	
1220 GLACIER AVENUE	99801	-134.4230783833606	58.303697862179625	
1220 GLACIER AVENUE	99801	-134.4230813774454	58.30374967577551	
1220 GLACIER AVENUE	99801	-134.4235753448505	58.30361732786954	
1220 GLACIER AVENUE	99801	-134.42333617020273	58.30365595889264	
1220 GLACIER AVENUE	99801	-134.42339908910353	58.30375351399142	
1220 GLACIER AVENUE	99801	-134.42327010180853	58.30372779104571	
1220 GLACIER AVENUE	99801	-134.42290874190905	58.30368866592745	
1220 GLACIER AVENUE	99801	-134.42316119365674	58.30373915607875	
1220 GLACIER AVENUE	99801	-134.42285832665868	58.303781530783965	
1220 GLACIER AVENUE	99801	-134.4227036870724	58.30371643120089	
1220 GLACIER AVENUE	99801	-134.4228872380378	58.30373670315008	
1220 GLACIER AVENUE	99801	-134.42337308916427	58.30371075788497	
1220 GLACIER AVENUE	99801	-134.4229689577792	58.303746696107574	
1220 GLACIER AVENUE	99801	-134.4237119965715	58.303702224781865	
1220 GLACIER AVENUE	99801	-134.4227553249299	58.30376986793951	
1220 GLACIER AVENUE	99801	-134.4228152353728	58.30367906989727	
1220 GLACIER AVENUE	99801	-134.4231510651519	58.303687726195335	
1220 GLACIER AVENUE	99801	-134.423089163144	58.30379563380562	
1220 GLACIER AVENUE	99801	-134.42345770597248	58.303742070140785	
1220 GLACIER AVENUE	99801	-134.42329012974778	58.30376959418595	
1220 GLACIER AVENUE	99801	-134.4236955861479	58.303659493156935	
1220 GLACIER AVENUE	99801	-134.42267722989067	58.30375945916621	
1220 GLACIER AVENUE	99801	-134.4229461783002	58.30379401299682	
1220 GLACIER AVENUE	99801	-134.42273654385227	58.303666744816674	
1220 GLACIER AVENUE	99801	-134.4235088542481	58.30368882404412	
1220 GLACIER AVENUE	99801	-134.4234379115952	58.30370237393068	
1220 GLACIER AVENUE	99801	-134.42318514094558	58.303782243015014	
1220 GLACIER AVENUE	99801	-134.42324522296673	58.30366806686149	
1220 GLACIER AVENUE	99801	-134.42341272193627	58.303643455863536	
1220 GLACIER AVENUE	99801	-134.42359763564593	58.303674257957525	
1220 GLACIER AVENUE	99801	-134.42348773395744	58.303628850110975	
1220 GLACIER AVENUE	99801	-134.42278217018386	58.3037247042343	
350 IRWIN STREET	99801	-134.4199414295575	58.30477808705545	
350 IRWIN STREET	99801	-134.41984509871804	58.304790624137794	
350 IRWIN STREET	99801	-134.4197461160518	58.304805965219956	
350 IRWIN STREET	99801	-134.41965424894096	58.304817733917204	
350 IRWIN STREET	99801	-134.41994158496604	58.30477952186086	
350 IRWIN STREET	99801	-134.4198452262788	58.30479195793999	
350 IRWIN STREET	99801	-134.419745874405	58.30480741418347	
350 IRWIN STREET	99801	-134.419654080956	58.304818913854554	
350 IRWIN STREET	99801	-134.4200201516208	58.30485455879942	
350 IRWIN STREET	99801	-134.4199200460605	58.30486321905765	
350 IRWIN STREET	99801	-134.41994165593297	58.304780964217855	
350 IRWIN STREET	99801	-134.41984514722705	58.304793386137206	
350 IRWIN STREET	99801	-134.4197458699134	58.304808712114934	
350 IRWIN STREET	99801	-134.4196540225655	58.304820401991485	
350 IRWIN STREET	99801	-134.42002024504558	58.3048556707712	
350 IRWIN STREET	99801	-134.41992016912968	58.30486459391888	
350 IRWIN STREET	99801	-134.41994170264533	58.30478217577875	
350 IRWIN STREET	99801	-134.41984535294125	58.304794527845374	
350 IRWIN STREET	99801	-134.4197462085783	58.30481000910241	
350 IRWIN STREET	99801	-134.419654163601	58.30482192788634	
350 IRWIN STREET	99801	-134.42002023336752	58.30485696586905	
350 IRWIN STREET	99801	-134.4199203766405	58.3048660740303	
350 IRWIN STREET	99801	-134.42002019024835	58.30485833695473	
350 IRWIN STREET	99801	-134.41992041796303	58.30486751307995	
1639 GLACIER AVENUE	99801	-134.4295826073275	58.30483638494632	
310 IRWIN STREET	99801	-134.41871047710683	58.30493076796085	
314 IRWIN STREET	99801	-134.418944091183	58.304897951160356	
310 IRWIN STREET	99801	-134.4185379951824	58.30495492780101	
340 IRWIN STREET	99801	-134.41948327888113	58.30491429089226	
1600 GLACIER AVENUE	99801	-134.4268021373685	58.30487732306406	
1309 MARTIN ROAD	99801	-134.42031144472472	58.30476998417953	
225 IRWIN STREET	99801	-134.41785302977826	58.304837072141446	
109 SPRUCE STREET	99801	-134.42542056439413	58.30485023504115	
108 BEHRENDS AVENUE	99801	-134.4262081820824	58.304869456198006	
227 IRWIN STREET	99801	-134.41803563032605	58.304792128795064	
1001 CALHOUN AVENUE	99801	-134.41663991697078	58.304834674038	
245 IRWIN STREET	99801	-134.4182983731736	58.304714397211384	
957 GOLDBELT AVENUE	99801	-134.41610562419262	58.30464257697287	
105 SPRUCE STREET	99801	-134.42544014856563	58.30472936688137	
104 BEHRENDS AVENUE	99801	-134.42609343757624	58.30469828912767	
949 GOLDBELT AVENUE	99801	-134.41558294213954	58.304661051102904	
300 WEST ELEVENTH STREET	99801	-134.41776165135093	58.304416652053	
332 WEST TWELFTH STREET	99801	-134.41913434807196	58.30464881320818	
965 GOLDBELT AVENUE	99801	-134.41644221394642	58.304547581033376	
317 WEST TWELFTH STREET	99801	-134.41852011242003	58.30456737297642	
347 IRWIN STREET	99801	-134.41950288730717	58.30460135681275	
321 WEST TWELFTH STREET	99801	-134.41859657611872	58.304485226948	
407 IRWIN STREET	99801	-134.4196875189458	58.30457949196083	
103 SPRUCE STREET	99801	-134.42542450799823	58.304587776119924	
947 GOLDBELT AVENUE	99801	-134.41575406221799	58.30452978507761	
1508 GLACIER AVENUE	99801	-134.4260180922801	58.30451202403936	
410 WEST TWELFTH STREET	99801	-134.41975242671668	58.30449208386386	
348 WEST TWELFTH STREET	99801	-134.41942757165543	58.304520591873555	
329 WEST TWELFTH STREET	99801	-134.41879620333438	58.304435655862626	
420 WEST TWELFTH STREET	99801	-134.41998393693845	58.30446150808813	
969 GOLDBELT AVENUE	99801	-134.4166077258426	58.30449620282689	
404 WEST TWELFTH STREET	99801	-134.41954864299618	58.30448255601659	
1504 GLACIER AVENUE	99801	-134.42578929227554	58.30439967302967	
909 GOLDBELT AVENUE	99801	-134.4153592571422	58.30436637290006	
101 SPRUCE STREET	99801	-134.4253383730372	58.304482071765705	
335 WEST TWELFTH STREET	99801	-134.41892883689115	58.30437440082343	
428 WEST TWELFTH STREET	99801	-134.42014368614204	58.30433708977268	
316 WEST ELEVENTH STREET	99801	-134.4180881368544	58.30429523113709	
1500 GLACIER AVENUE	99801	-134.42561801409357	58.30433183189994	
436 WEST TWELFTH STREET	99801	-134.42033505065376	58.30427222389902	
954 GOLDBELT AVENUE	99801	-134.41614392925467	58.30436282879479	
901 GOLDBELT AVENUE	99801	-134.41509290755877	58.304105295191846	
446 WEST TWELFTH STREET	99801	-134.42055216896634	58.30421148115049	
1119 A STREET	99801	-134.41852817659634	58.30427328680297	
411 WEST TWELFTH STREET	99801	-134.4194898770069	58.30422068293054	
943 CALHOUN AVENUE	99801	-134.4165605876464	58.304149274203716	
510 WEST TWELFTH STREET	99801	-134.42073244916577	58.30415624115689	
1117 A STREET	99801	-134.41872008908038	58.304181512102986	
419 WEST TWELFTH STREET	99801	-134.4196748994127	58.30418078100063	
518 WEST TWELFTH STREET	99801	-134.42093333042962	58.30409078308289	
1420 GLACIER AVENUE	99801	-134.42526487916888	58.30398922505707	
427 WEST TWELFTH STREET	99801	-134.41982221503446	58.30410459193498	
1038 CAPITAL AVENUE	99801	-134.41763306470452	58.30412938291015	
526 WEST TWELFTH STREET	99801	-134.42108299784078	58.30402746109426	
400 WEST ELEVENTH STREET	99801	-134.41923312322734	58.303951788995654	
315 WEST ELEVENTH STREET	99801	-134.4177492599899	58.30405861306685	
437 WEST TWELFTH STREET	99801	-134.42000644332958	58.3040609522248	
925 CALHOUN AVENUE	99801	-134.41616467764277	58.30395005019735	
534 WEST TWELFTH STREET	99801	-134.4212561544	58.30398752921133	
319 WEST ELEVENTH STREET	99801	-134.41797023477	58.30402152210035	
503 WEST TWELFTH STREET	99801	-134.42021925961026	58.30386443409846	
544 WEST TWELFTH STREET	99801	-134.42152525462484	58.30391373223173	
327 WEST ELEVENTH STREET	99801	-134.41817917571856	58.303975157039524	
112 WEST NINTH STREET	99801	-134.4155612783681	58.3038784039866	
601 SEATER STREET	99801	-134.42342893742548	58.304866832965	
1011 CAPITAL AVENUE	99801	-134.41716131982295	58.3038155970291	
900 GOLDBELT AVENUE	99801	-134.41533534129437	58.30390438877571	
513 WEST TWELFTH STREET	99801	-134.42049712290068	58.30387561218056	
604 WEST TWELFTH STREET	99801	-134.42160438182833	58.30388609596573	
1029 A STREET	99801	-134.41826544812182	58.30380419992538	
1018 CAPITAL AVENUE	99801	-134.41754782536384	58.30388038208607	
120 WEST NINTH STREET	99801	-134.41567123934544	58.30380927096912	
112 WEST NINTH STREET	99801	-134.4154721439324	58.30385297093219	
521 WEST TWELFTH STREET	99801	-134.420531912855	58.30374118610484	
407 WEST ELEVENTH STREET	99801	-134.41885833980263	58.30373088493665	
529 WEST TWELFTH STREET	99801	-134.4208268953398	58.30373262280176	
620 WEST TWELFTH STREET	99801	-134.4219842524125	58.30373370790541	
840 GOLDBELT AVENUE	99801	-134.4151004686785	58.303780218183185	
328 WEST TENTH STREET	99801	-134.41776895106094	58.30367226191087	
911 CALHOUN AVENUE	99801	-134.41600645288023	58.30380933893545	
924 CALHOUN AVENUE	99801	-134.4166260748306	58.303701577211825	
1116 B STREET	99801	-134.42005687564796	58.30373612779504	
1123 C STREET	99801	-134.42092489704572	58.303591281982726	
839 DIXON STREET	99801	-134.41520203040793	58.30366480399249	
512 WEST ELEVENTH STREET	99801	-134.42014116097778	58.303604736092424	
338 WEST TENTH STREET	99801	-134.41801275562565	58.30359810980836	
634 WEST TWELFTH STREET	99801	-134.42232789843288	58.30359855584003	
305 WEST TENTH STREET	99801	-134.41699769259225	58.303603046836116	
914 CALHOUN AVENUE	99801	-134.41643998073465	58.30360545021499	
1248 GLACIER AVENUE	99801	-134.4239110057463	58.30343460600884	
603 WEST TWELFTH STREET	99801	-134.42133934019196	58.30359391522214	
522 WEST ELEVENTH STREET	99801	-134.42029833471148	58.3035052581582	
644 WEST TWELFTH STREET	99801	-134.4225583657106	58.303593832151684	
427 WEST ELEVENTH STREET	99801	-134.41915753808104	58.303577434227	
835 DIXON STREET	99801	-134.41509354087106	58.303596503150196	
615 WEST TWELFTH STREET	99801	-134.42151168377586	58.30351751816014	
528 WEST ELEVENTH STREET	99801	-134.42046506472315	58.30345375902382	
410 WEST TENTH STREET	99801	-134.41830138432644	58.30345014922009	
712 WEST TWELFTH STREET	99801	-134.42297342060954	58.30339235313457	
437 WEST ELEVENTH STREET	99801	-134.41935052225517	58.30352064982885	
904 CALHOUN AVENUE	99801	-134.41626577943475	58.303511886819614	
625 WEST TWELFTH STREET	99801	-134.4216838135607	58.30344848686002	
1109 C STREET	99801	-134.42067461023788	58.30342853711722	
835 CALHOUN AVENUE	99801	-134.41578559488107	58.30350778190176	
820 DIXON STREET	99801	-134.41538556879686	58.30348473592025	
416 WEST TENTH STREET	99801	-134.41842776471051	58.3033789820151	
1030 B STREET	99801	-134.4196805713754	58.303405933814254	
629 WEST TWELFTH STREET	99801	-134.42176287069557	58.303330316081755	
424 WEST TENTH STREET	99801	-134.41880821470806	58.30345048480723	
923 CAPITAL AVENUE	99801	-134.4170348208613	58.30345520709875	
604 WEST ELEVENTH STREET	99801	-134.42093910390196	58.303284879946105	
511 WEST ELEVENTH STREET	99801	-134.41986080396413	58.30337498280851	
635 WEST TWELFTH STREET	99801	-134.4220142318885	58.303346818903734	
925 CAPITAL AVENUE	99801	-134.41719859811064	58.30338847523196	
923 A STREET	99801	-134.41757841659253	58.30329131796273	
825 CALHOUN AVENUE	99801	-134.41556475305165	58.30337720212516	
736 WEST TWELFTH STREET	99801	-134.42321589566762	58.3033128451903	
836 CALHOUN AVENUE	99801	-134.41614483655312	58.30335682801917	
212 WEST NINTH STREET	99801	-134.41648407903196	58.3034250741009	
816 DIXON STREET	99801	-134.41525102632013	58.30338048012447	
610 WEST ELEVENTH STREET	99801	-134.42116445078253	58.30323669012735	
519 WEST ELEVENTH STREET	99801	-134.4200134789349	58.30330880491264	
1003 B STREET	99801	-134.41894907323956	58.303252175841976	
808 DIXON STREET	99801	-134.41510566004254	58.30328121206968	
705 WEST TWELFTH STREET	99801	-134.4223697716032	58.30325404211346	
622 WEST ELEVENTH STREET	99801	-134.4213347003935	58.30318308219261	
214 WEST EIGHTH STREET	99801	-134.41529297674558	58.30316075201912	
527 WEST ELEVENTH STREET	99801	-134.42021033574625	58.30322084380076	
926 A STREET	99801	-134.41804633285435	58.303265302987626	
826 CALHOUN AVENUE	99801	-134.41587721675185	58.30320192712998	
711 WEST TWELFTH STREET	99801	-134.422553434858	58.303208775798566	
1002 B STREET	99801	-134.41944261304656	58.30320339881507	
1037 C STREET	99801	-134.4203268831712	58.3031333049079	
413 WEST TENTH STREET	99801	-134.4182259339274	58.30320064613148	
1200 GLACIER AVENUE	99801	-134.42344731965113	58.30326630078644	
1255 GLACIER AVENUE	99801	-134.42579450699574	58.30315343700804	
713 WEST TWELFTH STREET	99801	-134.42270191379805	58.303156531893215	
1115 D STREET	99801	-134.42175862435923	58.30317981786292	
924 A STREET	99801	-134.41787382308212	58.30315807579573	
421 WEST TENTH STREET	99801	-134.41833295202386	58.30311146086066	
626 WEST ELEVENTH STREET	99801	-134.4214873780592	58.3031002697932	
300 WEST NINTH STREET	99801	-134.41638043680436	58.303041610794686	
1133 GLACIER AVENUE	99801	-134.42294949577857	58.30309500182468	
603 WEST ELEVENTH STREET	99801	-134.4208004228867	58.30308813614215	
522 WEST TENTH STREET	99801	-134.41959889026157	58.303014305190715	
429 WEST TENTH STREET	99801	-134.41847803623043	58.303051363229244	
922 A STREET	99801	-134.41806008695966	58.30310951481406	
230 WEST EIGHT STREET	99801	-134.41578864106822	58.30308765187217	
502 WEST TENTH STREET	99801	-134.41935416941524	58.30309667883328	
704 WEST ELEVENTH STREET	99801	-134.42197714314534	58.30293086605214	
406 WEST NINTH STREET	99801	-134.41768582186282	58.30298244901954	
1026 C STREET	99801	-134.42061470428655	58.30297237985421	
325 WEST NINTH STREET	99801	-134.41675851794452	58.30294936703598	
1125 GLACIER AVENUE	99801	-134.42279331558157	58.3029319658124	
712 WEST ELEVENTH STREET	99801	-134.42217875473952	58.30287924194552	
617 WEST ELEVENTH STREET	99801	-134.4210904556543	58.30300980987192	
540 WEST TENTH STREET	99801	-134.4200815658435	58.30296481606039	
1208 GLACIER AVENUE	99801	-134.42425376512946	58.302937613765195	
414 WEST NINTH STREET	99801	-134.41784836033543	58.30289753810806	
306 WEST EIGHTH STREET	99801	-134.41609444016734	58.30288893400877	
615 ELEVENTH STREET	99801	-134.4207954381352	58.30290287690603	
720 WEST ELEVENTH STREET	99801	-134.42231909763802	58.302807203220944	
503 WEST TENTH STREET	99801	-134.41903921019517	58.3029137078997	
629 WEST ELEVENTH STREET	99801	-134.42123768413944	58.30294187498119	
333 WEST NINTH STREET	99801	-134.41696468938704	58.30288859888827	
416 WEST NINTH STREET	99801	-134.41811036476778	58.30280667316296	
619 ELEVENTH STREET	99801	-134.42095234596755	58.302866400217205	
606 WEST TENTH STREET	99801	-134.42037015861172	58.302809812918646	
511 WEST TENTH STREET	99801	-134.4192075598693	58.30285665009167	
631 WEST ELEVENTH STREET	99801	-134.42142520925162	58.30288679018163	
320 WEST EIGHTH STREET	99801	-134.41632828421223	58.30274197110045	
1025 D STREET	99801	-134.42122661330188	58.302773758103854	
903 B STREET	99801	-134.41831971085657	58.30272252411441	
612 WEST TENTH STREET	99801	-134.42054604155783	58.30273984284048	
519 WEST TENTH STREET	99801	-134.41938245287196	58.302785403812564	
330 WEST EIGHTH STREET	99801	-134.41644934477316	58.30266881580788	
1036 D STREET	99801	-134.4217335209386	58.30272780818643	
624 WEST TENTH STREET	99801	-134.4207842954324	58.30264336017178	
525 WEST TENTH STREET	99801	-134.41953770870253	58.302729328035525	
401 WEST NINTH STREET	99801	-134.41724679542054	58.302672328930605	
506 WEST NINTH STREET	99801	-134.41862951464523	58.30256635311492	
711 WEST ELEVENTH STREET	99801	-134.42180657373416	58.302557711174664	
415 WEST NINTH STREET	99801	-134.4175529781003	58.30268885093961	
933 C STREET	99801	-134.4196834810186	58.302636610042626	
308 DISTIN AVENUE	99801	-134.4155491699764	58.30255993809463	
1026 D STREET	99801	-134.42159248004913	58.30261736312846	
715 WEST ELEVENTH STREET	99801	-134.42198224557617	58.30255005289114	
1011 WEST TENTH STREET	99801	-134.4210557088191	58.30258107117117	
850 CAPITAL AVENUE	99801	-134.41756824766352	58.302496443916105	
316 DISTIN AVENUE	99801	-134.4157845429539	58.302511212034034	
603 WEST TENTH STREET	99801	-134.42010928964982	58.302531689996115	
427 WEST NINTH STREET	99801	-134.41787194829814	58.302548584954955	
895 WEST TWELFTH STREET	99801	-134.424992530636	58.302268486981696	
923 C STREET	99801	-134.4195439205527	58.30255376615586	
328 DISTIN AVENUE	99801	-134.4160177429067	58.30244313505602	
704 WEST TENTH STREET	99801	-134.42135422258127	58.302431948025244	
1021 GLACIER AVENUE	99801	-134.42220419413007	58.30239248493285	
615 WEST TENTH STREET	99801	-134.42028902367355	58.30246249487444	
342 DISTIN AVENUE	99801	-134.41630994690232	58.30238930501954	
706 WEST TENTH STREET	99801	-134.42152348404542	58.302337522000066	
917 C STREET	99801	-134.41946324375536	58.30244369579989	
815 B STREET	99801	-134.4177121541788	58.30224617180732	
924 C STREET	99801	-134.41997532029822	58.30242301718395	
623 WEST TENTH STREET	99801	-134.42047852058778	58.30237160190768	
519 WEST NINTH STREET	99801	-134.41834977926575	58.302350286039015	
740 WEST TENTH STREET	99801	-134.4219261403968	58.302303568085854	
610 WEST NINTH STREET	99801	-134.41973605671726	58.30219752602831	
625 WEST TENTH STREET	99801	-134.42073890805267	58.30231484719886	
907 C STREET	99801	-134.41932446302712	58.302342489884246	
521 WEST NINTH STREET	99801	-134.41862594024872	58.30228152292263	
303 DISTIN AVENUE	99801	-134.41517887633145	58.30228106082602	
525 WEST NINTH STREET	99801	-134.418825455175	58.30220054122744	
319 DISTIN AVENUE	99801	-134.4155893246696	58.30223834683705	
624 WEST NINTH STREET	99801	-134.4199938381695	58.302104606981146	
327 DISTIN AVENUE	99801	-134.41576417455315	58.30208680979661	
329 DISTIN AVENUE	99801	-134.41587049376028	58.30224800697923	
809 B STREET	99801	-134.4176414612575	58.302182191839314	
822 B STREET	99801	-134.41818797831004	58.30222745521949	
339 DISTIN AVENUE	99801	-134.41608844031956	58.30192355295654	
709 WEST TENTH STREET	99801	-134.42122324372127	58.302156971858395	
347 DISTIN AVENUE	99801	-134.41625632286974	58.302059819231715	
818 B STREET	99801	-134.41811037375098	58.302118666774234	
924 D STREET	99801	-134.42095142160113	58.30209756976638	
723 WEST TENTH STREET	99801	-134.4214547593329	58.30211296818553	
923 D STREET	99801	-134.4203945622447	58.302115785147244	
540 WEST EIGHTH STREET	99801	-134.41856535157777	58.30193773790511	
840 WEST TENTH STREET	99801	-134.42272723101772	58.30200766189616	
921 D STREET	99801	-134.42026590732635	58.30201762985333	
709 WEST NINTH STREET	99801	-134.4205821223912	58.30153907788986	
542 WEST EIGHTH STREET	99801	-134.41865102480472	58.30185857079063	
939 GLACIER AVENUE	99801	-134.42178677037373	58.30200924313779	
710 WEST NINTH STREET	99801	-134.42084424360456	58.3018192151502	
334 VILLAGE STREET	99801	-134.41528605702294	58.301873773899906	
923 GLACIER AVENUE	99801	-134.42161422736385	58.30186352788574	
722 WEST NINTH STREET	99801	-134.4210271801223	58.301744845812905	
340 VILLAGE STREET	99801	-134.4154672723686	58.30182219498042	
920 WEST TENTH STREET	99801	-134.4237912899633	58.301562844022655	
801 WEST TENTH STREET	99801	-134.42237974829277	58.301433609877726	
917 GLACIER AVENUE	99801	-134.42144546805793	58.301722687961686	
701 CAPITAL AVENUE	99801	-134.41696818922338	58.301787165792724	
364 VILLAGE STREET	99801	-134.41588901612315	58.30169886199013	
366 VILLAGE STREET	99801	-134.41612579406572	58.30167221617366	
343 VILLAGE STREET	99801	-134.41538408567834	58.301661169088185	
386 VILLAGE STREET	99801	-134.41670204894743	58.30165306597048	
368 VILLAGE STREET	99801	-134.4163105676382	58.30161460079885	
353 VILLAGE STREET	99801	-134.4157479159448	58.30155427688825	
368 VILLAGE STREET	99801	-134.4164120018068	58.30168416622373	
1050 HARBOR WAY	99801	-134.4258033185704	58.3014707587835	
362 VILLAGE STREET	99801	-134.41666934757612	58.301523297829675	
365 VILLAGE STREET	99801	-134.41600305814674	58.301523929862974	
358 WEST WILLOUGHBY AVENUE	99801	-134.41553397317674	58.301374787157044	
369 VILLAGE STREET	99801	-134.41609056034363	58.301470770111976	
382 VILLAGE STREET	99801	-134.41678886572976	58.301485510808845	
379 VILLAGE STREET	99801	-134.41639001733685	58.301420381040174	
1030 HARBOR WAY	99801	-134.4257322133224	58.30134696009937	
820 GLACIER AVENUE	99801	-134.42161056133915	58.30106982401107	
383 VILLAGE STREET	99801	-134.41672315666165	58.301325745098005	
406 WEST WILLOUGHBY AVENUE	99801	-134.4159123786087	58.30122811108589	
1000 HARBOR WAY	99801	-134.42563624809722	58.30114209190033	
625 WEST SEVENTH STREET	99801	-134.41775296104888	58.30123770022843	
608 WEST WILLOUGHBY AVENUE	99801	-134.4180056939692	58.30090067393994	
436 WEST WILLOUGHBY AVENUE	99801	-134.4166649898487	58.30102481309981	
435 WEST WILLOUGHBY AVENUE	99801	-134.41603501032313	58.300589083164496	
609 WEST SEVENTH STREET	99801	-134.41845848888985	58.30094043418481	
612 WEST WILLOUGHBY AVENUE	99801	-134.41876094625613	58.300810704024975	
810 GLACIER AVENUE	99801	-134.42106418172884	58.30066047217094	
720 WEST WILLOUGHBY AVENUE	99801	-134.41936953958975	58.30069981399517	
1102 WEST NINTH STREET	99801	-134.42463070990078	58.30053773602818	
535 WEST WILLOUGHBY AVENUE	99801	-134.41753849186804	58.300533648230484	
439 WEST WILLOUGHBY AVENUE	99801	-134.416445056216	58.30058531777014	
800 GLACIER AVENUE	99801	-134.4205349680253	58.300242713827814	
1200 WEST NINTH STREET	99801	-134.42553793916747	58.30020046988684	
711 WEST WILLOUGHBY AVENUE	99801	-134.41914885137223	58.30033556790319	
1033 WEST NINTH STREET	99801	-134.4240693140522	58.300413350174075	
1105 WEST NINTH STREET	99801	-134.42427531661144	58.30035335794398	
1111 WEST NINTH STREET	99801	-134.4243983687374	58.300195992147934	
3730 NORTH DOUGLAS HIGHWAY	99801	-134.43857740592802	58.29965572891677	
1037 WEST NINTH STREET	99801	-134.4241795220662	58.30038281099648	
1117 WEST NINTH STREET	99801	-134.424767185552	58.30015533702823	
1300 WEST NINTH STREET	99801	-134.42654390406366	58.29975627221682	
1255 WEST NINTH STREET	99801	-134.42556911699603	58.299840662924325	
395 WHITTIER STREET	99801	-134.41570581100913	58.30013461081526	
1111 WEST EIGHTH STREET	99801	-134.42376838831345	58.29953751290028	
3780 NORTH DOUGLAS HIGHWAY	99801	-134.43991982583074	58.29956734804421	
1255 WEST EIGHTH STREET	99801	-134.42435419318497	58.299289060852736	
1107 WEST EIGHTH STREET	99801	-134.4234766694081	58.2997145979231	
375 WHITTIER STREET	99801	-134.41593091264966	58.299362973216766	
3740 NORTH DOUGLAS HIGHWAY	99801	-134.43915714806965	58.2993005599572	
621 WEST WILLOUGHBY AVENUE	99801	-134.4184411828459	58.299766971057736	
3741 NORTH DOUGLAS HIGHWAY	99801	-134.43972837328408	58.298881563883235	
3670 NORTH DOUGLAS HIGHWAY	99801	-134.43780023295153	58.29891499898977	
3560 NORTH DOUGLAS HIGHWAY	99801	-134.43473369808362	58.29812570414663	
3660 NORTH DOUGLAS HIGHWAY	99801	-134.43754233292168	58.298684299935424	
3655 NORTH DOUGLAS HIGHWAY	99801	-134.4377980383673	58.2982287829949	
3580 NORTH DOUGLAS HIGHWAY	99801	-134.43658964530835	58.2984574107881	
3500 NORTH DOUGLAS HIGHWAY	99801	-134.43275090424913	58.29785703108184	
3451 DOUGLAS HIGHWAY	99801	-134.43378988313032	58.29694758691424	
3444 NOWELL AVENUE	99801	-134.4342910514307	58.29675475684305	
3444 NOWELL AVENUE	99801	-134.43436254115764	58.29680774900868	
3444 NOWELL AVENUE	99801	-134.43443216059217	58.29686640890011	
3441 DOUGLAS HIGHWAY	99801	-134.43356746835082	58.296748343129565	
150 SITKA STREET	99801	-134.433769609951	58.29650850594984	
3421 DOUGLAS HIGHWAY	99801	-134.43319549755122	58.29655084682689	
168 SITKA STREET	99801	-134.43402637900192	58.296462002164446	
162 SITKA STREET	99801	-134.43391356317863	58.29666285406213	
3411 DOUGLAS HIGHWAY	99801	-134.433157169133	58.29627507197555	
168 SITKA STREET	99801	-134.43417718457854	58.29656880022341	
3440 NOWELL AVENUE	99801	-134.43427381455703	58.29635318183093	
3411 DOUGLAS HIGHWAY	99801	-134.43267726934528	58.29628172087502	
1250 WEST NINTH STREET	99801	-134.4264557038758	58.29996249988899	
3361 NOWELL AVENUE	99801	-134.4346306316761	58.2962391549615	
1619 GLACIER AVENUE	99801	-134.42815234566473	58.304729165819495	
1411 GLACIER AVENUE	99801	-134.4268367377783	58.30341879611446	
3700 NORTH DOUGLAS HIGHWAY	99801	-134.43837033976345	58.299499779932354	
3750 NORTH DOUGLAS HIGHWAY	99801	-134.43885650260535	58.29980701485745	
1240 WEST NINTH STREET	99801	-134.4261658112454	58.30004131296828	
1125 B STREET	99801	-134.41995086096966	58.30400689620848	
542 WEST TWELFTH STREET	99801	-134.42142911332988	58.30394898020388	
1120 D STREET	99801	-134.42226401474144	58.30318749394601	
341 DISTIN AVENUE	99801	-134.41604744121	58.30212321695954	
544 WEST EIGHTH STREET	99801	-134.41872632518508	58.301819630051334	
819 C STREET	99801	-134.41890264471243	58.302011422891056	
817 C STREET	99801	-134.41885078856433	58.30196902482528	
308 WEST EIGHTH STREET	99801	-134.41605889203493	58.302778090139924	
3410 FOSTER AVENUE	99801	-134.43609861359764	58.29658003820472	
3410 FOSTER AVENUE	99801	-134.4363058621202	58.296220951190236	
3410 FOSTER AVENUE	99801	-134.4363394222809	58.29629759108118	
3410 FOSTER AVENUE	99801	-134.43632809991504	58.296404220156994	
3410 FOSTER AVENUE	99801	-134.43631569777426	58.29643397107858	
3410 FOSTER AVENUE	99801	-134.4362419433945	58.29648998790781	
3410 FOSTER AVENUE	99801	-134.43614012564524	58.29656394105235	
3410 FOSTER AVENUE	99801	-134.43586810859068	58.29650085910339	
3410 FOSTER AVENUE	99801	-134.43583739339448	58.29652124282214	
3410 FOSTER AVENUE	99801	-134.4357176883913	58.296578971765044	
3410 FOSTER AVENUE	99801	-134.43567536696165	58.29659466999907	
3410 FOSTER AVENUE	99801	-134.43551789319065	58.29662720416915	
3410 FOSTER AVENUE	99801	-134.43543336082408	58.29664184396947	
3410 FOSTER AVENUE	99801	-134.43528813378535	58.29655039315298	
3410 FOSTER AVENUE	99801	-134.43519385918958	58.29653134592506	
3410 FOSTER AVENUE	99801	-134.43516515801625	58.2965195159329	
3410 FOSTER AVENUE	99801	-134.43509259570084	58.29644926291039	
3410 FOSTER AVENUE	99801	-134.43504217416225	58.29638124791523	
3444 NOWELL AVENUE	99801	-134.4344997013251	58.296917520130556	
3444 NOWELL AVENUE	99801	-134.4345884072645	58.296990115153555	
3444 NOWELL AVENUE	99801	-134.43465965983617	58.296997332774254	
3444 NOWELL AVENUE	99801	-134.43458078326265	58.2970335931643	
3444 NOWELL AVENUE	99801	-134.43477764995546	58.29695515105021	
3444 NOWELL AVENUE	99801	-134.43485082402358	58.29693158292882	
3444 NOWELL AVENUE	99801	-134.43424215433313	58.29677298111136	
3444 NOWELL AVENUE	99801	-134.43431779697164	58.29682728422019	
3444 NOWELL AVENUE	99801	-134.43438844857042	58.29688730886463	
3444 NOWELL AVENUE	99801	-134.43446025540268	58.296934896931276	
3444 NOWELL AVENUE	99801	-134.43454390562363	58.29701322012639	
3444 NOWELL AVENUE	99801	-134.43468385595835	58.29701700997689	
3444 NOWELL AVENUE	99801	-134.43460233204968	58.29705055117439	
3444 NOWELL AVENUE	99801	-134.4348060331252	58.296978419857446	
3444 NOWELL AVENUE	99801	-134.43488246268788	58.29695287704156	
3444 NOWELL AVENUE	99801	-134.43417730764776	58.29680276996164	
3444 NOWELL AVENUE	99801	-134.4342547460185	58.296855997151795	
3444 NOWELL AVENUE	99801	-134.43433520362692	58.29691552323071	
3444 NOWELL AVENUE	99801	-134.43439815037553	58.29696400679466	
3444 NOWELL AVENUE	99801	-134.4345043438185	58.29703366916902	
3444 NOWELL AVENUE	99801	-134.43471346622675	58.29704280105984	
3444 NOWELL AVENUE	99801	-134.43463145363458	58.29706976382236	
3444 NOWELL AVENUE	99801	-134.43483232411862	58.297001882201876	
3444 NOWELL AVENUE	99801	-134.43491202534557	58.29697740677479	
168 SITKA STREET	99801	-134.43405062902303	58.296482809838935	
168 SITKA STREET	99801	-134.43401307135932	58.29639835588954	
168 SITKA STREET	99801	-134.43408609720535	58.29651751004098	
928 CALHOUN AVENUE	99801	-134.41674339839997	58.303780194111745	
310 IRWIN STREET	99801	-134.4187019350268	58.30488281684278	
310 IRWIN STREET	99801	-134.4185179402937	58.304914960150874	
340 WEST TWELFTH STREET	99801	-134.41934124894652	58.30458014281868	
530 WEST TENTH STREET	99801	-134.41991158482884	58.302989144802815	
925 D STREET	99801	-134.42058368995137	58.30223099717861	
3555 NORTH DOUGLAS HIGHWAY	99801	-134.43521323585023	58.297454475807186	
3657 NORTH DOUGLAS HIGHWAY	99801	-134.43771213696826	58.29817475394516	
423 WEST NINTH STREET	99801	-134.4177664178118	58.302596895128026	
361 DISTIN AVENUE	99801	-134.41658888278118	58.30211565109611	
631 WEST WILLOUGHBY AVENUE	99801	-134.41892445940078	58.29973699777358	
617 WEST WILLOUGHBY AVENUE	99801	-134.41778289291412	58.299829858840454	
615 WEST WILLOUGHBY AVENUE	99801	-134.41779508484916	58.300053332958775	
641 WEST WILLOUGHBY AVENUE	99801	-134.41781196958325	58.29936467306055	
613 WEST WILLOUGHBY AVENUE	99801	-134.41781576316868	58.30013467690051	
611 WEST WILLOUGHBY AVENUE	99801	-134.41784541386127	58.300215140779486	
601 WEST WILLOUGHBY AVENUE	99801	-134.41794231782592	58.3005699111337	
603 WEST WILLOUGHBY AVENUE	99801	-134.41792477462673	58.30050607682498	
605 WEST WILLOUGHBY AVENUE	99801	-134.4179117948692	58.300433878913786	
607 WEST WILLOUGHBY AVENUE	99801	-134.41788412136856	58.30036630915224	
607 WEST SEVENTH STREET	99801	-134.41835496344325	58.30097713990375	
538 WEST WILLOUGHBY AVENUE	99801	-134.41765037074848	58.300889574218594	
434 WEST WILLOUGHBY AVENUE	99801	-134.4164868090121	58.3011905191675	
819 B STREET	99801	-134.41784179544732	58.30233815590682	
1230 WEST NINTH STREET	99801	-134.42590278542852	58.30013260701634	
825 CAPITAL AVENUE	99801	-134.4171876413591	58.30247026409838	
700 CAPITAL AVENUE	99801	-134.4174844348475	58.30185480789144	
3597 NORTH DOUGLAS HIGHWAY	99801	-134.43637275157457	58.29771484397446	
1600 HARBOR WAY	99801	-134.43071030382615	58.30411528710126	
1423 HARBOR WAY	99801	-134.43024423180557	58.30379865783635	
1200 HARBOR WAY	99801	-134.42674043388826	58.30214825476847	
809 WEST TWELFTH STREET	99801	-134.42342207878826	58.30280548183048	
811 WEST TWELFTH STREET	99801	-134.42385199361863	58.302649848809565	
1114 GLACIER AVENUE	99801	-134.42313294164106	58.30260640507493	
1111 F STREET	99801	-134.42345299430878	58.30250128716842	
1108 F STREET	99801	-134.42303918986474	58.30221812595047	
813 WEST TWELFTH STREET	99801	-134.42398909270068	58.30259868213732	
807 WEST TWELFTH STREET	99801	-134.4237313570625	58.3026990249703	
348 VILLAGE STREET	99801	-134.41557359696563	58.30178489681474	
730 GLACIER AVENUE	99801	-134.42273264606223	58.30275277807121	
825 A STREET	99801	-134.41690151985625	58.302713134087504	
825 A STREET	99801	-134.4168326280571	58.302741163031925	
330 WEST NINTH STREET	99801	-134.41707223389625	58.303243139952635	
330 WEST NINTH STREET	99801	-134.41720119244513	58.303188181173184	
330 WEST NINTH STREET	99801	-134.41697957806457	58.30326970623485	
907 CAPITAL AVENUE	99801	-134.41708654585534	58.30310080692675	
911 CAPITAL AVENUE	99801	-134.4171637542574	58.30315631005459	
825 B STREET	99801	-134.41796241313884	58.30242812901822	
712 WEST ELEVENTH STREET	99801	-134.42227529758142	58.302994392019095	
1117 F STREET	99801	-134.4239363139828	58.30251503811216	
1421 HARBOR WAY	99801	-134.4306929106456	58.30348134795628	
1417 HARBOR WAY	99801	-134.42991074932436	58.303288611069526	
1425 HARBOR WAY	99801	-134.43094987283433	58.30335018516883	
425 WEST WILLOUGHBY AVENUE	99801	-134.41534797609884	58.300893113951496	
465 WHITTIER STREET	99801	-134.41529748898327	58.30080740407426	
1427 HARBOR WAY	99801	-134.43120357324023	58.30350967883926	
429 WEST WILLOUGHBY AVENUE	99801	-134.4161611517553	58.30078395322133	
431 WEST WILLOUGHBY AVENUE	99801	-134.41622394040039	58.30085927193791	
3591 NORTH DOUGLAS HIGHWAY	99801	-134.43607898001878	58.297628303107494	
500 WEST WILLOUGHBY AVENUE	99801	-134.41725516322742	58.30118644607789	
430 WEST WILLOUGHBY AVENUE	99801	-134.41620224069638	58.30119178513407	
432 WEST WILLOUGHBY AVENUE	99801	-134.41645105965705	58.30113310220248	
384 VILLAGE STREET	99801	-134.4168661397088	58.30146799982884	
376 VILLAGE STREET	99801	-134.4164568510957	58.30157979183808	
375 VILLAGE STREET	99801	-134.41622112867356	58.301434505771866	
902 D STREET	99801	-134.42068745434983	58.30193003181403	
740 WEST NINTH STREET	99801	-134.42123928224234	58.3016273448018	
606 WEST TWELFTH STREET	99801	-134.42170723443675	58.30390109619332	
611 WEST SEVENTH STREET	99801	-134.41836272309067	58.30091998598356	
1591 GLACIER AVENUE	99801	-134.4253483820661	58.30349623696524	
90 SPRUCE STREET	99801	-134.42513432341536	58.30418393715381	
90 SPRUCE STREET	99801	-134.42495427677792	58.3040912899944	
90 SPRUCE STREET	99801	-134.424865896927	58.30404969396379	
90 SPRUCE STREET	99801	-134.4250441711884	58.304138790968565	
90 SPRUCE STREET	99801	-134.4250965798004	58.3042096739274	
90 SPRUCE STREET	99801	-134.4250050917786	58.30415915801649	
90 SPRUCE STREET	99801	-134.4249122796401	58.30411421097701	
90 SPRUCE STREET	99801	-134.4248238611616	58.30407274996097	
90 SPRUCE STREET	99801	-134.425051706257	58.30423020801641	
90 SPRUCE STREET	99801	-134.42496049222137	58.30418637400402	
90 SPRUCE STREET	99801	-134.42486725697634	58.30413998508805	
90 SPRUCE STREET	99801	-134.42478128910196	58.304106449193796	
1220 GLACIER AVENUE	99801	-134.42300978890378	58.303693185231545	
3421 DOUGLAS HIGHWAY	99801	-134.4331475355999	58.29652032178312	
3410 FOSTER AVENUE	99801	-134.4348856418257	58.29620119706646	
3410 FOSTER AVENUE	99801	-134.43486158404409	58.296192493144105	
1415 HARBOR WAY	99801	-134.42941904387717	58.30343636182426	
1401 HARBOR WAY	99801	-134.43193034983094	58.30411199312257	
800 F STREET	99801	-134.42288133430975	58.301000769054426	
800 F STREET	99801	-134.4228660907977	58.300894370016096	
800 F STREET	99801	-134.4229854733057	58.3009999491455	
800 F STREET	99801	-134.42297028818413	58.30089054423477	
800 F STREET	99801	-134.42309156973064	58.30099595486232	
800 F STREET	99801	-134.42308319024565	58.30089110405917	
800 F STREET	99801	-134.42289036686992	58.300799443785685	
800 F STREET	99801	-134.42287809139157	58.30069966011344	
800 F STREET	99801	-134.42299630878466	58.300795086961884	
800 F STREET	99801	-134.4229805891655	58.300693999058616	
800 F STREET	99801	-134.42310466626918	58.30079395598132	
800 F STREET	99801	-134.42308535069392	58.30069154497477	
800 F STREET	99801	-134.42289773844516	58.30059475886907	
800 F STREET	99801	-134.42288730630975	58.300499432967406	
800 F STREET	99801	-134.4230057788244	58.30059004516439	
800 F STREET	99801	-134.4229963060897	58.30049526491972	
800 F STREET	99801	-134.42311449743164	58.30058365999581	
800 F STREET	99801	-134.42310039208505	58.30049160194648	
800 F STREET	99801	-134.42274597616273	58.30037085106627	
800 F STREET	99801	-134.42259957502594	58.300302083159046	
800 F STREET	99801	-134.42281286202385	58.300341777991676	
800 F STREET	99801	-134.42265760888824	58.30026998286372	
800 F STREET	99801	-134.42287540542887	58.30030437394574	
800 F STREET	99801	-134.42274217000087	58.30023033893045	
800 F STREET	99801	-134.4224886420715	58.30021495715738	
800 F STREET	99801	-134.4223430628932	58.300141505865184	
800 F STREET	99801	-134.42255297222565	58.30018270809141	
800 F STREET	99801	-134.42241967122064	58.30010592697779	
800 F STREET	99801	-134.42261554886832	58.3001469918826	
800 F STREET	99801	-134.4224967242141	58.300071921830174	
800 F STREET	99801	-134.42213866113175	58.30003780902508	
800 F STREET	99801	-134.42199715940652	58.29997038106318	
800 F STREET	99801	-134.42220648573235	58.300002602000305	
800 F STREET	99801	-134.4220631756984	58.299936127020224	
800 F STREET	99801	-134.42227698461753	58.29996177719618	
800 F STREET	99801	-134.4221344426432	58.29989349705606	
800 F STREET	99801	-134.42182734458015	58.29992801123443	
800 F STREET	99801	-134.4216972784085	58.2998624589545	
800 F STREET	99801	-134.42189240686125	58.299889324216565	
800 F STREET	99801	-134.42175641630027	58.29983267787208	
800 F STREET	99801	-134.4219472346363	58.29985109220417	
800 F STREET	99801	-134.4218299505928	58.29978720797839	
800 F STREET	99801	-134.4215288856152	58.29973531494123	
800 F STREET	99801	-134.42133646019315	58.299708469860064	
800 F STREET	99801	-134.421552388238	58.29968833202344	
800 F STREET	99801	-134.4213566228797	58.29966262500408	
800 F STREET	99801	-134.42157088365138	58.29964550303028	
800 F STREET	99801	-134.421377893189	58.299621946141436	
800 F STREET	99801	-134.42117319228856	58.29966226011426	
800 F STREET	99801	-134.42098041293028	58.299633917181794	
800 F STREET	99801	-134.42119655657078	58.299616057860845	
800 F STREET	99801	-134.42100512019385	58.29958773990975	
800 F STREET	99801	-134.42121629076098	58.29957832214436	
800 F STREET	99801	-134.42102596290508	58.29954573215358	
800 F STREET	99801	-134.4207792343241	58.2996991772183	
800 F STREET	99801	-134.42070578267658	58.299798011131216	
800 F STREET	99801	-134.42066321690513	58.29967896998601	
800 F STREET	99801	-134.4206065143461	58.29977645910717	
800 F STREET	99801	-134.4205915439219	58.29966330380292	
800 F STREET	99801	-134.42052446402468	58.299759838025444	
800 F STREET	99801	-134.42068591912903	58.299888473127204	
800 F STREET	99801	-134.420605722032	58.29999313006083	
800 F STREET	99801	-134.42058559437976	58.2998708867744	
800 F STREET	99801	-134.42050678877314	58.29997157579542	
800 F STREET	99801	-134.42050687770634	58.299857600235605	
800 F STREET	99801	-134.4204306565528	58.29995502702746	
800 F STREET	99801	-134.42106525162237	58.300002996153005	
800 F STREET	99801	-134.42121783496495	58.300185907084504	
800 F STREET	99801	-134.42097358124258	58.29991502682291	
800 F STREET	99801	-134.4211559383469	58.29997638493451	
800 F STREET	99801	-134.42105670235577	58.299890060128014	
800 F STREET	99801	-134.42123326981812	58.29995303218714	
800 F STREET	99801	-134.42113705665795	58.29986820322155	
800 F STREET	99801	-134.42112325763685	58.30009255508838	
800 F STREET	99801	-134.42129962477495	58.300162197143365	
800 F STREET	99801	-134.42120264984337	58.30006999591405	
800 F STREET	99801	-134.42137507427566	58.300137109781275	
800 F STREET	99801	-134.42129300598793	58.30004447279496	
800 F STREET	99801	-134.42206895276402	58.30027557884546	
800 F STREET	99801	-134.42137554409453	58.300372377153	
800 F STREET	99801	-134.42127728457214	58.300277796940414	
800 F STREET	99801	-134.42145415566503	58.300348588035035	
800 F STREET	99801	-134.42136460620762	58.3002528928102	
800 F STREET	99801	-134.42152703059415	58.30032301319301	
800 F STREET	99801	-134.42144084442916	58.3002288978041	
800 F STREET	99801	-134.42151516384925	58.3005599281357	
800 F STREET	99801	-134.42140972229615	58.30046836282702	
800 F STREET	99801	-134.4215991150058	58.300533728947975	
800 F STREET	99801	-134.42150474429027	58.30044363820357	
800 F STREET	99801	-134.42167552480555	58.30050890901966	
800 F STREET	99801	-134.42157842860144	58.300422459951285	
315 WEST ELEVENTH STREET	99801	-134.41776860431122	58.30403747001715	
609 WEST WILLOUGHBY AVENUE	99801	-134.41787094308333	58.300287836190215	
619 WEST WILLOUGHBY AVENUE	99801	-134.4180954006318	58.29979210116599	
1301 WEST NINTH STREET	99801	-134.42652086497156	58.299347823786256	
1250 WEST NINTH STREET	99801	-134.4265794944169	58.29996414400325	
1250 WEST NINTH STREET	99801	-134.42638799695453	58.30002615202719	
1250 WEST NINTH STREET	99801	-134.4264987313813	58.29990253380082	
1250 WEST NINTH STREET	99801	-134.42631902430702	58.29996735198487	
1250 WEST NINTH STREET	99801	-134.42654781802335	58.29997732618133	
1250 WEST NINTH STREET	99801	-134.42647053506116	58.29991433811604	
1250 WEST NINTH STREET	99801	-134.4263528180297	58.29995442800892	
1250 WEST NINTH STREET	99801	-134.42642257490644	58.30001570297329	
1250 WEST NINTH STREET	99801	-134.42651423270982	58.299990676872476	
1250 WEST NINTH STREET	99801	-134.42644186712548	58.2999252970033	
1250 WEST NINTH STREET	99801	-134.4263898771284	58.29994195718662	
1250 WEST NINTH STREET	99801	-134.4264603832001	58.300004982965845	
1240 WEST NINTH STREET	99801	-134.426288531893	58.3000514419725	
1240 WEST NINTH STREET	99801	-134.42619079878335	58.29997233813935	
1240 WEST NINTH STREET	99801	-134.42611394521586	58.30010604593133	
1240 WEST NINTH STREET	99801	-134.42601710143833	58.30002883604009	
1240 WEST NINTH STREET	99801	-134.42625883718298	58.300061359972645	
1240 WEST NINTH STREET	99801	-134.42615956615754	58.299982017781744	
1240 WEST NINTH STREET	99801	-134.42604809421397	58.30001851585361	
1240 WEST NINTH STREET	99801	-134.42614499728026	58.30009633186407	
1240 WEST NINTH STREET	99801	-134.42622643674733	58.30007282578343	
1240 WEST NINTH STREET	99801	-134.42612932257688	58.29999225914829	
1240 WEST NINTH STREET	99801	-134.42608092943422	58.30000903022928	
1240 WEST NINTH STREET	99801	-134.42617735280018	58.30008642378652	
1230 WEST NINTH STREET	99801	-134.42601941280358	58.30013806282473	
1230 WEST NINTH STREET	99801	-134.42592567719694	58.30005760821127	
1230 WEST NINTH STREET	99801	-134.42585323974737	58.30019383022025	
1230 WEST NINTH STREET	99801	-134.42575024161184	58.30011590302328	
1230 WEST NINTH STREET	99801	-134.42598832390823	58.30014978398285	
1230 WEST NINTH STREET	99801	-134.42589367381663	58.30006906788678	
1230 WEST NINTH STREET	99801	-134.42578058310886	58.300106750211704	
1230 WEST NINTH STREET	99801	-134.42588487841167	58.300184221913305	
1230 WEST NINTH STREET	99801	-134.42595753055858	58.30016055492644	
1230 WEST NINTH STREET	99801	-134.42585831972028	58.300082110774476	
1230 WEST NINTH STREET	99801	-134.42581766736043	58.30009383383928	
1230 WEST NINTH STREET	99801	-134.42591427128775	58.300174134014334	
1200 WEST NINTH STREET	99801	-134.42546925937071	58.30022534006735	
1200 WEST NINTH STREET	99801	-134.42538672126412	58.30024284505384	
1200 WEST NINTH STREET	99801	-134.4252741506809	58.30028383285797	
1200 WEST NINTH STREET	99801	-134.42521832936916	58.30030399301336	
1200 WEST NINTH STREET	99801	-134.42553061430468	58.300235596940645	
1200 WEST NINTH STREET	99801	-134.42547669831959	58.30025488904971	
1200 WEST NINTH STREET	99801	-134.42541768798858	58.30027382192917	
1200 WEST NINTH STREET	99801	-134.42536326535375	58.30029275715866	
1200 WEST NINTH STREET	99801	-134.42530734163404	58.300311632901625	
1200 WEST NINTH STREET	99801	-134.42532990102575	58.30026514213818	
1200 WEST NINTH STREET	99801	-134.42557806241965	58.30027545517218	
1200 WEST NINTH STREET	99801	-134.42546371317218	58.30031540210137	
1200 WEST NINTH STREET	99801	-134.42541732327257	58.30033208003833	
1200 WEST NINTH STREET	99801	-134.42535807129474	58.30035170582319	
1200 WEST NINTH STREET	99801	-134.42516660707005	58.3003211991628	
1200 WEST NINTH STREET	99801	-134.42525134694742	58.300334940097	
1200 WEST NINTH STREET	99801	-134.4253017262652	58.300372472975965	
1200 WEST NINTH STREET	99801	-134.4252040263932	58.30035117478433	
1200 WEST NINTH STREET	99801	-134.42524999767787	58.30039057501266	
1200 WEST NINTH STREET	99801	-134.425521620372	58.300294264839394	
1200 WEST NINTH STREET	99801	-134.42505261355544	58.300392077968915	
1200 WEST NINTH STREET	99801	-134.42500152277196	58.30041024419218	
1200 WEST NINTH STREET	99801	-134.42495069878817	58.30042612906812	
1200 WEST NINTH STREET	99801	-134.42489323535605	58.30044472199201	
1200 WEST NINTH STREET	99801	-134.4248428452585	58.30046541498102	
1200 WEST NINTH STREET	99801	-134.4250880970092	58.30042667096263	
1200 WEST NINTH STREET	99801	-134.4250388055512	58.300444241934144	
1200 WEST NINTH STREET	99801	-134.42498763302106	58.30046115299476	
1200 WEST NINTH STREET	99801	-134.42493213420445	58.30048082402317	
1200 WEST NINTH STREET	99801	-134.42488410937105	58.30049796919442	
1200 WEST NINTH STREET	99801	-134.42513083615546	58.300466868842655	
1200 WEST NINTH STREET	99801	-134.42508083682503	58.30048327623348	
1200 WEST NINTH STREET	99801	-134.42503313538512	58.300498150926984	
1200 WEST NINTH STREET	99801	-134.42497571597048	58.30051618681487	
1200 WEST NINTH STREET	99801	-134.42492962431157	58.30053116014922	
1200 WEST NINTH STREET	99801	-134.42518433801715	58.30044723792932	
1200 WEST NINTH STREET	99801	-134.42513763909707	58.30040960505849	
1200 WEST NINTH STREET	99801	-134.4248790258049	58.30054985686491	
1200 WEST NINTH STREET	99801	-134.42483322340348	58.30051438978775	
1200 WEST NINTH STREET	99801	-134.42479312620247	58.3004837388256	
360 DISTIN AVENUE	99801	-134.41658715172764	58.302335396075804	
360 DISTIN AVENUE	99801	-134.41650441958492	58.30234542718971	
360 DISTIN AVENUE	99801	-134.41659737725053	58.30236538509533	
360 DISTIN AVENUE	99801	-134.41651456425942	58.30237421116548	
300 WEST ELEVENTH STREET	99801	-134.41789734726447	58.30440542411188	
300 WEST ELEVENTH STREET	99801	-134.4177966227649	58.30444161697007	
300 WEST ELEVENTH STREET	99801	-134.41769695019258	58.30447484198411	
300 WEST ELEVENTH STREET	99801	-134.41759276538255	58.30441308388174	
300 WEST ELEVENTH STREET	99801	-134.4176196636371	58.304403415835026	
300 WEST ELEVENTH STREET	99801	-134.41769367583336	58.304379215027915	
300 WEST ELEVENTH STREET	99801	-134.4177160932913	58.304370760906856	
300 WEST ELEVENTH STREET	99801	-134.41779683027576	58.30434414211745	
300 WEST ELEVENTH STREET	99801	-134.417817009132	58.30433689201247	
1415 GLACIER AVENUE	99801	-134.42754724228595	58.30372348319737	
723 SIXTH STREET	99801	-134.40521869871927	58.304729243223605	
715 SIXTH STREET	99801	-134.4051322601277	58.304522285805845	
433 NELSON STREET	99801	-134.40347147818662	58.3045317909874	
615 EAST STREET	99801	-134.4070819393658	58.304501907167484	
429 NELSON STREET	99801	-134.40339867602103	58.304487996050945	
508 KENNEDY STREET	99801	-134.40548201828526	58.304207002031184	
626 FIFTH STREET	99801	-134.40568203986135	58.30407920104982	
526 EAST STREET	99801	-134.40683653579987	58.30404382577136	
604 FIFTH STREET	99801	-134.40617923401493	58.3039634088294	
534 FIFTH STREET	99801	-134.4065539392862	58.30387985817999	
523 HARRIS STREET	99801	-134.40751296361557	58.3038820651933	
526 FIFTH STREET	99801	-134.40686668056586	58.30385773092903	
512 FIFTH STREET	99801	-134.40705940243194	58.30372822905194	
423 EAST STREET	99801	-134.4057449623554	58.30368521804028	
504 FIFTH STREET	99801	-134.4072852496742	58.30371693811775	
622 FOURTH STREET	99801	-134.4049423428019	58.30357799920081	
531 FIFTH STREET	99801	-134.4062739137509	58.30370560706082	
517 FIFTH STREET	99801	-134.40666660509083	58.30355815006531	
424 EAST STREET	99801	-134.40597658306996	58.303577293101554	
604 FOURTH STREET	99801	-134.40523958544793	58.30345168791784	
503 FIFTH STREET	99801	-134.4069439356803	58.30347605786084	
420 EAST STREET	99801	-134.40593649664874	58.30351152008156	
613 FOURTH STREET	99801	-134.40485575508995	58.30343484908546	
400 EAST STREET	99801	-134.40572453197092	58.303377218172955	
603 FOURTH STREET	99801	-134.40497724594394	58.303334333229174	
120 FOURTH STREET	99801	-134.41036522783037	58.30200756182952	
809 BASIN ROAD	99801	-134.41024999194573	58.30494117402971	
724 SIXTH STREET	99801	-134.4054366192274	58.30485590723038	
823 PARK STREET	99801	-134.40450386702688	58.304943003870164	
527 NELSON STREET	99801	-134.40410177302084	58.304912051849115	
720 SIXTH STREET	99801	-134.40557084639548	58.30479163322101	
716 SIXTH STREET	99801	-134.40572767158284	58.304769214859334	
706 SIXTH STREET	99801	-134.40590542392306	58.304706267890204	
531 PARK STREET	99801	-134.4043795060556	58.304792909914156	
517 NELSON STREET	99801	-134.4039599658684	58.30479984889403	
536 PARK STREET	99801	-134.40494496767914	58.304786711934256	
634 SIXTH STREET	99801	-134.40628025495852	58.304620576216905	
418 EIGHTH STREET	99801	-134.41010493379025	58.304678813954304	
624 SIXTH STREET	99801	-134.40648561612068	58.304556324906926	
530 PARK STREET	99801	-134.40471833980095	58.30466455222842	
525 PARK STREET	99801	-134.40429033029733	58.30469899709248	
445 NELSON STREET	99801	-134.4036738102296	58.304638091772496	
401 EIGHTH STREET	99801	-134.41029533800295	58.30455735712375	
619 EAST STREET	99801	-134.40688375394615	58.30464484104787	
726 BASIN ROAD	99801	-134.40974670272297	58.304593637142446	
535 KENNEDY STREET	99801	-134.40565893070067	58.30458484088852	
808 FIFTH STREET	99801	-134.4040577762332	58.30459917910694	
712 BASIN ROAD	99801	-134.40932742933543	58.30453006684893	
740 FIFTH STREET	99801	-134.40448526291732	58.30450702200529	
529 KENNEDY STREET	99801	-134.40555433536053	58.30451653002283	
618 SIXTH STREET	99801	-134.40667315919916	58.3044773637706	
730 GOLD STREET	99801	-134.41061026308705	58.30438694418459	
434 SEVENTH STREET	99801	-134.40916742860355	58.304466006998325	
418 SEVENTH STREET	99801	-134.4096106007709	58.304341185154705	
437 PARK STREET	99801	-134.40388690408972	58.30444074003128	
523 KENNEDY STREET	99801	-134.40544164440308	58.30444872215577	
718 FIFTH STREET	99801	-134.40489713688186	58.30435754213502	
633 HARRIS STREET	99801	-134.4085860991388	58.30441867590444	
538 SIXTH STREET	99801	-134.40726078675237	58.30430619008352	
709 GOLD STREET	99801	-134.40994900961314	58.30430733322336	
517 KENNEDY STREET	99801	-134.4053040117218	58.304378098793286	
520 SIXTH STREET	99801	-134.40768092881078	58.30431746100645	
628 BASIN ROAD	99801	-134.40809399933121	58.304379873913106	
419 SEVENTH STREET	99801	-134.4089338181207	58.304350158934106	
511 KENNEDY STREET	99801	-134.4051983761326	58.30431175899603	
739 FIFTH STREET	99801	-134.4041464731894	58.30433447310794	
700 GOLD STREET	99801	-134.4105213406537	58.304164585828985	
512 SIXTH STREET	99801	-134.4077414393283	58.30420557994608	
413 SEVENTH STREET	99801	-134.40921248630158	58.30426546416896	
528 SIXTH STREET	99801	-134.4074087123302	58.30421977719531	
501 KENNEDY STREET	99801	-134.40508124031112	58.30424039198752	
725 FIFTH STREET	99801	-134.40427580992906	58.30416319206121	
529 EAST STREET	99801	-134.406462803404	58.30417716702323	
510 SIXTH STREET	99801	-134.40795555726783	58.304145773027265	
625 SIXTH STREET	99801	-134.40601488543703	58.30434459002769	
411 SEVENTH STREET	99801	-134.40935713931685	58.30418114018003	
719 FIFTH STREET	99801	-134.40457793941025	58.304201873934474	
845 GOLDBELT AVENUE	99801	-134.41489579921912	58.30402273982306	
534 EAST STREET	99801	-134.4070999990963	58.3041505381765	
308 SEVENTH STREET	99801	-134.41072851820934	58.30405012299832	
504 KENNEDY STREET	99801	-134.40541930599696	58.30416387596556	
513 EAST STREET	99801	-134.4063273509339	58.304072878812846	
633 GOLD STREET	99801	-134.4095577097636	58.30410509082255	
614 HARRIS STREET	99801	-134.4083512076583	58.304010698997594	
439 KENNEDY STREET	99801	-134.4048771502651	58.304119553839236	
418 PARK STREET	99801	-134.4038193642551	58.30413054776695	
306 SEVENTH STREET	99801	-134.41093902492145	58.30398405492201	
517 SIXTH STREET	99801	-134.40733184977955	58.30406819294664	
435 KENNEDY STREET	99801	-134.404828861327	58.304084772829945	
829 GOLDBELT AVENUE	99801	-134.41467704058283	58.303914204218735	
426 SIXTH STREET	99801	-134.4086174907664	58.30394497115002	
431 KENNEDY STREET	99801	-134.40476368226493	58.30404526579839	
242 SEVENTH STREET	99801	-134.41110366365515	58.30386894299636	
638 GOLD STREET	99801	-134.40995542268595	58.30399089588743	
440 KENNEDY STREET	99801	-134.40512398305066	58.303995518045824	
425 KENNEDY STREET	99801	-134.40469318697302	58.304004164826765	
416 SIXTH STREET	99801	-134.40893237003644	58.30392314601136	
535 HARRIS STREET	99801	-134.4077191467362	58.303972143879584	
825 GOLDBELT AVENUE	99801	-134.41440484027194	58.303872194046825	
419 KENNEDY STREET	99801	-134.4042578499116	58.303981754933815	
327 SEVENTH STREET	99801	-134.41018928110387	58.3039190548288	
421 KENNEDY STREET	99801	-134.40462374181166	58.303973944978985	
234 SEVENTH STREET	99801	-134.4112338448112	58.30379256776765	
805 GOLDBELT AVENUE	99801	-134.4142332863072	58.30370770316738	
313 SEVENTH STREET	99801	-134.41037165797115	58.303827383047356	
819 GOLDBELT AVENUE	99801	-134.41452847899777	58.30379562389387	
633 NORTH FRANKLIN STREET	99801	-134.41061853836743	58.303768756877574	
618 GOLD STREET	99801	-134.40958606688216	58.30381230915832	
222 SEVENTH STREET	99801	-134.41143673111475	58.30372494494898	
418 KENNEDY STREET	99801	-134.4048365221597	58.30380630121797	
747 GOLDBELT AVENUE	99801	-134.41412061690934	58.3036348368419	
102 SEVENTH STREET	99801	-134.41339525426685	58.303511320900796	
326 SIXTH STREET	99801	-134.40975056637697	58.30365556289267	
206 SEVENTH STREET	99801	-134.41188799261118	58.303628076990066	
419 SIXTH STREET	99801	-134.40831666024908	58.30382051420305	
227 SEVENTH STREET	99801	-134.4108161578485	58.30362646514136	
604 GOLD STREET	99801	-134.40937323892337	58.30369418679419	
312 SIXTH STREET	99801	-134.41008805175113	58.3036560650905	
101 GOLDBELT AVENUE	99801	-134.4137633084118	58.30358848118621	
416 FIFTH STREET	99801	-134.40770971532405	58.30353192619391	
227 SEVENTH STREET	99801	-134.41115470772624	58.30355674683378	
814 GOLDBELT AVENUE	99801	-134.41475041317858	58.3036049971035	
605 NORTH FRANKLIN STREET	99801	-134.41013738093832	58.30348612782679	
312 SIXTH STREET	99801	-134.40997420735687	58.30360247714278	
120 SEVENTH STREET	99801	-134.4127056391828	58.30357996693327	
213 SEVENTH STREET	99801	-134.4114043800864	58.30350902418579	
802 GOLDBELT AVENUE	99801	-134.4144732038617	58.30351191608315	
815 DIXON STREET	99801	-134.4149665101067	58.303510139031864	
312 SIXTH STREET	99801	-134.4098416142243	58.303547298029315	
532 GOLD STREET	99801	-134.40893771501237	58.303365865767475	
112 WEST EIGHT STREET	99801	-134.4145895833017	58.303442326876045	
400 FIFTH STREET	99801	-134.40823962701856	58.303375741775184	
238 SIXTH STREET	99801	-134.41045038542435	58.303395697211656	
232 SIXTH STREET	99801	-134.41057809711165	58.30335438686386	
325 SIXTH STREET	99801	-134.40936229923986	58.303441417816956	
801 DIXON STREET	99801	-134.4147457760751	58.30336883177965	
423 HARRIS STREET	99801	-134.40653867511293	58.30343705612651	
226 SIXTH STREET	99801	-134.41068999934828	58.30327755316082	
638 SEWARD STREET	99801	-134.41207866182688	58.30338583914529	
119 SEVENTH STREET	99801	-134.4127670282527	58.3033570380567	
129 SEVENTH STREET	99801	-134.4123462447972	58.30336007722872	
734 GOLDBELT AVENUE	99801	-134.41407399614272	58.303295421961685	
319 SIXTH STREET	99801	-134.40957290656326	58.30342243896093	
707 MAIN STREET	99801	-134.41309323707506	58.303365727945135	
425 HARRIS STREET	99801	-134.40678794502784	58.30336498077811	
438 HARRIS STREET	99801	-134.40730482126926	58.30340257699432	
202 SIXTH STREET	99801	-134.41110646639882	58.303243129096714	
411 HARRIS STREET	99801	-134.40631778657107	58.30336460082269	
305 SIXTH STREET	99801	-134.40985013743972	58.30331865214457	
643 MAIN STREET	99801	-134.4129133350664	58.30324731522857	
634 SEWARD STREET	99801	-134.41190674224782	58.30326222982379	
430 FOURTH STREET	99801	-134.4067268874363	58.303024944046705	
712 MAIN STREET	99801	-134.4133808569678	58.30321277785593	
125 SEVENTH STREET	99801	-134.41249414522218	58.3032104381699	
418 HARRIS STREET	99801	-134.40710095400544	58.3033118360649	
636 SEWARD STREET	99801	-134.41217149283003	58.30320107706428	
326 FIFTH STREET	99801	-134.4088645148931	58.30314769799426	
525 NORTH FRANKLIN STREET	99801	-134.4097216379299	58.30322983108023	
401 HARRIS STREET	99801	-134.40631156034783	58.30315643513382	
635 MAIN STREET	99801	-134.4127857877708	58.30315267520464	
132 SIXTH STREET	99801	-134.41159486874074	58.303072159005545	
126 WEST SEVENTH STREET	99801	-134.41395227262507	58.30310020607347	
128 SIXTH STREET	99801	-134.4117848381688	58.3029866512302	
523 FOURTH STREET	99801	-134.40562572627283	58.303115237786145	
519 NORTH FRANKLIN STREET	99801	-134.4094868407725	58.30313416677517	
623 MAIN STREET	99801	-134.4125676310057	58.30306539715821	
424 FOURTH STREET	99801	-134.40711867057945	58.30303347589713	
640 MAIN STREET	99801	-134.41313841424903	58.30304531881581	
717 DIXON STREET	99801	-134.4142278847374	58.30301781214317	
114 SIXTH STREET	99801	-134.41209300702366	58.30298364978605	
517 FOURTH STREET	99801	-134.40591313955304	58.303070029821455	
339 FIFTH STREET	99801	-134.4083842908136	58.30306547881393	
505 NORTH FRANKLIN STREET	99801	-134.40940143973506	58.3029989779637	
418 FOURTH STREET	99801	-134.40727712441245	58.30289959697446	
624 MAIN STREET	99801	-134.4129764372235	58.30293957586926	
609 MAIN STREET	99801	-134.41240823843327	58.30293976891726	
520 THIRD STREET	99801	-134.40519281196774	58.302886010908445	
117 WEST SEVENTH STREET	99801	-134.41329687077695	58.30296846697762	
329 FIFTH STREET	99801	-134.40858094999558	58.30297778613682	
432 GOLD STREET	99801	-134.4082554634187	58.30299206411859	
707 DIXON STREET	99801	-134.4140372730139	58.302902922218074	
411 GOLD STREET	99801	-134.40760249959823	58.302931608980344	
329 HARRIS STREET	99801	-134.40607865594075	58.30292873591556	
315 FIFTH STREET	99801	-134.40877392877988	58.302879881034585	
426 GOLD STREET	99801	-134.40813870578796	58.30294278499713	
536 SEWARD STREET	99801	-134.41119990106986	58.30288504377896	
108 SIXTH STREET	99801	-134.41223906680062	58.3028679587644	
433 FOURTH STREET	99801	-134.40644975537452	58.30282989611471	
716 CALHOUN AVENUE	99801	-134.41491923985814	58.30270479709712	
512 THIRD STREET	99801	-134.40559115101584	58.30283388594286	
431 NORTH FRANKLIN STREET	99801	-134.40900488294446	58.30275467221716	
414 GOLD STREET	99801	-134.40801950384133	58.302807256085174	
526 SEWARD STREET	99801	-134.41108276973998	58.30275231503677	
423 FOURTH STREET	99801	-134.40665479763476	58.3027067611021	
127 WEST SEVENTH STREET	99801	-134.41356417706615	58.30283419415978	
124 WEST SIXTH STREET	99801	-134.41315847093435	58.302655985803305	
510 THIRD STREET	99801	-134.40566320308818	58.30267150622837	
326 FOURTH STREET	99801	-134.40810744800933	58.302659658936584	
114 WEST SIXTH STREET	99801	-134.41274520997106	58.30265307589986	
129 SIXTH STREET	99801	-134.41157578582914	58.30282988289865	
408 GOLD STREET	99801	-134.40784055314853	58.30274330214785	
235 FIFTH STREET	99801	-134.4094588995739	58.30275551096554	
434 THIRD STREET	99801	-134.40609110030238	58.30268792486904	
533 MAIN STREET	99801	-134.41203079330032	58.30270933587897	
320 FOURTH STREET	99801	-134.40835227485687	58.302585286173645	
516 THIRD STREET	99801	-134.4053897990348	58.30278762411021	
229 FIFTH STREET	99801	-134.40968251989253	58.30263654679407	
633 CALHOUN AVENUE	99801	-134.41401528764564	58.30262262078398	
318 FOURTH STREET	99801	-134.40852838417842	58.302524288950025	
525 MAIN STREET	99801	-134.41176055131677	58.302574456023514	
424 NORTH FRANKLIN STREET	99801	-134.40922571219753	58.30261685383581	
424 THIRD STREET	99801	-134.406241293228	58.3025596081631	
217 FIFTH STREET	99801	-134.40993169099278	58.30261178922923	
420 THIRD STREET	99801	-134.40635987982867	58.302514879990284	
336 GOLD STREET	99801	-134.4075849159749	58.30258070206344	
437 SEWARD STREET	99801	-134.4101068597782	58.3025474790467	
414 THIRD STREET	99801	-134.40649702472476	58.30241342317052	
224 FOURTH STREET	99801	-134.40902701024655	58.302463548864665	
325 FOURTH STREET	99801	-134.40780248524172	58.30247754904232	
227 HARRIS STREET	99801	-134.4054503957906	58.30251942918061	
526 MAIN STREET	99801	-134.4125040204021	58.30233182108657	
431 SEWARD STREET	99801	-134.4101040606278	58.30248878609132	
227 HARRIS STREET	99801	-134.40520509732755	58.30237721407738	
328 GOLD STREET	99801	-134.40741474541565	58.30249604082304	
423 SEWARD STREET	99801	-134.40993237730567	58.30240206620774	
225 WEST SEVENTH STREET	99801	-134.4144681966523	58.302431794151026	
439 THIRD STREET	99801	-134.40575443958167	58.30244527088595	
303 GOLD STREET	99801	-134.4066677953586	58.30235770505784	
339 NORTH FRANKLIN STREET	99801	-134.40824030794153	58.30235898514284	
213 HARRIS STREET	99801	-134.40508034738573	58.30230559017016	
302 GOLD STREET	99801	-134.40737353430367	58.30220298199035	
239 WEST SEVENTH STREET	99801	-134.41469546233435	58.30232024178169	
206 FOURTH STREET	99801	-134.40957164532858	58.30221285313053	
423 THIRD STREET	99801	-134.40573776056178	58.30222774408931	
311 NORTH FRANKLIN STREET	99801	-134.4080671262295	58.302221831225815	
411 THIRD STREET	99801	-134.40606567258993	58.30215860312644	
350 NORTH FRANKLIN STREET	99801	-134.40846754038594	58.30218804901226	
235 GOLD STREET	99801	-134.40639919280042	58.30225093013225	
301 NORTH FRANKLIN STREET	99801	-134.40787411600417	58.30213642712591	
301 THIRD STREET	99801	-134.40754344794473	58.30193091589524	
211 FOURTH STREET	99801	-134.40922806129197	58.30212975006168	
430 MAIN STREET	99801	-134.41147233763766	58.30208809508357	
223 GOLD STREET	99801	-134.40623103806072	58.30209151622178	
234 GOLD STREET	99801	-134.4067084683797	58.30210506294393	
236 THIRD STREET	99801	-134.40805570504898	58.30190231611628	
325 THIRD STREET	99801	-134.40679293516925	58.3019479489688	
300 VILLAGE STREET	99801	-134.414444786556	58.30205005613955	
113 WEST FIFTH STREET	99801	-134.4116558526704	58.30195834081057	
426 MAIN STREET	99801	-134.41134947505626	58.301970976126775	
323 THIRD STREET	99801	-134.40688696362665	58.3019128821445	
215 GOLD STREET	99801	-134.40605077762424	58.30199380502442	
224 GOLD STREET	99801	-134.40659936978508	58.30198303983101	
250 VILLAGE STREET	99801	-134.41375755919398	58.30185942796883	
315 THIRD STREET	99801	-134.40711773273833	58.30186958099734	
305 VILLAGE STREET	99801	-134.41433889404863	58.30192584222224	
432 FIRST STREET	99801	-134.40463182575087	58.30174529422804	
214 THIRD STREET	99801	-134.4084792705869	58.301825002052986	
209 GOLD STREET	99801	-134.4059539051006	58.30191790200983	
299 NORTH FRANKLIN STREET	99801	-134.40760039484553	58.301915112881154	
324 VILLAGE STREET	99801	-134.41495624326134	58.30192714497953	
301 SEWARD STREET	99801	-134.40882426677516	58.30168299609418	
233 NORTH FRANKLIN STREET	99801	-134.40746948335916	58.301834066153376	
419 SECOND STREET	99801	-134.4053724184307	58.3018349110598	
213 THIRD STREET	99801	-134.40833525627383	58.30167286708499	
229 NORTH FRANKLIN STREET	99801	-134.407385943631	58.30177575009903	
324 SECOND STREET	99801	-134.40661220221892	58.30169727695852	
320 WEST WILLOUGHBY AVENUE	99801	-134.41482700892962	58.301632353851225	
310 SECOND STREET	99801	-134.4068650240725	58.30164798517733	
123 GOLD STREET	99801	-134.40567128612906	58.30171157480969	
223 NORTH FRANKLIN STREET	99801	-134.40724841156103	58.30177475886641	
220 NORTH FRANKLIN STREET	99801	-134.4077817817694	58.3017421808108	
201 NORTH FRANKLIN STREET	99801	-134.40716789107054	58.30168912806345	
426 FIRST STREET	99801	-134.40462025724665	58.3015881201252	
220 SEWARD STREET	99801	-134.40850014473912	58.30129262616382	
440 FIRST STREET	99801	-134.40438516364523	58.30162656786097	
410 CALHOUN AVENUE	99801	-134.41162457872213	58.3015264169304	
422 CALHOUN AVENUE	99801	-134.4118642591214	58.301599342824126	
350 MAIN STREET	99801	-134.41054491514168	58.301395331859716	
200 NORTH FRANKLIN STREET	99801	-134.40718062379136	58.30146743198921	
424 FIRST STREET	99801	-134.40473336142915	58.301553510802215	
210 SEWARD STREET	99801	-134.40844876918976	58.30126252578189	
414 FIRST STREET	99801	-134.4050121562725	58.30152009093317	
224 SECOND STREET	99801	-134.40756154360778	58.30138110090772	
124 GOLD STREET	99801	-134.40575088135483	58.30149176506536	
127 NORTH FRANKLIN STREET	99801	-134.4064546511928	58.30131811298107	
221 SEWARD STREET	99801	-134.4083160404116	58.3013782857756	
234 SEWARD STREET	99801	-134.4088316239773	58.30148368503776	
410 WILLOUGHBY AVENUE	99801	-134.4148569587612	58.3011361519501	
209 SEWARD STREET	99801	-134.40817536962794	58.30128615096582	
413 FIRST STREET	99801	-134.40449715301844	58.30144332310585	
116 GOLD STREET	99801	-134.40564647735584	58.30143585008503	
201 SEWARD STREET	99801	-134.40802411758864	58.301203639997674	
222 SEWARD STREET	99801	-134.40855168827355	58.30132103621093	
336 FIRST STREET	99801	-134.40547646579844	58.301313973823135	
235 SECOND STREET	99801	-134.4071854109135	58.3013046698024	
403 FIRST STREET	99801	-134.4049576482977	58.30131198708378	
200 SEWARD STREET	99801	-134.40824857693372	58.301141735050216	
105 GASTINEAU AVENUE	99801	-134.40502450810766	58.30128717006146	
120 SECOND STREET	99801	-134.40849998843228	58.301057937948954	
115 GASTINEAU AVENUE	99801	-134.40488744675488	58.30122636884955	
112 GASTINEAU AVENUE	99801	-134.40507126721482	58.301122177203	
240 MAIN STREET	99801	-134.40976981907014	58.30108367510833	
120 SECOND STREET	99801	-134.40884202556998	58.30109378115701	
123 SEWARD STREET	99801	-134.407773289995	58.30112302401449	
125 GASTINEAU AVENUE	99801	-134.4046594507425	58.30108478106235	
112 NORTH FRANKLIN STREET	99801	-134.40647103826024	58.30103100182622	
137 GASTINEAU AVENUE	99801	-134.40447967898953	58.30095685787698	
120 SEWARD STREET	99801	-134.40783109838017	58.3008876407945	
400 WILLOUGHBY AVENUE	99801	-134.41326431313607	58.3009754920603	
109 SEWARD STREET	99801	-134.40729505209057	58.300749125978356	
415 RAWN WAY	99801	-134.40416916822673	58.300981578837664	
204 MAIN STREET	99801	-134.40943606619604	58.30082256609673	
214 SECOND STREET	99801	-134.4079332637774	58.30125129117557	
119 SECOND STREET	99801	-134.40855772495223	58.30091039581084	
121 SEWARD STREET	99801	-134.40772984567124	58.30102763486841	
127 SOUTH FRANKLIN STREET	99801	-134.40559224875713	58.30076667318833	
119 SEWARD STREET	99801	-134.40754909026302	58.30089582999649	
238 FRONT STREET	99801	-134.4062095791052	58.300636695991436	
143 GASTINEAU AVENUE	99801	-134.4043526176825	58.30089095584261	
117 SOUTH FRANKLIN STREET	99801	-134.40585219155594	58.300876052992585	
153 GASTINEAU AVENUE	99801	-134.40400080238294	58.30085177519231	
220 FRONT STREET	99801	-134.40666543368772	58.30067587404764	
396 WHITTIER STREET	99801	-134.41363746162702	58.30057219812679	
157 GASTINEAU AVENUE	99801	-134.40419079337056	58.300801204924156	
142 GASTINEAU AVENUE	99801	-134.40456007641083	58.30077833891083	
214 FRONT STREET	99801	-134.40690435231562	58.30070161006884	
165 GASTINEAU AVENUE	99801	-134.40402721195397	58.300682455092094	
118 SEWARD STREET	99801	-134.40771655779153	58.30081588217618	
111 SEWARD STREET	99801	-134.40735958077235	58.30078519796114	
211 DIXON STREET	99801	-134.4102265513067	58.30062054215236	
203 WEST THIRD STREET	99801	-134.4109458566092	58.30072054506944	
450 WHITTIER STREET	99801	-134.4143992365812	58.300428010121706	
318 WILLOUGHBY AVENUE	99801	-134.412438960816	58.30055114503988	
324 WILLOUGHBY AVENUE	99801	-134.41264269423084	58.30056828498476	
187 GASTINEAU AVENUE	99801	-134.40382905438207	58.300512607865535	
175 GASTINEAU AVENUE	99801	-134.4038937249977	58.30058939895348	
124 FRONT STREET	99801	-134.4078181051479	58.300600356215575	
105 SOUTH SEWARD STREET	99801	-134.4068658648956	58.30040572777303	
306 WILLOUGHBY AVENUE	99801	-134.4123399107761	58.30044975009019	
214 DIXON STREET	99801	-134.4105368743216	58.30047249500338	
229 FRONT STREET	99801	-134.40633834361802	58.300466683805745	
237 FRONT STREET	99801	-134.40601684466267	58.30046576900579	
241 FRONT STREET	99801	-134.4059090665915	58.30045374490706	
304 WILLOUGHBY AVENUE	99801	-134.41229462760097	58.30039996612795	
249 FRONT STREET	99801	-134.4057523249475	58.300444027159024	
125 DIXON STREET	99801	-134.4094430874283	58.30033816598231	
203 GASTINEAU AVENUE	99801	-134.40326497257075	58.300379631846646	
350 WHITTIER STREET	99801	-134.41352084682842	58.29971095091853	
213 GASTINEAU AVENUE	99801	-134.40320825743532	58.30030404210501	
124 DIXON STREET	99801	-134.40976893512791	58.300123067138266	
215 GASTINEAU AVENUE	99801	-134.40330819860392	58.300165076097215	
128 DIXON STREET	99801	-134.4099686036661	58.30018843295297	
123 SOUTH SEWARD STREET	99801	-134.4067659129472	58.30012178414014	
223 GASTINEAU AVENUE	99801	-134.40319743902432	58.30005813878246	
51 EGAN DRIVE	99801	-134.40991523116182	58.29983809407524	
210 FERRY WAY	99801	-134.4053777669999	58.299609779198576	
100 MAIN STREET	99801	-134.40839531943035	58.30004302882878	
326 DECKER WAY	99801	-134.40365619157194	58.29984904684957	
360 WHITTIER STREET	99801	-134.4144864414357	58.29950067398724	
227 GASTINEAU AVENUE	99801	-134.4028732487164	58.29981924309789	
155 SOUTH SEWARD STREET	99801	-134.40657011794448	58.299653078862704	
231 GASTINEAU AVENUE	99801	-134.40269612429856	58.29967340506477	
322 DECKER WAY	99801	-134.40368477237104	58.29969778185846	
101 EGAN DRIVE	99801	-134.41157196709088	58.29987998819454	
242 DECKER WAY	99801	-134.40318628464348	58.2997021402335	
255 GASTINEAU AVENUE	99801	-134.40259335074185	58.29957356298797	
323 DECKER WAY	99801	-134.40354207678476	58.29956717385962	
265 GASTINEAU AVENUE	99801	-134.40234245218133	58.29947502819755	
76 EGAN DRIVE	99801	-134.40965138877638	58.299215273899556	
144 MARINE WAY	99801	-134.4061938630793	58.299234787956046	
200 EGAN DRIVE	99801	-134.41078742343748	58.29926772707741	
269 GASTINEAU AVENUE	99801	-134.40251325335788	58.299427646054596	
2 MARINE WAY	99801	-134.4072573497981	58.29942491715167	
259 SOUTH FRANKLIN STREET	99801	-134.4036333366345	58.29911669987535	
249 SOUTH FRANKLIN STREET	99801	-134.40380666028034	58.29937462004807	
2 MARINE WAY	99801	-134.40682539938527	58.299265010907476	
252 MARINE WAY	99801	-134.4058587546474	58.29896076220504	
254 SOUTH FRANKLIN STREET	99801	-134.4040676621929	58.29919355677518	
285 SOUTH FRANKLIN STREET	99801	-134.4034531112323	58.29892454391407	
250 EGAN DRIVE	99801	-134.41131276719878	58.298862523102514	
289 SOUTH FRANKLIN STREET	99801	-134.40333937643248	58.298825667909	
331 GASTINEAU AVENUE	99801	-134.40222000013	58.298796224889756	
307 SOUTH FRANKLIN STREET	99801	-134.40315125214403	58.29870369391029	
345 EGAN DRIVE	99801	-134.41262631434995	58.298485366157976	
315 SOUTH FRANKLIN STREET	99801	-134.40302239690135	58.298568848823784	
327 SOUTH FRANKLIN STREET	99801	-134.40280226743593	58.298546012995864	
333 EWING WAY	99801	-134.40172285987535	58.29829786507588	
356 SOUTH FRANKLIN STREET	99801	-134.40298453021714	58.29797237782871	
321 EWING WAY	99801	-134.40169987019058	58.29809918923372	
365 SOUTH FRANKLIN STREET	99801	-134.40237119916873	58.29808213400874	
334 CARROL WAY	99801	-134.40145936334125	58.2978880591407	
373 SOUTH FRANKLIN STREET	99801	-134.402241617189	58.29791647994633	
383 SOUTH FRANKLIN STREET	99801	-134.40201330317302	58.297899713066364	
420 GASTINEAU AVENUE	99801	-134.40053908514676	58.297533537117346	
385 SOUTH FRANKLIN STREET	99801	-134.40211853092708	58.29785449277321	
422 GASTINEAU AVENUE	99801	-134.40084387903107	58.29755164296667	
406 SOUTH FRANKLIN STREET	99801	-134.40203897882046	58.29747492789932	
431 SOUTH FRANKLIN STREET	99801	-134.40140820608246	58.29728839582726	
435 SOUTH FRANKLIN STREET	99801	-134.40125716155396	58.297255849046856	
422 SOUTH FRANKLIN STREET	99801	-134.40177710733872	58.29730251087848	
428 SOUTH FRANKLIN STREET	99801	-134.40167973355517	58.29724333289842	
439 SOUTH FRANKLIN STREET	99801	-134.40115584326801	58.29720559323553	
511 SOUTH FRANKLIN STREET	99801	-134.4000660592676	58.296979933816424	
445 SOUTH FRANKLIN STREET	99801	-134.4010225530428	58.29713609217798	
455 SOUTH FRANKLIN STREET	99801	-134.40091108469244	58.29705759977865	
465 SOUTH FRANKLIN STREET	99801	-134.40074392798098	58.297035878969716	
469 SOUTH FRANKLIN STREET	99801	-134.40073924236847	58.29697930878316	
470 SOUTH FRANKLIN STREET	99801	-134.40167296025794	58.29672757101742	
401 SOUTH FRANKLIN STREET	99801	-134.4018757594249	58.29760523819017	
471 SOUTH FRANKLIN STREET	99801	-134.40062615166073	58.296981409064834	
530 SOUTH FRANKLIN STREET	99801	-134.39958879064537	58.29521495214114	
550 SOUTH FRANKLIN STREET	99801	-134.39910656691603	58.295332752985075	
560 SOUTH FRANKLIN STREET	99801	-134.39799962868696	58.29451958804164	
889 SOUTH FRANKLIN STREET	99801	-134.39583575515246	58.29356974007535	
801 SOUTH FRANKLIN STREET	99801	-134.3966929473595	58.294061756047405	
880 SOUTH FRANKLIN STREET	99801	-134.39582380216928	58.29279241882067	
900 THANE ROAD	99801	-134.39438356741022	58.29188833416477	
950 THANE ROAD	99801	-134.39262455109954	58.29123895978731	
1080 THANE ROAD	99801	-134.39148622663276	58.29058964715479	
1030 THANE ROAD	99801	-134.3940824404489	58.29065657313805	
1150 JACOBSEN DRIVE	99801	-134.3928470790668	58.28762053282905	
301 SOUTH FRANKLIN STREET	99801	-134.4030685900699	58.29872583618591	
320 EWING WAY	99801	-134.40236451121143	58.29826431514722	
345 GASTINEAU AVENUE	99801	-134.4021635589807	58.298473466954185	
313 CARROL WAY	99801	-134.40160950955448	58.29769706393689	
387 SOUTH FRANKLIN STREET	99801	-134.4020485503698	58.297787968911344	
425 SOUTH FRANKLIN STREET	99801	-134.40155821305683	58.29739885987907	
415 WILLOUGHBY AVENUE	99801	-134.4133604813805	58.30166726613201	
318 EWING WAY	99801	-134.40238018142324	58.29828441886159	
314 EWING WAY	99801	-134.40241508187037	58.29832037392525	
1076 JACOBSEN DRIVE	99801	-134.39481787320568	58.28993859681833	
915 THANE ROAD	99801	-134.3939545949126	58.29279820814393	
1110 JACOBSEN DRIVE	99801	-134.39646229143557	58.28932979714236	
432 SOUTH FRANKLIN STREET	99801	-134.40154267130407	58.297169488807086	
406 SOUTH FRANKLIN STREET	99801	-134.4019687449383	58.29741871577432	
406 SOUTH FRANKLIN STREET	99801	-134.40211445796558	58.29753950977325	
54 GORDON STREET	99801	-134.41380245699187	58.30205906590095	
46 GORDON STREET	99801	-134.41397684424305	58.302015132908195	
50 GORDON STREET	99801	-134.41393542741687	58.30205459783747	
42 GORDON STREET	99801	-134.41416545721503	58.30204531808411	
510 KENNEDY STREET	99801	-134.40546419032012	58.304253004777586	
317 SIXTH STREET	99801	-134.40964781887143	58.30339260423538	
263 SOUTH FRANKLIN STREET	99801	-134.4036048663282	58.29906718405128	
130 FRONT STREET	99801	-134.40755367706086	58.30065458217504	
807 BASIN ROAD	99801	-134.41017450022417	58.30494839380456	
803 BASIN ROAD	99801	-134.41004913044483	58.30492590002644	
805 BASIN ROAD	99801	-134.41013340768984	58.304914424932754	
611 GOLD STREET	99801	-134.40926933887926	58.303902868977126	
611 GOLD STREET	99801	-134.40919277816258	58.30393720696973	
611 GOLD STREET	99801	-134.40916835207167	58.30384684216984	
611 GOLD STREET	99801	-134.40910486363896	58.303888117959566	
413 SEVENTH STREET	99801	-134.4091439520319	58.30428711587905	
413 SEVENTH STREET	99801	-134.4091050666582	58.304299602161365	
413 SEVENTH STREET	99801	-134.409189970029	58.30425249078868	
413 SEVENTH STREET	99801	-134.4091093156895	58.3042677990654	
413 SEVENTH STREET	99801	-134.40907512221654	58.30428230213401	
413 SEVENTH STREET	99801	-134.40915352537792	58.304233779981956	
413 SEVENTH STREET	99801	-134.4090961778285	58.304251594965905	
619 HARRIS STREET	99801	-134.40821319678628	58.3042290861133	
604 SIXTH STREET	99801	-134.40684204876078	58.30440201310901	
713 FIFTH STREET	99801	-134.40470466923895	58.3041935877971	
490 SOUTH FRANKLIN STREET	99801	-134.40086865726158	58.296280726183895	
110 SEWARD STREET	99801	-134.40759509029377	58.30074275877563	
202 FRONT STREET	99801	-134.4070870983905	58.300700219940886	
218 FRONT STREET	99801	-134.40677919184373	58.300697592150485	
222 FRONT STREET	99801	-134.4065716935895	58.300666997046605	
224 FRONT STREET	99801	-134.4064986839131	58.300660593954774	
234 FRONT STREET	99801	-134.40634244083404	58.30064734122667	
389 SOUTH FRANKLIN STREET	99801	-134.40195201561275	58.297711444128325	
369 SOUTH FRANKLIN STREET	99801	-134.4022569640073	58.29800175686036	
359 SOUTH FRANKLIN STREET	99801	-134.40255096643014	58.29818033515224	
325 SOUTH FRANKLIN STREET	99801	-134.40274409613136	58.29830016307325	
321 SOUTH FRANKLIN STREET	99801	-134.40281044569826	58.298365951917454	
319 SOUTH FRANKLIN STREET	99801	-134.40289869529346	58.298443025235066	
317 SOUTH FRANKLIN STREET	99801	-134.40292986593548	58.29848391599142	
291 SOUTH FRANKLIN STREET	99801	-134.40328659322302	58.29876252484773	
265 SOUTH FRANKLIN STREET	99801	-134.40355139500923	58.29899602408036	
251 SOUTH FRANKLIN STREET	99801	-134.4037365323994	58.29925665799907	
256 SOUTH FRANKLIN STREET	99801	-134.40401225230954	58.29914360818817	
258 SOUTH FRANKLIN STREET	99801	-134.4039806172385	58.29910236085133	
113 GASTINEAU AVENUE	99801	-134.40484136228247	58.30119450682038	
187 GASTINEAU AVENUE	99801	-134.4037863251173	58.30047412021267	
187 GASTINEAU AVENUE	99801	-134.40374126202934	58.30044555796295	
187 GASTINEAU AVENUE	99801	-134.40368917501422	58.30040802893775	
187 GASTINEAU AVENUE	99801	-134.40364731262366	58.30036864194581	
187 GASTINEAU AVENUE	99801	-134.4035954097632	58.30034011878983	
412 GASTINEAU AVENUE	99801	-134.401016088766	58.29767285098954	
102 GASTINEAU AVENUE	99801	-134.4052211520183	58.30120443205254	
244 FRONT STREET	99801	-134.4060746027422	58.30063428580248	
248 FRONT STREET	99801	-134.4059722603768	58.30063105711197	
254 FRONT STREET	99801	-134.40585461970215	58.30062615790397	
251 FRONT STREET	99801	-134.40563594910074	58.300452070133346	
235 FRONT STREET	99801	-134.40609140393295	58.300458943879946	
225 FRONT STREET	99801	-134.4064271313041	58.300479808208536	
292 MARINE WAY	99801	-134.40397905057665	58.298250336905646	
114 SOUTH FRANKLIN STREET	99801	-134.40595816311506	58.30071148304394	
109 SOUTH FRANKLIN STREET	99801	-134.405991561579	58.30096724481754	
110 NORTH FRANKLIN STREET	99801	-134.4064000857258	58.30099253314619	
114 NORTH FRANKLIN STREET	99801	-134.406563722838	58.301097828767944	
116 NORTH FRANKLIN STREET	99801	-134.40660607031882	58.30113298608455	
118 NORTH FRANKLIN STREET	99801	-134.4066578150758	58.301157975975755	
134 NORTH FRANKLIN STREET	99801	-134.40686803342868	58.30125960113112	
217 SECOND STREET	99801	-134.40750456526598	58.30122731714348	
216 SECOND STREET	99801	-134.40774509726813	58.30130589517104	
140 SEWARD STREET	99801	-134.4080611668059	58.30104546515545	
130 SEWARD STREET	99801	-134.40797382001756	58.30100213792945	
128 SEWARD STREET	99801	-134.4079381883418	58.30098211317124	
126 SEWARD STREET	99801	-134.407899143068	58.30095199506015	
124 SEWARD STREET	99801	-134.4078666770553	58.300930267200904	
113 SEWARD STREET	99801	-134.4074387160607	58.30082819880928	
117 SEWARD STREET	99801	-134.40751002612458	58.30087559512586	
1 SEALASKA PLAZA	99801	-134.40721394859344	58.29986361781525	
171 SHATTUCK WAY	99801	-134.40585266856135	58.299676293027225	
204 NORTH FRANKLIN STREET	99801	-134.40723541922708	58.30150631411373	
206 NORTH FRANKLIN STREET	99801	-134.40728029007548	58.30153200799331	
208 NORTH FRANKLIN STREET	99801	-134.40731817203104	58.30155017315931	
210 NORTH FRANKLIN STREET	99801	-134.40737737999143	58.30158202306776	
214 NORTH FRANKLIN STREET	99801	-134.40747471155413	58.3016490528803	
230 SEWARD STREET	99801	-134.40872767632254	58.30143349423281	
226 SEWARD STREET	99801	-134.40864536459137	58.30138651687387	
217 SEWARD STREET	99801	-134.40828202570336	58.30135267391608	
213 SEWARD STREET	99801	-134.40823991986932	58.30132931499668	
205 SEWARD STREET	99801	-134.4081293992416	58.301249036795916	
129 WEST SEVENTH STREET	99801	-134.41350313923752	58.30287476218555	
725 DIXON STREET	99801	-134.41435387704925	58.30312077007027	
524 MAIN STREET	99801	-134.41230322178328	58.30212012009591	
520 MAIN STREET	99801	-134.4121562627927	58.3022309617779	
137 SIXTH STREET	99801	-134.4113401442554	58.30291074987335	
513 NORTH FRANKLIN STREET	99801	-134.409564705843	58.30311681897827	
515 NORTH FRANKLIN STREET	99801	-134.40952563631467	58.30308336896182	
517 NORTH FRANKLIN STREET	99801	-134.40947047975624	58.303097154135166	
415 SIXTH STREET	99801	-134.40869534865038	58.303704678184914	
416 GOLD STREET	99801	-134.407992512162	58.3028614078625	
203 GOLD STREET	99801	-134.40590223400548	58.30186371716351	
229 FOURTH STREET	99801	-134.40861655921347	58.30229261701523	
227 FOURTH STREET	99801	-134.40876776723533	58.30226014516647	
135 WEST SECOND STREET	99801	-134.40981135806723	58.3004580918602	
321 THIRD STREET	99801	-134.4071417950115	58.30202771392271	
114 WEST FOURTH STREET	99801	-134.41127262328538	58.30180152402553	
303 CARROL WAY	99801	-134.40171369166956	58.297672323215	
331 EWING WAY	99801	-134.40182974681773	58.298270301841654	
316 EWING WAY	99801	-134.40239281083785	58.29830556393293	
417 HARRIS STREET	99801	-134.40655858986443	58.30328442588652	
416 HARRIS STREET	99801	-134.40679125442134	58.30314014320583	
427 FOURTH STREET	99801	-134.40655147880065	58.30274417110468	
433 THIRD STREET	99801	-134.40560327467892	58.302272342822626	
413 THIRD STREET	99801	-134.40622251933686	58.30228353509599	
99 SEVENTH STREET	99801	-134.41353830468765	58.303287960187916	
521 SEWARD STREET	99801	-134.4102794009915	58.30293670799711	
428 EAST STREET	99801	-134.406067544679	58.30360801076674	
621 EAST STREET	99801	-134.40726831014285	58.30457494681119	
623 BASIN ROAD	99801	-134.4074579876185	58.30467518917229	
606 SIXTH STREET	99801	-134.40689795181925	58.30442243286721	
607 EAST STREET	99801	-134.4069268263674	58.30447359407024	
636 HARRIS STREET	99801	-134.4088304426927	58.30431398202973	
290 MARINE WAY	99801	-134.40363330339684	58.29829106596741	
629 NORTH FRANKLIN STREET	99801	-134.4105496654329	58.30372617306567	
126 WEST SIXTH STREET	99801	-134.41306173315806	58.30259360997607	
201 MAIN STREET	99801	-134.40894370138543	58.30099018104068	
107 MUNICIPAL WAY	99801	-134.40645475809234	58.30001339989493	
105 MUNICIPAL WAY	99801	-134.40663026644097	58.29999758894386	
233 FRONT STREET	99801	-134.40614938659127	58.300456839084326	
145 SHATTUCK WAY	99801	-134.4062292216672	58.29995286697318	
152 SOUTH FRANKLIN STREET	99801	-134.40551263556506	58.30038524197208	
154 SOUTH FRANKLIN STREET	99801	-134.40546690772385	58.30035309502076	
148 SOUTH FRANKLIN STREET	99801	-134.40556920607176	58.300426040797866	
156 SOUTH FRANKLIN STREET	99801	-134.40542621314316	58.30032031692953	
162 SOUTH FRANKLIN STREET	99801	-134.40537929503418	58.30028167518395	
170 SOUTH FRANKLIN STREET	99801	-134.405269211886	58.30020575386347	
184 SOUTH FRANKLIN STREET	99801	-134.40504044691576	58.30004369204308	
192 SOUTH FRANKLIN STREET	99801	-134.40492585512317	58.29995446813231	
190 SOUTH FRANKLIN STREET	99801	-134.40497659286873	58.2999897172165	
168 SOUTH FRANKLIN STREET	99801	-134.40532446276757	58.30023130802065	
172 SOUTH FRANKLIN STREET	99801	-134.40520515392143	58.30015227209092	
174 SOUTH FRANKLIN STREET	99801	-134.40510506812404	58.30008968320918	
194 SOUTH FRANKLIN STREET	99801	-134.40483699108032	58.29989956891422	
145 SOUTH FRANKLIN STREET	99801	-134.40534724314486	58.300547086981744	
151 SOUTH FRANKLIN STREET	99801	-134.4052288748348	58.300483307859665	
157 SOUTH FRANKLIN STREET	99801	-134.40518136293943	58.300448058795126	
159 SOUTH FRANKLIN STREET	99801	-134.40513861481	58.300415149094455	
167 SOUTH FRANKLIN STREET	99801	-134.40497488337473	58.30028343776432	
175 SOUTH FRANKLIN STREET	99801	-134.4047888719238	58.30016800603085	
197 SOUTH FRANKLIN STREET	99801	-134.40456266266054	58.29998649082738	
195 SOUTH FRANKLIN STREET	99801	-134.40460253977432	58.300016442186354	
207 SOUTH FRANKLIN STREET	99801	-134.40445178899492	58.299913683868105	
161 SOUTH FRANKLIN STREET	99801	-134.40509684135267	58.3003878867789	
165 SOUTH FRANKLIN STREET	99801	-134.40503101370697	58.30033598093361	
230 SOUTH FRANKLIN STREET	99801	-134.40451994417552	58.299562303771125	
213 FERRY WAY	99801	-134.40486915615736	58.299578944771525	
215 FERRY WAY	99801	-134.40493735715208	58.2995478809036	
238 SOUTH FRANKLIN STREET	99801	-134.40431495940746	58.29934399122904	
236 SOUTH FRANKLIN STREET	99801	-134.40430836936653	58.29939358785797	
240 SOUTH FRANKLIN STREET	99801	-134.40420834016302	58.299295251770914	
259 MARINE WAY	99801	-134.4048157081946	58.29893854313172	
245 MARINE WAY	99801	-134.40513938736115	58.29909498505073	
251 MARINE WAY	99801	-134.40483551335166	58.29917419800047	
255 MARINE WAY	99801	-134.40492242355876	58.299020130854714	
272 SOUTH FRANKLIN STREET	99801	-134.40393605630882	58.299051407137206	
210 ADMIRAL WAY	99801	-134.40434619832146	58.298729037198925	
276 SOUTH FRANKLIN STREET	99801	-134.40387417675876	58.29900246995815	
278 SOUTH FRANKLIN STREET	99801	-134.4038803652528	58.2989279889608	
206 ADMIRAL WAY	99801	-134.4041692356004	58.29878191405916	
208 ADMIRAL WAY	99801	-134.40424882184297	58.29875954900836	
200 ADMIRAL WAY	99801	-134.40406054304427	58.298881269793526	
212 ADMIRAL WAY	99801	-134.40444063012245	58.298737920822845	
219 SOUTH FRANKLIN STREET	99801	-134.40428479128528	58.29974339300782	
231 SOUTH FRANKLIN STREET	99801	-134.40411247285422	58.29958512289373	
241 SOUTH FRANKLIN STREET	99801	-134.4040246158228	58.299469803117574	
243 SOUTH FRANKLIN STREET	99801	-134.4040064788372	58.29944795397632	
247 SOUTH FRANKLIN STREET	99801	-134.4039670293215	58.29940676600011	
327 SOUTH FRANKLIN STREET	99801	-134.4026396076908	58.29823989204802	
323 MARTIN WAY	99801	-134.40036067973134	58.297170752085044	
263 MARINE WAY	99801	-134.4047827418203	58.298877332861764	
415 EAST STREET	99801	-134.40550224385387	58.3035842342078	
415 FOURTH STREET	99801	-134.40714128566677	58.302759275184926	
299 NORTH FRANKLIN STREET	99801	-134.40759791998693	58.30190666383549	
357 SOUTH FRANKLIN STREET	99801	-134.4026068640987	58.298212442063786	
489 SOUTH FRANKLIN STREET	99801	-134.40054162827735	58.296868648924466	
491 SOUTH FRANKLIN STREET	99801	-134.40044615173568	58.29681594481983	
493 SOUTH FRANKLIN STREET	99801	-134.4002864151085	58.29674040222739	
495 SOUTH FRANKLIN STREET	99801	-134.40006559034703	58.29664466703173	
497 SOUTH FRANKLIN STREET	99801	-134.39996699036314	58.296591598144204	
510 SOUTH FRANKLIN STREET	99801	-134.4004036066255	58.29579159817876	
1118 JACOBSEN DRIVE	99801	-134.39474159366165	58.28884566609657	
333 WILLOUGHBY AVENUE	99801	-134.4117023889954	58.30067444379613	
106 SEWARD STREET	99801	-134.4075716882823	58.300722243903934	
226 SOUTH FRANKLIN STREET	99801	-134.40462237996567	58.29963602816294	
228 SOUTH FRANKLIN STREET	99801	-134.40457523368462	58.299605163075896	
232 SOUTH FRANKLIN STREET	99801	-134.40442777073918	58.299486377130876	
230 SOUTH FRANKLIN STREET	99801	-134.40513215502477	58.29945294020399	
45 EGAN DRIVE	99801	-134.40880969699955	58.29972113005384	
254 MARINE WAY	99801	-134.40531076795105	58.29868734517347	
257 SOUTH FRANKLIN STREET	99801	-134.4036980009619	58.29916473622438	
313 DECKER WAY	99801	-134.40367914981567	58.299566268949384	
150 FOURTH STREET	99801	-134.40976075596726	58.301948206216	
150 THIRD STREET	99801	-134.40927976921805	58.30165195484206	
123 FOURTH STREET	99801	-134.41013949377586	58.301800629084724	
130 THIRD STREET	99801	-134.40953314802707	58.301594867150285	
405 SOUTH FRANKLIN STREET	99801	-134.40180616065166	58.2975552311848	
301 CARROL WAY	99801	-134.4017779005511	58.29765423300575	
313 CARROL WAY	99801	-134.40153697239194	58.297644436125175	
704 SOUTH FRANKLIN STREET	99801	-134.3966488526555	58.293682782197315	
700 SOUTH FRANKLIN STREET	99801	-134.3967919021779	58.293786526931115	
710 SOUTH FRANKLIN STREET	99801	-134.39651281268715	58.29358890598408	
720 SOUTH FRANKLIN STREET	99801	-134.39640058795533	58.293480485205784	
611 SIXTH STREET	99801	-134.40664303509445	58.30427912805432	
613 SIXTH STREET	99801	-134.40655306792038	58.30430178790927	
615 SIXTH STREET	99801	-134.40646180268078	58.30433171201667	
617 SIXTH STREET	99801	-134.4063799940062	58.30435636595814	
634 HARRIS STREET	99801	-134.4087907632083	58.304284128232695	
404 SIXTH STREET	99801	-134.40902166616894	58.30381789419617	
224 GASTINEAU AVENUE	99801	-134.40340866438865	58.29991304708564	
300 BULGER WAY	99801	-134.40329370698177	58.29917063496516	
300 BULGER WAY	99801	-134.40324472364594	58.29911307216328	
300 BULGER WAY	99801	-134.40337443498308	58.29911933297572	
141 WILLOUGHBY AVENUE	99801	-134.41095382197082	58.30018337979975	
14 EGAN DRIVE	99801	-134.40800564103986	58.299361093994754	
139 SOUTH FRANKLIN STREET	99801	-134.4054802890283	58.300654323974356	
122 FRONT STREET	99801	-134.40808289256103	58.30072796679014	
233 GOLD STREET	99801	-134.4063380417841	58.302198757030126	
713 FIFTH STREET	99801	-134.40475362562532	58.30417479294615	
140 FRONT STREET	99801	-134.40747744333092	58.30068431111442	
126 FRONT STREET	99801	-134.40782240268823	58.3005572639884	
233 THIRD STREET	99801	-134.4081061589269	58.301756300221854	
230 SECOND STREET	99801	-134.40733521307195	58.301426280821005	
223 SEWARD STREET	99801	-134.4083970397041	58.301435316230325	
224 SEWARD STREET	99801	-134.4086103599397	58.301367020052645	
228 SEWARD STREET	99801	-134.40870106463055	58.301417431857395	
324 FOURTH STREET	99801	-134.40823736595897	58.302618787165436	
427 HARRIS STREET	99801	-134.40654655962618	58.30347683806503	
340 FIFTH STREET	99801	-134.40870977200058	58.30323888915681	
416 EAST STREET	99801	-134.40586611095128	58.30345514385165	
418 EAST STREET	99801	-134.40587739558788	58.30350182818884	
422 EAST STREET	99801	-134.4060496484419	58.303542161813134	
426 EAST STREET	99801	-134.40613927515446	58.30358187897063	
620 BASIN ROAD	99801	-134.4073892826689	58.30440754991175	
337 FIRST STREET	99801	-134.40539436966296	58.30118412277871	
108 PEOPLES WHARF	99801	-134.4020058543427	58.29691611002659	
104 PEOPLES WHARF	99801	-134.402038587155	58.29699609214992	
102 PEOPLES WHARF	99801	-134.4020796581298	58.2969817758706	
98 PEOPLES WHARF	99801	-134.4017470703706	58.29705188715668	
106 PEOPLES WHARF	99801	-134.40199162592688	58.29702271693951	
110 PEOPLES WHARF	99801	-134.4020997076286	58.2969491159811	
418 SOUTH FRANKLIN STREET	99801	-134.40228221744655	58.29713277016904	
418 SOUTH FRANKLIN STREET	99801	-134.40225171065953	58.29710467682813	
418 SOUTH FRANKLIN STREET	99801	-134.4022086849507	58.29706668917624	
418 SOUTH FRANKLIN STREET	99801	-134.40222502530568	58.29715557197521	
418 SOUTH FRANKLIN STREET	99801	-134.40219404959808	58.297125858010176	
418 SOUTH FRANKLIN STREET	99801	-134.40215366583448	58.297087853858294	
418 SOUTH FRANKLIN STREET	99801	-134.40216999001981	58.29717604312317	
418 SOUTH FRANKLIN STREET	99801	-134.40214025129234	58.29714214987491	
418 SOUTH FRANKLIN STREET	99801	-134.4021078292971	58.297106187005085	
432 SOUTH FRANKLIN STREET	99801	-134.40171085838315	58.297136186121385	
432 SOUTH FRANKLIN STREET	99801	-134.40165221456476	58.29716340892724	
513 FOURTH STREET	99801	-134.40586556836882	58.30303434107085	
108 SOUTH FRANKLIN STREET	99801	-134.4061049649005	58.30079663002337	
174 SOUTH FRANKLIN STREET	99801	-134.40513891305068	58.30011665403523	
391 SOUTH FRANKLIN STREET	99801	-134.4017900412822	58.29771766789529	
411 SOUTH FRANKLIN STREET	99801	-134.40168207725978	58.29747918222005	
467 SOUTH FRANKLIN STREET	99801	-134.40066799608496	58.29702595917743	
100 NORTH FRANKLIN STREET	99801	-134.40629853118296	58.30092608409909	
150 SECOND STREET	99801	-134.40841075428352	58.30108547305062	
300 EGAN DRIVE	99801	-134.4125665620105	58.2991355460344	
236 FRONT STREET	99801	-134.40627505730626	58.30064113402402	
212 NORTH FRANKLIN STREET	99801	-134.4074321817153	58.30162000398478	
505 NORTH FRANKLIN STREET	99801	-134.4093586421983	58.302954382034244	
505 NORTH FRANKLIN STREET	99801	-134.40921103821736	58.30301588780337	
549 SOUTH FRANKLIN STREET	99801	-134.39891266196867	58.296013892074974	
169 SHATTUCK WAY	99801	-134.4059292427528	58.299722904935244	
167 SHATTUCK WAY	99801	-134.40599113487923	58.299760505021375	
165 SHATTUCK WAY	99801	-134.40607668503702	58.29980539622611	
226 FRONT STREET	99801	-134.40645911312484	58.30065636597819	
228 FRONT STREET	99801	-134.4063984436055	58.30065163717672	
238 FRONT STREET	99801	-134.40621222015213	58.300664171000975	
238 FRONT STREET	99801	-134.4062126001395	58.30068265523285	
238 FRONT STREET	99801	-134.40621301875444	58.30070305212002	
238 FRONT STREET	99801	-134.4062135173194	58.30072727290674	
238 FRONT STREET	99801	-134.4062139880366	58.30075021919803	
238 FRONT STREET	99801	-134.40621443270268	58.300771891940435	
244 SOUTH FRANKLIN STREET	99801	-134.40451389671702	58.29916711394197	
300 HERMIT STREET	99801	-134.42035721209183	58.30510750977325	
300 HERMIT STREET	99801	-134.4201683278286	58.305113909228574	
300 HERMIT STREET	99801	-134.42002707673333	58.305119949040915	
300 HERMIT STREET	99801	-134.41988416285648	58.30514244599944	
300 HERMIT STREET	99801	-134.41973295124131	58.305158750220635	
300 HERMIT STREET	99801	-134.41963525226765	58.305152117148026	
300 HERMIT STREET	99801	-134.42037080270376	58.30513879389062	
300 HERMIT STREET	99801	-134.42017544158733	58.3051580200824	
300 HERMIT STREET	99801	-134.4200432446118	58.30515915422726	
300 HERMIT STREET	99801	-134.41991407765374	58.3051886042236	
300 HERMIT STREET	99801	-134.419776532109	58.305203501953535	
300 HERMIT STREET	99801	-134.41964496036093	58.305202069053195	
300 HERMIT STREET	99801	-134.42038175406537	58.30517469998468	
300 HERMIT STREET	99801	-134.4201855709905	58.30518919418609	
300 HERMIT STREET	99801	-134.42005963976405	58.30520005704578	
300 HERMIT STREET	99801	-134.41992731432944	58.305223973165766	
300 HERMIT STREET	99801	-134.41979772606152	58.305230188059966	
300 HERMIT STREET	99801	-134.4196637019127	58.30524372319715	
2030 GLACIER AVENUE	99801	-134.4390872268012	58.31025744618849	
2000 GLACIER AVENUE	99801	-134.43789456144626	58.31025720079924	
1970 GLACIER AVENUE	99801	-134.4370277123499	58.309606932215786	
1321 GLACIER HIGHWAY	99801	-134.4398843073427	58.30976966187519	
1950 GLACIER AVENUE	99801	-134.43656787733238	58.309343442055166	
1960 GLACIER AVENUE	99801	-134.43671371073393	58.309414585936906	
1930 GLACIER AVENUE	99801	-134.43625361430665	58.3092627049303	
1910 GLACIER AVENUE	99801	-134.43580487797448	58.30891442285956	
1870 GLACIER AVENUE	99801	-134.4350336886761	58.30842230189568	
1840 GLACIER AVENUE	99801	-134.43463331584218	58.308154705139295	
1410 GLACIER HIGHWAY	99801	-134.43975385489546	58.310861434077424	
1800 GLACIER AVENUE	99801	-134.43371605329207	58.30796574180228	
328 COLEMAN STREET	99801	-134.4265891980186	58.30789924119557	
425 JUDY LANE	99801	-134.42771480773084	58.30780043085388	
423 JUDY LANE	99801	-134.42754472610486	58.307779132885734	
318 COLEMAN STREET	99801	-134.42547686630456	58.30749663120248	
419 JUDY LANE	99801	-134.42707223382496	58.30753601214795	
105 ROSS WAY	99801	-134.43270000660343	58.30766255284121	
245 BEHRENDS AVENUE	99801	-134.43244363101462	58.30759337813633	
326 GRUENING AVENUE	99801	-134.427836521367	58.30743893422726	
415 COLEMAN STREET	99801	-134.42665867102772	58.3074925130607	
1756 GLACIER AVENUE	99801	-134.43297044980963	58.30746704201745	
232 BEHRENDS AVENUE	99801	-134.43146588489645	58.30750129820901	
241 BEHRENDS AVENUE	99801	-134.43221582275015	58.30749450511628	
320 GRUENING AVENUE	99801	-134.42737781912507	58.30726735484013	
1752 GLACIER AVENUE	99801	-134.43275114679426	58.30734527478264	
237 BEHRENDS AVENUE	99801	-134.43200100322636	58.3074020110398	
226 BEHRENDS AVENUE	99801	-134.43118508591166	58.307403390049835	
300 MAPLE STREET	99801	-134.42364863569958	58.30725268403972	
1714 WILLOW DRIVE	99801	-134.42308052584252	58.30697509583184	
1752 EVERGREEN AVENUE	99801	-134.4226481559165	58.3072817802246	
1754 EVERGREEN AVENUE	99801	-134.4220329626605	58.30656071381485	
316 ASH STREET	99801	-134.4249304202189	58.30733113306089	
230 TROY AVENUE	99801	-134.4292089908143	58.3072932262339	
115 ASH STREET	99801	-134.4253783929831	58.30718786079505	
411 COLEMAN STREET	99801	-134.42655113909498	58.30728362787776	
224 BEHRENDS AVENUE	99801	-134.4309207018421	58.307272316840816	
233 BEHRENDS AVENUE	99801	-134.431797476424	58.307303918076585	
220 BEHRENDS AVENUE	99801	-134.43070813439473	58.30720888822385	
1748 GLACIER AVENUE	99801	-134.4325419129949	58.30723746908335	
316 COLEMAN STREET	99801	-134.42575031617199	58.30714852193695	
226 TROY AVENUE	99801	-134.42880623025835	58.30719251179626	
229 BEHRENDS AVENUE	99801	-134.43156220944772	58.30721653181263	
1704 WILLOW DRIVE	99801	-134.42430773770835	58.30714154613414	
208 BEHRENDS AVENUE	99801	-134.4305002067458	58.3071451687757	
1744 GLACIER AVENUE	99801	-134.43229497510646	58.30713795605638	
220 TROY AVENUE	99801	-134.4285328109336	58.30709945909181	
225 BEHRENDS AVENUE	99801	-134.43134783908158	58.30715662096451	
1706 WILLOW DRIVE	99801	-134.4237180431317	58.30704997284378	
1740 GLACIER AVENUE	99801	-134.43210779764226	58.30705138584759	
212 TROY AVENUE	99801	-134.42830257182797	58.30701838789924	
221 BEHRENDS AVENUE	99801	-134.43110768527018	58.307079782775865	
206 BEHRENDS AVENUE	99801	-134.43023655659982	58.30702519193818	
311 GRUENING AVENUE	99801	-134.42702761540312	58.30704572580897	
225 HIGHLAND DRIVE	99801	-134.42922826686365	58.30696526896734	
1736 GLACIER AVENUE	99801	-134.43191368159086	58.30695778295436	
217 BEHRENDS AVENUE	99801	-134.43090841199069	58.30699497089521	
204 BEHRENDS AVENUE	99801	-134.4298824461047	58.306904583228494	
202 TROY AVENUE	99801	-134.42799028060432	58.30689847812019	
313 COLEMAN STREET	99801	-134.42613441063466	58.30687187208736	
401 ANGUS WAY	99801	-134.42535776496925	58.30679616406898	
229 HIGHLAND DRIVE	99801	-134.42885163919763	58.30690960002592	
1703 WILLOW DRIVE	99801	-134.42468566074504	58.30683805702959	
1732 GLACIER AVENUE	99801	-134.431723419312	58.306873048180606	
207 BEHRENDS AVENUE	99801	-134.4307231443448	58.30691834520353	
1705 WILLOW DRIVE	99801	-134.42420453296032	58.30679780503408	
301 HIGHLAND DRIVE	99801	-134.42772196999863	58.30683138698794	
1810 EVERGREEN AVENUE	99801	-134.41899483342013	58.306836306102475	
305 HIGHLAND DRIVE	99801	-134.42734124870984	58.30676495220951	
1782 EVERGREEN AVENUE	99801	-134.42081203001848	58.30659107020688	
1780 EVERGREEN AVENUE	99801	-134.4211930423614	58.30659633907068	
1800 EVERGREEN AVENUE	99801	-134.41946132315726	58.306660645197766	
1707 WILLOW DRIVE	99801	-134.4237281060595	58.30678387405455	
1728 GLACIER AVENUE	99801	-134.431518748056	58.306786498089316	
205 BEHRENDS AVENUE	99801	-134.43049127120366	58.30683374908802	
315 HIGHLAND DRIVE	99801	-134.42688480483253	58.30672743790977	
321 HIGHLAND DRIVE	99801	-134.42652046881454	58.30669281992716	
1792 EVERGREEN AVENUE	99801	-134.41985473943762	58.306648577896866	
1720 GLACIER AVENUE	99801	-134.4312953253667	58.30671901502656	
201 BEHRENDS AVENUE	99801	-134.4302552343712	58.30673612697042	
1718 EVERGREEN AVENUE	99801	-134.42293043981647	58.306678192779835	
303 COLEMAN STREET	99801	-134.42587875729131	58.30662309822282	
1724 EVERGREEN AVENUE	99801	-134.42251728036277	58.30656336807111	
1750 EVERGREEN AVENUE	99801	-134.42225481509462	58.306593674905955	
1790 EVERGREEN AVENUE	99801	-134.42012997964744	58.3066100039437	
180 BEHRENDS AVENUE	99801	-134.42941143514673	58.30669424380007	
176 BEHRENDS AVENUE	99801	-134.42922382828786	58.30662068608186	
1788 EVERGREEN AVENUE	99801	-134.4204560411461	58.30659907921937	
1718 GLACIER AVENUE	99801	-134.4311339070933	58.30660706699226	
226 HIGHLAND DRIVE	99801	-134.42876895376733	58.30666064897335	
228 HIGHLAND DRIVE	99801	-134.42847015164594	58.30662242286112	
1670 EVERGREEN AVENUE	99801	-134.42355202728066	58.30657118594949	
1760 EVERGREEN AVENUE	99801	-134.42153891620367	58.30670139620029	
1880 EVERGREEN AVENUE	99801	-134.41904580293104	58.30649052414513	
230 HIGHLAND DRIVE	99801	-134.42806970065857	58.30656783509328	
1716 GLACIER AVENUE	99801	-134.43089244084325	58.30656342895284	
1700 ANGUS WAY	99801	-134.42467599397423	58.30654070022558	
181 BEHRENDS AVENUE	99801	-134.42966557033722	58.3065372969798	
172 BEHRENDS AVENUE	99801	-134.42896720566233	58.30651282201217	
157 TROY AVENUE	99801	-134.4277685826804	58.30647527912791	
1712 GLACIER AVENUE	99801	-134.43071240768052	58.30646349918318	
166 BEHRENDS AVENUE	99801	-134.42862963404988	58.30643109298803	
314 HIGHLAND DRIVE	99801	-134.4266222865638	58.30645133412073	
177 BEHRENDS AVENUE	99801	-134.4294901275656	58.306440921888715	
1708 GLACIER AVENUE	99801	-134.43046706789497	58.3063816530005	
318 HIGHLAND DRIVE	99801	-134.4262622130518	58.306408737019204	
1705 EVERGREEN AVENUE	99801	-134.42298973760836	58.30633567095612	
1751 EVERGREEN AVENUE	99801	-134.42223502161565	58.3063617398362	
1600 EVERGREEN AVENUE	99801	-134.42471983265844	58.306219601059006	
137 TROY AVENUE	99801	-134.42743605061673	58.3063486501799	
324 HIGHLAND DRIVE	99801	-134.4259766853354	58.30638164497728	
160 BEHRENDS AVENUE	99801	-134.42838360435817	58.30634268797787	
1586 EVERGREEN AVENUE	99801	-134.4235328509443	58.30631584696542	
1765 EVERGREEN AVENUE	99801	-134.42185243093277	58.30635876321998	
1775 EVERGREEN AVENUE	99801	-134.42134813919014	58.306366885082156	
1669 EVERGREEN AVENUE	99801	-134.4237832239904	58.306371101049514	
1702 GLACIER AVENUE	99801	-134.4302583380505	58.30631749220038	
1785 EVERGREEN AVENUE	99801	-134.42065838127397	58.30631993598299	
173 BEHRENDS AVENUE	99801	-134.4292800385701	58.30635797694398	
336 HIGHLAND DRIVE	99801	-134.42560951872593	58.30632140187488	
1627 EVERGREEN AVENUE	99801	-134.424037436436	58.30635138610016	
156 BEHRENDS AVENUE	99801	-134.42816874620684	58.30624452789134	
1715 GLACIER AVENUE	99801	-134.4316430623149	58.306395351937105	
340 HIGHLAND DRIVE	99801	-134.42527101915383	58.30630557203246	
400 HERMIT STREET	99801	-134.41962550015694	58.30592950205165	
128 TROY AVENUE	99801	-134.42643762078913	58.306233646002156	
135 TROY AVENUE	99801	-134.4271058415964	58.30625254217379	
152 BEHRENDS AVENUE	99801	-134.4279558912986	58.30615208010223	
1711 GLACIER AVENUE	99801	-134.43108132510645	58.30604543792038	
1700 GLACIER AVENUE	99801	-134.4300671496086	58.30622791315145	
104 HIGHLAND DRIVE	99801	-134.4295210134417	58.306127471776044	
165 BEHRENDS AVENUE	99801	-134.42889084796482	58.3062277791159	
118 TROY AVENUE	99801	-134.4261858697274	58.30610396922987	
148 BEHRENDS AVENUE	99801	-134.42774432277784	58.30606805086411	
1548 PINE STREET	99801	-134.42120459289933	58.306158014018926	
622 HEMLOCK STREET	99801	-134.42399255929936	58.30593190008095	
1547 PINE STREET	99801	-134.42181226815472	58.3061594728382	
125 TROY AVENUE	99801	-134.42682604333484	58.30610410279395	
546 HEMLOCK STREET	99801	-134.42348754081968	58.30599905096998	
144 BEHRENDS AVENUE	99801	-134.42751557038397	58.305989323889754	
1575 EVERGREEN AVENUE	99801	-134.42325137822306	58.30600517511189	
1544 PINE STREET	99801	-134.4212303341238	58.30587662501658	
157 BEHRENDS AVENUE	99801	-134.42845442573858	58.30601773582933	
900 BASIN ROAD	99801	-134.41156586573345	58.30597463320899	
108 TROY AVENUE	99801	-134.42578521572077	58.30595584119205	
115 TROY AVENUE	99801	-134.42657749207214	58.30595318311453	
140 BEHRENDS AVENUE	99801	-134.42731491639393	58.305899289983856	
1652 GLACIER AVENUE	99801	-134.4292039018582	58.30592027711803	
640 HEMLOCK STREET	99801	-134.42461255584723	58.3058668931831	
153 BEHRENDS AVENUE	99801	-134.42818404092287	58.30596671419944	
1570 EVERGREEN AVENUE	99801	-134.42294210084714	58.305964150042726	
1567 EVERGREEN AVENUE	99801	-134.42267084556394	58.30586382779659	
104 TROY AVENUE	99801	-134.42546497530515	58.30578229596921	
883 BASIN ROAD	99801	-134.41134065899004	58.30582612517261	
1648 GLACIER AVENUE	99801	-134.42899312744817	58.30587924581494	
630 HEMLOCK STREET	99801	-134.42431112076375	58.30582176188831	
149 BEHRENDS AVENUE	99801	-134.4280078426681	58.30587745708351	
136 BEHRENDS AVENUE	99801	-134.42710348172213	58.30579022681913	
1644 GLACIER AVENUE	99801	-134.4287566576277	58.30579752476639	
875 BASIN ROAD	99801	-134.4116630203281	58.305824926862336	
145 BEHRENDS AVENUE	99801	-134.42781722375807	58.30577743617532	
545 HEMLOCK STREET	99801	-134.42332991972498	58.30579782493411	
555 HEMLOCK STREET	99801	-134.4238400900428	58.305754539868374	
132 BEHRENDS AVENUE	99801	-134.42688064293782	58.305673724229784	
1640 GLACIER AVENUE	99801	-134.42851998838125	58.30572987982177	
141 BEHRENDS AVENUE	99801	-134.4276330502602	58.30571574783744	
873 BASIN ROAD	99801	-134.41110665414675	58.30563626493665	
128 BEHRENDS AVENUE	99801	-134.42676297531366	58.30559616496223	
641 ALDER STREET	99801	-134.42445062104252	58.30560686203743	
875 BASIN ROAD	99801	-134.41159142010835	58.305742997080856	
641 HEMLOCK STREET	99801	-134.42464557073052	58.30565846989331	
430 HERMIT STREET	99801	-134.42084289343669	58.305379932792846	
1636 GLACIER AVENUE	99801	-134.42835731516138	58.30565572495212	
1537 PINE STREET	99801	-134.42126561365995	58.30556851207571	
649 HEMLOCK STREET	99801	-134.42486294236804	58.305661245039936	
592 STEATER STREET	99801	-134.42333125731645	58.305557309042335	
580 STEATER STREET	99801	-134.4226052972943	58.30548400995742	
570 ALDER STREET	99801	-134.42217650535804	58.30544635601322	
850 BASIN ROAD	99801	-134.41129917029866	58.3055154310839	
109 TROY AVENUE	99801	-134.42586631831958	58.30556717216723	
124 BEHRENDS AVENUE	99801	-134.42650965489514	58.30546909016322	
1632 GLACIER AVENUE	99801	-134.42814167367914	58.3055518158403	
863 BASIN ROAD	99801	-134.411023939072	58.305563661219786	
133 BEHRENDS AVENUE	99801	-134.4272146212891	58.3054779569922	
1628 GLACIER AVENUE	99801	-134.42799610617894	58.30547805893688	
853 BASIN ROAD	99801	-134.41078446438695	58.30537935982435	
623 ALDER STREET	99801	-134.42405381362195	58.30540713179444	
1502 EVERGREEN AVENUE	99801	-134.42111024823492	58.30525057807809	
1624 GLACIER AVENUE	99801	-134.42766874571635	58.30539367978602	
604 SEATER STREET	99801	-134.42367007938373	58.30527574488138	
635 ALDER STREET	99801	-134.4244942360462	58.3053485002188	
206 HERMIT STREET	99801	-134.4193447209351	58.30528199705201	
204 HERMIT STREET	99801	-134.41922010484225	58.305276228177455	
202 HERMIT STREET	99801	-134.4191176394077	58.30532201997976	
200 HERMIT STREET	99801	-134.41900527364035	58.3053244001154	
570 STEATER STREET	99801	-134.42201367583132	58.30529856409536	
127 BEHRENDS AVENUE	99801	-134.42698545387358	58.30536574686442	
123 BEHRENDS AVENUE	99801	-134.42680676369218	58.30525140496808	
620 SEATER STREET	99801	-134.42408118439033	58.30515680900631	
1401 MARTIN ROAD	99801	-134.420637941008	58.30512589493002	
119 SPRUCE STREET	99801	-134.42543512428827	58.305224523954216	
620 SEATER STREET	99801	-134.42398135640946	58.305174355918396	
120 BEHRENDS AVENUE	99801	-134.42621751108666	58.305240249031215	
1616 GLACIER AVENUE	99801	-134.42726884359962	58.3051945340542	
831 BASIN ROAD	99801	-134.41061796793724	58.30515311914133	
800 SIXTH STREET	99801	-134.40490440335418	58.30502272903422	
820 SIXTH STREET	99801	-134.40449160412493	58.305173711207125	
624 SEATER STREET	99801	-134.42458150917267	58.30506122684277	
117 BEHRENDS AVENUE	99801	-134.4266763480759	58.305088073998746	
236 IRWIN STREET	99801	-134.41820032565363	58.30513957877781	
628 SEATER STREET	99801	-134.42490772877485	58.30498487684251	
116 BEHRENDS AVENUE	99801	-134.4261399325787	58.30513846917483	
822 BASIN ROAD	99801	-134.4108324820338	58.30500177204588	
537 NELSON STREET	99801	-134.4043166482402	58.30504509579033	
1612 GLACIER AVENUE	99801	-134.4270259930457	58.30507517785148	
113 SPRUCE STREET	99801	-134.42542764222023	58.304984805102634	
811 BASIN ROAD	99801	-134.41026202577729	58.30497193298836	
112 BEHRENDS AVENUE	99801	-134.426218688778	58.30500575879725	
817 BASIN ROAD	99801	-134.41041541490864	58.305001724848594	
1435 HARBOR WAY	99801	-134.43545039467853	58.30778507596827	
111 TROY AVENUE	99801	-134.4261780067737	58.305834721950205	
426 JUDY LANE	99801	-134.42738939571413	58.30812374507368	
322 GRUENING AVENUE	99801	-134.42749062057527	58.307300306777904	
100 PARKS STREET	99801	-134.42548647558314	58.30526740377512	
945 BASIN ROAD	99801	-134.3979544416315	58.30809894509915	
1566 EVERGREEN AVENUE	99801	-134.42210139003063	58.30595707111918	
147 BEHRENDS AVENUE	99801	-134.42787335319198	58.305808896214	
1756 EVERGREEN AVENUE	99801	-134.42189061023066	58.30657036711352	
547 HEMLOCK STREET	99801	-134.42349681323003	58.305788562209194	
128 BEHRENDS AVENUE	99801	-134.42665061403795	58.30553413602119	
1360 GLACIER HIGHWAY	99801	-134.43990266890708	58.31036074499647	
1920 GLACIER AVENUE	99801	-134.43606614578832	58.30909681014536	
1916 GLACIER AVENUE	99801	-134.43589432861717	58.30893467200981	
1850 GLACIER AVENUE	99801	-134.43479918077622	58.30824538503965	
1656 GLACIER AVENUE	99801	-134.42932210667487	58.30593933581127	
421 JUDY LANE	99801	-134.4273839806696	58.30769245994799	
100 ROSS WAY	99801	-134.43298797683914	58.30753754122926	
137 BEHRENDS AVENUE	99801	-134.42744223461915	58.30567020715741	
137 BEHRENDS AVENUE	99801	-134.42742606674065	58.305608319935516	
411 COLEMAN STREET	99801	-134.42651474115627	58.30725212903537	
311 GRUENING AVENUE	99801	-134.4271823493125	58.307039718889584	
1718 WILLOW DRIVE	99801	-134.42239989031808	58.30692134489805	
228 HIGHLAND DRIVE	99801	-134.42834298882926	58.306617866175166	
848 BASIN ROAD	99801	-134.4111358691564	58.30525726116097	
1572 EVERGREEN AVENUE	99801	-134.4224529618867	58.30604929193387	
1522 EVERGREEN AVENUE	99801	-134.42177718624794	58.30566920989836	
111 TROY AVENUE	99801	-134.42618822421176	58.305742266010775	
1926 GLACIER AVENUE	99801	-134.43622690469832	58.30919042012065	
1890 GLACIER AVENUE	99801	-134.43552810344215	58.30877149679001	
1890 GLACIER AVENUE	99801	-134.43546734229466	58.30874048912808	
1890 GLACIER AVENUE	99801	-134.43535109221207	58.30866989698498	
1890 GLACIER AVENUE	99801	-134.43525059678294	58.30861847804442	
1890 GLACIER AVENUE	99801	-134.43511613156127	58.308654328223405	
1890 GLACIER AVENUE	99801	-134.4350671670901	58.3086792288002	
1890 GLACIER AVENUE	99801	-134.435572639219	58.308751619893144	
1890 GLACIER AVENUE	99801	-134.43551302611843	58.308721749076014	
1890 GLACIER AVENUE	99801	-134.4353941646333	58.30864684209591	
1890 GLACIER AVENUE	99801	-134.43521776335925	58.3085982277693	
1890 GLACIER AVENUE	99801	-134.43508560590962	58.30863298688042	
1890 GLACIER AVENUE	99801	-134.4350277058963	58.30866010409788	
1890 GLACIER AVENUE	99801	-134.43562039635447	58.3087287240953	
1890 GLACIER AVENUE	99801	-134.43556690796748	58.30870052103527	
1890 GLACIER AVENUE	99801	-134.4354316468385	58.308626101979776	
1890 GLACIER AVENUE	99801	-134.43519097380084	58.30858292608557	
1890 GLACIER AVENUE	99801	-134.43499519406956	58.30864135220515	
1880 GLACIER AVENUE	99801	-134.4350495583139	58.308613444028175	
1624 GLACIER AVENUE	99801	-134.42771035208702	58.3054631750096	
1616 GLACIER AVENUE	99801	-134.42739231793374	58.30524931697645	
1585 THANE ROAD	99801	-134.39017040135406	58.29189380304786	
100 MT ROBERTS STREET	99801	-134.38986830511053	58.289672613919926	
120 MT ROBERTS STREET	99801	-134.39014636962358	58.28873952799107	
100 MILL STREET	99801	-134.38576517998172	58.28838145314177	
1310 EASTAUGH WAY	99801	-134.38828432014307	58.28796206005398	
120 MILL STREET	99801	-134.38663324899022	58.288029653972096	
101 MILL STREET	99801	-134.38506909163775	58.28783321113631	
1330 EASTAUGH WAY	99801	-134.38742552803654	58.28767120598497	
1340 EASTAUGH WAY	99801	-134.38699333867189	58.287561220136595	
1325 EASTAUGH WAY	99801	-134.3871059811203	58.28895852404269	
1001 BASIN ROAD	99801	-134.3843745636674	58.30557770689533	
1308 EASTAUGH WAY	99801	-134.38813824509475	58.28801451007844	
1320 EASTAUGH WAY	99801	-134.3879125882954	58.28785892013784	
1301 EASTAUGH WAY	99801	-134.38697784003827	58.28844480313001	
490 SOUTH FRANKLIN STREET	99801	-134.3869455986044	58.29695776117947	
4850 GLACIER HIGHWAY	99801	-134.4937531793369	58.346856128184236	
4850 GLACIER HIGHWAY	99801	-134.49365679010688	58.34681344491874	
4850 GLACIER HIGHWAY	99801	-134.4936783595552	58.34689619882469	
4850 GLACIER HIGHWAY	99801	-134.49358631817117	58.34685889679868	
4850 GLACIER HIGHWAY	99801	-134.4935949357097	58.346944504060154	
4850 GLACIER HIGHWAY	99801	-134.49350200589188	58.346905155208354	
4850 GLACIER HIGHWAY	99801	-134.49352754769035	58.34698982613306	
4850 GLACIER HIGHWAY	99801	-134.49342773587912	58.34695048204589	
4850 GLACIER HIGHWAY	99801	-134.49270394528838	58.346816480828586	
4850 GLACIER HIGHWAY	99801	-134.49257436241035	58.34682490311993	
4850 GLACIER HIGHWAY	99801	-134.49272485537327	58.346869933069726	
4850 GLACIER HIGHWAY	99801	-134.49260241230508	58.34688167315794	
4850 GLACIER HIGHWAY	99801	-134.4927672154305	58.34693001612631	
4850 GLACIER HIGHWAY	99801	-134.49263669111804	58.3469375379919	
4850 GLACIER HIGHWAY	99801	-134.49279318931863	58.34697787205953	
4850 GLACIER HIGHWAY	99801	-134.49265460801638	58.346992928025436	
4850 GLACIER HIGHWAY	99801	-134.49216315409748	58.346620962988524	
4850 GLACIER HIGHWAY	99801	-134.4921715542437	58.346677546202024	
4850 GLACIER HIGHWAY	99801	-134.49217229355716	58.34674195812369	
4850 GLACIER HIGHWAY	99801	-134.49220188496093	58.34680242182967	
4850 GLACIER HIGHWAY	99801	-134.4920417243289	58.346620761222	
4850 GLACIER HIGHWAY	99801	-134.4920632919806	58.34668547306797	
4850 GLACIER HIGHWAY	99801	-134.49206979668156	58.34674663503699	
4850 GLACIER HIGHWAY	99801	-134.49208346814186	58.34680799395141	
5720 CONCRETE WAY	99801	-134.50037319883884	58.35560350286681	
5731 CONCRETE WAY	99801	-134.49998356536415	58.35486379310963	
5719 CONCRETE WAY	99801	-134.49987831874546	58.35523873291917	
5721 CONCRETE WAY	99801	-134.4997841187098	58.355190685989854	
6260 ALAWAY AVENUE	99801	-134.5069347667619	58.35564631784142	
5875 GLACIER HIGHWAY	99801	-134.50689702584188	58.356299113819944	
5875 GLACIER HIGHWAY	99801	-134.50693938230583	58.35661064794307	
5875 GLACIER HIGHWAY	99801	-134.50693866185696	58.35591030191837	
5875 GLACIER HIGHWAY	99801	-134.50670156770738	58.35634103816044	
5875 GLACIER HIGHWAY	99801	-134.5067062560149	58.3566495481601	
5875 GLACIER HIGHWAY	99801	-134.50673089859976	58.35592445579221	
5875 GLACIER HIGHWAY	99801	-134.50644683423891	58.35639764303402	
5875 GLACIER HIGHWAY	99801	-134.50649953660002	58.356710562800934	
5875 GLACIER HIGHWAY	99801	-134.50657583231373	58.35599931400571	
5875 GLACIER HIGHWAY	99801	-134.50627127019473	58.35676171293814	
5875 GLACIER HIGHWAY	99801	-134.50623312503282	58.356442691884325	
5875 GLACIER HIGHWAY	99801	-134.5062990802393	58.35604950515285	
5875 GLACIER HIGHWAY	99801	-134.5060676320013	58.356519827191086	
5875 GLACIER HIGHWAY	99801	-134.50602234523288	58.356828475127706	
5875 GLACIER HIGHWAY	99801	-134.50609095136775	58.35609379896829	
5875 GLACIER HIGHWAY	99801	-134.50583413380778	58.35653799710984	
5875 GLACIER HIGHWAY	99801	-134.50582297313872	58.35686709799186	
5875 GLACIER HIGHWAY	99801	-134.50478101724065	58.356412010205275	
5875 GLACIER HIGHWAY	99801	-134.50558339963897	58.35659426422829	
5875 GLACIER HIGHWAY	99801	-134.5055705124079	58.3569192418312	
5875 GLACIER HIGHWAY	99801	-134.50497757491303	58.35635865676521	
5875 GLACIER HIGHWAY	99801	-134.50539247979333	58.35664685901742	
5875 GLACIER HIGHWAY	99801	-134.5053591055839	58.35696674302365	
5875 GLACIER HIGHWAY	99801	-134.50525790138394	58.35630067001284	
5875 GLACIER HIGHWAY	99801	-134.50515414956192	58.356752449892895	
5875 GLACIER HIGHWAY	99801	-134.50516036500537	58.35702075015052	
5875 GLACIER HIGHWAY	99801	-134.5054526336797	58.35624690214181	
5875 GLACIER HIGHWAY	99801	-134.5049024182631	58.3567552672162	
5875 GLACIER HIGHWAY	99801	-134.5048803646229	58.357091250022926	
5875 GLACIER HIGHWAY	99801	-134.5056838232029	58.35619266619852	
5875 GLACIER HIGHWAY	99801	-134.50466738574713	58.35682481704503	
5875 GLACIER HIGHWAY	99801	-134.50460989895882	58.35713719294295	
5875 GLACIER HIGHWAY	99801	-134.50590879368937	58.35613575795673	
5875 GLACIER HIGHWAY	99801	-134.50446228240148	58.35688065484139	
5875 GLACIER HIGHWAY	99801	-134.5039619737888	58.35664902409307	
5875 GLACIER HIGHWAY	99801	-134.50418129926203	58.357238638898565	
5875 GLACIER HIGHWAY	99801	-134.50409479509344	58.35661263723206	
5875 GLACIER HIGHWAY	99801	-134.5039569486131	58.35698606687431	
5875 GLACIER HIGHWAY	99801	-134.50396459417445	58.357306530774025	
5875 GLACIER HIGHWAY	99801	-134.504318717246	58.356562445000264	
5875 GLACIER HIGHWAY	99801	-134.5037841909059	58.35705036102837	
5875 GLACIER HIGHWAY	99801	-134.50380752464537	58.3573450828954	
5875 GLACIER HIGHWAY	99801	-134.50455437768437	58.356517039068684	
5875 GLACIER HIGHWAY	99801	-134.50358608363962	58.35741222477062	
5875 GLACIER HIGHWAY	99801	-134.5035279671323	58.35709090599042	
5875 GLACIER HIGHWAY	99801	-134.50319154536348	58.35676561986412	
5875 GLACIER HIGHWAY	99801	-134.50342771155334	58.35745644477184	
5875 GLACIER HIGHWAY	99801	-134.50329796158866	58.3571507789079	
5875 GLACIER HIGHWAY	99801	-134.50335109873433	58.35671653206451	
5875 GLACIER HIGHWAY	99801	-134.501341271898	58.357091759002536	
5875 GLACIER HIGHWAY	99801	-134.50312901363654	58.35720318812793	
5875 GLACIER HIGHWAY	99801	-134.5031994694026	58.35751528121416	
5875 GLACIER HIGHWAY	99801	-134.50236588042964	58.356998033112724	
5875 GLACIER HIGHWAY	99801	-134.5036617756855	58.35663911488869	
5875 GLACIER HIGHWAY	99801	-134.50302584661773	58.357543595209755	
5875 GLACIER HIGHWAY	99801	-134.50315303638388	58.3564731138583	
5875 GLACIER HIGHWAY	99801	-134.5025916737729	58.3569493990069	
5875 GLACIER HIGHWAY	99801	-134.50218251182224	58.35572956193671	
5875 GLACIER HIGHWAY	99801	-134.50287434574506	58.35653261409446	
5875 GLACIER HIGHWAY	99801	-134.5028104485789	58.356900934023585	
5875 GLACIER HIGHWAY	99801	-134.50238347842605	58.355814996883716	
5875 GLACIER HIGHWAY	99801	-134.50248916611756	58.3558907757654	
5875 GLACIER HIGHWAY	99801	-134.50253456966695	58.35600863710259	
5875 GLACIER HIGHWAY	99801	-134.50262128044807	58.356596409041934	
5875 GLACIER HIGHWAY	99801	-134.50263602539513	58.356113554998736	
5875 GLACIER HIGHWAY	99801	-134.5030033752609	58.35682071407267	
5875 GLACIER HIGHWAY	99801	-134.5027338663026	58.35624639503517	
5875 GLACIER HIGHWAY	99801	-134.50246806558982	58.35664580192887	
5875 GLACIER HIGHWAY	99801	-134.501580934331	58.35727112295756	
5875 GLACIER HIGHWAY	99801	-134.501976691621	58.357188423050296	
5875 GLACIER HIGHWAY	99801	-134.5022370153055	58.35670620202375	
5875 GLACIER HIGHWAY	99801	-134.5018068273873	58.355777927199476	
5875 GLACIER HIGHWAY	99801	-134.50180694686324	58.35723377203671	
5875 GLACIER HIGHWAY	99801	-134.50174222594197	58.35588887503892	
5875 GLACIER HIGHWAY	99801	-134.50188685739766	58.35751399794116	
5875 GLACIER HIGHWAY	99801	-134.5017801034059	58.35685260705899	
5875 GLACIER HIGHWAY	99801	-134.50164116726913	58.355985376013706	
5875 GLACIER HIGHWAY	99801	-134.50142511256183	58.356301627198704	
5875 GLACIER HIGHWAY	99801	-134.50154951665226	58.35610500814515	
5875 GLACIER HIGHWAY	99801	-134.5014828877093	58.35618832986438	
5875 GLACIER HIGHWAY	99801	-134.50143575939458	58.356404231149774	
5875 GLACIER HIGHWAY	99801	-134.50148280865756	58.35653056023494	
5875 GLACIER HIGHWAY	99801	-134.50155532336225	58.35663778021392	
5875 GLACIER HIGHWAY	99801	-134.5013754222519	58.35731850915695	
5875 GLACIER HIGHWAY	99801	-134.50207576681368	58.357463208003416	
5875 GLACIER HIGHWAY	99801	-134.50123778867226	58.3568777248921	
5875 GLACIER HIGHWAY	99801	-134.50225982622553	58.357396187813656	
5875 GLACIER HIGHWAY	99801	-134.50096411871755	58.357049476910895	
6260 ALAWAY AVENUE	99801	-134.50671691991562	58.355704956056776	
6260 ALAWAY AVENUE	99801	-134.5064711785831	58.35576401221356	
6260 ALAWAY AVENUE	99801	-134.5062718666761	58.35581836522496	
6260 ALAWAY AVENUE	99801	-134.50602134091636	58.355874094801585	
6260 ALAWAY AVENUE	99801	-134.5057648494449	58.35594312417376	
6260 ALAWAY AVENUE	99801	-134.50552407310096	58.355996948119866	
6260 ALAWAY AVENUE	99801	-134.50532542504894	58.35604188107237	
6260 ALAWAY AVENUE	99801	-134.50518683476352	58.35609957322179	
6260 ALAWAY AVENUE	99801	-134.50485488301152	58.35610309894696	
6260 ALAWAY AVENUE	99801	-134.50453139967772	58.35618219885923	
6260 ALAWAY AVENUE	99801	-134.50434204200235	58.356226720140754	
6260 ALAWAY AVENUE	99801	-134.5041431810496	58.35627412612208	
6260 ALAWAY AVENUE	99801	-134.50393532706252	58.35632246990225	
6260 ALAWAY AVENUE	99801	-134.50375993908813	58.35636688119704	
5875 GLACIER HIGHWAY	99801	-134.50156700325758	58.35685058008111	
6260 ALAWAY AVENUE	99801	-134.5035761671372	58.35640105891965	
6260 ALAWAY AVENUE	99801	-134.50339206101296	58.35644379987781	
6260 ALAWAY AVENUE	99801	-134.50320097318237	58.35611015510917	
6260 ALAWAY AVENUE	99801	-134.50363764963186	58.356035496015636	
6260 ALAWAY AVENUE	99801	-134.50379601183667	58.35599793594789	
6260 ALAWAY AVENUE	99801	-134.50396006307216	58.35595812918874	
6260 ALAWAY AVENUE	99801	-134.5041769424329	58.35591413683073	
6260 ALAWAY AVENUE	99801	-134.50440437071003	58.35586132415497	
6260 ALAWAY AVENUE	99801	-134.50461878060204	58.35580367921703	
6260 ALAWAY AVENUE	99801	-134.5048413750446	58.355756908852655	
6260 ALAWAY AVENUE	99801	-134.50511505398242	58.35569570922969	
6260 ALAWAY AVENUE	99801	-134.50549211733136	58.355611250050536	
6260 ALAWAY AVENUE	99801	-134.50587514190053	58.355515184946896	
6260 ALAWAY AVENUE	99801	-134.50611672223664	58.35544770012868	
6881 LESLIE AVENUE	99801	-134.52704691858764	58.35737031489765	
7099 SUNNY POINT WAY	99801	-134.53300849095268	58.35738346013218	
1090 HENDRICKSON ROAD	99801	-134.5313382704129	58.356841627161934	
1700 BRANTA ROAD	99801	-134.53361918724238	58.356773653803366	
7086 HENDRICKSON ROAD	99801	-134.5322623152434	58.356998951163526	
7083 HENDRICKSON ROAD	99801	-134.53284041975627	58.3567277170083	
1080 HENDRICKSON ROAD	99801	-134.53085758459932	58.35589767785711	
7081 HENDRICKSON ROAD	99801	-134.53230033464112	58.356286012011495	
6890 SUNNY DRIVE	99801	-134.52778457467477	58.354758797033206	
6889 LESLIE AVENUE	99801	-134.5288586713954	58.35703824918274	
6887 LESLIE AVENUE	99801	-134.5283988157166	58.3570744838537	
5617 AISEK STREET	99801	-134.49745991027015	58.35733242777174	
5436 COMMERCIAL BOULEVARD	99801	-134.49014539783215	58.35740291005597	
5776 GLACIER HIGHWAY	99801	-134.49953685563125	58.35695429512725	
1303 BELARDI DRIVE	99801	-134.504818494056	58.35751839584905	
1715 ANKA STREET	99801	-134.49382538591942	58.357026725017	
1305 BELARDI DRIVE	99801	-134.50502904388725	58.357514120000545	
5433 SHAUNE DRIVE	99801	-134.49045917486933	58.35696391299273	
5445 SHAUNE DRIVE	99801	-134.49153708134506	58.35695179687594	
5447 SHAUNE DRIVE	99801	-134.4918538749249	58.35700197488716	
5449 SHAUNE DRIVE	99801	-134.49208878527003	58.357013341182736	
1307 BELARDI DRIVE	99801	-134.50529447000255	58.35744991010624	
5584 AISEK STREET	99801	-134.49425647125457	58.35668841911473	
1309 BELARDI DRIVE	99801	-134.50547890491018	58.35738574816503	
1315 BRITTANY PLACE	99801	-134.5068383415993	58.35743839408648	
5770 GLACIER HIGHWAY	99801	-134.49893819407137	58.356818018816384	
1311 BELARDI DRIVE	99801	-134.505672569109	58.357330717046345	
1313 BELARDI DRIVE	99801	-134.505968802947	58.35726569622538	
5594 AISEK STREET	99801	-134.49556228301284	58.356797995021026	
1317 BRITTANY PLACE	99801	-134.5068005440854	58.35731341185287	
1312 BRITTANY PLACE	99801	-134.50620412022894	58.35725133788445	
1319 BRITTANY PLACE	99801	-134.5069214483395	58.35716742109521	
1705 ANKA STREET	99801	-134.49381279513238	58.35666265407521	
1321 BRITTANY PLACE	99801	-134.50681976982912	58.357050244151424	
5750 GLACIER HIGHWAY	99801	-134.4991651534279	58.35659147187021	
5434 SHAUNE DRIVE	99801	-134.48980265821191	58.35641344197354	
5438 SHAUNE DRIVE	99801	-134.49052967734778	58.356432656788584	
5442 SHAUNE DRIVE	99801	-134.49109795608805	58.35648271111824	
5444 SHAUNE DRIVE	99801	-134.49166401598964	58.35649238001097	
5448 SHAUNE DRIVE	99801	-134.49206962600167	58.35640765504663	
5452 SHAUNE DRIVE	99801	-134.4926786613064	58.35635874583849	
5454 SHAUNE DRIVE	99801	-134.4932762853121	58.35653506995983	
5613 AISEK STREET	99801	-134.49692898797093	58.35641453394427	
5609 AISEK STREET	99801	-134.4965599304078	58.35643651520852	
5597 AISEK STREET	99801	-134.49501705773764	58.35647147614056	
5577 AISEK STREET	99801	-134.49449133668395	58.35637969878948	
1615 ANKA STREET	99801	-134.4939343057493	58.35627242807022	
5622 GLACIER HIGHWAY	99801	-134.49615519984644	58.35593399711741	
5600 GLACIER HIGHWAY	99801	-134.49566252691372	58.355940751214746	
5636 GLACIER HIGHWAY	99801	-134.49674374368126	58.35598646092828	
5670 GLACIER HIGHWAY	99801	-134.49726508275302	58.356048389135005	
5598 GLACIER HIGHWAY	99801	-134.49480315629208	58.355823816215654	
5446 JENKINS DRIVE	99801	-134.4899157219702	58.3558038041101	
5448 JENKINS DRIVE	99801	-134.49046921084766	58.355374612835	
5454 JENKINS DRIVE	99801	-134.49110108042865	58.35580743590608	
5456 JENKINS DRIVE	99801	-134.49159035683127	58.35577390799596	
1610 ANKA STREET	99801	-134.492889625261	58.355683978198	
5641 GLACIER HIGHWAY	99801	-134.49748050414806	58.3555296297701	
5631 GLACIER HIGHWAY	99801	-134.49670496430875	58.35527711480198	
5545 GLACIER HIGHWAY	99801	-134.49409189360634	58.354102066771055	
5601 TONSGARD COURT	99801	-134.4960208496092	58.35459213722513	
5450 GLACIER HIGHWAY	99801	-134.49162563277417	58.355215914818714	
5501 GLACIER HIGHWAY	99801	-134.49367327419236	58.35497080511975	
5447 GLACIER HIGHWAY	99801	-134.4927052909647	58.35491217086959	
5370 GLACIER HIGHWAY	99801	-134.4903105162662	58.35394140894507	
5761 CONCRETE WAY	99801	-134.50128024125593	58.35411077907048	
5600 TONSGARD COURT	99801	-134.49833838536293	58.35442785817493	
5441 GLACIER HIGHWAY	99801	-134.4926678527769	58.354685866202246	
5723 CONCRETE WAY	99801	-134.49969219231016	58.355147163036435	
5366 GLACIER HIGHWAY	99801	-134.49298375612636	58.354005748233995	
5295 GLACIER HIGHWAY	99801	-134.492870447128	58.353408398234016	
5245 GLACIER HIGHWAY	99801	-134.4921609487334	58.35255835807618	
5211 STARK STREET	99801	-134.49411042585064	58.351653044910314	
5150 GLACIER HIGHWAY	99801	-134.49035947355088	58.35068376208402	
5157 GLACIER HIGHWAY	99801	-134.49250034302756	58.349824374037276	
5165 GLACIER HIGHWAY	99801	-134.49285897833676	58.35094661099036	
5000 GLACIER HIGHWAY	99801	-134.49112599699967	58.349404331221045	
1018 COOGAN DRIVE	99801	-134.49019979800914	58.34861369223394	
1014 COOGAN DRIVE	99801	-134.49056001075994	58.34844387196096	
1010 COOGAN DRIVE	99801	-134.49109674605737	58.348513006837145	
1006 COOGAN DRIVE	99801	-134.49155811539742	58.3485804318429	
1002 COOGAN DRIVE	99801	-134.49202733331808	58.348615615978794	
4900 GLACIER HIGHWAY	99801	-134.49249957766295	58.34784165117288	
4890 GLACIER HIGHWAY	99801	-134.4930236476132	58.34736912615322	
4845 GLACIER HIGHWAY	99801	-134.4946449881234	58.347281240190156	
4825 GLACIER HIGHWAY	99801	-134.49315770320302	58.346204895767336	
4770 GLACIER HIGHWAY	99801	-134.49412908565571	58.34599589884661	
4760 GLACIER HIGHWAY	99801	-134.49404935478438	58.345466602842045	
4670 GLACIER HIGHWAY	99801	-134.4939375091416	58.34513235792888	
4675 GLACIER HIGHWAY	99801	-134.49635839337384	58.34470939105388	
4500 HILLCREST AVENUE	99801	-134.49038772287162	58.34490109090992	
4496 HILLCREST AVENUE	99801	-134.4904312669084	58.344705131097655	
4660 GLACIER HIGHWAY	99801	-134.4943998001531	58.34431392717001	
1406 SIDE COURT	99801	-134.4910231686457	58.34423451780251	
1402 SIDE COURT	99801	-134.49143362237376	58.344389387991015	
4489 ABBY WAY	99801	-134.49226801893215	58.344236604907245	
4488 HILLCREST AVENUE	99801	-134.49037791416703	58.34419254420088	
4600 GLACIER HIGHWAY	99801	-134.49389430826128	58.3439925071109	
1405 SIDE COURT	99801	-134.49114774072112	58.34402925585091	
4485 ABBY WAY	99801	-134.49214993898133	58.343955735231496	
4484 HILLCREST AVENUE	99801	-134.490433226134	58.34394587715356	
4482 ABBY WAY	99801	-134.49151808107848	58.34381220492808	
4625 GLACIER HIGHWAY	99801	-134.49511894375888	58.343750162856644	
4481 ABBY WAY	99801	-134.4922509877727	58.34370984679034	
4480 HILLCREST AVENUE	99801	-134.49040689920798	58.34367520701438	
1302 ABBY COURT	99801	-134.49149019198214	58.34349914917046	
4635 GLACIER HIGHWAY	99801	-134.49572804194568	58.34383631793909	
4477 ABBY WAY	99801	-134.49222334301814	58.34347131281622	
4476 HILLCREST AVENUE	99801	-134.49036422743535	58.34342006092148	
4500 GLACIER HIGHWAY	99801	-134.49322730916282	58.343349619087874	
1006 CRAIG STREET	99801	-134.49239580428133	58.343135826046485	
4472 HILLCREST AVENUE	99801	-134.4903478682157	58.343212520844595	
4422 ABBY WAY	99801	-134.49122761083134	58.34309079793689	
4470 HILLCREST AVENUE	99801	-134.4902459687198	58.34314380085359	
4420 ABBY WAY	99801	-134.49101504068904	58.34293500693909	
1012 CRAIG STREET	99801	-134.4920164672964	58.342988312770494	
4436 MOUNTAINSIDE DRIVE	99801	-134.48983831144722	58.342759611119995	
4434 MOUNTAINSIDE DRIVE	99801	-134.48993461264232	58.34282128812906	
4410 ABBY WAY	99801	-134.4905372887732	58.34256057486458	
4450 GLACIER HIGHWAY	99801	-134.4921361255872	58.34245074780049	
4415 ABBY WAY	99801	-134.4914343518058	58.34244816177204	
4408 ABBY WAY	99801	-134.49042512961836	58.342469941925046	
4406 ABBY WAY	99801	-134.49002814972127	58.34217332079175	
4413 ABBY WAY	99801	-134.49131505104447	58.34234938099993	
4444 GLACIER HIGHWAY	99801	-134.49201938682108	58.342298966231255	
4411 ABBY WAY	99801	-134.4909623715656	58.34226843397888	
4436 GLACIER HIGHWAY	99801	-134.49174196460348	58.34210099009081	
4404 ABBY WAY	99801	-134.48986838794124	58.34209653321391	
4407 ABBY WAY	99801	-134.4905565495512	58.34195659793088	
4430 GLACIER HIGHWAY	99801	-134.49131321578633	58.34191958819228	
4405 ABBY WAY	99801	-134.49046180244153	58.341892612930806	
4403 ABBY WAY	99801	-134.49030347616932	58.34169182777538	
4400 GLACIER HIGHWAY	99801	-134.49082692268874	58.34149271713868	
4401 ABBY WAY	99801	-134.49019386284007	58.34162309021026	
4399 ABBY WAY	99801	-134.4898402958257	58.341497842186754	
4390 GLACIER HIGHWAY	99801	-134.49018749378467	58.341202938071554	
4350 GLACIER HIGHWAY	99801	-134.48976696185747	58.34085321091425	
4330 GLACIER HIGHWAY	99801	-134.4898203613112	58.34060989505682	
8030 NORTH DOUGLAS HIGHWAY	99801	-134.52282665673906	58.339565177204676	
8540 NORTH DOUGLAS HIGHWAY	99801	-134.53874384596958	58.339009676860286	
8520 NORTH DOUGLAS HIGHWAY	99801	-134.53695054455778	58.33840652003259	
8170 NORTH DOUGLAS HIGHWAY	99801	-134.52659675123923	58.339307989002606	
8100 NORTH DOUGLAS HIGHWAY	99801	-134.5247560771709	58.33888413288749	
8500 NORTH DOUGLAS HIGHWAY	99801	-134.53614764383155	58.33961035078968	
8480 NORTH DOUGLAS HIGHWAY	99801	-134.5354170161632	58.33902608900916	
8270 NORTH DOUGLAS HIGHWAY	99801	-134.5303002671021	58.33931971793024	
8000 NORTH DOUGLAS HIGHWAY	99801	-134.5218969076065	58.33932428407729	
8366 NORTH DOUGLAS HIGHWAY	99801	-134.53169258392725	58.338925551216185	
8300 NORTH DOUGLAS HIGHWAY	99801	-134.5306732152687	58.33883187612761	
7940 NORTH DOUGLAS HIGHWAY	99801	-134.5211068195512	58.33915639196823	
8530 NORTH DOUGLAS HIGHWAY	99801	-134.5378019237666	58.338953320895925	
7896 NORTH DOUGLAS HIGHWAY	99801	-134.51906004141398	58.33832620006855	
8250 NORTH DOUGLAS HIGHWAY	99801	-134.52927976297303	58.339157698069705	
1908 LADYSMITH LANE	99801	-134.53275564304795	58.339171389027726	
7850 NORTH DOUGLAS HIGHWAY	99801	-134.5178368171697	58.33859016084895	
7950 NORTH DOUGLAS HIGHWAY	99801	-134.52117434501278	58.33871665315532	
8470 NORTH DOUGLAS HIGHWAY	99801	-134.53510865956045	58.33841226888669	
7800 NORTH DOUGLAS HIGHWAY	99801	-134.51774089506367	58.33801538309799	
8221 NORTH DOUGLAS HIGHWAY	99801	-134.52808087858136	58.33842342897906	
8223 NORTH DOUGLAS HIGHWAY	99801	-134.52803540226844	58.33796091120714	
8173 NORTH DOUGLAS HIGHWAY	99801	-134.5272012509501	58.33819594497301	
8265 NORTH DOUGLAS HIGHWAY	99801	-134.52946473776814	58.33835016876449	
8267 NORTH DOUGLAS HIGHWAY	99801	-134.5296831200103	58.33766632509129	
8037 NORTH DOUGLAS HIGHWAY	99801	-134.5233979412423	58.33826555587566	
7995 NORTH DOUGLAS HIGHWAY	99801	-134.5225054227867	58.33819808100199	
8317 NORTH DOUGLAS HIGHWAY	99801	-134.53084374515404	58.337411902796006	
8561 NORTH DOUGLAS HIGHWAY	99801	-134.53937698037845	58.33809178298863	
7943 NORTH DOUGLAS HIGHWAY	99801	-134.5215345622552	58.33770581909402	
8551 NORTH DOUGLAS HIGHWAY	99801	-134.5387863614353	58.33740764290288	
8529 NORTH DOUGLAS HIGHWAY	99801	-134.53793309935764	58.33754393800974	
7925 NORTH DOUGLAS HIGHWAY	99801	-134.52056321304016	58.33790862007456	
8527 NORTH DOUGLAS HIGHWAY	99801	-134.53779449739415	58.337339659012784	
7750 NORTH DOUGLAS HIGHWAY	99801	-134.51561613238002	58.33784757106009	
8525 NORTH DOUGLAS HIGHWAY	99801	-134.53721418033072	58.337916848803495	
8473 NORTH DOUGLAS HIGHWAY	99801	-134.5363475989323	58.33788438277636	
8367 NORTH DOUGLAS HIGHWAY	99801	-134.5316180839458	58.337703112004974	
7909 NORTH DOUGLAS HIGHWAY	99801	-134.52085050235286	58.337114842155486	
8463 NORTH DOUGLAS HIGHWAY	99801	-134.53520291529165	58.3372724968895	
8393 NORTH DOUGLAS HIGHWAY	99801	-134.53274726985117	58.33796839301623	
8437 NORTH DOUGLAS HIGHWAY	99801	-134.533822036715	58.3374253468721	
7730 NORTH DOUGLAS HIGHWAY	99801	-134.51500546393808	58.33760695291698	
7760 NORTH DOUGLAS HIGHWAY	99801	-134.51598844723438	58.33764416003193	
7833 NORTH DOUGLAS HIGHWAY	99801	-134.51781282586342	58.3374449209586	
7745 NORTH DOUGLAS HIGHWAY	99801	-134.51706136356867	58.33644277094575	
7640 NORTH DOUGLAS HIGHWAY	99801	-134.51254808025755	58.33668905514192	
5235 GLACIER HIGHWAY	99801	-134.49183422068484	58.35208330188026	
7887 NORTH DOUGLAS HIGHWAY	99801	-134.51950872294896	58.33754033309928	
1721 ANKA STREET	99801	-134.49594238266744	58.35741652890784	
5763 GLACIER HIGHWAY	99801	-134.50038194393812	58.35661555400739	
6255 ALAWAY AVENUE	99801	-134.50797079198244	58.35592057516551	
5400 GLACIER HIGHWAY	99801	-134.49108467090332	58.354385687893746	
7700 NORTH DOUGLAS HIGHWAY	99801	-134.51425159595502	58.3370701850221	
7670 NORTH DOUGLAS HIGHWAY	99801	-134.51349437006945	58.336970896919105	
7753 NORTH DOUGLAS HIGHWAY	99801	-134.5165609660228	58.336993033164966	
7737 NORTH DOUGLAS HIGHWAY	99801	-134.51568696903175	58.33695093778829	
7701 NORTH DOUGLAS HIGHWAY	99801	-134.51512861937027	58.3365149321549	
7608 NORTH DOUGLAS HIGHWAY	99801	-134.51187600118618	58.336477191939665	
7677 NORTH DOUGLAS HIGHWAY	99801	-134.51421551691828	58.33642972590142	
7655 NORTH DOUGLAS HIGHWAY	99801	-134.5136222982507	58.33577926985166	
7635 NORTH DOUGLAS HIGHWAY	99801	-134.51329874484833	58.336131367766576	
7625 NORTH DOUGLAS HIGHWAY	99801	-134.51259146259758	58.33592008689806	
7480 NORTH DOUGLAS HIGHWAY	99801	-134.50898405119875	58.33584620799234	
7595 NORTH DOUGLAS HIGHWAY	99801	-134.51222338509643	58.33554778881442	
7460 NORTH DOUGLAS HIGHWAY	99801	-134.50803861029482	58.335515216866206	
7545 NORTH DOUGLAS HIGHWAY	99801	-134.51104072877035	58.33563414309457	
7400 NORTH DOUGLAS HIGHWAY	99801	-134.5071290049842	58.33532119406308	
7515 NORTH DOUGLAS HIGHWAY	99801	-134.51159220272666	58.33438470616213	
7509 NORTH DOUGLAS HIGHWAY	99801	-134.5099124600449	58.335407647925976	
7380 NORTH DOUGLAS HIGHWAY	99801	-134.5064833561451	58.33506272200378	
7485 NORTH DOUGLAS HIGHWAY	99801	-134.5093697671205	58.33522838795217	
7455 NORTH DOUGLAS HIGHWAY	99801	-134.50893212498207	58.3350606178521	
7322 NORTH DOUGLAS HIGHWAY	99801	-134.5042459007074	58.334393727966706	
7357 NORTH DOUGLAS HIGHWAY	99801	-134.50790371927175	58.33361241398973	
7174 NORTH DOUGLAS HIGHWAY	99801	-134.50373577710192	58.33403747882336	
7337 NORTH DOUGLAS HIGHWAY	99801	-134.50600747991157	58.33408817418414	
7303 NORTH DOUGLAS HIGHWAY	99801	-134.505227770991	58.33375405504802	
7168 NORTH DOUGLAS HIGHWAY	99801	-134.50273639056857	58.33370561010479	
7135 NORTH DOUGLAS HIGHWAY	99801	-134.50380668472056	58.333284987950236	
7125 NORTH DOUGLAS HIGHWAY	99801	-134.50337998585894	58.33308963384321	
7101 NORTH DOUGLAS HIGHWAY	99801	-134.50319749939715	58.33264408105458	
7091 NORTH DOUGLAS HIGHWAY	99801	-134.50366944460302	58.33223744504162	
7081 NORTH DOUGLAS HIGHWAY	99801	-134.50239091288333	58.33226539211482	
6924 NORTH DOUGLAS HIGHWAY	99801	-134.49818391735485	58.33203976198472	
1008 WEE BURN DRIVE	99801	-134.50042900038767	58.330863338970985	
1004 WEE BURN DRIVE	99801	-134.49984658485974	58.331036117848555	
1012 WEE BURN DRIVE	99801	-134.5009793667212	58.33077894491181	
1003 WEE BURN DRIVE	99801	-134.49892826768752	58.33082100283634	
1016 WEE BURN DRIVE	99801	-134.50150728235917	58.33063921806836	
1001 WEE BURN DRIVE	99801	-134.49883481415185	58.33065548695654	
1020 WEE BURN DRIVE	99801	-134.50197968660413	58.33031122021619	
6750 GRAY STREET	99801	-134.4981677701376	58.33029185488546	
6748 GRAY STREET	99801	-134.4979691741879	58.330190371134876	
6744 GRAY STREET	99801	-134.49777648016956	58.330037841227465	
1009 WEE BURN DRIVE	99801	-134.499677783333	58.33020957899475	
1007 WEE BURN DRIVE	99801	-134.49939066110696	58.33017618996797	
1011 WEE BURN DRIVE	99801	-134.50014501867184	58.33013136276582	
1013 WEE BURN DRIVE	99801	-134.50034195633157	58.33008683216703	
1015 WEE BURN DRIVE	99801	-134.50081741395022	58.33002685110633	
6742 GRAY STREET	99801	-134.4973544768019	58.32984099104826	
6753 GRAY STREET	99801	-134.49897039418272	58.32995735603245	
1017 WEE BURN DRIVE	99801	-134.50110107766244	58.32993764479585	
6740 GRAY STREET	99801	-134.4971679973287	58.32978126991669	
1024 WEE BURN DRIVE	99801	-134.50197892213785	58.32993439519751	
6752 MARGUERITE STREET	99801	-134.49994954706267	58.32981728211446	
6750 MARGUERITE STREET	99801	-134.49956375029254	58.32971909708543	
6738 GRAY STREET	99801	-134.49695550264485	58.32961131995792	
6747 GRAY STREET	99801	-134.4984644719979	58.32976990711856	
6754 MARGUERITE STREET	99801	-134.50021745612142	58.32975315203122	
6736 GRAY STREET	99801	-134.49687467582885	58.32956371688153	
6680 NORTH DOUGLAS HIGHWAY	99801	-134.49386863620708	58.32943706918131	
6758 MARGUERITE STREET	99801	-134.50087093557485	58.32957096889106	
6748 MARGUERITE STREET	99801	-134.49932297125366	58.329689633081166	
1026 WEE BURN DRIVE	99801	-134.5019786598298	58.32983257697023	
6732 GRAY STREET	99801	-134.49632721015536	58.32938549884618	
6745 GRAY STREET	99801	-134.49820825720747	58.32960141590097	
6746 MARGUERITE STREET	99801	-134.49881340280703	58.329529281135514	
1030 WEE BURN DRIVE	99801	-134.5019136209049	58.32963746176868	
6743 GRAY STREET	99801	-134.4980162593835	58.329499326933174	
1028 WEE BURN DRIVE	99801	-134.50197303368117	58.3295158401867	
6739 GRAY STREET	99801	-134.4978277057003	58.32941081119718	
6742 MARGUERITE STREET	99801	-134.49864273817442	58.32931896587611	
1001 BONNIE DOON DRIVE	99801	-134.49540624115642	58.329251557871984	
6747 MARGUERITE STREET	99801	-134.49995546157047	58.32930020276825	
6745 MARGUERITE STREET	99801	-134.49981544835367	58.32927419088309	
6737 GRAY STREET	99801	-134.4976719180671	58.32935326504921	
6640 NORTH DOUGLAS HIGHWAY	99801	-134.49258661183757	58.329222777841174	
6749 MARGUERITE STREET	99801	-134.50031860103252	58.32926729113427	
6740 MARGUERITE STREET	99801	-134.49846109882398	58.32921820614384	
6751 MARGUERITE STREET	99801	-134.50049636235588	58.32921730199195	
6735 GRAY STREET	99801	-134.497207135129	58.32919248096136	
6738 MARGUERITE STREET	99801	-134.49821186843494	58.32909447578245	
1003 BONNIE DOON DRIVE	99801	-134.49524887158998	58.32915275576795	
1101 WEE BURN DRIVE	99801	-134.50110127798672	58.32910621423179	
6743 MARGUERITE STREET	99801	-134.49939843872068	58.329185918897885	
6733 GRAY STREET	99801	-134.49706526778942	58.3291600507819	
1100 WEE BURN DRIVE	99801	-134.50188885075926	58.32916846313342	
6736 MARGUERITE STREET	99801	-134.49805605475058	58.32903666876763	
6741 MARGUERITE STREET	99801	-134.49921636009407	58.32909949509256	
6606 NORTH DOUGLAS HIGHWAY	99801	-134.49275193598584	58.3286220131658	
6731 GRAY STREET	99801	-134.49692407867792	58.329069121227874	
6746 SHERRI STREET	99801	-134.50017545898356	58.328676808859704	
6734 MARGUERITE STREET	99801	-134.49776387411114	58.32891508002075	
6739 MARGUERITE STREET	99801	-134.4989537358241	58.328961342118426	
6742 SHERRI STREET	99801	-134.49941666463948	58.3287701547702	
1102 WEE BURN DRIVE	99801	-134.50190492611125	58.329040421229294	
6729 GRAY STREET	99801	-134.4966563313159	58.32895571812968	
6600 NORTH DOUGLAS HIGHWAY	99801	-134.49218621205418	58.328422591157626	
1005 BONNIE DOON DRIVE	99801	-134.49543406287907	58.32879442190269	
6655 NORTH DOUGLAS HIGHWAY	99801	-134.49439788225	58.32867399684279	
6737 MARGUERITE STREET	99801	-134.49876137777568	58.32887835281969	
6734 MARGUERITE STREET	99801	-134.49759885359347	58.32883379092802	
6727 GRAY STREET	99801	-134.4964304795821	58.328829105983296	
1104 WEE BURN DRIVE	99801	-134.50197145264625	58.32882338386933	
1103 WEE BURN DRIVE	99801	-134.50129712329507	58.32873935707567	
6580 NORTH DOUGLAS HIGHWAY	99801	-134.49220011438152	58.328671816845635	
6732 MARGUERITE STREET	99801	-134.49735877883379	58.328734346204236	
6735 MARGUERITE STREET	99801	-134.49854900436443	58.32878059297382	
6725 GRAY STREET	99801	-134.496136923622	58.328725394174974	
6730 MARGUERITE STREET	99801	-134.497140292387	58.328642462807764	
6733 MARGUERITE STREET	99801	-134.49833279694354	58.328682196121235	
6728 MARGUERITE STREET	99801	-134.49676708281063	58.328424505153926	
6731 MARGUERITE STREET	99801	-134.49805814513024	58.32853080017584	
6645 NORTH DOUGLAS HIGHWAY	99801	-134.49396622378967	58.328566739125684	
1006 BONNIE DOON DRIVE	99801	-134.49604325898227	58.32852455400084	
6550 NORTH DOUGLAS HIGHWAY	99801	-134.49061765565173	58.32817438580677	
1108 WEE BURN DRIVE	99801	-134.5018655269012	58.32859235298069	
6590 NORTH DOUGLAS HIGHWAY	99801	-134.49165469507022	58.32823253194216	
6729 MARGUERITE STREET	99801	-134.49789475685142	58.32847128200236	
6520 NORTH DOUGLAS HIGHWAY	99801	-134.49020519329073	58.3280797520936	
6726 MARGUERITE STREET	99801	-134.49657245831278	58.32831150891807	
1007 BONNIE DOON DRIVE	99801	-134.4949863209819	58.32810333814519	
6635 NORTH DOUGLAS HIGHWAY	99801	-134.49323490082529	58.328115872149375	
6725 MARGUERITE STREET	99801	-134.49759046602364	58.328317460814	
1110 WEE BURN DRIVE	99801	-134.50187355065333	58.32843891908022	
6734 SHERRI STREET	99801	-134.4984411768859	58.328262359869285	
1008 BONNIE DOON DRIVE	99801	-134.49597604343944	58.32838221892396	
6625 NORTH DOUGLAS HIGHWAY	99801	-134.4937648197063	58.327783342201386	
6745 SHERRI STREET	99801	-134.49994440420764	58.328272435986435	
6743 SHERRI STREET	99801	-134.49969738906407	58.32824646107788	
6753 SHERRI STREET	99801	-134.50115887526778	58.32822949490688	
6747 SHERRI STREET	99801	-134.500328463636	58.3282673840142	
6751 SHERRI STREET	99801	-134.50085361964943	58.32826445687916	
6749 SHERRI STREET	99801	-134.50052427301176	58.32824350422639	
1010 BONNIE DOON DRIVE	99801	-134.49575421795475	58.32816119385275	
6723 MARGUERITE STREET	99801	-134.49721914021444	58.32816717784708	
6722 MARGUERITE STREET	99801	-134.49590375600852	58.328072310168935	
6721 MARGUERITE STREET	99801	-134.49714601824863	58.32807849888077	
1009 BONNIE DOON DRIVE	99801	-134.49481677924337	58.32796258522714	
6719 MARGUERITE STREET	99801	-134.49680975907486	58.3279648341313	
6726 SHERRI STREET	99801	-134.49752076394415	58.3277825049897	
6717 MARGUERITE STREET	99801	-134.49664613184416	58.327921720048074	
6615 NORTH DOUGLAS HIGHWAY	99801	-134.49250673903236	58.32783846087284	
1011 BONNIE DOON DRIVE	99801	-134.4947080426698	58.327778062814964	
6525 NORTH DOUGLAS HIGHWAY	99801	-134.49192784490037	58.327521515192714	
6713 MARGUERITE STREET	99801	-134.49632532908316	58.32768848292647	
6724 SHERRI STREET	99801	-134.49701187372557	58.32754834294469	
6709 MARGUERITE STREET	99801	-134.4955555968522	58.32768358322013	
1013 BONNIE DOON DRIVE	99801	-134.49457406882667	58.32763692890695	
6711 MARGUERITE STREET	99801	-134.49570197373444	58.3276588158263	
6523 NORTH DOUGLAS HIGHWAY	99801	-134.49268395328176	58.32724672412702	
6720 SHERRI STREET	99801	-134.49653924580008	58.32734115111859	
6729 SHERRI STREET	99801	-134.4977856043579	58.327321220981	
1015 BONNIE DOON DRIVE	99801	-134.49464336935927	58.327418630164686	
1014 BONNIE DOON DRIVE	99801	-134.49548930208252	58.32725103901608	
6716 SHERRI STREET	99801	-134.49616246003058	58.32723218896551	
6725 SHERRI STREET	99801	-134.49739876823696	58.327127939004676	
1017 BONNIE DOON DRIVE	99801	-134.49459081162692	58.32732115305982	
6465 NORTH DOUGLAS HIGHWAY	99801	-134.49088523862204	58.32721344503202	
6455 NORTH DOUGLAS HIGHWAY	99801	-134.49086673602216	58.32684998697527	
1016 BONNIE DOON DRIVE	99801	-134.495454919065	58.32714772208802	
6721 SHERRI STREET	99801	-134.49671966523837	58.3268056130858	
6427 NORTH DOUGLAS HIGHWAY	99801	-134.49030543988653	58.32690316613777	
6717 SHERRI STREET	99801	-134.4959907632337	58.326660615037376	
6713 SHERRI STREET	99801	-134.4954425178225	58.32668673403127	
6425 NORTH DOUGLAS HIGHWAY	99801	-134.48989978406044	58.326732141998164	
6700 NORTH DOUGLAS HIGHWAY	99801	-134.49743729338624	58.33165006091823	
6501 NORTH DOUGLAS HIGHWAY	99801	-134.4918748128576	58.326910722926854	
6493 NORTH DOUGLAS HIGHWAY	99801	-134.49136015365826	58.32714477080473	
4493 ABBY WAY	99801	-134.49221066689117	58.34450068795266	
4497 ABBY WAY	99801	-134.49219376688572	58.344704497950055	
4501 ABBY WAY	99801	-134.49180063357468	58.344926189901194	
4504 ABBY WAY	99801	-134.49145066700794	58.34485598396259	
4500 ABBY WAY	99801	-134.49125113770862	58.34470716395863	
7070 NORTH DOUGLAS HIGHWAY	99801	-134.50098157478016	58.332528713871994	
6690 NORTH DOUGLAS HIGHWAY	99801	-134.49414574581098	58.32988602802701	
6744 MARGUERITE STREET	99801	-134.49875663197605	58.329494789230125	
6756 GRAY STREET	99801	-134.49861657833503	58.33046789978368	
6754 GRAY STREET	99801	-134.49847186513267	58.33039314686138	
5015 SHORT STREET	99801	-134.49400119340706	58.351092501145295	
5765 GLACIER HIGHWAY	99801	-134.50012175230597	58.35643982080946	
5590 AISEK STREET	99801	-134.49468272365354	58.35680133404908	
5592 AISEK STREET	99801	-134.49470696199654	58.35674035396867	
5453 JENKINS DRIVE	99801	-134.4932620613879	58.35633517581565	
5452 JENKINS DRIVE	99801	-134.49109126094427	58.3554706109253	
5450 JENKINS DRIVE	99801	-134.4905499397473	58.35577148412573	
5451 GLACIER HIGHWAY	99801	-134.49308849699352	58.35501875101766	
5445 GLACIER HIGHWAY	99801	-134.49327255460872	58.35484081122319	
5443 GLACIER HIGHWAY	99801	-134.49318516380296	58.354689870918975	
5275 GLACIER HIGHWAY	99801	-134.4922462886854	58.35351594395296	
5365 GLACIER HIGHWAY	99801	-134.4928252627675	58.35326437609442	
5541 GLACIER HIGHWAY	99801	-134.4937338152526	58.35515490277938	
5596 AISEK STREET	99801	-134.49531525708952	58.356778466059986	
5711 CONCRETE WAY	99801	-134.49899199507206	58.35548766016411	
6260 ALAWAY AVENUE	99801	-134.50667395978377	58.35534535591254	
5725 CONCRETE WAY	99801	-134.49959873607958	58.35510013022872	
5727 CONCRETE WAY	99801	-134.49950268910771	58.35505084310831	
5729 CONCRETE WAY	99801	-134.49942106009615	58.355018712841975	
5767 CONCRETE WAY	99801	-134.50206956574326	58.35380301985542	
6750 SHERRI STREET	99801	-134.50078171220588	58.32867111690714	
1304 ABBY COURT	99801	-134.49133670044284	58.343501153813314	
4409 ABBY WAY	99801	-134.49076814412308	58.34214972621306	
1026 COOGAN DRIVE	99801	-134.48982861143878	58.3482321499506	
1026 COOGAN DRIVE	99801	-134.48977891124738	58.348264284035075	
1018 COOGAN DRIVE	99801	-134.49031285637753	58.3486745491747	
1018 COOGAN DRIVE	99801	-134.4901722619507	58.34870195482144	
1018 COOGAN DRIVE	99801	-134.4900413872953	58.34871339119747	
1014 COOGAN DRIVE	99801	-134.49054835242418	58.34838668489347	
1014 COOGAN DRIVE	99801	-134.49053061069736	58.34849286095544	
1014 COOGAN DRIVE	99801	-134.4905417920277	58.34854051914373	
1010 COOGAN DRIVE	99801	-134.4910581328732	58.348569356038034	
1010 COOGAN DRIVE	99801	-134.49089999075565	58.34853896213746	
1010 COOGAN DRIVE	99801	-134.49091516330077	58.348490344192534	
1006 COOGAN DRIVE	99801	-134.49154825459055	58.348634746887186	
1006 COOGAN DRIVE	99801	-134.49141038295735	58.34854143317193	
1006 COOGAN DRIVE	99801	-134.4914060701457	58.34858998222343	
1002 COOGAN DRIVE	99801	-134.49196166018262	58.348669227184004	
1002 COOGAN DRIVE	99801	-134.49180888010898	58.34863594704685	
4815 GLACIER HIGHWAY	99801	-134.4938079747726	58.34638722180213	
5011 SHORT STREET	99801	-134.49412465336812	58.350760068118994	
5221 STARK STREET	99801	-134.49523345290646	58.3526809561545	
6881 LESLIE AVENUE	99801	-134.52699601555207	58.357302562170894	
6883 LESLIE AVENUE	99801	-134.52755575311065	58.357218834013686	
6883 LESLIE AVENUE	99801	-134.5275158993531	58.35708941015586	
6885 LESLIE AVENUE	99801	-134.52797927642777	58.35714704404049	
6885 LESLIE AVENUE	99801	-134.52782899097568	58.3570100728665	
6887 LESLIE AVENUE	99801	-134.52838420192353	58.35695672410038	
6889 LESLIE AVENUE	99801	-134.528865924393	58.356903860200724	
1095 HENDRICKSON ROAD	99801	-134.5322704369119	58.35734277977915	
7091 SUNNY POINT WAY	99801	-134.53230140004308	58.357407365001784	
5759 GLACIER HIGHWAY	99801	-134.50032211793683	58.3561973319633	
6521 NORTH DOUGLAS HIGHWAY	99801	-134.49280769711044	58.32720695382427	
6503 NORTH DOUGLAS HIGHWAY	99801	-134.4920099437308	58.32699165183418	
6495 NORTH DOUGLAS HIGHWAY	99801	-134.4915239659419	58.32721037489182	
6260 ALAWAY AVENUE	99801	-134.50634743295777	58.355394795794375	
1308 ABBY COURT	99801	-134.4912596231948	58.34337461687458	
1310 ABBY COURT	99801	-134.4911905454444	58.343307173916365	
5446 COMMERCIAL BOULEVARD	99801	-134.4910503678359	58.35748703694417	
5700 CONCRETE WAY	99801	-134.49947076028758	58.3560959607788	
5710 CONCRETE WAY	99801	-134.49996935221972	58.35586036177297	
6733 SHERRI STREET	99801	-134.49837501686358	58.32760829802445	
5461 SHAUNE DRIVE	99801	-134.4931883689919	58.3569323500026	
5741 CONCRETE WAY	99801	-134.49889877869165	58.354900810024624	
5753 CONCRETE WAY	99801	-134.50014572474765	58.35433779392343	
5751 CONCRETE WAY	99801	-134.50043406508922	58.35452717216014	
5760 CONCRETE WAY	99801	-134.5025270381916	58.354669976940876	
5771 CONCRETE WAY	99801	-134.50319141600608	58.35290187407674	
7055 NORTH DOUGLAS HIGHWAY	99801	-134.50102567756903	58.33177165723507	
7348 NORTH DOUGLAS HIGHWAY	99801	-134.5049472971964	58.33459785516965	
7348 NORTH DOUGLAS HIGHWAY	99801	-134.50506367214481	58.33464303887804	
8163 NORTH DOUGLAS HIGHWAY	99801	-134.52651504137927	58.33765482808247	
8163 NORTH DOUGLAS HIGHWAY	99801	-134.52633367242174	58.33769802884467	
8045 NORTH DOUGLAS HIGHWAY	99801	-134.5238508969614	58.338275325948274	
8063 NORTH DOUGLAS HIGHWAY	99801	-134.52420047455755	58.33744500300652	
8143 NORTH DOUGLAS HIGHWAY	99801	-134.5254473460534	58.3381040852299	
8438 NORTH DOUGLAS HIGHWAY	99801	-134.533764667606	58.33859784905241	
8438 NORTH DOUGLAS HIGHWAY	99801	-134.53347808706405	58.33860378789963	
5401 GLACIER HIGHWAY	99801	-134.4920148808716	58.35424853680541	
5399 GLACIER HIGHWAY	99801	-134.4930015265993	58.35429136284928	
5690 GLACIER HIGHWAY	99801	-134.49789445232253	58.35614861003722	
6738 SHERRI STREET	99801	-134.49891396560986	58.32845012099862	
5594 TONSGARD COURT	99801	-134.49832276186348	58.35501519690593	
6741 SHERRI STREET	99801	-134.49931366201236	58.328070908853114	
6737 SHERRI STREET	99801	-134.498868865691	58.327844112867744	
7379 NORTH DOUGLAS HIGHWAY	99801	-134.50747481324944	58.33447375694536	
8548 NORTH DOUGLAS HIGHWAY	99801	-134.53945412230516	58.339755289115885	
7600 NORTH DOUGLAS HIGHWAY	99801	-134.5111269885972	58.33637850104381	
7602 NORTH DOUGLAS HIGHWAY	99801	-134.51128585116365	58.33641942199164	
5220 STARK STREET	99801	-134.49285963500523	58.35185892998947	
1926 ALLEN COURT	99801	-134.48983894206455	58.355555903224285	
1944 ALLEN COURT	99801	-134.4899138121519	58.35476318208763	
1613 ANKA STREET	99801	-134.49422259129366	58.35618122423244	
1021 BONNIE DOON DRIVE	99801	-134.49460676121478	58.327078794913696	
4506 HILLCREST AVENUE	99801	-134.49036528026087	58.34522308586809	
4508 HILLCREST AVENUE	99801	-134.49037653525306	58.34535018520675	
4510 HILLCREST AVENUE	99801	-134.49038372087705	58.34548169480955	
1003 COOGAN DRIVE	99801	-134.49233267607303	58.34810379622259	
5050 GLACIER HIGHWAY	99801	-134.4909686642642	58.348976031803005	
5586 TONSGARD COURT	99801	-134.49694423866953	58.35506364515412	
5603 AISEK STREET	99801	-134.4960128438234	58.35646382905821	
5601 AISEK STREET	99801	-134.49549718479915	58.35640932811381	
5741 CONCRETE WAY	99801	-134.4989031480972	58.35495515116826	
7513 NORTH DOUGLAS HIGHWAY	99801	-134.51136541943993	58.33431159696842	
6755 GRAY STREET	99801	-134.4990181342502	58.32999584792884	
6910 NORTH DOUGLAS HIGHWAY	99801	-134.4978043539945	58.33183663209034	
8527 NORTH DOUGLAS HIGHWAY	99801	-134.5379855582753	58.337337041960005	
4850 GLACIER HIGHWAY	99801	-134.49143038664212	58.346739486020475	
4850 GLACIER HIGHWAY	99801	-134.4913701177714	58.34678637581117	
4850 GLACIER HIGHWAY	99801	-134.49130260219127	58.346833570073315	
4850 GLACIER HIGHWAY	99801	-134.49122784529163	58.34687718907076	
4850 GLACIER HIGHWAY	99801	-134.49133205884775	58.34669960282586	
4850 GLACIER HIGHWAY	99801	-134.49128016856366	58.346751210123955	
4850 GLACIER HIGHWAY	99801	-134.49120656240592	58.34679923600871	
4850 GLACIER HIGHWAY	99801	-134.49112597723672	58.3468435428419	
4664 GLACIER HIGHWAY	99801	-134.4945313251888	58.34478653879123	
5453 GLACIER HIGHWAY	99801	-134.49313616519578	58.355110004045905	
5734 CONCRETE WAY	99801	-134.50109693463233	58.355151442942	
5726 CONCRETE WAY	99801	-134.50073560707222	58.35537622421078	
5740 CONCRETE WAY	99801	-134.50144314534282	58.35492675921662	
5750 CONCRETE WAY	99801	-134.50177829330062	58.35471406322556	
5464 JENKINS DRIVE	99801	-134.49057915835022	58.35537673887071	
5450 JENKINS DRIVE	99801	-134.490547599636	58.35586652912367	
8167 NORTH DOUGLAS HIGHWAY	99801	-134.52647496483954	58.33709464403303	
7926 NORTH DOUGLAS HIGHWAY	99801	-134.5200719315978	58.338632683830994	
3406 GLACIER HIGHWAY	99801	-134.46885527888614	58.33224797890111	
5302 COMMERCIAL BOULEVARD	99801	-134.48300740794076	58.357408737820556	
5312 COMMERCIAL BOULEVARD	99801	-134.4835861331895	58.357494262958994	
5322 COMMERCIAL BOULEVARD	99801	-134.48396436704323	58.357500165169455	
5370 COMMERCIAL BOULEVARD	99801	-134.4867343159336	58.357448750775575	
5331 SHAUNE DRIVE	99801	-134.48501347802255	58.35690405389674	
5351 SHAUNE DRIVE	99801	-134.48738015072396	58.35704323907512	
5429 SHAUNE DRIVE	99801	-134.4892570259999	58.35689267578404	
5314 SHAUNE DRIVE	99801	-134.4830287887428	58.356490834194794	
5322 SHAUNE DRIVE	99801	-134.48410124693635	58.35633924396917	
5330 SHAUNE DRIVE	99801	-134.48504181268322	58.35647259497278	
5422 SHAUNE DRIVE	99801	-134.4887220145695	58.35643206720957	
5334 SHAUNE DRIVE	99801	-134.48557497987233	58.35645531198044	
5344 SHAUNE DRIVE	99801	-134.48693744298566	58.35643634413168	
5346 SHAUNE DRIVE	99801	-134.48725631077556	58.35643338916734	
5350 SHAUNE DRIVE	99801	-134.4876581730162	58.35637717504795	
5140 GLACIER HIGHWAY	99801	-134.4783936130308	58.35644946096546	
5360 GLACIER HIGHWAY	99801	-134.48743448801886	58.354052099088335	
5310 GLACIER HIGHWAY	99801	-134.48844930311725	58.35321862703606	
5270 GLACIER HIGHWAY	99801	-134.48820392380583	58.35299161488611	
5100 GLACIER HIGHWAY	99801	-134.48915127632466	58.35000910895457	
1022 COOGAN DRIVE	99801	-134.48968688423642	58.34854186779489	
1026 COOGAN DRIVE	99801	-134.48963983677004	58.348242661129376	
1610 LAURIE LANE	99801	-134.48542893985828	58.34560386488116	
1606 LAURIE LANE	99801	-134.48596457112623	58.34569962411915	
1602 LAURIE LANE	99801	-134.4864127891305	58.34549069916659	
4509 ROBBIE ROAD	99801	-134.48719822840422	58.345548997844034	
1512 LING COURT	99801	-134.486040895586	58.34505627592532	
4505 ROBBIE ROAD	99801	-134.48754319674467	58.345098530891725	
1509 LING COURT	99801	-134.486812021104	58.344909525915405	
1516 LING COURT	99801	-134.48543684503278	58.34485037617481	
1502 CREST COURT	99801	-134.48964945233683	58.34489932206658	
1506 CREST COURT	99801	-134.48932100760769	58.34477049704285	
4501 MOUNTAINSIDE DRIVE	99801	-134.48844646623758	58.34494668903964	
4506 ROBBIE ROAD	99801	-134.4872348509217	58.34472883805873	
1513 LING COURT	99801	-134.48647464262936	58.34460767479389	
4500 ROBBIE ROAD	99801	-134.48768342106558	58.344571413186344	
1521 LING COURT	99801	-134.48543530891362	58.34457375390827	
4497 MOUNTAINSIDE DRIVE	99801	-134.48845820811667	58.34456044597096	
1505 CREST COURT	99801	-134.489261784376	58.344538255063874	
1517 LING COURT	99801	-134.48602338921776	58.344519507107364	
4489 HILLCREST AVENUE	99801	-134.48949790834504	58.34431554989378	
4493 MOUNTAINSIDE DRIVE	99801	-134.4885229622756	58.344336504805064	
1418 MARY ELLEN WAY	99801	-134.48535699738042	58.34407567920258	
1414 MARY ELLEN WAY	99801	-134.48595418121164	58.34406213912361	
1410 MARY ELLEN WAY	99801	-134.48658033121916	58.344039650888966	
1406 MARY ELLEN WAY	99801	-134.48702856179986	58.344015271174925	
1402 MARY ELLEN WAY	99801	-134.48767970473526	58.34403064521917	
4485 HILLCREST AVENUE	99801	-134.48947364215425	58.34407505594422	
4489 MOUNTAINSIDE DRIVE	99801	-134.4885730963533	58.34402756711068	
4481 HILLCREST AVENUE	99801	-134.48932383730087	58.343823424132474	
1417 MARY ELLEN WAY	99801	-134.4853861944238	58.34365770277413	
4485 MOUNTAINSIDE DRIVE	99801	-134.4885872951247	58.34365260208363	
1401 MARY ELLEN WAY	99801	-134.48770409399523	58.343638555026224	
1405 MARY ELLEN WAY	99801	-134.48708629562486	58.34362938613003	
1409 MARY ELLEN WAY	99801	-134.48634845987465	58.34363444014961	
1413 MARY ELLEN WAY	99801	-134.48590363031565	58.34358077604241	
4477 HILLCREST AVENUE	99801	-134.48939678679014	58.34358343412101	
4481 MOUNTAINSIDE DRIVE	99801	-134.48855475275516	58.34332388721847	
4473 HILLCREST AVENUE	99801	-134.48939217573778	58.34337219309614	
4480 MOUNTAINSIDE DRIVE	99801	-134.48765083198373	58.34324051015651	
4478 MOUNTAINSIDE DRIVE	99801	-134.48718991359794	58.34305385397717	
1305 TARN COURT	99801	-134.4862428368619	58.34319105278637	
1311 TARN COURT	99801	-134.48570523379192	58.34324044415181	
1310 TARN COURT	99801	-134.48562681625745	58.34298061609307	
4439 MOUNTAINSIDE DRIVE	99801	-134.48904081408745	58.343099983945564	
4477 MOUNTAINSIDE DRIVE	99801	-134.4884321605667	58.3431206420842	
1303 TARN COURT	99801	-134.48662265983535	58.34297050079412	
4443 MOUNTAINSIDE DRIVE	99801	-134.48876762922302	58.3428890818434	
4473 MOUNTAINSIDE DRIVE	99801	-134.48804178777849	58.34281645086838	
1306 TARN COURT	99801	-134.48559343216658	58.34279842287294	
4471 MOUNTAINSIDE DRIVE	99801	-134.48754880133373	58.34276089917247	
4469 MOUNTAINSIDE DRIVE	99801	-134.48740674534795	58.34269488312392	
1302 TARN COURT	99801	-134.4861171023665	58.34266338894352	
4445 MOUNTAINSIDE DRIVE	99801	-134.4884832603333	58.34265664880807	
4467 MOUNTAINSIDE DRIVE	99801	-134.4871660300895	58.34257542479454	
4465 MOUNTAINSIDE DRIVE	99801	-134.48702136809106	58.34245978687616	
4438 MOUNTAINSIDE DRIVE	99801	-134.4895900458488	58.34261269786963	
4449 MOUNTAINSIDE DRIVE	99801	-134.48813111984362	58.34239610405904	
4440 MOUNTAINSIDE DRIVE	99801	-134.48941723963253	58.34252552189534	
4461 MOUNTAINSIDE DRIVE	99801	-134.4868741108598	58.34229219019419	
1212 PIKE COURT	99801	-134.48543916358454	58.34223602899878	
4466 MOUNTAINSIDE DRIVE	99801	-134.4861875491494	58.34233158095974	
4442 MOUNTAINSIDE DRIVE	99801	-134.48929304934111	58.342405388786325	
4453 MOUNTAINSIDE DRIVE	99801	-134.48790846790885	58.34221387812142	
4444 MOUNTAINSIDE DRIVE	99801	-134.48920143465688	58.342307660226226	
4455 MOUNTAINSIDE DRIVE	99801	-134.48786248225116	58.342056682966636	
4446 MOUNTAINSIDE DRIVE	99801	-134.48905034970417	58.342146215124906	
4459 MOUNTAINSIDE DRIVE	99801	-134.48732008307584	58.342034746028006	
4448 MOUNTAINSIDE DRIVE	99801	-134.48883281187835	58.34207258214664	
1210 PIKE COURT	99801	-134.48544991462185	58.34199234312422	
4450 MOUNTAINSIDE DRIVE	99801	-134.4887023594311	58.34194112208735	
4402 ABBY WAY	99801	-134.48951556832523	58.34191673479579	
1202 PIKE COURT	99801	-134.48641595120026	58.34184065199578	
1208 PIKE COURT	99801	-134.48552594623087	58.341906374022585	
4464 MOUNTAINSIDE DRIVE	99801	-134.48667038912305	58.34180549317184	
1206 PIKE COURT	99801	-134.48578224276793	58.34178810587556	
1204 PIKE COURT	99801	-134.48602634557335	58.3417870860607	
4452 MOUNTAINSIDE DRIVE	99801	-134.4885075992876	58.341885561942775	
4400 ABBY WAY	99801	-134.48940192066198	58.34183794710941	
4462 MOUNTAINSIDE DRIVE	99801	-134.4869156821962	58.34169948418604	
4454 MOUNTAINSIDE DRIVE	99801	-134.4882701269473	58.34176169582058	
4456 MOUNTAINSIDE DRIVE	99801	-134.48809323070157	58.34168652594928	
4458 MOUNTAINSIDE DRIVE	99801	-134.48760591532118	58.34162053005282	
4398 ABBY WAY	99801	-134.4890846518733	58.341464466181684	
1116 TIMBERLINE COURT	99801	-134.4868322439777	58.341601051161824	
4396 ABBY WAY	99801	-134.48917760684395	58.34142531679339	
4397 ABBY WAY	99801	-134.48967349035553	58.34153367601195	
1126 TIMBERLINE COURT	99801	-134.48584726462485	58.34133206418449	
1124 TIMBERLINE COURT	99801	-134.48605687841155	58.341404132898624	
1122 TIMBERLINE COURT	99801	-134.48653512529913	58.341349754871686	
1120 TIMBERLINE COURT	99801	-134.4867247470792	58.34140000220267	
1018 EDWIN PLACE	99801	-134.48796303068093	58.341445319130976	
1115 TIMBERLINE COURT	99801	-134.4876518731311	58.34145093406006	
1016 EDWIN PLACE	99801	-134.48814764076	58.34137289499955	
1128 TIMBERLINE COURT	99801	-134.48553059591077	58.3412568240902	
1014 EDWIN PLACE	99801	-134.48830755166037	58.34123840914935	
4370 BAUER LANE	99801	-134.4887938528428	58.341122086965186	
4378 BAUER LANE	99801	-134.48928046304567	58.34123818896397	
1019 EDWIN PLACE	99801	-134.4872525926486	58.34106474989634	
1130 TIMBERLINE COURT	99801	-134.4855303048566	58.341127617077376	
1012 EDWIN PLACE	99801	-134.48830959173438	58.34113797619305	
1017 EDWIN PLACE	99801	-134.48740960019393	58.34099852416466	
1135 TIMBERLINE COURT	99801	-134.4855324679998	58.34094725783809	
1009 EDWIN PLACE	99801	-134.48822957969034	58.340967132200355	
1123 TIMBERLINE COURT	99801	-134.48713030678556	58.34045692022914	
1133 TIMBERLINE COURT	99801	-134.48567228897718	58.34090039612972	
1125 TIMBERLINE COURT	99801	-134.48698345738947	58.3406228970662	
1129 TIMBERLINE COURT	99801	-134.48622663305076	58.34089606404715	
1127 TIMBERLINE COURT	99801	-134.4864698950331	58.34089981996467	
1015 EDWIN PLACE	99801	-134.48760072036387	58.34085531990742	
1011 EDWIN PLACE	99801	-134.48817260494172	58.34087240920721	
1013 EDWIN PLACE	99801	-134.48783506207545	58.34082277784074	
1121 TIMBERLINE COURT	99801	-134.48769754707342	58.34036107605392	
4320 GLACIER HIGHWAY	99801	-134.48952777193833	58.34047644784389	
4300 GLACIER HIGHWAY	99801	-134.48930711067027	58.340285433115284	
4270 GLACIER HIGHWAY	99801	-134.48913575972477	58.33999768199293	
4260 GLACIER HIGHWAY	99801	-134.48891584765164	58.339771437816616	
4012 RIDGE WAY	99801	-134.4821619019172	58.33922805301562	
4014 RIDGE WAY	99801	-134.48265179995406	58.33939220615279	
4016 RIDGE WAY	99801	-134.4829731812301	58.33943130121244	
4018 RIDGE WAY	99801	-134.4834076082981	58.339379796854814	
4020 RIDGE WAY	99801	-134.4836856916758	58.33937592714088	
4024 RIDGE WAY	99801	-134.48427265986558	58.339409870935064	
4026 RIDGE WAY	99801	-134.48449358434004	58.33934827991553	
4240 GLACIER HIGHWAY	99801	-134.48868059864165	58.33935186813854	
4028 RIDGE WAY	99801	-134.48457472556638	58.3389541337955	
4011 RIDGE WAY	99801	-134.48298739527283	58.338894701072874	
4015 RIDGE WAY	99801	-134.483597072873	58.33888948794438	
4017 RIDGE WAY	99801	-134.4837750408089	58.33887618682458	
4010 RIDGE WAY	99801	-134.48192666638198	58.33881034080894	
4030 RIDGE WAY	99801	-134.4845785505929	58.3388306718627	
4009 RIDGE WAY	99801	-134.48291963894422	58.338759597054334	
4034 RIDGE WAY	99801	-134.4845978823378	58.33863685823063	
4033 RIDGE WAY	99801	-134.48385041934267	58.33847920298272	
4105 BLACKERBY STREET	99801	-134.4831027497351	58.33830241996761	
4036 RIDGE WAY	99801	-134.48461036802192	58.33853136218695	
4103 BLACKERBY STREET	99801	-134.48292227370294	58.338351470180484	
4004 RIDGE WAY	99801	-134.4820202896992	58.338352146822466	
4150 GLACIER HIGHWAY	99801	-134.4882664573294	58.33827151599751	
4107 BLACKERBY STREET	99801	-134.48465085239684	58.33825964714944	
4109 BLACKERBY STREET	99801	-134.484848979426	58.338203719080596	
4111 BLACKERBY STREET	99801	-134.48546944130118	58.33808543382332	
4113 BLACKERBY STREET	99801	-134.48563071135257	58.338045944017104	
4115 BLACKERBY STREET	99801	-134.48636480382297	58.33823737683972	
4119 BLACKERBY STREET	99801	-134.48711945873018	58.33826456613694	
4121 BLACKERBY STREET	99801	-134.48734834676964	58.337919744961006	
4102 BLACKERBY STREET	99801	-134.48255740228907	58.33791953607178	
4100 BLACKERBY STREET	99801	-134.48239660834474	58.337915820860815	
4104 BLACKERBY STREET	99801	-134.48335542516327	58.33792292686746	
4106 BLACKERBY STREET	99801	-134.4834948868145	58.3379028800976	
4108 BLACKERBY STREET	99801	-134.4839707127424	58.337881189078125	
4110 BLACKERBY STREET	99801	-134.48419094012422	58.33788679891524	
3910 GLACIER HIGHWAY	99801	-134.48199900681348	58.33727472822576	
3930 GLACIER HIGHWAY	99801	-134.4825914017259	58.33723958890668	
3960 GLACIER HIGHWAY	99801	-134.48346233276692	58.33735728285415	
3990 GLACIER HIGHWAY	99801	-134.48449254498925	58.337448551813495	
4000 GLACIER HIGHWAY	99801	-134.4849872588943	58.3373031579464	
4030 GLACIER HIGHWAY	99801	-134.4857266056108	58.33746554703857	
4112 BLACKERBY STREET	99801	-134.48637075336507	58.337528230122516	
3800 GLACIER HIGHWAY	99801	-134.47987300625138	58.33667692310903	
3820 GLACIER HIGHWAY	99801	-134.4801854178493	58.33674828503612	
3850 GLACIER HIGHWAY	99801	-134.48104981364662	58.336935364028136	
4170 GLACIER HIGHWAY	99801	-134.48823215426194	58.33857653002084	
5342 SHAUNE DRIVE	99801	-134.4860842348069	58.35647024090078	
3770 GLACIER HIGHWAY	99801	-134.47906282917137	58.33641676007316	
3768 GLACIER HIGHWAY	99801	-134.4784802896759	58.33678449808806	
3790 GLACIER HIGHWAY	99801	-134.47942442083618	58.33658821503663	
3762 GLACIER HIGHWAY	99801	-134.47820953026275	58.336179051121576	
3758 GLACIER HIGHWAY	99801	-134.47773711703462	58.33614914688119	
3640 GREENWOOD AVENUE	99801	-134.47477921902723	58.33618561377293	
3750 GLACIER HIGHWAY	99801	-134.47686920612963	58.33570082922399	
3630 GREENWOOD AVENUE	99801	-134.47439471313618	58.33602832294841	
3620 GREENWOOD AVENUE	99801	-134.47406657742752	58.33591442487708	
3610 GREENWOOD AVENUE	99801	-134.4736705829823	58.33582063994823	
3744 GLACIER HIGHWAY	99801	-134.47594845003138	58.33554377815445	
3580 GREENWOOD AVENUE	99801	-134.47282803061944	58.33553073277819	
3748 GLACIER HIGHWAY	99801	-134.47659451568876	58.33535931418163	
3650 GLACIER HIGHWAY	99801	-134.4757532613915	58.33506250083677	
3558 GREENWOOD AVENUE	99801	-134.47228932890985	58.33533451019661	
3550 GREENWOOD AVENUE	99801	-134.47209522723148	58.33525865702284	
3415 GLACIER HIGHWAY	99801	-134.47330251895588	58.33301608102547	
3630 GLACIER HIGHWAY	99801	-134.47514869161202	58.33502965587274	
3540 GREENWOOD AVENUE	99801	-134.47185930089177	58.33510049391027	
3571 GREENWOOD AVENUE	99801	-134.47356148977755	58.33530923509762	
3610 GLACIER HIGHWAY	99801	-134.47507083282972	58.33472270606492	
3561 GREENWOOD AVENUE	99801	-134.47310324567638	58.335119898104494	
3560 GREENWOOD AVENUE	99801	-134.47234842637747	58.33537162680561	
3590 GLACIER HIGHWAY	99801	-134.47450678784932	58.33452513405449	
3521 GREENWOOD AVENUE	99801	-134.47207784303407	58.33458874994796	
3500 GREENWOOD AVENUE	99801	-134.47101110171903	58.33443367881541	
133 WIRE STREET	99801	-134.47197322343948	58.33435586711916	
3480 GREENWOOD AVENUE	99801	-134.47093337229413	58.334278866844	
3470 GREENWOOD AVENUE	99801	-134.4706786019947	58.334066173821235	
125 WIRE STREET	99801	-134.47216031736033	58.33413562308958	
3520 GLACIER HIGHWAY	99801	-134.47328646696005	58.33396700885	
134 WIRE STREET	99801	-134.47137810393676	58.33404214091327	
3460 GREENWOOD AVENUE	99801	-134.47037241392508	58.33391628077595	
115 WIRE STREET	99801	-134.47269367678894	58.33397268108631	
128 WIRE STREET	99801	-134.4715630607656	58.33386141916541	
3500 GLACIER HIGHWAY	99801	-134.47322000420544	58.333744902921616	
116 WIRE STREET	99801	-134.47224023058968	58.333729389055065	
3431 GREENWOOD AVENUE	99801	-134.47072460472043	58.333447048887464	
115 ENOS ROAD	99801	-134.47200375807427	58.33351013618051	
116 WOOD STREET	99801	-134.47121866016036	58.333297001834154	
3410 GLACIER HIGHWAY	99801	-134.47139340583934	58.332565912186006	
3412 GLACIER HIGHWAY	99801	-134.47169018136142	58.33295859686761	
3406 GLACIER HIGHWAY	99801	-134.47113230062052	58.33186513079729	
1047 SALMON CREEK LANE	99801	-134.46867220043458	58.33097140091592	
1200 SALMON CREEK LANE	99801	-134.46699524612347	58.33122741980671	
3239 HOSPITAL DRIVE	99801	-134.47015485094641	58.33091694882207	
3235 HOSPITAL DRIVE	99801	-134.4707803218276	58.33082569977937	
3225 HOSPITAL DRIVE	99801	-134.47142545683036	58.33064913786996	
3231 GLACIER HIGHWAY	99801	-134.4727329026241	58.33027837791071	
3241 HOSPITAL DRIVE	99801	-134.47009362716653	58.33049201011185	
1050 SALMON CREEK LANE	99801	-134.46756117217603	58.33068884298809	
3272 HOSPITAL DRIVE	99801	-134.46552603620492	58.329833466957155	
1046 SALMON CREEK LANE	99801	-134.46866041902965	58.330235960897305	
3245 HOSPITAL DRIVE	99801	-134.46922327823384	58.329724123853154	
3220 HOSPITAL DRIVE	99801	-134.47100026713838	58.32981562099338	
3161 CHANNEL DRIVE	99801	-134.4735779496085	58.329502776077604	
3268 HOSPITAL DRIVE	99801	-134.46492766839415	58.3295248538013	
3200 HOSPITAL DRIVE	99801	-134.4702136429868	58.32962141314134	
3256 HOSPITAL DRIVE	99801	-134.4661251100915	58.32914044286381	
3146 CHANNEL DRIVE	99801	-134.4719092364418	58.329046270182424	
3141 CHANNEL DRIVE	99801	-134.4730380073255	58.32875988918944	
3250 HOSPITAL DRIVE	99801	-134.46404584528034	58.328281716878735	
3132 CHANNEL DRIVE	99801	-134.46963763244682	58.328166269895	
3126 CHANNEL DRIVE	99801	-134.46802053737468	58.32771910890565	
6490 NORTH DOUGLAS HIGHWAY	99801	-134.48937140399346	58.32772923281622	
3155 CHANNEL DRIVE	99801	-134.47253229714306	58.32792130922638	
3131 CHANNEL DRIVE	99801	-134.47045754906117	58.3275921239546	
2750 EGAN DRIVE	99801	-134.46276052319539	58.32652483312692	
6450 NORTH DOUGLAS HIGHWAY	99801	-134.48949829282398	58.327148244234465	
6440 NORTH DOUGLAS HIGHWAY	99801	-134.48848644216602	58.327512751053504	
6430 NORTH DOUGLAS HIGHWAY	99801	-134.48812597339534	58.32711067419661	
6390 NORTH DOUGLAS HIGHWAY	99801	-134.487806215375	58.32687899581646	
3000 CHANNEL DRIVE	99801	-134.46508186241604	58.32690500286078	
2697 CHANNEL DRIVE	99801	-134.46457880495862	58.32608397816791	
6350 NORTH DOUGLAS HIGHWAY	99801	-134.4876207806425	58.32618983117942	
6395 NORTH DOUGLAS HIGHWAY	99801	-134.48929765230864	58.32586274202968	
6330 NORTH DOUGLAS HIGHWAY	99801	-134.4866060643588	58.326089580915756	
6395 NORTH DOUGLAS HIGHWAY	99801	-134.48919127021944	58.32582826305569	
2686 CHANNEL VISTA DRIVE	99801	-134.46076924656973	58.325914772216954	
2680 CHANNEL VISTA DRIVE	99801	-134.46055309933595	58.32547477899177	
2691 CHANNEL DRIVE	99801	-134.46313927717372	58.32569327794524	
6300 NORTH DOUGLAS HIGHWAY	99801	-134.48634249326457	58.32566217521216	
2681 CHANNEL DRIVE	99801	-134.46171795195139	58.32499891793934	
6260 NORTH DOUGLAS HIGHWAY	99801	-134.48571365909095	58.3253593468973	
2631 CHANNEL DRIVE	99801	-134.4614630379215	58.324516137069	
6250 NORTH DOUGLAS HIGHWAY	99801	-134.4848526822816	58.324872438792646	
6275 NORTH DOUGLAS HIGHWAY	99801	-134.4865763597673	58.324765346902765	
2601 CHANNEL DRIVE	99801	-134.46064091324826	58.324265671187035	
2591 CHANNEL DRIVE	99801	-134.46013501082632	58.323990574138804	
2520 CHANNEL VISTA DRIVE	99801	-134.45852701568796	58.323966302764944	
6205 NORTH DOUGLAS HIGHWAY	99801	-134.48570611683581	58.32404617280127	
2490 CHANNEL VISTA DRIVE	99801	-134.4579334439825	58.32370266908816	
2480 CHANNEL VISTA DRIVE	99801	-134.45753653595062	58.323547562925576	
6090 NORTH DOUGLAS HIGHWAY	99801	-134.4825412308173	58.32361000700395	
6155 NORTH DOUGLAS HIGHWAY	99801	-134.48448611934003	58.323284578998575	
6145 NORTH DOUGLAS HIGHWAY	99801	-134.4839515579656	58.32351056692471	
6111 NORTH DOUGLAS HIGHWAY	99801	-134.48355684272133	58.32323375917126	
6050 NORTH DOUGLAS HIGHWAY	99801	-134.481013230655	58.32332676094233	
6030 NORTH DOUGLAS HIGHWAY	99801	-134.48151514994697	58.323008878990024	
6101 NORTH DOUGLAS HIGHWAY	99801	-134.48292435330285	58.3232987190597	
6020 NORTH DOUGLAS HIGHWAY	99801	-134.4812815888714	58.32290667191767	
6010 NORTH DOUGLAS HIGHWAY	99801	-134.4804877278919	58.32259119676858	
1061 SALMON CREEK LANE	99801	-134.46810454422675	58.33189900210415	
6345 NORTH DOUGLAS HIGHWAY	99801	-134.48832364318207	58.32568135487249	
2000 SALMON CREEK LANE	99801	-134.46384155940154	58.329201974797726	
3524 GLACIER HIGHWAY	99801	-134.47283180534026	58.33451006522926	
3530 GLACIER HIGHWAY	99801	-134.4737071659739	58.334504479849706	
3540 GLACIER HIGHWAY	99801	-134.47382981834954	58.3341824711344	
3254 HOSPITAL DRIVE	99801	-134.46643615625018	58.329010779789705	
3252 HOSPITAL DRIVE	99801	-134.46781944859998	58.32949230695868	
3260 HOSPITAL DRIVE	99801	-134.46466897784686	58.32899844419682	
3258 HOSPITAL DRIVE	99801	-134.46560470167432	58.32855196490455	
3240 HOSPITAL DRIVE	99801	-134.46468403810258	58.32828579486725	
3230 HOSPITAL DRIVE	99801	-134.4653375472004	58.32808485880573	
3100 CHANNEL DRIVE	99801	-134.46638264091376	58.327209273056205	
2545 CHANNEL DRIVE	99801	-134.45940418463027	58.323452307826976	
3408 GLACIER HIGHWAY	99801	-134.47144739189295	58.332155093977775	
3570 GLACIER HIGHWAY	99801	-134.47377330174177	58.33479030122478	
3532 GLACIER HIGHWAY	99801	-134.47358482980528	58.33459218680629	
3526 GLACIER HIGHWAY	99801	-134.47306150096514	58.33459341290826	
6442 NORTH DOUGLAS HIGHWAY	99801	-134.4886137792559	58.32757927185825	
6452 NORTH DOUGLAS HIGHWAY	99801	-134.4893604319706	58.327063406889046	
6274 NORTH DOUGLAS HIGHWAY	99801	-134.48566557407042	58.32538019182512	
6272 NORTH DOUGLAS HIGHWAY	99801	-134.4857532828798	58.32543039205525	
6270 NORTH DOUGLAS HIGHWAY	99801	-134.48579391188346	58.32541424198897	
6055 NORTH DOUGLAS HIGHWAY	99801	-134.48197297543322	58.32275398604068	
5310 COMMERCIAL BOULEVARD	99801	-134.4833764367578	58.357487946970636	
5332 SHAUNE DRIVE	99801	-134.48560554325326	58.356209894178555	
5338 SHAUNE DRIVE	99801	-134.48614474981602	58.356205872196476	
1514 LING COURT	99801	-134.48566787465586	58.3452523469342	
4380 BAUER LANE	99801	-134.48956166717062	58.3411616398135	
5368 COMMERCIAL BOULEVARD	99801	-134.4866568739696	58.357447376073225	
5366 COMMERCIAL BOULEVARD	99801	-134.48655583236476	58.35744263506996	
5364 COMMERCIAL BOULEVARD	99801	-134.48643976823342	58.35744151721104	
5362 COMMERCIAL BOULEVARD	99801	-134.48626468119463	58.35743193482118	
5360 COMMERCIAL BOULEVARD	99801	-134.48614549272276	58.35744143379577	
5358 COMMERCIAL BOULEVARD	99801	-134.4860077396672	58.3574475301794	
4475 MOUNTAINSIDE DRIVE	99801	-134.4881748875609	58.342897290082284	
1022 COOGAN DRIVE	99801	-134.48954401797025	58.3485786589413	
1022 COOGAN DRIVE	99801	-134.48955483278797	58.348610408998525	
1022 COOGAN DRIVE	99801	-134.48956601232166	58.3486580670282	
1026 COOGAN DRIVE	99801	-134.48968911116	58.34830727808198	
3766 GLACIER HIGHWAY	99801	-134.4783895589339	58.336729060924746	
3632 GLACIER HIGHWAY	99801	-134.4750442992912	58.334964105910124	
105 WIRE STREET	99801	-134.4730657760476	58.33385655191111	
107 WIRE STREET	99801	-134.47297733780619	58.333828239200784	
135 WIRE STREET	99801	-134.47180471027198	58.33439543414433	
3523 GREENWOOD AVENUE	99801	-134.47209585425554	58.334653388105565	
3600 GREENWOOD AVENUE	99801	-134.4732488491092	58.33565640702844	
3590 GREENWOOD AVENUE	99801	-134.47347027843685	58.33574161891914	
3432 GREENWOOD AVENUE	99801	-134.47000417113392	58.333628386765234	
3406 GLACIER HIGHWAY	99801	-134.4705322224175	58.331960633933896	
3406 GLACIER HIGHWAY	99801	-134.47056729174787	58.33198463477291	
3406 GLACIER HIGHWAY	99801	-134.47060236107825	58.332008636067286	
3406 GLACIER HIGHWAY	99801	-134.47061996536286	58.332023663042406	
3406 GLACIER HIGHWAY	99801	-134.47039458165133	58.33198267710943	
3406 GLACIER HIGHWAY	99801	-134.47041821003825	58.33200977501062	
3406 GLACIER HIGHWAY	99801	-134.47044766130483	58.33203986621092	
3406 GLACIER HIGHWAY	99801	-134.47045402407198	58.33206707112399	
3406 GLACIER HIGHWAY	99801	-134.47014306504988	58.33205991300571	
34060 GLACIER HIGHWAY	99801	-134.47018375513898	58.33207782480513	
3406 GLACIER HIGHWAY	99801	-134.47021868882373	58.3320957719663	
3406 GLACIER HIGHWAY	99801	-134.470242318109	58.33212287119561	
3406 GLACIER HIGHWAY	99801	-134.46999526882945	58.33214256282071	
3406 GLACIER HIGHWAY	99801	-134.4700417800016	58.33216346600122	
3406 GLACIER HIGHWAY	99801	-134.47007671638133	58.332181413118896	
3406 GLACIER HIGHWAY	99801	-134.4701348032442	58.33220527185354	
1801 SALMON CREEK LANE	99801	-134.4651826713572	58.330868623084484	
1050 SALMON CREEK LANE	99801	-134.46747310763377	58.33063009107499	
1050 SALMON CREEK LANE	99801	-134.46746577019456	58.33072073976695	
1050 SALMON CREEK LANE	99801	-134.46738785841163	58.33067287312869	
1050 SALMON CREEK LANE	99801	-134.46735706326538	58.33059222289394	
1050 SALMON CREEK LANE	99801	-134.46728048817562	58.33053475884682	
1050 SALMON CREEK LANE	99801	-134.46727594090365	58.33063350285032	
1050 SALMON CREEK LANE	99801	-134.46719157113213	58.330576629824265	
1050 SALMON CREEK LANE	99801	-134.467397777609	58.33044911181757	
1050 SALMON CREEK LANE	99801	-134.4674907119184	58.330410698234296	
1050 SALMON CREEK LANE	99801	-134.46735179195127	58.33040963705892	
1050 SALMON CREEK LANE	99801	-134.4674447675832	58.330377468809765	
1050 SALMON CREEK LANE	99801	-134.4679653341038	58.33014770310495	
1050 SALMON CREEK LANE	99801	-134.46808657342953	58.33010241319019	
1050 SALMON CREEK LANE	99801	-134.4676135682116	58.33036359899648	
1050 SALMON CREEK LANE	99801	-134.46773166163717	58.33031773396397	
1050 SALMON CREEK LANE	99801	-134.46756287987336	58.330328222175496	
1050 SALMON CREEK LANE	99801	-134.46768709801256	58.33027941079191	
1050 SALMON CREEK LANE	99801	-134.46781111492908	58.33025972001524	
1050 SALMON CREEK LANE	99801	-134.46790872496956	58.330226869172456	
1050 SALMON CREEK LANE	99801	-134.46777224842003	58.3302264508314	
1050 SALMON CREEK LANE	99801	-134.46786363762712	58.33018831291344	
1050 SALMON CREEK LANE	99801	-134.46800890239507	58.330187911079214	
1050 SALMON CREEK LANE	99801	-134.4681287556203	58.330141593990426	
2682 CHANNEL VISTA DRIVE	99801	-134.46072757641863	58.32549363280971	
2685 CHANNEL DRIVE	99801	-134.46268702393718	58.32531135177104	
6150 NORTH DOUGLAS HIGHWAY	99801	-134.48283813839174	58.323994920087095	
6380 NORTH DOUGLAS HIGHWAY	99801	-134.48827387921025	58.32648202576989	
6488 NORTH DOUGLAS HIGHWAY	99801	-134.48930560689047	58.327761045007236	
6335 NORTH DOUGLAS HIGHWAY	99801	-134.48957656842455	58.325108245943255	
2770 EGAN DRIVE	99801	-134.46295730364997	58.326776940965345	
2760 EGAN DRIVE	99801	-134.46358019636628	58.327420728167944	
2740 EGAN DRIVE	99801	-134.4633016943737	58.326712979888526	
5372 COMMERCIAL BOULEVARD	99801	-134.48711723809484	58.35748929386634	
3430 GREENWOOD AVENUE	99801	-134.47001359266463	58.333561735866965	
5327 SHAUNE DRIVE	99801	-134.48444175064984	58.35697448189653	
3611 GREENWOOD AVENUE	99801	-134.47413501737407	58.33553467600585	
3611 GREENWOOD AVENUE	99801	-134.47401049919762	58.33550183996882	
5326 SHAUNE DRIVE	99801	-134.4844779832985	58.35648373616427	
1927 ALLEN COURT	99801	-134.48884594165452	58.35524388896421	
3143 CHANNEL DRIVE	99801	-134.47420928289523	58.32872831089539	
5428 COMMERCIAL BOULEVARD	99801	-134.48948842483057	58.35746798293553	
3333 GLACIER HIGHWAY	99801	-134.47239814184022	58.331356610202725	
3301 GLACIER HIGHWAY	99801	-134.47249354741496	58.33117407595044	
3355 GLACIER HIGHWAY	99801	-134.47254158302815	58.331849752873744	
3571 GREENWOOD AVENUE	99801	-134.4735671707234	58.33526901078577	
1701 SALMON CREEK LANE	99801	-134.46569273567385	58.331282292108924	
1121 TIMBERLINE COURT	99801	-134.48780678580525	58.34036001800632	
5395 SHAUNE DRIVE	99801	-134.48805641235134	58.35698956894699	
1506 CREST COURT	99801	-134.48919423376157	58.3447937890915	
1921 ALLEN COURT	99801	-134.4888651718898	58.355829407179804	
5220 COMMERCIAL BOULEVARD	99801	-134.48188491717914	58.35739046419844	
5230 SHAUNE DRIVE	99801	-134.48233513932482	58.35655194195298	
5318 SHAUNE DRIVE	99801	-134.48346464323384	58.356455749805036	
1601 SALMON CREEK LANE	99801	-134.4658939987217	58.331918001997195	
3661 GREENWOOD AVENUE	99801	-134.4760877625623	58.33611894977846	
1514 LING COURT	99801	-134.4856869144483	58.34521237107326	
1517 LING COURT	99801	-134.48593405894928	58.34452572499766	
4240 GLACIER HIGHWAY	99801	-134.48773012627385	58.33934665884961	
4260 GLACIER HIGHWAY	99801	-134.48774800903618	58.339790348134294	
5339 SHAUNE DRIVE	99801	-134.48611178434	58.357020860900946	
5342 SHAUNE DRIVE	99801	-134.48666205455385	58.35643759681024	
3159 CHANNEL DRIVE	99801	-134.47322158613866	58.32923226412301	
2780 EGAN DRIVE	99801	-134.46352254877957	58.32683595021764	
5170 GLACIER HIGHWAY	99801	-134.48905505867293	58.35161605381444	
3530 GREENWOOD AVENUE	99801	-134.47173642124238	58.33498544221161	
4125 BLACKERBY STREET	99801	-134.48733425130453	58.33768013215364	
5200 COMMERCIAL BOULEVARD	99801	-134.48014881778968	58.35749869621473	
5138 GLACIER HIGHWAY	99801	-134.4784430302529	58.35615615915959	
5136 GLACIER HIGHWAY	99801	-134.47927038312113	58.35604114114485	
5134 GLACIER HIGHWAY	99801	-134.47940117063996	58.35583954990204	
1050 SALMON CREEK LANE	99801	-134.46708622300383	58.330492176126455	
3254 HOSPITAL DRIVE	99801	-134.46653259668412	58.33027281214267	
2571 CHANNEL DRIVE	99801	-134.45992252602395	58.32351760884311	
6590 GLACIER HIGHWAY	99801	-134.52358618680336	58.359802671135114	
6590 GLACIER HIGHWAY	99801	-134.5232393957812	58.360934566863236	
6590 GLACIER HIGHWAY	99801	-134.5235706136096	58.360026058088145	
6590 GLACIER HIGHWAY	99801	-134.52326079904114	58.360541893844726	
6590 GLACIER HIGHWAY	99801	-134.5237136137247	58.35967351593241	
6590 GLACIER HIGHWAY	99801	-134.52382094982477	58.359587193072926	
6590 GLACIER HIGHWAY	99801	-134.5233571388638	58.36041364611384	
6590 GLACIER HIGHWAY	99801	-134.52399205014032	58.359449373226404	
6590 GLACIER HIGHWAY	99801	-134.52325551874392	58.36114282792794	
6590 GLACIER HIGHWAY	99801	-134.5239597826553	58.35931003212526	
6590 GLACIER HIGHWAY	99801	-134.5237730202128	58.3591689162192	
6590 GLACIER HIGHWAY	99801	-134.52336553990833	58.360275993012124	
6590 GLACIER HIGHWAY	99801	-134.5232546617511	58.36082422909656	
6590 GLACIER HIGHWAY	99801	-134.52358649043393	58.35992551596793	
6590 GLACIER HIGHWAY	99801	-134.52341064881034	58.36016944192735	
6590 GLACIER HIGHWAY	99801	-134.52351190780746	58.35917099820021	
6590 GLACIER HIGHWAY	99801	-134.52326398087388	58.36072829881053	
6590 GLACIER HIGHWAY	99801	-134.52310144060468	58.361150091834865	
6590 GLACIER HIGHWAY	99801	-134.5232541793558	58.35930862686432	
6590 GLACIER HIGHWAY	99801	-134.52325376523248	58.3594908480282	
6590 GLACIER HIGHWAY	99801	-134.52293555141614	58.36114825500664	
6590 GLACIER HIGHWAY	99801	-134.52333060712186	58.35964460186716	
6590 GLACIER HIGHWAY	99801	-134.52296755030483	58.359969864768324	
6590 GLACIER HIGHWAY	99801	-134.52298742283557	58.36020343501456	
6590 GLACIER HIGHWAY	99801	-134.5229525484396	58.36030938894269	
6590 GLACIER HIGHWAY	99801	-134.52275800299347	58.36069185112385	
6590 GLACIER HIGHWAY	99801	-134.5228553758787	58.3604241941932	
6590 GLACIER HIGHWAY	99801	-134.52283801234256	58.36055587480499	
6590 GLACIER HIGHWAY	99801	-134.5227722772233	58.3611036678336	
6590 GLACIER HIGHWAY	99801	-134.52253656198772	58.35926824608711	
6590 GLACIER HIGHWAY	99801	-134.52259801393967	58.36103432387662	
6590 GLACIER HIGHWAY	99801	-134.52250575157012	58.35951847195054	
6590 GLACIER HIGHWAY	99801	-134.5226355778916	58.36084895110069	
6590 GLACIER HIGHWAY	99801	-134.5206509119681	58.35978835812261	
6590 GLACIER HIGHWAY	99801	-134.52253838556774	58.3609489840232	
6590 GLACIER HIGHWAY	99801	-134.52236663487196	58.35926619003052	
6590 GLACIER HIGHWAY	99801	-134.52229057900843	58.35952193701499	
6590 GLACIER HIGHWAY	99801	-134.52082762226257	58.35975227514925	
6590 GLACIER HIGHWAY	99801	-134.52214270822782	58.35926661415403	
6590 GLACIER HIGHWAY	99801	-134.52226844182488	58.36002206905625	
6590 GLACIER HIGHWAY	99801	-134.52212597890227	58.359519719807345	
6590 GLACIER HIGHWAY	99801	-134.52107074859927	58.3598255150172	
6590 GLACIER HIGHWAY	99801	-134.52196402882623	58.35925143382683	
6590 GLACIER HIGHWAY	99801	-134.52209941841426	58.36003188400602	
6590 GLACIER HIGHWAY	99801	-134.5212137837487	58.36094151179298	
6590 GLACIER HIGHWAY	99801	-134.52192121781474	58.359509179940126	
6590 GLACIER HIGHWAY	99801	-134.521502884065	58.35980070323173	
6590 GLACIER HIGHWAY	99801	-134.52174424880545	58.35925551295428	
6590 GLACIER HIGHWAY	99801	-134.5218941506769	58.360049867863424	
6590 GLACIER HIGHWAY	99801	-134.5219627100994	58.360369862880084	
6590 GLACIER HIGHWAY	99801	-134.52124453577585	58.361053104064034	
6590 GLACIER HIGHWAY	99801	-134.52122407844186	58.361164731795306	
6590 GLACIER HIGHWAY	99801	-134.52170860814655	58.359807639902215	
6590 GLACIER HIGHWAY	99801	-134.521743558001	58.36004060897952	
6590 GLACIER HIGHWAY	99801	-134.5217230566496	58.359538440009906	
6590 GLACIER HIGHWAY	99801	-134.52177531703958	58.36031814117919	
6590 GLACIER HIGHWAY	99801	-134.52161246415662	58.35923709608591	
6590 GLACIER HIGHWAY	99801	-134.52158931996166	58.36056310207664	
6590 GLACIER HIGHWAY	99801	-134.52152256525457	58.359490087909414	
6590 GLACIER HIGHWAY	99801	-134.5219055008905	58.35981347292477	
6590 GLACIER HIGHWAY	99801	-134.52141431377126	58.360289156014204	
6590 GLACIER HIGHWAY	99801	-134.52121240393643	58.35919599892793	
6590 GLACIER HIGHWAY	99801	-134.52155546515354	58.3600312921309	
6590 GLACIER HIGHWAY	99801	-134.521171530591	58.361267890850115	
6590 GLACIER HIGHWAY	99801	-134.5214684291823	58.36044671299381	
6590 GLACIER HIGHWAY	99801	-134.52214133470375	58.359817846984164	
6590 GLACIER HIGHWAY	99801	-134.52048634959118	58.35915573112189	
6590 GLACIER HIGHWAY	99801	-134.52082848913682	58.35925455113604	
6590 GLACIER HIGHWAY	99801	-134.5213401093355	58.360033644080524	
6590 GLACIER HIGHWAY	99801	-134.52114005272512	58.36031228514955	
6590 GLACIER HIGHWAY	99801	-134.52021872619667	58.359236900046405	
6590 GLACIER HIGHWAY	99801	-134.52229329731048	58.35982548203034	
6590 GLACIER HIGHWAY	99801	-134.520972033631	58.360390242787105	
6590 GLACIER HIGHWAY	99801	-134.52103211744878	58.36136592508248	
6590 GLACIER HIGHWAY	99801	-134.52067952959808	58.359206867820554	
6590 GLACIER HIGHWAY	99801	-134.51983959941757	58.360868090932954	
6590 GLACIER HIGHWAY	99801	-134.5212687848986	58.361405860984924	
6590 GLACIER HIGHWAY	99801	-134.52174621342095	58.3612733791684	
6590 GLACIER HIGHWAY	99801	-134.521715886297	58.36116888892474	
6590 GLACIER HIGHWAY	99801	-134.52024643473163	58.359400194908666	
6590 GLACIER HIGHWAY	99801	-134.52037351669995	58.35957846798737	
6590 GLACIER HIGHWAY	99801	-134.51968821802083	58.36106935800805	
6590 GLACIER HIGHWAY	99801	-134.52081577797554	58.36079872813533	
6590 GLACIER HIGHWAY	99801	-134.52086364380713	58.36046079483555	
6590 GLACIER HIGHWAY	99801	-134.51980603207033	58.36075281778234	
6590 GLACIER HIGHWAY	99801	-134.5218027551816	58.36103157098133	
6590 GLACIER HIGHWAY	99801	-134.52079301556458	58.36067975089446	
6590 GLACIER HIGHWAY	99801	-134.52046772571873	58.35984354092011	
6590 GLACIER HIGHWAY	99801	-134.51981527393798	58.360687425808706	
6590 GLACIER HIGHWAY	99801	-134.52047010894916	58.36051309123012	
6590 GLACIER HIGHWAY	99801	-134.51969491406297	58.361161258881346	
6590 GLACIER HIGHWAY	99801	-134.52064580774064	58.35950773887246	
6590 GLACIER HIGHWAY	99801	-134.51995578931303	58.36052326889174	
6590 GLACIER HIGHWAY	99801	-134.52173287164237	58.36091767104692	
6590 GLACIER HIGHWAY	99801	-134.5204771400629	58.36059384376463	
6590 GLACIER HIGHWAY	99801	-134.52041708858448	58.360831142004564	
6590 GLACIER HIGHWAY	99801	-134.51947174559692	58.36124545079614	
6590 GLACIER HIGHWAY	99801	-134.52166715987934	58.360805605235015	
6590 GLACIER HIGHWAY	99801	-134.51944441974427	58.3613259142107	
6590 GLACIER HIGHWAY	99801	-134.51959758789013	58.3613569671824	
6590 GLACIER HIGHWAY	99801	-134.52033272869446	58.360726721136224	
6590 GLACIER HIGHWAY	99801	-134.5203200723304	58.35994429815895	
6590 GLACIER HIGHWAY	99801	-134.52008245356473	58.36041048979463	
6590 GLACIER HIGHWAY	99801	-134.52083882335586	58.35950858805621	
6590 GLACIER HIGHWAY	99801	-134.51977769920626	58.36136653389917	
6590 GLACIER HIGHWAY	99801	-134.5202615839206	58.36032511686043	
6590 GLACIER HIGHWAY	99801	-134.52038045977875	58.360216702186804	
6590 GLACIER HIGHWAY	99801	-134.52100992097644	58.35946166991575	
6590 GLACIER HIGHWAY	99801	-134.5205140787874	58.36015904503876	
6590 GLACIER HIGHWAY	99801	-134.51997869365783	58.36134103804189	
6590 GLACIER HIGHWAY	99801	-134.5201551811701	58.36000679998976	
6590 GLACIER HIGHWAY	99801	-134.5206624328616	58.3600924078987	
6590 GLACIER HIGHWAY	99801	-134.52086456817358	58.36006279815839	
6590 GLACIER HIGHWAY	99801	-134.52245270874752	58.35981314399847	
6590 GLACIER HIGHWAY	99801	-134.52012572631028	58.36139947077234	
6590 GLACIER HIGHWAY	99801	-134.51996939609464	58.36008110479769	
6590 GLACIER HIGHWAY	99801	-134.5203419876301	58.36133885487639	
6590 GLACIER HIGHWAY	99801	-134.5205111403981	58.36132129106227	
6590 GLACIER HIGHWAY	99801	-134.52056091694632	58.36122009197711	
6590 GLACIER HIGHWAY	99801	-134.52033056105967	58.36113890122367	
6590 GLACIER HIGHWAY	99801	-134.52030450093326	58.36103642883766	
6590 GLACIER HIGHWAY	99801	-134.5197727279295	58.36015242416582	
6590 GLACIER HIGHWAY	99801	-134.5194605606733	58.360414894881444	
6590 GLACIER HIGHWAY	99801	-134.5191851372072	58.35936676088951	
6590 GLACIER HIGHWAY	99801	-134.51938190508534	58.36066558808857	
6590 GLACIER HIGHWAY	99801	-134.5187891777963	58.35973235621998	
6590 GLACIER HIGHWAY	99801	-134.51937619000353	58.36078070978852	
6590 GLACIER HIGHWAY	99801	-134.5195617406187	58.36033568193068	
6590 GLACIER HIGHWAY	99801	-134.5189928779735	58.359422245943605	
6590 GLACIER HIGHWAY	99801	-134.51899283485434	58.35975052401431	
6590 GLACIER HIGHWAY	99801	-134.51935352820385	58.36090651900263	
6590 GLACIER HIGHWAY	99801	-134.51873145295443	58.360082861099855	
6590 GLACIER HIGHWAY	99801	-134.5193765663976	58.36053231795104	
6590 GLACIER HIGHWAY	99801	-134.51880268306823	58.35944801980805	
6590 GLACIER HIGHWAY	99801	-134.51857873396625	58.36007618083665	
6590 GLACIER HIGHWAY	99801	-134.51857389833506	58.35975959494882	
6590 GLACIER HIGHWAY	99801	-134.51827898502054	58.36035189803504	
6590 GLACIER HIGHWAY	99801	-134.51860678206432	58.359447780886335	
6590 GLACIER HIGHWAY	99801	-134.51827609603862	58.360593400807815	
6590 GLACIER HIGHWAY	99801	-134.5183825490947	58.359785909080905	
6590 GLACIER HIGHWAY	99801	-134.51843771912786	58.36006082602836	
6590 GLACIER HIGHWAY	99801	-134.5187801533209	58.36073325001188	
6590 GLACIER HIGHWAY	99801	-134.51837332519338	58.35943910807469	
6590 GLACIER HIGHWAY	99801	-134.51813140888737	58.360589934906095	
6590 GLACIER HIGHWAY	99801	-134.51823631594286	58.36004285584245	
6590 GLACIER HIGHWAY	99801	-134.51824705081052	58.36089161787551	
6590 GLACIER HIGHWAY	99801	-134.51808000010027	58.35945457389618	
6590 GLACIER HIGHWAY	99801	-134.51818520719308	58.35976576491711	
6590 GLACIER HIGHWAY	99801	-134.51805681727774	58.360342030867216	
6590 GLACIER HIGHWAY	99801	-134.51786561715772	58.360601835835745	
6590 GLACIER HIGHWAY	99801	-134.51832203318727	58.36141240999742	
6590 GLACIER HIGHWAY	99801	-134.5176825279264	58.36148685792468	
6590 GLACIER HIGHWAY	99801	-134.5177804101564	58.35941574321532	
6590 GLACIER HIGHWAY	99801	-134.51805950413876	58.36089687582248	
6590 GLACIER HIGHWAY	99801	-134.51809169526695	58.36003570009247	
6590 GLACIER HIGHWAY	99801	-134.51794595259526	58.35975967600242	
6590 GLACIER HIGHWAY	99801	-134.51852326479406	58.36036405398238	
6590 GLACIER HIGHWAY	99801	-134.51752726490935	58.3595201722025	
6590 GLACIER HIGHWAY	99801	-134.51774385860577	58.36142091504136	
6590 GLACIER HIGHWAY	99801	-134.51765947535958	58.360615095789804	
6590 GLACIER HIGHWAY	99801	-134.5174303968773	58.361631665973945	
6590 GLACIER HIGHWAY	99801	-134.51788004140624	58.36087680910258	
6590 GLACIER HIGHWAY	99801	-134.51787163317516	58.36002019776893	
6590 GLACIER HIGHWAY	99801	-134.51773632263888	58.36132302986754	
6590 GLACIER HIGHWAY	99801	-134.51783614163662	58.360349537153155	
6590 GLACIER HIGHWAY	99801	-134.51748867058976	58.360640727885645	
6590 GLACIER HIGHWAY	99801	-134.51721124388058	58.35945305177201	
6590 GLACIER HIGHWAY	99801	-134.51649406938193	58.35976889820313	
6590 GLACIER HIGHWAY	99801	-134.51714958082454	58.36161174810508	
6590 GLACIER HIGHWAY	99801	-134.51764752596966	58.36090391783234	
6590 GLACIER HIGHWAY	99801	-134.51760029524698	58.36039303013243	
6590 GLACIER HIGHWAY	99801	-134.51728030635962	58.36062924400779	
6590 GLACIER HIGHWAY	99801	-134.5170116993099	58.35948342214271	
6590 GLACIER HIGHWAY	99801	-134.5164809449956	58.359905645202886	
6590 GLACIER HIGHWAY	99801	-134.51733271317497	58.36011037994432	
6590 GLACIER HIGHWAY	99801	-134.5175016368726	58.36092337618371	
6590 GLACIER HIGHWAY	99801	-134.51689239585363	58.36163190817939	
6590 GLACIER HIGHWAY	99801	-134.51724699323563	58.360967325073666	
6590 GLACIER HIGHWAY	99801	-134.51715997882397	58.360080954944195	
6590 GLACIER HIGHWAY	99801	-134.51687032873866	58.360654323811964	
6590 GLACIER HIGHWAY	99801	-134.51738319310405	58.36038138218478	
6590 GLACIER HIGHWAY	99801	-134.51669835526067	58.359465038851624	
6590 GLACIER HIGHWAY	99801	-134.5169375209253	58.36126047994624	
6590 GLACIER HIGHWAY	99801	-134.51684132932465	58.35988519103143	
6590 GLACIER HIGHWAY	99801	-134.5161561564097	58.360863012990414	
6590 GLACIER HIGHWAY	99801	-134.51677226594734	58.36158696396319	
6590 GLACIER HIGHWAY	99801	-134.5169864332942	58.36043478892147	
6590 GLACIER HIGHWAY	99801	-134.51694937599208	58.36132643302491	
6590 GLACIER HIGHWAY	99801	-134.51665742442307	58.36066231021463	
6590 GLACIER HIGHWAY	99801	-134.5166236594465	58.35965323410148	
6590 GLACIER HIGHWAY	99801	-134.516640590893	58.36151442421025	
6590 GLACIER HIGHWAY	99801	-134.5162142603406	58.360981941077426	
6590 GLACIER HIGHWAY	99801	-134.51707413940866	58.35991584801534	
6590 GLACIER HIGHWAY	99801	-134.51640801167605	58.36064928306588	
6590 GLACIER HIGHWAY	99801	-134.51676732431494	58.36043956203802	
6590 GLACIER HIGHWAY	99801	-134.51733054374355	58.359854261172615	
6590 GLACIER HIGHWAY	99801	-134.516836851223	58.36008415888785	
6590 GLACIER HIGHWAY	99801	-134.51622619535746	58.36022737378874	
6590 GLACIER HIGHWAY	99801	-134.51614482865398	58.35948443579171	
6590 GLACIER HIGHWAY	99801	-134.5163187272216	58.36133203395584	
6590 GLACIER HIGHWAY	99801	-134.51617151221114	58.36072673385941	
6590 GLACIER HIGHWAY	99801	-134.51753706283412	58.35976047522847	
6590 GLACIER HIGHWAY	99801	-134.51613280739883	58.36040224085811	
6590 GLACIER HIGHWAY	99801	-134.51657484140068	58.360097193784924	
6590 GLACIER HIGHWAY	99801	-134.51637122117356	58.36140851489488	
6590 GLACIER HIGHWAY	99801	-134.51630790431906	58.361075089037655	
6590 GLACIER HIGHWAY	99801	-134.51667326980638	58.361078432844685	
6590 GLACIER HIGHWAY	99801	-134.51642498713994	58.36149894515456	
6590 GLACIER HIGHWAY	99801	-134.51624897034486	58.36051542618333	
6590 GLACIER HIGHWAY	99801	-134.51636591662182	58.36012782796541	
6590 GLACIER HIGHWAY	99801	-134.51656709073643	58.36046280605551	
6590 GLACIER HIGHWAY	99801	-134.51587467919688	58.3595127340708	
6590 GLACIER HIGHWAY	99801	-134.51690949977663	58.36100496514688	
6590 GLACIER HIGHWAY	99801	-134.5153389805553	58.361667545817085	
6590 GLACIER HIGHWAY	99801	-134.5155956471983	58.35951490415435	
6590 GLACIER HIGHWAY	99801	-134.5156447652814	58.36072455489698	
6590 GLACIER HIGHWAY	99801	-134.51543994400672	58.360745527876105	
6590 GLACIER HIGHWAY	99801	-134.5155532548017	58.36014574485828	
6590 GLACIER HIGHWAY	99801	-134.51521526367605	58.360772393081646	
6590 GLACIER HIGHWAY	99801	-134.5153416386702	58.359547939831515	
6590 GLACIER HIGHWAY	99801	-134.51539815887128	58.360142366091395	
6590 GLACIER HIGHWAY	99801	-134.5152360309288	58.361311860044886	
6590 GLACIER HIGHWAY	99801	-134.51503145130093	58.360785338191285	
6590 GLACIER HIGHWAY	99801	-134.51503683939603	58.35955770307623	
6590 GLACIER HIGHWAY	99801	-134.51481801428437	58.36079657179625	
6590 GLACIER HIGHWAY	99801	-134.51519400324824	58.360128152176344	
6590 GLACIER HIGHWAY	99801	-134.51477185615013	58.35956297912916	
6590 GLACIER HIGHWAY	99801	-134.51499165862882	58.36015341093515	
6590 GLACIER HIGHWAY	99801	-134.51503338717038	58.36137191099411	
6590 GLACIER HIGHWAY	99801	-134.51479549801178	58.360155794920736	
6590 GLACIER HIGHWAY	99801	-134.51480967432528	58.36140058379376	
6590 GLACIER HIGHWAY	99801	-134.51474011328125	58.35985314904492	
6590 GLACIER HIGHWAY	99801	-134.51494900931405	58.359856746966344	
6590 GLACIER HIGHWAY	99801	-134.5151544755791	58.35982810495716	
6590 GLACIER HIGHWAY	99801	-134.5153752563231	58.3598422318135	
6590 GLACIER HIGHWAY	99801	-134.51556411992507	58.35989091612718	
6590 GLACIER HIGHWAY	99801	-134.51577239342538	58.35981861086583	
6590 GLACIER HIGHWAY	99801	-134.51473141309773	58.36043152987538	
6590 GLACIER HIGHWAY	99801	-134.51494838857818	58.360447884006845	
6590 GLACIER HIGHWAY	99801	-134.51472108965848	58.36103143197001	
6590 GLACIER HIGHWAY	99801	-134.51514430215852	58.36042333607804	
6590 GLACIER HIGHWAY	99801	-134.51496386116065	58.36100526013384	
6590 GLACIER HIGHWAY	99801	-134.51522200463396	58.36101514690771	
6590 GLACIER HIGHWAY	99801	-134.5153690839988	58.36041106281405	
6590 GLACIER HIGHWAY	99801	-134.51543217537613	58.360999825964775	
6590 GLACIER HIGHWAY	99801	-134.51555733135646	58.360422128779234	
6590 GLACIER HIGHWAY	99801	-134.51565682785903	58.36098317003347	
6590 GLACIER HIGHWAY	99801	-134.51765559373922	58.360066983220584	
6590 GLACIER HIGHWAY	99801	-134.51772523742827	58.36121619591093	
6590 GLACIER HIGHWAY	99801	-134.51484262273328	58.36168442619557	
6590 GLACIER HIGHWAY	99801	-134.51504130941288	58.3616613578037	
6590 GLACIER HIGHWAY	99801	-134.5158905380549	58.3617136180211	
6590 GLACIER HIGHWAY	99801	-134.51587076433887	58.361653078059184	
6590 GLACIER HIGHWAY	99801	-134.5157347378453	58.361569002093596	
6590 GLACIER HIGHWAY	99801	-134.51569956341203	58.361461549228295	
6590 GLACIER HIGHWAY	99801	-134.51572600891566	58.36137005579986	
7290 GLACIER HIGHWAY	99801	-134.53930741124958	58.35925082214618	
7270 GLACIER HIGHWAY	99801	-134.53856316242656	58.35944445577471	
7260 GLACIER HIGHWAY	99801	-134.53812220999632	58.359174493929935	
7248 GLACIER HIGHWAY	99801	-134.53730387262027	58.35995528086105	
7220 GLACIER HIGHWAY	99801	-134.53679998062796	58.35924553190912	
7210 GLACIER HIGHWAY	99801	-134.53604669475317	58.35929862981174	
6860 GLACIER HIGHWAY	99801	-134.5265752868938	58.359857719135476	
6858 GLACIER HIGHWAY	99801	-134.52670564591628	58.35938281297378	
6585 GLACIER HIGHWAY	99801	-134.5204416934401	58.35853131011501	
7098 SUNNY DRIVE	99801	-134.53284217057274	58.35789298606698	
6915 SUNNY DRIVE	99801	-134.5310339131098	58.35787859310741	
6911 SUNNY DRIVE	99801	-134.5305830082445	58.3577679111889	
6907 SUNNY DRIVE	99801	-134.52995411478207	58.3578405750433	
1800 BRANTA ROAD	99801	-134.53414187019382	58.357902496227936	
7094 SUNNY DRIVE	99801	-134.53226593994555	58.357906679189895	
1098 HENDRICKSON ROAD	99801	-134.5314967619751	58.357883014061926	
6903 SUNNY DRIVE	99801	-134.5296112422112	58.35790308201231	
6880 LESLIE AVENUE	99801	-134.52731023456036	58.35779282619687	
1094 HENDRICKSON ROAD	99801	-134.53126381175394	58.357575801880834	
7100 SUNNY DRIVE	99801	-134.53358452844208	58.35798101292378	
7102 SUNNY DRIVE	99801	-134.53369738019796	58.35797086798912	
7250 GLACIER HIGHWAY	99801	-134.53751315043706	58.35917198782447	
6880 LESLIE AVENUE	99801	-134.52730844421802	58.35785236285309	
6884 LESLIE AVENUE	99801	-134.52813717510188	58.357601290089434	
6884 LESLIE AVENUE	99801	-134.52838873931407	58.357583066050445	
6886 LESLIE AVENUE	99801	-134.52909139703775	58.35754805013776	
6886 LESLIE AVENUE	99801	-134.52878774042054	58.357583178212906	
2000 RENNENGER STREET	99801	-134.51522291283072	58.36524805087111	
6585 GLACIER HIGHWAY	99801	-134.52084351256167	58.35855540977943	
7100 GLACIER HIGHWAY	99801	-134.5323293601063	58.35960649616836	
7170 GLACIER HIGHWAY	99801	-134.53390709100273	58.35973984708459	
7180 GLACIER HIGHWAY	99801	-134.53456137444832	58.35902890907519	
6545 GLACIER HIGHWAY	99801	-134.51771958972006	58.35800930392513	
7180 GLACIER HIGHWAY	99801	-134.53435018142338	58.3590260660145	
7180 GLACIER HIGHWAY	99801	-134.53457382869146	58.359132421211314	
7180 GLACIER HIGHWAY	99801	-134.53432802807015	58.35912426198494	
7250 GLACIER HIGHWAY	99801	-134.53740217616013	58.359280313812924	
7290 GLACIER HIGHWAY	99801	-134.53945500984068	58.3592894517855	
6310 GLACIER HIGHWAY	99801	-134.51108766215071	58.35958054004811	
6310 GLACIER HIGHWAY	99801	-134.5119430649137	58.359584187949196	
6310 GLACIER HIGHWAY	99801	-134.51194015796546	58.35961906989427	
6310 GLACIER HIGHWAY	99801	-134.5119468081935	58.35965514499264	
6310 GLACIER HIGHWAY	99801	-134.51194767057618	58.35970268680116	
6310 GLACIER HIGHWAY	99801	-134.51195910612972	58.35975086990587	
6310 GLACIER HIGHWAY	99801	-134.51195192859063	58.35979884277124	
6310 GLACIER HIGHWAY	99801	-134.51194738042034	58.35986674386089	
6310 GLACIER HIGHWAY	99801	-134.51194897492996	58.359929996984846	
6310 GLACIER HIGHWAY	99801	-134.5117837442065	58.36001922419054	
6310 GLACIER HIGHWAY	99801	-134.51167184017325	58.3600209489228	
6310 GLACIER HIGHWAY	99801	-134.51154910874587	58.36001804609469	
6310 GLACIER HIGHWAY	99801	-134.51142385574747	58.360033104041605	
6310 GLACIER HIGHWAY	99801	-134.51128879673945	58.360024124126376	
6310 GLACIER HIGHWAY	99801	-134.5112181577171	58.36002183202337	
6310 GLACIER HIGHWAY	99801	-134.5110938210003	58.35996756512199	
6310 GLACIER HIGHWAY	99801	-134.51108345264527	58.35988414110842	
6310 GLACIER HIGHWAY	99801	-134.51108520885168	58.35982954883921	
6310 GLACIER HIGHWAY	99801	-134.51109726244616	58.3597762161143	
6310 GLACIER HIGHWAY	99801	-134.51108477137214	58.35972731015858	
6310 GLACIER HIGHWAY	99801	-134.51109449833	58.359688099956074	
6310 GLACIER HIGHWAY	99801	-134.5110951073878	58.35963606387948	
6590 GLACIER HIGHWAY	99801	-134.51410897762386	58.35993692985998	
6590 GLACIER HIGHWAY	99801	-134.5143259540027	58.35986953501745	
6590 GLACIER HIGHWAY	99801	-134.51306380306218	58.36057333014558	
6590 GLACIER HIGHWAY	99801	-134.51312166534623	58.36111320493193	
6590 GLACIER HIGHWAY	99801	-134.5132693097514	58.360517023187555	
6590 GLACIER HIGHWAY	99801	-134.51347628608443	58.360509615895886	
6590 GLACIER HIGHWAY	99801	-134.51451604290668	58.35986450405535	
6590 GLACIER HIGHWAY	99801	-134.51333930468172	58.361106434859984	
6590 GLACIER HIGHWAY	99801	-134.5137117336221	58.36049238907133	
6590 GLACIER HIGHWAY	99801	-134.51390185127218	58.36049162379052	
6590 GLACIER HIGHWAY	99801	-134.51461958362464	58.3608085702004	
6590 GLACIER HIGHWAY	99801	-134.51320672412558	58.36175488518432	
6590 GLACIER HIGHWAY	99801	-134.51357941986558	58.36109725117779	
6590 GLACIER HIGHWAY	99801	-134.5145104311311	58.35955116691453	
6590 GLACIER HIGHWAY	99801	-134.5143947460888	58.360816382213926	
6590 GLACIER HIGHWAY	99801	-134.5141096666317	58.36047938777764	
6590 GLACIER HIGHWAY	99801	-134.5134048251036	58.361753348080434	
6590 GLACIER HIGHWAY	99801	-134.51381322707954	58.36110674209791	
6590 GLACIER HIGHWAY	99801	-134.5142427017354	58.35954782579031	
6590 GLACIER HIGHWAY	99801	-134.51457897168896	58.360176867197346	
6590 GLACIER HIGHWAY	99801	-134.51419403101332	58.360827945197094	
6590 GLACIER HIGHWAY	99801	-134.51431511313382	58.360462962975895	
6590 GLACIER HIGHWAY	99801	-134.514391783445	58.3602020750278	
6590 GLACIER HIGHWAY	99801	-134.51457599467213	58.361428552096946	
6590 GLACIER HIGHWAY	99801	-134.51402955397637	58.361085234022795	
6590 GLACIER HIGHWAY	99801	-134.51397911087818	58.36084886298118	
6590 GLACIER HIGHWAY	99801	-134.51410048764615	58.360208343878305	
6590 GLACIER HIGHWAY	99801	-134.5136534006208	58.361721983983884	
6590 GLACIER HIGHWAY	99801	-134.5143527750021	58.36145431601473	
6590 GLACIER HIGHWAY	99801	-134.51453567019732	58.36048710608881	
6590 GLACIER HIGHWAY	99801	-134.514278375632	58.36106586387956	
6590 GLACIER HIGHWAY	99801	-134.51376190273407	58.360274421914916	
6590 GLACIER HIGHWAY	99801	-134.5138829848546	58.36171298612081	
6590 GLACIER HIGHWAY	99801	-134.51411416090306	58.361471008950026	
6590 GLACIER HIGHWAY	99801	-134.51379103420044	58.36086764091116	
6590 GLACIER HIGHWAY	99801	-134.5145011389578	58.36107346095787	
6590 GLACIER HIGHWAY	99801	-134.5132607685697	58.36029314407352	
6590 GLACIER HIGHWAY	99801	-134.51412668970633	58.36175423302252	
6590 GLACIER HIGHWAY	99801	-134.51384473369149	58.361447143115704	
6590 GLACIER HIGHWAY	99801	-134.51357221358037	58.360873472816095	
6590 GLACIER HIGHWAY	99801	-134.51334608606376	58.36086384611987	
6590 GLACIER HIGHWAY	99801	-134.51431850068076	58.361719069986485	
6590 GLACIER HIGHWAY	99801	-134.51363820561778	58.36149220107359	
6590 GLACIER HIGHWAY	99801	-134.51316881342393	58.360878413158865	
6590 GLACIER HIGHWAY	99801	-134.51341647086292	58.36153328283569	
6590 GLACIER HIGHWAY	99801	-134.51459806088874	58.3617049537767	
6590 GLACIER HIGHWAY	99801	-134.51313037002134	58.36146373379988	
5875 GLACIER HIGHWAY	99801	-134.50168546589072	58.35758752380111	
5905 CHURCHILL WAY	99801	-134.4930901283341	58.3615093388212	
5905 CHURCHILL WAY	99801	-134.49235519773552	58.36175697690834	
5905 CHURCHILL WAY	99801	-134.49242159131987	58.36163958901244	
5905 CHURCHILL WAY	99801	-134.49239753802982	58.36152903103432	
5905 CHURCHILL COURT MH PARK	99801	-134.49107867105556	58.36179231991061	
5905 CHURCHILL WAY	99801	-134.49326990278203	58.3622264001893	
5905 CHURCHILL WAY	99801	-134.49320013063388	58.36237169101926	
5905 CHURCHILL WAY	99801	-134.49299565341397	58.36159387577939	
5905 CHURCHILL WAY	99801	-134.493101730076	58.36174510181375	
5905 CHURCHILL WAY	99801	-134.49319430505926	58.36248416699167	
5905 CHURCHILL WAY	99801	-134.49319378493476	58.36190842088687	
5905 CHURCHILL WAY	99801	-134.4931534820195	58.362599131033576	
5905 CHURCHILL WAY	99801	-134.49321712136918	58.36270303699359	
5905 CHURCHILL COURT MH PARK	99801	-134.49254222518107	58.36217462419205	
5905 CHURCHILL WAY	99801	-134.49248822205945	58.362517248895664	
5905 CHURCHILL WAY	99801	-134.4931786474239	58.362810784821455	
5905 CHURCHILL WAY	99801	-134.4930977262848	58.36199668417597	
5905 CHURCHILL COURT MH PARK	99801	-134.4923463789744	58.362106495234514	
5905 CHURCHILL COURT MH PARK	99801	-134.4921404689416	58.36204207080916	
5905 CHURCHILL WAY	99801	-134.492645517964	58.36284786408521	
5905 CHURCHILL WAY	99801	-134.49311081473846	58.36210572197814	
5905 CHURCHILL WAY	99801	-134.4922268922618	58.36247476220131	
5905 CHURCHILL COURT MH PARK	99801	-134.491946560401	58.36202216777945	
5905 CHURCHILL WAY	99801	-134.4923723861002	58.36281627384227	
5905 CHURCHILL COURT	99801	-134.49204476512617	58.361286571014325	
5905 CHURCHILL WAY	99801	-134.49199169535416	58.36236425490195	
5905 CHURCHILL COURT	99801	-134.4910374258076	58.36104909394309	
5905 CHURCHILL COURT MH PARK	99801	-134.49176409190554	58.36196055586723	
5905 CHURCHILL COURT	99801	-134.49090157718044	58.36108942885949	
5905 CHURCHILL WAY	99801	-134.49215214883694	58.36274680885205	
5905 CHURCHILL COURT	99801	-134.49191734718798	58.361343545878306	
5905 CHURCHILL WAY	99801	-134.49183372032323	58.362317772182784	
5905 CHURCHILL COURT	99801	-134.49074560629091	58.36110825519753	
5905 CHURCHILL COURT MH PARK	99801	-134.49153285387328	58.36189886515485	
5905 CHURCHILL WAY	99801	-134.49199073685173	58.362706778812495	
5905 CHURCHILL COURT	99801	-134.49164223723386	58.36137462616524	
5905 CHURCHILL WAY	99801	-134.49164266034037	58.36224673991425	
5905 CHURCHILL COURT	99801	-134.49059796278408	58.36114146986226	
5905 CHURCHILL COURT MH PARK	99801	-134.4913049962015	58.36183575221061	
5905 CHURCHILL WAY	99801	-134.49176844963299	58.36265598786316	
5905 CHURCHILL COURT	99801	-134.49046682402394	58.36117900089729	
5905 CHURCHILL WAY	99801	-134.49141712481358	58.36221447718929	
5905 CHURCHILL COURT	99801	-134.4903059438414	58.36121275080412	
5905 CHURCHILL COURT MH PARK	99801	-134.49085508936452	58.36172482023049	
5905 CHURCHILL WAY	99801	-134.49155644902257	58.36261605478856	
5905 CHURCHILL WAY	99801	-134.49122855855398	58.36214944792751	
5905 CHURCHILL COURT	99801	-134.49016631420523	58.36121382095019	
5905 CHURCHILL COURT MH PARK	99801	-134.49070108129385	58.36168121297282	
5905 CHURCHILL WAY	99801	-134.49135730779545	58.36252412094853	
5905 CHURCHILL COURT	99801	-134.49003450440358	58.36125764083499	
5905 CHURCHILL WAY	99801	-134.49076501079938	58.362055842900006	
5905 CHURCHILL COURT	99801	-134.48988820926797	58.36133367898765	
5905 CHURCHILL COURT MH PARK	99801	-134.49050551625987	58.36163411488761	
5905 CHURCHILL WAY	99801	-134.4911525467079	58.362464846150246	
5905 CHURCHILL WAY	99801	-134.49058603585206	58.362010313036166	
5905 CHURCHILL COURT	99801	-134.4897442057347	58.36135264609037	
5905 CHURCHILL COURT MH PARK	99801	-134.490274923218	58.36157592804987	
5905 CHURCHILL WAY	99801	-134.49095453825632	58.3624293737684	
5905 CHURCHILL WAY	99801	-134.49038940721277	58.3619412050528	
5905 CHURCHILL WAY	99801	-134.49101900315773	58.362116114052505	
5905 CHURCHILL WAY	99801	-134.49072453540762	58.36237291804209	
5905 CHURCHILL WAY	99801	-134.49017849086889	58.36187044297434	
5905 CHURCHILL WAY	99801	-134.49049565185976	58.36233023892136	
5905 CHURCHILL WAY	99801	-134.48996971700697	58.361821111114786	
5905 CHURCHILL WAY	99801	-134.4902837788101	58.362263877766786	
5905 CHURCHILL WAY	99801	-134.48978591541163	58.36174172696966	
5905 CHURCHILL COURT	99801	-134.49147810784498	58.361382214223944	
5905 CHURCHILL WAY	99801	-134.49006358915756	58.36220151516898	
5905 CHURCHILL COURT	99801	-134.49127036435067	58.36144992990634	
5905 CHURCHILL WAY	99801	-134.48991016499184	58.36213913502624	
5905 CHURCHILL COURT	99801	-134.4916443833091	58.36096334086036	
5905 CHURCHILL COURT	99801	-134.49148499073664	58.36100922690711	
5905 CHURCHILL COURT	99801	-134.49132684322922	58.36099047214248	
5905 CHURCHILL COURT	99801	-134.49117378018624	58.36101699222494	
1913 LEMON CREEK ROAD	99801	-134.49189942130647	58.36057490122944	
1915 LEMON CREEK ROAD	99801	-134.49177236269435	58.36061392808091	
1917 LEMON CREEK ROAD	99801	-134.49162669009127	58.36064562914887	
1651 RENNINGER STREET	99801	-134.51362485575436	58.36404627878748	
1704 NORTHWOOD DRIVE	99801	-134.5104035276882	58.359977548790454	
6400 GLACIER HIGHWAY	99801	-134.51395213986012	58.35970361703394	
6390 GLACIER HIGHWAY	99801	-134.51334610941998	58.35975755400055	
6370 GLACIER HIGHWAY	99801	-134.51295569261436	58.359779932796386	
6310 GLACIER HIGHWAY	99801	-134.51151054137574	58.35971758984385	
6525 GLACIER HIGHWAY	99801	-134.51425786170412	58.35865267491347	
1826 MARK ALAN STREET	99801	-134.49505365779729	58.36303910785896	
1822 MARK ALAN STREET	99801	-134.49560904840823	58.36308463309754	
1818 MARK ALAN STREET	99801	-134.49616044780436	58.36310584922585	
1814 MARK ALAN STREET	99801	-134.49672818575883	58.36307202903572	
1810 MARK ALAN STREET	99801	-134.49740675875142	58.36306578519599	
1806 MARK ALAN STREET	99801	-134.49780644257754	58.363100397945864	
1804 MARK ALAN STREET	99801	-134.4985445118897	58.3630721308144	
1800 MARK ALAN STREET	99801	-134.49913677385146	58.362874296071446	
5980 MOUNTAIN AVENUE	99801	-134.49380821372444	58.362970868895744	
5985 MOUNTAIN AVENUE	99801	-134.49448228795407	58.36288139187487	
5970 MOUNTAIN AVENUE	99801	-134.49381359642965	58.36266411517391	
1827 MARK ALAN STREET	99801	-134.4950653888966	58.362709493880914	
5975 MOUNTAIN AVENUE	99801	-134.49449994344266	58.362572061773136	
1801 MARK ALAN STREET	99801	-134.4990951099886	58.36263534491903	
1825 MARK ALAN STREET	99801	-134.49521699577045	58.36261641101852	
1823 MARK ALAN STREET	99801	-134.49566898939386	58.36259397794744	
1821 MARK ALAN STREET	99801	-134.49604489391606	58.36259152485953	
1819 MARK ALAN STREET	99801	-134.49625814408307	58.36259710202955	
1815 MARK ALAN STREET	99801	-134.49668274627683	58.36261406678024	
5998 NORTH STREET	99801	-134.49720706595872	58.362628206186635	
6001 NORTH STREET	99801	-134.4979965656175	58.362542832018725	
1805 MARK ALAN STREET	99801	-134.49844318731553	58.3625901498862	
5950 MOUNTAIN AVENUE	99801	-134.4938122193123	58.36241673884418	
5935 MOUNTAIN AVENUE	99801	-134.49455294314612	58.36216849516878	
5945 WOODS STREET	99801	-134.49598760924871	58.36221590683745	
5992 NORTH STREET	99801	-134.49686657033007	58.36229969288308	
5997 NORTH STREET	99801	-134.49788103059387	58.362252466040665	
6006 LEMON STREET	99801	-134.49849449279634	58.36219156794134	
6008 LEMON STREET	99801	-134.49898657733257	58.36234449812812	
6011 LEMON STREET	99801	-134.49971724812005	58.36217573813145	
6014 LUND STREET	99801	-134.5006014472778	58.362260513810085	
6025 LUND STREET	99801	-134.50172708483782	58.36220835618351	
5930 MOUNTAIN AVENUE	99801	-134.49376709603726	58.36214076305687	
5988 NORTH STREET	99801	-134.49636668302725	58.361960561992994	
6010 LUND STREET	99801	-134.5002403191437	58.361961210852485	
6007 LEMON STREET	99801	-134.4994125629319	58.36196215280608	
5993 NORTH STREET	99801	-134.49740737230078	58.361986965899696	
5935 WOODS STREET	99801	-134.49558051072827	58.362009041235595	
5994 LEMON STREET	99801	-134.49832333858188	58.3619901390416	
5990 LEMON STREET	99801	-134.49813092573626	58.36185446505932	
5920 MOUNTAIN AVENUE	99801	-134.49373019504202	58.36184332320646	
5929 WOODS STREET	99801	-134.49526937563635	58.3617936148085	
5984 NORTH STREET	99801	-134.49605483557133	58.361762673898866	
6014 SUNSET STREET	99801	-134.50201928434186	58.36183130677666	
6012 SUNSET STREET	99801	-134.50187805211124	58.361788798052046	
6000 LUND STREET	99801	-134.49991130039112	58.361786053226275	
6020 SUNSET STREET	99801	-134.50272897228095	58.36187895780346	
5989 NORTH STREET	99801	-134.49704667266303	58.361752342036	
5986 LEMON STREET	99801	-134.49786706897774	58.361681065953384	
6011 LUND STREET	99801	-134.5009024367969	58.36165093779364	
5995 LEMON STREET	99801	-134.4988409703065	58.36167306894324	
5921 WOODS STREET	99801	-134.49493035683804	58.36149496194366	
5980 NORTH STREET	99801	-134.49560531680652	58.36151534497093	
5900 MOUNTAIN AVENUE	99801	-134.49374154705225	58.36162379194022	
5985 NORTH STREET	99801	-134.49677647918853	58.361514836997536	
5980 LEMON STREET	99801	-134.49754827664634	58.361442675014295	
6008 SUNSET STREET	99801	-134.50131041566635	58.36148962821958	
6003 LUND STREET	99801	-134.50056349974525	58.36137911076797	
5990 LUND STREET	99801	-134.49941366606305	58.36139120793031	
5985 LEMON STREET	99801	-134.4984647370009	58.36143620988451	
5891 MOUNTAIN AVENUE	99801	-134.49460093384354	58.361315522846134	
5970 NORTH STREET	99801	-134.49539792185854	58.36123777317587	
5981 NORTH STREET	99801	-134.4963988687656	58.3613052379745	
5960 LEMON STREET	99801	-134.49719714586305	58.36129047602596	
6017 SUNSET STREET	99801	-134.50244618891773	58.361418893037914	
6025 SUNSET STREET	99801	-134.50315603406196	58.361442522810464	
1915 CHURCHILL COURT	99801	-134.49237357097803	58.36120574796735	
6031 SUNSET STREET	99801	-134.50362626079072	58.36144037499267	
1845 ALASKA AVENUE	99801	-134.50419051777348	58.36140382295914	
6002 SUNSET STREET	99801	-134.5009702443295	58.36124374214527	
5890 MOUNTAIN AVENUE	99801	-134.49386395059454	58.36120644679029	
5899 CHURCHILL WAY	99801	-134.49306976172997	58.361328437127234	
5984 LUND STREET	99801	-134.49910582329665	58.361206628210965	
5975 LEMON STREET	99801	-134.4981905379385	58.36122906781839	
6011 SUNSET STREET	99801	-134.50207376626554	58.36122484896593	
1830 CENTRAL AVENUE	99801	-134.50013441675483	58.36118741316662	
5891 CHURCHILL WAY	99801	-134.49304667502716	58.361179776058904	
5860 NORTH STREET	99801	-134.495017007432	58.36107980222217	
5930 LEMON STREET	99801	-134.49684493440645	58.361026841768776	
5971 NORTH STREET	99801	-134.49604524156408	58.36105233219824	
1959 LEMON CREEK ROAD	99801	-134.48980618230277	58.36098897081843	
5980 LUND STREET	99801	-134.498772792668	58.360948684794735	
5955 LEMON STREET	99801	-134.49791387120405	58.360993420128274	
5870 MOUNTAIN AVENUE	99801	-134.49383127796938	58.36099818610091	
1951 LEMON CREEK ROAD	99801	-134.49033647937452	58.36084141523363	
6014 PINE STREET	99801	-134.502668962125	58.36094473309391	
6024 PINE STREET	99801	-134.5031950460981	58.36103157804972	
6034 PINE STREET	99801	-134.50369019658442	58.36102146603492	
6007 SUNSET STREET	99801	-134.50173476812844	58.360985086978616	
6044 PINE STREET	99801	-134.5042347993271	58.36104714778548	
5990 SUNSET STREET	99801	-134.50059924460874	58.36089026404122	
5881 CHURCHILL WAY	99801	-134.49306413917458	58.36100559423248	
5985 LUND STREET	99801	-134.49975560258943	58.36099548692249	
5855 MOUNTAIN AVENUE	99801	-134.49450954463643	58.360774633772046	
5920 LEMON STREET	99801	-134.49659600135973	58.36083142709718	
1914 CHURCHILL COURT	99801	-134.49195813429512	58.36082384410359	
1943 LEMON CREEK ROAD	99801	-134.49062077280576	58.36082172923411	
5976 LUND STREET	99801	-134.49849480541008	58.36076057797309	
5935 LEMON STREET	99801	-134.49759732466086	58.360762600956676	
1941 LEMON CREEK ROAD	99801	-134.490890632107	58.36072590920885	
5871 CHURCHILL WAY	99801	-134.49296760980744	58.36082748904882	
6004 PINE STREET	99801	-134.50217788639685	58.36078961222993	
1851 PATTI AVENUE	99801	-134.49556950277278	58.360719768153345	
1931 LEMON CREEK ROAD	99801	-134.49122583037044	58.36064930003016	
5850 MOUNTAIN AVENUE	99801	-134.49379483780987	58.36073353416284	
5979 LUND STREET	99801	-134.49934506262312	58.36071742378907	
5970 SUNSET STREET	99801	-134.5002823135866	58.36066771616184	
1919 LEMON CREEK ROAD	99801	-134.49148071655253	58.36068901102442	
5989 SUNSET STREET	99801	-134.50111571840492	58.360634076001844	
5861 CHURCHILL WAY	99801	-134.49309232740993	58.36071729608602	
1954 LEMON CREEK ROAD	99801	-134.48982708789606	58.360453281976	
5950 LUND STREET	99801	-134.4981170279005	58.360536181106546	
5921 LEMON STREET	99801	-134.49720447611574	58.36055719707961	
5898 LEMON STREET	99801	-134.49622005731166	58.36046147812255	
5851 NORTH STREET	99801	-134.4951406973618	58.36044835382578	
1948 LEMON CREEK ROAD	99801	-134.49013712973826	58.36041787778653	
1911 LEMON CREEK ROAD	99801	-134.4921686338207	58.36054078220994	
5957 LUND STREET	99801	-134.49891149793777	58.36050088679724	
5952 SUNSET STREET	99801	-134.49998683972336	58.36051136416577	
6003 PINE STREET	99801	-134.50280709876122	58.36052243716795	
6013 PINE STREET	99801	-134.5035460088965	58.360670293788104	
6041 PINE STREET	99801	-134.5041735423096	58.360644951048926	
1942 LEMON CREEK ROAD	99801	-134.4904635343934	58.36045923694106	
5838 MOUNTAIN AVENUE	99801	-134.49375483493196	58.36044159305099	
1907 LEMON CREEK ROAD	99801	-134.49237258283122	58.36039310505854	
5851 CHURCHILL WAY	99801	-134.4929866334302	58.36051018420142	
5994 PINE STREET	99801	-134.5017798321147	58.36038411581019	
5985 SUNSET STREET	99801	-134.5008507450405	58.36046464009201	
1936 LEMON CREEK ROAD	99801	-134.49074604197384	58.36041482089787	
5950 SUNSET STREET	99801	-134.4998243192171	58.36046613295616	
5920 LUND STREET	99801	-134.49769393757134	58.360347151766966	
1930 LEMON CREEK ROAD	99801	-134.49093803440792	58.360282039897875	
5847 NORTH STREET	99801	-134.49498281575566	58.36037024882041	
5872 LEMON STREET	99801	-134.4955874070947	58.36016695191452	
5933 LUND STREET	99801	-134.49869435626897	58.36028434706351	
5946 SUNSET STREET	99801	-134.49964774456822	58.36021384696962	
5841 CHURCHILL WAY	99801	-134.49299870768596	58.36038346079565	
5895 LEMON STREET	99801	-134.49666424457524	58.36021384084356	
1920 LEMON CREEK ROAD	99801	-134.49147573808924	58.36025046196706	
5974 PINE STREET	99801	-134.50150131664736	58.36018519299802	
1916 LEMON CREEK ROAD	99801	-134.49146186271133	58.360018384915065	
5975 SUNSET STREET	99801	-134.5005556969787	58.36026659611566	
5818 MOUNTAIN AVENUE	99801	-134.49377818034958	58.36024789609106	
6002 MONTGOMERY STREET	99801	-134.50335868680355	58.360248007773855	
6032 MONTGOMERY STREET	99801	-134.5042074698812	58.360216445834595	
5843 NORTH STREET	99801	-134.49462221403428	58.360169981964184	
5831 CHURCHILL WAY	99801	-134.49308352392012	58.36018815188945	
5921 LUND STREET	99801	-134.49841503411452	58.36008491098281	
5852 LEMON STREET	99801	-134.49533238616533	58.36002953394126	
5932 SUNSET STREET	99801	-134.4992044897559	58.36006815283252	
5896 LUND STREET	99801	-134.4972651932458	58.35995115987416	
5993 PINE STREET	99801	-134.50221995719656	58.36013567688598	
1906 LEMON CREEK ROAD	99801	-134.4921455884404	58.360061217155696	
5875 LEMON STREET	99801	-134.4963738273287	58.360044295945784	
5816 MOUNTAIN AVENUE	99801	-134.49377444605292	58.36014322704083	
5812 CHURCHILL WAY	99801	-134.49240543961105	58.35987731613691	
5954 PINE STREET	99801	-134.50124658138225	58.36000383919818	
5959 SUNSET STREET	99801	-134.5001542246069	58.36003277700234	
5815 MOUNTAIN AVENUE	99801	-134.49454468583204	58.36001390108198	
5850 LEMON STREET	99801	-134.4952079587187	58.35994229020809	
5810 MOUNTAIN AVENUE	99801	-134.49372440270506	58.35986889413061	
5920 SUNSET STREET	99801	-134.49908296027436	58.35981613213803	
5992 MONTGOMERY STREET	99801	-134.50273772995664	58.359818737158456	
5876 LUND STREET	99801	-134.4969781626479	58.359745158924675	
5846 LEMON STREET	99801	-134.49490840919898	58.35987678316421	
5955 PINE STREET	99801	-134.50179832483315	58.35979759492434	
5849 LEMON STREET	99801	-134.495999722132	58.359778775898434	
5934 PINE STREET	99801	-134.50085834658444	58.35975666900839	
5811 CHURCHILL WAY	99801	-134.49302111795734	58.35989573597002	
5921 SUNSET STREET	99801	-134.49988244111427	58.35983647513674	
5895 LUND STREET	99801	-134.49788563176477	58.35974634409824	
6019 MONTGOMERY STREET	99801	-134.50418936972656	58.35982613187153	
6023 MONTGOMERY STREET	99801	-134.50478119780203	58.35979603982807	
6027 MONTGOMERY STREET	99801	-134.50499556008336	58.3598197630501	
1840 DAVIS AVENUE	99801	-134.49455723888983	58.359473461896776	
1850 DAVIS AVENUE	99801	-134.49376650314917	58.359666715896076	
5842 LUND STREET	99801	-134.49657080720925	58.359480088080744	
1860 DAVIS AVENUE	99801	-134.4931702490743	58.35970122689168	
5924 PINE STREET	99801	-134.50040287917582	58.35958299098907	
5945 PINE STREET	99801	-134.50154905940977	58.35962374415992	
5972 MONTGOMERY STREET	99801	-134.50239034155481	58.35955409617071	
5915 SUNSET STREET	99801	-134.49954508060594	58.35963689703786	
5845 LEMON STREET	99801	-134.49567545367066	58.35949719711669	
5894 SUNSET STREET	99801	-134.49841280808923	58.35941160991303	
5875 LUND STREET	99801	-134.4975098997191	58.359566944179484	
1701 CENTRAL AVENUE	99801	-134.50335369037393	58.35958429209412	
5840 LUND STREET	99801	-134.4963689369003	58.35934756604985	
1830 DAVIS AVENUE	99801	-134.49512973162712	58.359307574096675	
1820 PATTI AVENUE	99801	-134.50004272481547	58.359384419925405	
5855 LUND STREET	99801	-134.49717343123785	58.35931341709803	
5952 MONTGOMERY STREET	99801	-134.50193271010468	58.359317378877655	
5933 PINE STREET	99801	-134.50119084002057	58.35933244890462	
5876 SUNSET STREET	99801	-134.498168848116	58.35924370723426	
5895 SUNSET STREET	99801	-134.49905451871416	58.35929489988402	
6032 GULL WAY	99801	-134.50575524286123	58.359285701121884	
6030 GULL WAY	99801	-134.50548085155938	58.359297826805225	
6028 GULL WAY	99801	-134.50523785458012	58.359238594185705	
6034 GULL WAY	99801	-134.50600691666784	58.35925209687357	
1783 ANKA STREET	99801	-134.48985251740513	58.35916432907448	
6036 GULL WAY	99801	-134.50626436035355	58.359247756202734	
1820 DAVIS AVENUE	99801	-134.49580907896748	58.35913807998284	
6026 GULL WAY	99801	-134.5049511608504	58.359243218078134	
6038 GULL WAY	99801	-134.50649011776426	58.35928439387956	
6040 GULL WAY	99801	-134.50677023043613	58.359250524788294	
5835 LUND STREET	99801	-134.4968707627675	58.35911802781449	
5957 MONTGOMERY STREET	99801	-134.5029113096224	58.35929310207287	
6042 GULL WAY	99801	-134.5069718357421	58.35920076797073	
6024 GULL WAY	99801	-134.50468981488314	58.359190599824046	
5932 MONTGOMERY STREET	99801	-134.50166494477637	58.359075119029384	
6205 ALAWAY AVENUE	99801	-134.50794154104014	58.359140653008275	
6022 GULL WAY	99801	-134.50442553861137	58.35919997014574	
6225 ALAWAY AVENUE	99801	-134.50761474112633	58.35761140921045	
5856 SUNSET STREET	99801	-134.4978177856046	58.35901714710583	
5894 PINE STREET	99801	-134.49972446608336	58.35901679508077	
5955 MONTGOMERY STREET	99801	-134.5028257693461	58.359230401053956	
5873 SUNSET STREET	99801	-134.49862813336455	58.35900740491795	
6020 GULL WAY	99801	-134.5042213156147	58.359065830201054	
1767 ANKA STREET	99801	-134.49055794822806	58.358783814063585	
5951 MONTGOMERY STREET	99801	-134.50250810619698	58.359032639031014	
6018 GULL WAY	99801	-134.50398062101743	58.358988962001234	
1810 DAVIS AVENUE	99801	-134.49677075512352	58.3589109437765	
1759 ANKA STREET	99801	-134.4910545476969	58.358694249143745	
5902 MONTGOMERY STREET	99801	-134.50133563227467	58.358871235965935	
6016 GULL WAY	99801	-134.5037946077699	58.35889073879304	
5874 PINE STREET	99801	-134.4994147440414	58.35881416898732	
1800 DAVIS AVENUE	99801	-134.49732246982833	58.358802133147485	
1751 ANKA STREET	99801	-134.49142230090624	58.35861084804046	
5853 SUNSET STREET	99801	-134.4982598034368	58.35875973481905	
6029 GULL WAY	99801	-134.50546215312676	58.35895418687918	
6031 GULL WAY	99801	-134.50572225043578	58.35894876323322	
6027 GULL WAY	99801	-134.50522381031894	58.35892187213477	
6033 GULL WAY	99801	-134.50599396206314	58.35892470012376	
6014 GULL WAY	99801	-134.50355980971418	58.358771588768896	
1201 BRITTANY PLACE	99801	-134.50497801688417	58.3588936318175	
1708 PATTI AVENUE	99801	-134.50045314530587	58.35873963719526	
6035 GULL WAY	99801	-134.5062633156129	58.358914855177225	
1743 ANKA STREET	99801	-134.4919616772506	58.35846725805731	
5931 MONTGOMERY STREET	99801	-134.50214011583245	58.35872164701539	
6037 GULL WAY	99801	-134.50651206181	58.35887775387463	
6012 GULL WAY	99801	-134.5034334212453	58.35868597577211	
6039 GULL WAY	99801	-134.5067291971906	58.35887308280896	
1200 BRITTANY PLACE	99801	-134.5044235236902	58.358749429881335	
5852 PINE STREET	99801	-134.4990062737935	58.35852610695295	
1735 ANKA STREET	99801	-134.49284345095705	58.35845811515935	
6041 GULL WAY	99801	-134.50698360906222	58.358862451796725	
5892 MONTGOMERY STREET	99801	-134.50079472969264	58.35848289678532	
5875 PINE STREET	99801	-134.49999448708138	58.35857280814444	
5849 SUNSET STREET	99801	-134.49810001560564	58.35859363913963	
6015 GULL WAY	99801	-134.5042023189414	58.35868530894471	
6010 GULL WAY	99801	-134.50329829127034	58.3585959991964	
5901 MONTGOMERY STREET	99801	-134.50189901160343	58.35853374510601	
1766 ANKA STREET	99801	-134.4902832443125	58.358427117131455	
6013 GULL WAY	99801	-134.50413742105198	58.358554448884625	
5873 PINE STREET	99801	-134.4999062096384	58.358499506770386	
6008 GULL WAY	99801	-134.5031811797034	58.35848349905408	
5847 SUNSET STREET	99801	-134.49795220501215	58.3584878237961	
1727 ANKA STREET	99801	-134.49353770404292	58.358134960901	
6018 CHATHAM DRIVE	99801	-134.50546370361891	58.358590029779336	
6016 CHATHAM DRIVE	99801	-134.50521453611194	58.35859819007166	
6020 CHATHAM DRIVE	99801	-134.5057336275989	58.35859820986448	
1736 DAVIS AVENUE	99801	-134.49853814283432	58.358320476110826	
6022 CHATHAM DRIVE	99801	-134.5059432297075	58.35859073289537	
5872 MONTGOMERY STREET	99801	-134.5005191085972	58.358320357824304	
1758 ANKA STREET	99801	-134.49071299205622	58.3581680859956	
6006 GULL WAY	99801	-134.5029751870256	58.35838345820297	
6014 CHATHAM DRIVE	99801	-134.50471848641206	58.358455387039925	
6024 CHATHAM DRIVE	99801	-134.50622449401956	58.358637632871755	
5871 PINE STREET	99801	-134.49954319324556	58.358342640922736	
6011 GULL WAY	99801	-134.50394299418346	58.35847317000155	
5891 MONTGOMERY STREET	99801	-134.50154171568232	58.35830121613951	
6026 CHATHAM DRIVE	99801	-134.50648139691947	58.35862985619166	
5411 COMMERCIAL BOULEVARD	99801	-134.48978188107773	58.35804261387339	
1750 ANKA STREET	99801	-134.49118091011468	58.358179904799385	
6004 GULL WAY	99801	-134.50288864063617	58.35829246623056	
6028 CHATHAM DRIVE	99801	-134.5066906702447	58.358557258995276	
6009 GULL WAY	99801	-134.50374774355984	58.35837601700421	
6012 CHATHAM DRIVE	99801	-134.50455331767233	58.358349175894375	
6030 CHATHAM DRIVE	99801	-134.50697301523007	58.35855822083252	
5441 COMMERCIAL BOULEVARD	99801	-134.49160410734333	58.35794527589752	
6002 GULL WAY	99801	-134.50268787435672	58.358192414941634	
5852 MONTGOMERY STREET	99801	-134.50018728799924	58.358108827917476	
1720 DAVIS AVENUE	99801	-134.49930474892813	58.35800320009826	
6007 GULL WAY	99801	-134.50355205006676	58.358242185904416	
6010 CHATHAM DRIVE	99801	-134.504387400636	58.35827903386492	
5871 MONTGOMERY STREET	99801	-134.50125775462774	58.35813932385806	
6000 GULL WAY	99801	-134.50250127810253	58.35808972193408	
5451 COMMERCIAL BOULEVARD	99801	-134.49243499687884	58.35783159598414	
6005 GULL WAY	99801	-134.50344877525012	58.35809443410338	
6008 CHATHAM DRIVE	99801	-134.50428499628686	58.35815020014492	
1710 DAVIS AVENUE	99801	-134.49979202208766	58.357843898892156	
5851 MONTGOMERY STREET	99801	-134.50078490302175	58.35785133077776	
6006 CHATHAM DRIVE	99801	-134.50406191675404	58.35807337283663	
6003 GULL WAY	99801	-134.50332433971866	58.35798943396666	
6017 CHATHAM DRIVE	99801	-134.50546687826514	58.35825347498505	
6019 CHATHAM DRIVE	99801	-134.5057440435646	58.358172735947726	
6021 CHATHAM DRIVE	99801	-134.50598921806014	58.358194868806514	
6023 CHATHAM DRIVE	99801	-134.50626371895646	58.35818820515157	
6025 CHATHAM DRIVE	99801	-134.50650804993396	58.35817498387205	
6027 CHATHAM DRIVE	99801	-134.50673802313827	58.3581617380819	
6029 CHATHAM DRIVE	99801	-134.50700767762362	58.358143793791356	
6004 CHATHAM DRIVE	99801	-134.50397729096272	58.357954442020294	
6001 GULL WAY	99801	-134.50306224186147	58.357899777962196	
6009 CHATHAM DRIVE	99801	-134.5050191803854	58.35807684793945	
5849 MONTGOMERY STREET	99801	-134.50063062994815	58.35770899316675	
6007 CHATHAM DRIVE	99801	-134.50478539562937	58.357980741003566	
6002 CHATHAM DRIVE	99801	-134.50377807068384	58.35784977889461	
5847 MONTGOMERY STREET	99801	-134.50042174739005	58.35763706799314	
5875 GLACIER HIGHWAY	99801	-134.50220813177418	58.35777904490263	
1307 BRITTANY PLACE	99801	-134.50680827858	58.358000732082125	
6005 CHATHAM DRIVE	99801	-134.50461589700998	58.357858222118345	
1302 BRITTANY PLACE	99801	-134.50525290315773	58.35786355120718	
6000 CHATHAM DRIVE	99801	-134.5036339827089	58.357787504166396	
1309 BRITTANY PLACE	99801	-134.50694191196166	58.35785492796064	
1304 BRITTANY PLACE	99801	-134.50547967386805	58.35777378884764	
6003 CHATHAM DRIVE	99801	-134.5044752334129	58.35772415106499	
1306 BRITTANY PLACE	99801	-134.50571038728418	58.357733737145686	
1311 BRITTANY PLACE	99801	-134.50678858481405	58.35769745696689	
6001 CHATHAM DRIVE	99801	-134.50431706524418	58.35764807120634	
1308 BRITTANY PLACE	99801	-134.50597736389167	58.35765534902794	
1310 BRITTANY PLACE	99801	-134.50616402931612	58.35755595100049	
1313 BRITTANY PLACE	99801	-134.5067893591618	58.35760955711744	
1900 LEMON CREEK ROAD	99801	-134.49239671696964	58.3599782617749	
1600 RENNINGER STREET	99801	-134.51458229725213	58.36301342096075	
1774 ANKA STREET	99801	-134.48977612197842	58.35846222312531	
1725 ANKA STREET	99801	-134.49399124456528	58.35776282007619	
1918 LEMON CREEK ROAD	99801	-134.49165676838192	58.36025511305863	
5822 CHURCHILL WAY	99801	-134.4922937817162	58.35985819980076	
1922 LEMON CREEK ROAD	99801	-134.49125511814367	58.36009376788966	
5871 MONTGOMERY STREET	99801	-134.5012896906344	58.35816932023348	
5871 MONTGOMERY STREET	99801	-134.5013585078734	58.358151643153064	
5871 MONTGOMERY STREET	99801	-134.50130283927524	58.35810795513686	
6015 MONTGOMERY STREET	99801	-134.50393730335614	58.35983365994425	
6006 SUNSET STREET	99801	-134.5010645476714	58.36133816595169	
6010 SUNSET STREET	99801	-134.50143795757208	58.361569397916426	
5957 PINE STREET	99801	-134.501916436225	58.359894534779286	
5947 PINE STREET	99801	-134.50159035765833	58.359661085012554	
5872 PINE STREET	99801	-134.49919591084495	58.35869596404433	
1822 PATTI AVENUE	99801	-134.4998976513887	58.35941725120374	
5934 SUNSET STREET	99801	-134.49926514939375	58.36011070085679	
5855 SUNSET STREET	99801	-134.498371012174	58.358848607771996	
5875 SUNSET STREET	99801	-134.49874306022875	58.359118582947396	
5896 SUNSET STREET	99801	-134.49855690504737	58.35950427380663	
6007 LUND STREET	99801	-134.5006868707731	58.36150324785113	
6015 LUND STREET	99801	-134.50098991923082	58.361753633165584	
5814 MOUNTAIN AVENUE	99801	-134.49373208419908	58.359997658904234	
5845 NORTH STREET	99801	-134.4948145298619	58.36024970186463	
5853 NORTH STREET	99801	-134.4952615486153	58.36055665987608	
1849 PATTI AVENUE	99801	-134.49609844698173	58.360495251805716	
5874 LEMON STREET	99801	-134.49567399031503	58.36026565600178	
5897 LEMON STREET	99801	-134.49675610360126	58.36026275696367	
5974 NORTH STREET	99801	-134.49549223687856	58.361306167222615	
1808 MARK ALAN STREET	99801	-134.4979490627053	58.36307280179974	
1802 MARK ALAN STREET	99801	-134.49918339371976	58.363056894166164	
5840 MOUNTAIN AVENUE	99801	-134.49372125860157	58.36052040710211	
5892 MOUNTAIN AVENUE	99801	-134.4938386737991	58.36131669712892	
5925 WOODS STREET	99801	-134.4950320434332	58.36156408682203	
5955 WOODS STREET	99801	-134.49591312094537	58.36233043305882	
5937 MOUNTAIN AVENUE	99801	-134.49454156059318	58.362244281147724	
1700 NORTHWOOD DRIVE	99801	-134.51040948082357	58.35964400385939	
1700 NORTHWOOD DRIVE	99801	-134.51048045132433	58.35964974784397	
1700 NORTHWOOD DRIVE	99801	-134.51056898119384	58.35964917292721	
1700 NORTHWOOD DRIVE	99801	-134.51066341299486	58.3596485598397	
1700 NORTHWOOD DRIVE	99801	-134.5106825048896	58.359707379905444	
1700 NORTHWOOD DRIVE	99801	-134.51068374366636	58.359760111901075	
1700 NORTHWOOD DRIVE	99801	-134.51067893588296	58.35980667809902	
1700 NORTHWOOD DRIVE	99801	-134.51061394097553	58.359803998150404	
1700 NORTHWOOD DRIVE	99801	-134.51053714130694	58.3598013940714	
1700 NORTHWOOD DRIVE	99801	-134.51043083198127	58.35979898178741	
1704 NORTHWOOD DRIVE	99801	-134.5104880331053	58.35997234112913	
1704 NORTHWOOD DRIVE	99801	-134.51058253856812	58.35997483021321	
1704 NORTHWOOD DRIVE	99801	-134.51068862960318	58.35996793598709	
1704 NORTHWOOD DRIVE	99801	-134.51069555291912	58.360011323879036	
1704 NORTHWOOD DRIVE	99801	-134.51069081789925	58.36006099190406	
1704 NORTHWOOD DRIVE	99801	-134.51070983613212	58.36011671007189	
1704 NORTHWOOD DRIVE	99801	-134.51061540343278	58.36011732315125	
1704 NORTHWOOD DRIVE	99801	-134.5105092378376	58.36012111519537	
1704 NORTHWOOD DRIVE	99801	-134.51043221898007	58.360109206092645	
1800 NORTHWOOD DRIVE	99801	-134.5112695871654	58.36048622676974	
1651 RENNINGER STREET	99801	-134.51363945517434	58.36412744117972	
1651 RENNINGER STREET	99801	-134.51328788691148	58.36414423698249	
1651 RENNINGER STREET	99801	-134.513248309835	58.36407559022538	
1651 RENNINGER STREET	99801	-134.51352721337454	58.364050200927615	
1651 RENNINGER STREET	99801	-134.51354979522415	58.36412983809005	
1651 RENNINGER STREET	99801	-134.51339130366193	58.36413993696374	
1651 RENNINGER STREET	99801	-134.51335530637186	58.364076706931904	
1651 RENNINGER STREET	99801	-134.5129756657564	58.36407373894268	
1651 RENNINGER STREET	99801	-134.51296702576	58.36414632620905	
1651 RENNINGER STREET	99801	-134.51286513524718	58.36406901814775	
1651 RENNINGER STREET	99801	-134.51286680162204	58.364139724931235	
1651 RENNINGER STREET	99801	-134.51272359489442	58.364066313078744	
1651 RENNINGER STREET	99801	-134.51271141823074	58.36413529722122	
1651 RENNINGER STREET	99801	-134.51261987990327	58.36405792222757	
1651 RENNINGER STREET	99801	-134.51261826563072	58.36413590316305	
1651 RENNINGER STREET	99801	-134.51231228956348	58.363744412155754	
1651 RENNINGER STREET	99801	-134.51233776309	58.363800458111115	
1651 RENNINGER STREET	99801	-134.51222275807237	58.36375224802137	
1651 RENNINGER STREET	99801	-134.51224848941536	58.3638191718031	
1651 RENNINGER STREET	99801	-134.5120714683038	58.363774990869416	
1651 RENNINGER STREET	99801	-134.51210733533813	58.36383278299691	
1651 RENNINGER STREET	99801	-134.51198219283253	58.363793704103735	
1651 RENNINGER STREET	99801	-134.512004002131	58.3638407078973	
6370 GLACIER HIGHWAY	99801	-134.5128390337983	58.35977793001987	
6370 GLACIER HIGHWAY	99801	-134.51295068360832	58.35982040111038	
6370 GLACIER HIGHWAY	99801	-134.51284329181277	58.35982442315196	
6370 GLACIER HIGHWAY	99801	-134.51297359334302	58.359853482212024	
6370 GLACIER HIGHWAY	99801	-134.51284122658592	58.35987095816322	
6390 GLACIER HIGHWAY	99801	-134.51329997464194	58.35975166677593	
6390 GLACIER HIGHWAY	99801	-134.51323683565388	58.359755401839045	
6390 GLACIER HIGHWAY	99801	-134.51337069002113	58.359801051007786	
6390 GLACIER HIGHWAY	99801	-134.51332651626532	58.35980466212924	
6390 GLACIER HIGHWAY	99801	-134.51323492942885	58.35980858097079	
6390 GLACIER HIGHWAY	99801	-134.51337190544172	58.35985254915574	
6390 GLACIER HIGHWAY	99801	-134.5133277307876	58.359856159800685	
6390 GLACIER HIGHWAY	99801	-134.5132424662941	58.35986003810983	
6390 GLACIER HIGHWAY	99801	-134.51338935521608	58.35992221823318	
6390 GLACIER HIGHWAY	99801	-134.51333249904513	58.35992424880468	
6390 GLACIER HIGHWAY	99801	-134.51321882443244	58.3599299738941	
6390 GLACIER HIGHWAY	99801	-134.5133716054044	58.35997383919775	
6390 GLACIER HIGHWAY	99801	-134.51333363541397	58.35997242500969	
6390 GLACIER HIGHWAY	99801	-134.51322304202267	58.3599748071225	
6390 GLACIER HIGHWAY	99801	-134.51330905301623	58.36000249192716	
5459 COMMERCIAL BOULEVARD	99801	-134.49305259761985	58.35769415195501	
6019 LUND STREET	99801	-134.50130942841784	58.36199224818654	
6017 LUND STREET	99801	-134.50111367024607	58.3618793470258	
1800 DAVIS AVENUE	99801	-134.49720513098757	58.35884077882913	
5873 CHURCHILL WAY	99801	-134.49324997904733	58.36091089622519	
5927 MOUNTAIN AVENUE	99801	-134.4944318313812	58.36198061019079	
5929 MOUNTAIN AVENUE	99801	-134.4944178841381	58.362088771119474	
1760 ANKA STREET	99801	-134.49063712034732	58.35825138399592	
5868 CHURCHILL WAY	99801	-134.49246849864906	58.360755986794125	
5905 CHURCHILL WAY	99801	-134.49322839881927	58.36299889909541	
5844 LUND STREET	99801	-134.49678690323907	58.35956966090319	
5869 PINE STREET	99801	-134.4994771284446	58.35827926619685	
5973 SUNSET STREET	99801	-134.5005434134155	58.360226430846396	
6035 SUNSET STREET	99801	-134.50402527627023	58.36134987578476	
1800 NORTHWOOD DRIVE	99801	-134.51014573096458	58.36053671406927	
1800 NORTHWOOD DRIVE	99801	-134.51011943188635	58.36059443610159	
1800 NORTHWOOD DRIVE	99801	-134.51009163711313	58.3606541489857	
1800 NORTHWOOD DRIVE	99801	-134.51006721820877	58.360712586151735	
1800 NORTHWOOD DRIVE	99801	-134.5100350306738	58.360518716794175	
1800 NORTHWOOD DRIVE	99801	-134.5100140954361	58.36057584322005	
1800 NORTHWOOD DRIVE	99801	-134.50998935583323	58.36064383517631	
1800 NORTHWOOD DRIVE	99801	-134.50997537894568	58.360705383885794	
1800 NORTHWOOD DRIVE	99801	-134.5100546669476	58.360881047788155	
1800 NORTHWOOD DRIVE	99801	-134.51005201871416	58.3609337799156	
1800 NORTHWOOD DRIVE	99801	-134.509996167758	58.36103681618438	
1800 NORTHWOOD DRIVE	99801	-134.50998041220626	58.36110644993916	
1800 NORTHWOOD DRIVE	99801	-134.5099375688554	58.36087591612764	
1800 NORTHWOOD DRIVE	99801	-134.50993118363036	58.36093040923498	
1800 NORTHWOOD DRIVE	99801	-134.50988640800333	58.3610312510197	
1800 NORTHWOOD DRIVE	99801	-134.5098744343589	58.361100206223	
1800 NORTHWOOD DRIVE	99801	-134.51205958718583	58.36049245692873	
1800 NORTHWOOD DRIVE	99801	-134.51199409281512	58.36049099516701	
1800 NORTHWOOD DRIVE	99801	-134.51206389370932	58.36055137313333	
1800 NORTHWOOD DRIVE	99801	-134.5119990775666	58.36054982702367	
1800 NORTHWOOD DRIVE	99801	-134.51218559926065	58.36051685307291	
1800 NORTHWOOD DRIVE	99801	-134.51227603176198	58.36051667211993	
1800 NORTHWOOD DRIVE	99801	-134.51217642297001	58.36057682809261	
1800 NORTHWOOD DRIVE	99801	-134.51227357576798	58.360576917155235	
1800 NORTHWOOD DRIVE	99801	-134.51220301579735	58.36083706816099	
1800 NORTHWOOD DRIVE	99801	-134.51220883328713	58.36078923100644	
1800 NORTHWOOD DRIVE	99801	-134.5121685564231	58.36089732113165	
1800 NORTHWOOD DRIVE	99801	-134.51216279013727	58.36096900593564	
1800 NORTHWOOD DRIVE	99801	-134.51210153581465	58.360784376885924	
1800 NORTHWOOD DRIVE	99801	-134.51209876541034	58.36082784199827	
1800 NORTHWOOD DRIVE	99801	-134.5120641641022	58.36089614777736	
1800 NORTHWOOD DRIVE	99801	-134.51205636582725	58.360968134168154	
1800 NORTHWOOD DRIVE	99801	-134.5122370493702	58.36123417492399	
1800 NORTHWOOD DRIVE	99801	-134.51224051327395	58.361191575948034	
1800 NORTHWOOD DRIVE	99801	-134.51220134043936	58.36132423996284	
1800 NORTHWOOD DRIVE	99801	-134.51218740577266	58.36139633386131	
1800 NORTHWOOD DRIVE	99801	-134.51210328663115	58.36118232019092	
1800 NORTHWOOD DRIVE	99801	-134.5120943573772	58.361232635912536	
1800 NORTHWOOD DRIVE	99801	-134.51208836920753	58.36132980696626	
1800 NORTHWOOD DRIVE	99801	-134.51209271885014	58.36139743415985	
1800 NORTHWOOD DRIVE	99801	-134.5116798729085	58.361371108034774	
1800 NORTHWOOD DRIVE	99801	-134.51181306791233	58.36137319695421	
1800 NORTHWOOD DRIVE	99801	-134.5115438392284	58.36139607798886	
1800 NORTHWOOD DRIVE	99801	-134.51144648790276	58.36139548283805	
1800 NORTHWOOD DRIVE	99801	-134.51182504335338	58.361338273861236	
1800 NORTHWOOD DRIVE	99801	-134.51168566434714	58.36133371385798	
1800 NORTHWOOD DRIVE	99801	-134.5115505972543	58.361356025212665	
1800 NORTHWOOD DRIVE	99801	-134.51145605585884	58.36136005084904	
1800 NORTHWOOD DRIVE	99801	-134.5108696904386	58.36132121378201	
1800 NORTHWOOD DRIVE	99801	-134.51087273932066	58.361368636013076	
1800 NORTHWOOD DRIVE	99801	-134.51084212473577	58.36123980791269	
1800 NORTHWOOD DRIVE	99801	-134.51084179415574	58.36118665308435	
1800 NORTHWOOD DRIVE	99801	-134.51096108234066	58.36137144401486	
1800 NORTHWOOD DRIVE	99801	-134.51096991098328	58.361316781006266	
1800 NORTHWOOD DRIVE	99801	-134.51094381402595	58.36122368410452	
1800 NORTHWOOD DRIVE	99801	-134.51093736591883	58.361184099056935	
1800 NORTHWOOD DRIVE	99801	-134.5108789062551	58.3609096578421	
1800 NORTHWOOD DRIVE	99801	-134.51088034894943	58.360960833939416	
1800 NORTHWOOD DRIVE	99801	-134.5108466342785	58.36082495101721	
1800 NORTHWOOD DRIVE	99801	-134.51083689294757	58.360781481189036	
1800 NORTHWOOD DRIVE	99801	-134.51100068367165	58.36096097012364	
1800 NORTHWOOD DRIVE	99801	-134.51099764736597	58.36090599876861	
1800 NORTHWOOD DRIVE	99801	-134.51096591437854	58.360817302992814	
1800 NORTHWOOD DRIVE	99801	-134.51095705429492	58.360774284120666	
1800 NORTHWOOD DRIVE	99801	-134.5098088429701	58.36129147218792	
1800 NORTHWOOD DRIVE	99801	-134.50968397624732	58.3612963088035	
1800 NORTHWOOD DRIVE	99801	-134.50995076241193	58.36133169703299	
1800 NORTHWOOD DRIVE	99801	-134.5100538009717	58.36133790206808	
1800 NORTHWOOD DRIVE	99801	-134.50965309306616	58.36139228513926	
1800 NORTHWOOD DRIVE	99801	-134.50976643530217	58.36139155003604	
1800 NORTHWOOD DRIVE	99801	-134.5099402557164	58.36140416977697	
1800 NORTHWOOD DRIVE	99801	-134.51005800868046	58.36140569700042	
1800 NORTHWOOD DRIVE	99801	-134.51071519727773	58.361922520994014	
1800 NORTHWOOD DRIVE	99801	-134.51071459720308	58.36198204597419	
1800 NORTHWOOD DRIVE	99801	-134.5106677240099	58.36185234318335	
1800 NORTHWOOD DRIVE	99801	-134.5106673889383	58.36180925206304	
1800 NORTHWOOD DRIVE	99801	-134.5108410781985	58.36197985201044	
1800 NORTHWOOD DRIVE	99801	-134.51083608715876	58.36192411180882	
1800 NORTHWOOD DRIVE	99801	-134.51079704907144	58.36185016193432	
1800 NORTHWOOD DRIVE	99801	-134.51079336597877	58.361804752907304	
1800 NORTHWOOD DRIVE	99801	-134.5112303712117	58.36180956777672	
1800 NORTHWOOD DRIVE	99801	-134.51112764975724	58.36181051586016	
1800 NORTHWOOD DRIVE	99801	-134.5113739094177	58.361853575878804	
1800 NORTHWOOD DRIVE	99801	-134.51149883812423	58.36185264617386	
1800 NORTHWOOD DRIVE	99801	-134.51112323902925	58.36186885592687	
1800 NORTHWOOD DRIVE	99801	-134.51123170071833	58.36186936389517	
1800 NORTHWOOD DRIVE	99801	-134.51137003408556	58.36191134099441	
1800 NORTHWOOD DRIVE	99801	-134.51149128778425	58.361913303125604	
1800 NORTHWOOD DRIVE	99801	-134.51182158124624	58.361820709169	
1800 NORTHWOOD DRIVE	99801	-134.51172386340798	58.361820448116305	
1800 NORTHWOOD DRIVE	99801	-134.51194759781262	58.36183788304061	
1800 NORTHWOOD DRIVE	99801	-134.51208730200898	58.3618375871182	
1800 NORTHWOOD DRIVE	99801	-134.5117228528033	58.36188471179114	
1800 NORTHWOOD DRIVE	99801	-134.5118217079087	58.36188610611162	
1800 NORTHWOOD DRIVE	99801	-134.5119471612314	58.361905759003875	
1800 NORTHWOOD DRIVE	99801	-134.51208739633208	58.36190739317104	
1800 NORTHWOOD DRIVE	99801	-134.51243989435125	58.36180768480381	
1800 NORTHWOOD DRIVE	99801	-134.5124409831094	58.36188009107191	
1800 NORTHWOOD DRIVE	99801	-134.51239430215566	58.361732941158586	
1800 NORTHWOOD DRIVE	99801	-134.5123931127862	58.361686459964204	
1800 NORTHWOOD DRIVE	99801	-134.51257093070345	58.361881079206604	
1800 NORTHWOOD DRIVE	99801	-134.51257297616735	58.361807541083394	
1800 NORTHWOOD DRIVE	99801	-134.51253019929183	58.361731291904434	
1800 NORTHWOOD DRIVE	99801	-134.51253097004633	58.36168591995061	
1800 NORTHWOOD DRIVE	99801	-134.50992183486318	58.36183208616484	
1800 NORTHWOOD DRIVE	99801	-134.50980882230888	58.36183005523189	
1800 NORTHWOOD DRIVE	99801	-134.5100474489843	58.36183217286826	
1800 NORTHWOOD DRIVE	99801	-134.51018394799175	58.36183253711677	
1800 NORTHWOOD DRIVE	99801	-134.50982106993945	58.36189956302167	
1800 NORTHWOOD DRIVE	99801	-134.50991877160806	58.361898901909505	
1800 NORTHWOOD DRIVE	99801	-134.51004906774844	58.361899496109366	
1800 NORTHWOOD DRIVE	99801	-134.51018958132687	58.36190292889761	
1775 ANKA STREET	99801	-134.4901222563321	58.35890866715258	
5831 CHURCHILL WAY	99801	-134.49307632661805	58.36024563793155	
5831 CHURCHILL WAY	99801	-134.49312697812536	58.36018820278297	
5831 CHURCHILL WAY	99801	-134.49312451404654	58.360245332099836	
5851 CHURCHILL WAY	99801	-134.49298003620277	58.36057850001976	
1810 DAVIS AVENUE	99801	-134.49666029468293	58.358939980025816	
5975 MOUNTAIN AVENUE	99801	-134.49450816841744	58.36269461377657	
1901 ANKA STREET	99801	-134.4873294534026	58.359541851821724	
1903 ANKA STREET	99801	-134.48721878006128	58.359522709856705	
1905 ANKA STREET	99801	-134.4871735651581	58.35957897080495	
1907 ANKA STREET	99801	-134.48705757109533	58.359559812837766	
1901 DAVIS AVENUE	99801	-134.4874831308932	58.36055032323015	
1901 DAVIS AVENUE	99801	-134.48856181890324	58.36031535618412	
1901 DAVIS AVENUE	99801	-134.48822953207963	58.3603803770437	
1901 DAVIS AVENUE	99801	-134.48791973637577	58.36045448503264	
1901 DAVIS AVENUE	99801	-134.48838549129104	58.36035040799343	
1901 DAVIS AVENUE	99801	-134.48847168104928	58.360336270030864	
1901 DAVIS AVENUE	99801	-134.4883073073186	58.360361339204765	
1901 DAVIS AVENUE	99801	-134.4880807962214	58.36041454711146	
1901 DAVIS AVENUE	99801	-134.48772842486468	58.36050139714139	
1901 DAVIS AVENUE	99801	-134.48782528481186	58.36048029301468	
1901 DAVIS AVENUE	99801	-134.48800367765088	58.36044266322043	
1901 DAVIS AVENUE	99801	-134.48816064117878	58.36040504987922	
1901 DAVIS AVENUE	99801	-134.48740802275228	58.36056764710004	
1901 DAVIS AVENUE	99801	-134.4873316749363	58.36058156019289	
1901 DAVIS AVENUE	99801	-134.4872497324127	58.36059582811691	
1901 DAVIS AVENUE	99801	-134.48716834325134	58.360607473166404	
1901 DAVIS AVENUE	99801	-134.4870744899654	58.3606214960402	
1901 DAVIS AVENUE	99801	-134.48698373766382	58.36063319904256	
1901 DAVIS AVENUE	99801	-134.48690261799703	58.36065666299691	
5905 CHURCHILL COURT	99801	-134.48959653168512	58.36138786603781	
5905 CHURCHILL COURT	99801	-134.48947589782392	58.36139948113918	
5905 CHURCHILL COURT	99801	-134.48930317155774	58.36143663822294	
5905 CHURCHILL COURT	99801	-134.4891634916159	58.361471078219225	
5905 CHURCHILL COURT	99801	-134.48900605467583	58.36152201506619	
5905 CHURCHILL WAY	99801	-134.4892547092448	58.3619758599008	
5905 CHURCHILL WAY	99801	-134.4897075796239	58.362087992208195	
5905 CHURCHILL WAY	99801	-134.4890730366567	58.36193432581828	
5905 CHURCHILL WAY	99801	-134.48948404913682	58.36203227620914	
5905 CHURCHILL WAY	99801	-134.4888584183555	58.36187268877843	
5905 CHURCHILL COURT MH PARK	99801	-134.48864132519577	58.361809086195564	
5905 CHURCHILL COURT MH PARK	99801	-134.4884837283556	58.36175268696549	
5905 CHURCHILL COURT MH PARK	99801	-134.4882777141182	58.36170631606163	
2000 LEMON CREEK ROAD	99801	-134.4844093286546	58.362572047165806	
1999 LEMON CREEK ROAD	99801	-134.48795820942277	58.36163959985043	
1995 LEMON CREEK ROAD	99801	-134.4877809646307	58.36152869882554	
1991 LEMON CREEK ROAD	99801	-134.48863854490995	58.36130157799953	
1983 LEMON CREEK ROAD	99801	-134.488986039313	58.36119034417192	
1981 LEMON CREEK ROAD	99801	-134.48924348838858	58.36112067382724	
1961 LEMON CREEK ROAD	99801	-134.48943943700317	58.36108111693758	
1978 LEMON CREEK ROAD	99801	-134.48839382586024	58.36087743017961	
1968 LEMON CREEK ROAD	99801	-134.48893817797295	58.36073697413288	
1962 LEMON CREEK ROAD	99801	-134.4892573889193	58.36070151320914	
1960 LEMON CREEK ROAD	99801	-134.489606691631	58.36062883498001	
5225 COMMERCIAL BOULEVARD	99801	-134.48244880675097	58.35913235288003	
1731 RALPHS WAY	99801	-134.48507779021034	58.35904212814994	
1791 ANKA STREET	99801	-134.4891471521592	58.359098782887024	
5460 BENT COURT	99801	-134.48563848177977	58.35902054388796	
5450 BENT COURT	99801	-134.48646605383695	58.358853036145135	
5381 COMMERCIAL BOULEVARD	99801	-134.48707887015073	58.35810389001473	
1790 ANKA STREET	99801	-134.48863680487324	58.3585612830658	
1782 ANKA STREET	99801	-134.48922226838494	58.35853552881808	
5410 BENT COURT	99801	-134.4850142299124	58.35847562620321	
5440 BENT COURT	99801	-134.48662262390275	58.35848021296613	
5610 BENT COURT	99801	-134.48541857509653	58.35853493880291	
5430 BENT COURT	99801	-134.4859002876845	58.358545171229466	
5391 COMMERCIAL BOULEVARD	99801	-134.4878956750009	58.357980483221304	
5401 COMMERCIAL BOULEVARD	99801	-134.48881278663404	58.35833950986643	
5321 COMMERCIAL BOULEVARD	99801	-134.48493343543578	58.358189280101946	
5351 COMMERCIAL BOULEVARD	99801	-134.48650406964146	58.35798007180648	
1921 ANKA STREET	99801	-134.48671246441432	58.359623785158135	
1951 ANKA STREET	99801	-134.48632651672725	58.3597187769033	
1961 ANKA STREET	99801	-134.48612436883886	58.359732387793215	
1836 ANKA STREET	99801	-134.48774381839542	58.35890380381971	
1960 ANKA STREET	99801	-134.48573826394656	58.35929331884693	
2000 ANKA STREET	99801	-134.48492537664933	58.3594791159012	
1820 ANKA STREET	99801	-134.48814790935626	58.35872083504188	
2001 ANKA STREET	99801	-134.48524285833875	58.35991493710896	
2005 ANKA STREET	99801	-134.485067107445	58.359956597032095	
1941 ANKA STREET	99801	-134.48648322693023	58.35965729904522	
1901 DAVIS AVENUE	99801	-134.48755432058283	58.360531834938776	
1901 DAVIS AVENUE	99801	-134.48863475222282	58.36030529485749	
5201 COMMERCIAL BOULEVARD	99801	-134.47887315708567	58.35907287210489	
5458 BENT COURT	99801	-134.48572025092852	58.35900125083969	
5462 BENT COURT	99801	-134.48556030499384	58.35903856596062	
5464 BENT COURT	99801	-134.48547528035053	58.35905739386363	
5466 BENT COURT	99801	-134.485400700419	58.359074136942446	
1909 ANKA STREET	99801	-134.48703433886547	58.35961148522655	
1839 ANKA STREET	99801	-134.48812096528764	58.359364358000775	
1841 ANKA STREET	99801	-134.48804830775083	58.35940728387046	
1845 ANKA STREET	99801	-134.4879308278746	58.359405570889386	
1847 ANKA STREET	99801	-134.48790227312668	58.35945073983961	
1810 ANKA STREET	99801	-134.4882650137367	58.35868911198149	
1976 LEMON CREEK ROAD	99801	-134.48849111430383	58.360867379851406	
1974 LEMON CREEK ROAD	99801	-134.4885946559201	58.360880290055405	
1972 LEMON CREEK ROAD	99801	-134.48868410566453	58.360841289887155	
1925 DAVIS AVENUE	99801	-134.48650225504457	58.36071189580111	
1925 DAVIS AVENUE	99801	-134.48647545829968	58.360671279129235	
1925 DAVIS AVENUE	99801	-134.4864153457358	58.360729437770686	
1925 DAVIS AVENUE	99801	-134.4863852009698	58.36068374315068	
1925 DAVIS AVENUE	99801	-134.48632197215022	58.36074701978596	
1925 DAVIS AVENUE	99801	-134.48629509815018	58.36070300512086	
1925 DAVIS AVENUE	99801	-134.48622532600206	58.36076292516182	
1925 DAVIS AVENUE	99801	-134.48620472403934	58.36071037278868	
1925 DAVIS AVENUE	99801	-134.486154388739	58.360771869075805	
1925 DAVIS AVENUE	99801	-134.4861241667179	58.3607227760078	
1925 DAVIS AVENUE	99801	-134.48606732491996	58.360782614021495	
1925 DAVIS AVENUE	99801	-134.48603055957037	58.36073016299187	
1925 DAVIS AVENUE	99801	-134.48578992965182	58.36081325090579	
1925 DAVIS AVENUE	99801	-134.4857664072661	58.36077431286558	
1925 DAVIS AVENUE	99801	-134.4856963997594	58.36082403683568	
1925 DAVIS AVENUE	99801	-134.48566633404516	58.36078174083574	
1925 DAVIS AVENUE	99801	-134.48560614332783	58.3608365008032	
1925 DAVIS AVENUE	99801	-134.48557599856187	58.36079080679301	
1925 DAVIS AVENUE	99801	-134.48550934177115	58.36084560821441	
1925 DAVIS AVENUE	99801	-134.48548881886018	58.36079645398927	
1925 DAVIS AVENUE	99801	-134.48541584960796	58.360858092908266	
1925 DAVIS AVENUE	99801	-134.4853952108143	58.360803841900406	
1925 DAVIS AVENUE	99801	-134.48532220383285	58.360863780148065	
1925 DAVIS AVENUE	99801	-134.48530499211202	58.36081800512203	
1806 ANKA STREET	99801	-134.48838914114603	58.35865813819048	
5454 BENT COURT	99801	-134.4861182486168	58.359002126896975	
5403 COMMERCIAL BOULEVARD	99801	-134.48881798159132	58.35807306085968	
1792 ANKA STREET	99801	-134.4885888366337	58.35862565210881	
1840 ANKA STREET	99801	-134.48759633299204	58.359007564201065	
5468 BENT COURT	99801	-134.48533993028835	58.35909266888101	
5331 COMMERCIAL BOULEVARD	99801	-134.4854949750148	58.35803356181962	
5341 COMMERCIAL BOULEVARD	99801	-134.48607014922325	58.35802993779284	
1943 ANKA STREET	99801	-134.48653482077026	58.35971756816669	
2021 LEMON CREEK ROAD	99801	-134.48145028170197	58.362531094780266	
2025 ANKA STREET	99801	-134.48382906459176	58.360296039810436	
1740 RALPHS WAY	99801	-134.4835348878958	58.35997948793841	
1960 LEMON CREEK ROAD	99801	-134.4895902533596	58.36060845521072	
1960 LEMON CREEK ROAD	99801	-134.4895366437001	58.36053709199689	
1960 LEMON CREEK ROAD	99801	-134.48951654479393	58.36051058710459	
4300 UNIVERSITY DRIVE	99801	-134.640429082035	58.3928280850295	
4300 UNIVERSITY DRIVE	99801	-134.6410415596839	58.39276314795276	
4300 UNIVERSITY DRIVE	99801	-134.64030524298488	58.39327330207109	
4300 UNIVERSITY DRIVE	99801	-134.6400379322041	58.393303904162806	
4300 UNIVERSITY DRIVE	99801	-134.64014088722053	58.39337791713331	
4300 UNIVERSITY DRIVE	99801	-134.64032562935193	58.39334650581204	
4300 UNIVERSITY DRIVE	99801	-134.64039393005964	58.39333760922815	
4300 UNIVERSITY DRIVE	99801	-134.64135452733902	58.39306762317988	
4300 UNIVERSITY DRIVE	99801	-134.64114931709386	58.39298615117363	
4300 UNIVERSITY DRIVE	99801	-134.64108276001613	58.39305279495073	
4300 UNIVERSITY DRIVE	99801	-134.6412272315717	58.393119269115175	
4300 UNIVERSITY DRIVE	99801	-134.6412891138167	58.3931380261107	
4300 UNIVERSITY DRIVE	99801	-134.64027021497702	58.39311584312938	
4300 UNIVERSITY DRIVE	99801	-134.6405190420225	58.393098489096275	
4300 UNIVERSITY DRIVE	99801	-134.64040683256206	58.39301341414561	
4300 UNIVERSITY DRIVE	99801	-134.64018924443056	58.39303438818323	
4300 UNIVERSITY DRIVE	99801	-134.640147532957	58.393051375026005	
5670 MONTANA CREEK ROAD	99801	-134.6041390435951	58.41485271213813	
5600 MONTANA CREEK ROAD	99801	-134.60234125330183	58.413752544208926	
5611 MONTANA CREEK ROAD	99801	-134.60263459725954	58.41225247381247	
1085 ARCTIC CIRCLE	99801	-134.5925735136881	58.413268226204636	
1081 ARCTIC CIRCLE	99801	-134.59239860271916	58.4129703561927	
1152 SLIM WILLIAMS WAY	99801	-134.59324076341653	58.4128030108566	
1144 SLIM WILLIAMS WAY	99801	-134.59354778781773	58.412604263975425	
1142 SLIM WILLIAMS WAY	99801	-134.59375012794555	58.4125302222	
1073 ARCTIC CIRCLE	99801	-134.59228068716	58.412535480923474	
1140 SLIM WILLIAMS WAY	99801	-134.59396346524915	58.412409629894185	
1138 SLIM WILLIAMS WAY	99801	-134.59415141795938	58.412327009768	
1136 SLIM WILLIAMS WAY	99801	-134.5944693523997	58.41221803490574	
1071 ARCTIC CIRCLE	99801	-134.59238133889602	58.4122950511524	
1134 SLIM WILLIAMS WAY	99801	-134.59461815383494	58.412161804224944	
1132 SLIM WILLIAMS WAY	99801	-134.59494041456165	58.412048822172835	
1069 ARCTIC CIRCLE	99801	-134.59235594082799	58.412172591872164	
1070 ARCTIC CIRCLE	99801	-134.59310872274787	58.41204599091164	
1130 SLIM WILLIAMS WAY	99801	-134.59508127758474	58.41197461689219	
1128 SLIM WILLIAMS WAY	99801	-134.5953810552765	58.41186381380948	
1067 ARCTIC CIRCLE	99801	-134.59236374359455	58.411967386973195	
1139 SLIM WILLIAMS WAY	99801	-134.59387510426282	58.411969737814594	
1126 SLIM WILLIAMS WAY	99801	-134.59552838886455	58.4118054119306	
1137 SLIM WILLIAMS WAY	99801	-134.59408597569094	58.411808958912864	
1124 SLIM WILLIAMS WAY	99801	-134.59587082485425	58.41170390587974	
1062 ARCTIC CIRCLE	99801	-134.5931768384026	58.41172661688354	
1065 ARCTIC CIRCLE	99801	-134.5923893958858	58.41185722522222	
1135 SLIM WILLIAMS WAY	99801	-134.59432030931765	58.41172030777616	
1122 SLIM WILLIAMS WAY	99801	-134.59604947191647	58.41162454500541	
1133 SLIM WILLIAMS WAY	99801	-134.59460208477114	58.411632303892056	
1118 SLIM WILLIAMS WAY	99801	-134.59644432011137	58.41142775179565	
1131 SLIM WILLIAMS WAY	99801	-134.59476742508906	58.41155841394391	
1129 SLIM WILLIAMS WAY	99801	-134.59509750295538	58.41144910590653	
1116 SLIM WILLIAMS WAY	99801	-134.59675183768766	58.41133513011339	
1127 SLIM WILLIAMS WAY	99801	-134.59520819426302	58.41137131798647	
1114 SLIM WILLIAMS WAY	99801	-134.59700337315374	58.41125413087965	
1125 SLIM WILLIAMS WAY	99801	-134.59556105071	58.411270204068146	
1030 ARCTIC CIRCLE	99801	-134.59518798396573	58.411004773887555	
1112 SLIM WILLIAMS WAY	99801	-134.5972644307618	58.41111814279086	
1123 SLIM WILLIAMS WAY	99801	-134.59568989876612	58.41120391799951	
1121 SLIM WILLIAMS WAY	99801	-134.59597914191457	58.41101903083832	
1110 SLIM WILLIAMS WAY	99801	-134.5976993599881	58.410976632180024	
1108 SLIM WILLIAMS WAY	99801	-134.59785754881807	58.41089862487746	
1106 SLIM WILLIAMS WAY	99801	-134.59815106794724	58.410819649930716	
1104 SLIM WILLIAMS WAY	99801	-134.59834154402515	58.41071333096078	
1022 ARCTIC CIRCLE	99801	-134.5964388871006	58.41073555086663	
1024 ARCTIC CIRCLE	99801	-134.59612749509049	58.41073486384731	
1026 ARCTIC CIRCLE	99801	-134.59577165623676	58.41068219012967	
1028 ARCTIC CIRCLE	99801	-134.5955360263411	58.410716032924654	
1001 ARCTIC CIRCLE	99801	-134.59935308476432	58.410260494037736	
1005 ARCTIC CIRCLE	99801	-134.5986966399721	58.41027285913836	
1007 ARCTIC CIRCLE	99801	-134.59849983436476	58.41027032278022	
1009 ARCTIC CIRCLE	99801	-134.59813476981304	58.41029278013127	
1013 ARCTIC CIRCLE	99801	-134.59758510596208	58.410287647185065	
1015 ARCTIC CIRCLE	99801	-134.59733268296048	58.41028394805641	
1017 ARCTIC CIRCLE	99801	-134.59700655857975	58.41028190814749	
1019 ARCTIC CIRCLE	99801	-134.59672305566596	58.410266577063595	
1021 ARCTIC CIRCLE	99801	-134.59645070443813	58.410254866990826	
1023 ARCTIC CIRCLE	99801	-134.59614430885765	58.41025079799258	
1025 ARCTIC CIRCLE	99801	-134.5958060293728	58.41029370479562	
1027 ARCTIC CIRCLE	99801	-134.5956125493286	58.41026225301908	
5401 MONTANA CREEK ROAD	99801	-134.60124890730623	58.408230645852925	
1009 MINK CIRCLE	99801	-134.5993277163407	58.40986930014319	
9116 WOLFRAM STREET	99801	-134.59881332843258	58.40982161415094	
9124 WOLFRAM STREET	99801	-134.5982529386971	58.40989501316991	
9140 WOLFRAM STREET	99801	-134.5971334141726	58.409919657038095	
9148 WOLFRAM STREET	99801	-134.59661877024462	58.409915660939795	
9156 WOLFRAM STREET	99801	-134.5960699148774	58.40993414406704	
9164 WOLFRAM STREET	99801	-134.5955431859139	58.409943283983516	
9172 WOLFRAM STREET	99801	-134.59507718036872	58.40991294903253	
9180 WOLFRAM STREET	99801	-134.59464691699202	58.409893229229866	
9188 WOLFRAM STREET	99801	-134.59430576918646	58.409733437058634	
1008 MINK CIRCLE	99801	-134.59976077078295	58.40972153481423	
9196 WOLFRAM STREET	99801	-134.59381053695347	58.40953524320107	
9127 WOLFRAM STREET	99801	-134.59759530094223	58.409439879188845	
9133 WOLFRAM STREET	99801	-134.5973466302036	58.40947224320916	
9119 WOLFRAM STREET	99801	-134.5983260525781	58.40939864707804	
9149 WOLFRAM STREET	99801	-134.59618161139983	58.409474645980566	
9159 WOLFRAM STREET	99801	-134.59576755991907	58.40942002877111	
9143 WOLFRAM STREET	99801	-134.5967077762213	58.40944335817542	
1000 MINK CIRCLE	99801	-134.59958490310822	58.40942511619759	
9167 WOLFRAM STREET	99801	-134.59522848001876	58.4094737509412	
9183 WOLFRAM STREET	99801	-134.59479306031233	58.40936079179794	
9100 BLACK WOLF WAY	99801	-134.59374137026984	58.409278964979784	
9108 WOLFRAM WAY	99801	-134.59912082804254	58.40909338301899	
9191 WOLFRAM STREET	99801	-134.5944405595982	58.40920412799184	
9109 WOLFRAM WAY	99801	-134.59838866874665	58.40911877708625	
9016 NINNIS DRIVE	99801	-134.59775656740035	58.40900837301871	
9024 NINNIS DRIVE	99801	-134.597086277773	58.40906467602582	
9032 NINNIS DRIVE	99801	-134.59653341771622	58.40903111399506	
9040 NINNIS DRIVE	99801	-134.5960767807011	58.408993016910266	
9048 NINNIS DRIVE	99801	-134.59568937325167	58.408883696208115	
9056 NINNIS DRIVE	99801	-134.5950575611629	58.40886540499959	
9101 WOLFRAM WAY	99801	-134.59821048791002	58.40887334284594	
9097 BLACK WOLF WAY	99801	-134.59320759132805	58.408918049904024	
9080 NINNIS DRIVE	99801	-134.59430990772498	58.40890275022645	
9100 WOLFRAM WAY	99801	-134.59899287560677	58.40880838402905	
9072 NINNIS DRIVE	99801	-134.5946176462868	58.40877567916436	
9017 NINNIS DRIVE	99801	-134.59740380617478	58.40827527184307	
9025 NINNIS DRIVE	99801	-134.59689510639907	58.40840610803653	
9033 NINNIS DRIVE	99801	-134.59638925158785	58.408298197765255	
9081 NINNIS DRIVE	99801	-134.5937145411856	58.408369469113644	
9041 NINNIS DRIVE	99801	-134.5959834646077	58.408285359965994	
9001 NINNIS DRIVE	99801	-134.59817339467534	58.40815046584825	
9073 NINNIS DRIVE	99801	-134.59405814588345	58.408255055117486	
9049 NINNIS DRIVE	99801	-134.59558610382493	58.40819303120389	
9057 NINNIS DRIVE	99801	-134.5950999553561	58.40807760296962	
9065 NINNIS DRIVE	99801	-134.59451018442263	58.408127179824	
9720 TRAPPERS LANE	99801	-134.59759001076353	58.40777960812931	
9730 TRAPPERS LANE	99801	-134.5966040872813	58.40782029200312	
9726 TRAPPERS LANE	99801	-134.5957504766573	58.40762431192366	
9722 TRAPPERS LANE	99801	-134.59481500795135	58.40774170781451	
9706 TRAPPERS LANE	99801	-134.59404393633227	58.407754447926855	
9709 TRAPPERS LANE	99801	-134.59369219738954	58.4071947431335	
9550 MORAINE WAY	99801	-134.58931675606718	58.406301628950764	
5320 MONTANA CREEK ROAD	99801	-134.59642531176	58.406938633780975	
9727 TRAPPERS LANE	99801	-134.59570236468733	58.40697861317933	
9723 TRAPPERS LANE	99801	-134.5947272317683	58.406926083030314	
9715 TRAPPERS LANE	99801	-134.59347632504023	58.406865928875526	
9719 TRAPPERS LANE	99801	-134.59419727964962	58.40661340793523	
9990 MENDENHALL LOOP ROAD	99801	-134.60015271382628	58.40528267588688	
5301 BLUEBERRY LANE	99801	-134.59991875030545	58.406279834984225	
5300 BLUEBERRY LANE	99801	-134.59920198993015	58.406286898058745	
5100 MONTANA CREEK ROAD	99801	-134.59700775693233	58.40598743008009	
9696 MORAINE WAY	99801	-134.5959328256768	58.40625335879577	
9692 MORAINE WAY	99801	-134.59505313696013	58.40628875606878	
9690 MORAINE WAY	99801	-134.59454792713927	58.40628722984628	
9688 MORAINE WAY	99801	-134.593881167891	58.40629849320695	
9684 MORAINE WAY	99801	-134.59336738005754	58.40594335417716	
9680 MORAINE WAY	99801	-134.59245479862838	58.40611684219227	
10200 MENDENHALL LOOP ROAD	99801	-134.60566236892467	58.40411311686641	
9630 MORAINE WAY	99801	-134.5915351681192	58.40618620722761	
9590 MORAINE WAY	99801	-134.5905753344078	58.40595581915343	
5120 BLUEBERRY LANE	99801	-134.59864793421573	58.405921511043964	
9691 MORAINE WAY	99801	-134.595116318169	58.40575115409499	
9687 MORAINE WAY	99801	-134.59414745638898	58.405760029191924	
5111 BLUEBERRY LANE	99801	-134.59926526276718	58.40569815995913	
5090 BLUEBERRY LANE	99801	-134.59820566934687	58.4055851049401	
9683 MORAINE WAY	99801	-134.59374539112906	58.40559151915527	
9679 MORAINE WAY	99801	-134.59329520042445	58.40538415478553	
9675 MORAINE WAY	99801	-134.59275313542244	58.40527812014943	
9635 MORAINE WAY	99801	-134.59179647456062	58.405202333864814	
9605 MORAINE WAY	99801	-134.59082018101824	58.405452393158804	
9565 MORAINE WAY	99801	-134.58999845429864	58.40541213200276	
9515 MORAINE WAY	99801	-134.58930084241192	58.40534787416674	
9866 MENDENHALL LOOP ROAD	99801	-134.59919117870572	58.40466920900928	
5060 BLUEBERRY LANE	99801	-134.59773337379804	58.40527438002035	
9741 MENDENHALL LOOP ROAD	99801	-134.59540832363695	58.40459448177432	
9685 MENDENHALL LOOP ROAD	99801	-134.59265255106007	58.40466223409126	
5007 STEELHEAD STREET	99801	-134.59841732320757	58.4043074037889	
9655 MENDENHALL LOOP ROAD	99801	-134.59221565182838	58.404220303860015	
9645 MENDENHALL LOOP ROAD	99801	-134.59167892731074	58.4041290897696	
5003 STEELHEAD STREET	99801	-134.59772609834255	58.403967949869035	
9995 MENDENHALL LOOP ROAD	99801	-134.59948409237043	58.40403340002607	
5021 POWERS STREET	99801	-134.59970341514872	58.40371693402566	
5020 POWERS STREET	99801	-134.6005354841722	58.403698934765295	
4999 STEELHEAD STREET	99801	-134.59693474815424	58.40362907488117	
10050 MENDENHALL LOOP ROAD	99801	-134.60136415576727	58.403457501023695	
10020 GENE STREET	99801	-134.60053575097183	58.40342186181211	
9992 SILVER STREET	99801	-134.59468589129895	58.40313915002552	
10080 MENDENHALL LOOP ROAD	99801	-134.60180306542858	58.40336501511947	
4998 STEELHEAD STREET	99801	-134.59846779595014	58.403326861077424	
10216 HERON WAY	99801	-134.60261072902244	58.4027975419056	
10000 SILVER STREET	99801	-134.59598236956137	58.402955844811245	
10214 HERON WAY	99801	-134.60309004580353	58.40282165606014	
4989 STEELHEAD STREET	99801	-134.59831215743728	58.403014260888014	
10015 GENE STREET	99801	-134.5994497452855	58.403144969768434	
10035 GENE STREET	99801	-134.60010476265472	58.40308089700527	
10212 HERON WAY	99801	-134.6033158148923	58.40281116583541	
10075 GENE STREET	99801	-134.60091960199108	58.4026643000084	
10055 GENE STREET	99801	-134.60050062684422	58.402859578139896	
10103 SILVER STREET	99801	-134.59918316932664	58.40277791319566	
10220 HERON WAY	99801	-134.60201251302698	58.40260658088415	
10210 HERON WAY	99801	-134.6037317375638	58.40274634598621	
4951 STEELHEAD STREET	99801	-134.59559205965527	58.40259305195056	
10208 HERON WAY	99801	-134.60393275896482	58.40268729782805	
10100 SILVER STREET	99801	-134.59751386686509	58.40263091214794	
10105 SILVER STREET	99801	-134.59981102343826	58.40260155083628	
10206 HERON WAY	99801	-134.6042222922691	58.40247760396073	
10102 SILVER STREET	99801	-134.5981643297758	58.40252786881304	
10204 HERON WAY	99801	-134.60434719582284	58.40237974605057	
10224 HERON WAY	99801	-134.601397351212	58.402332311146324	
4947 STEELHEAD STREET	99801	-134.59505179397877	58.4023075781917	
4650 RIVER ROAD	99801	-134.5916315869936	58.40249091784185	
10109 SILVER STREET	99801	-134.60043954230323	58.40228709211155	
10219 HERON WAY	99801	-134.6030656412722	58.40230881606359	
10202 HERON WAY	99801	-134.60461126997365	58.402171601229426	
4950 STEELHEAD STREET	99801	-134.59774833973066	58.40206213792986	
10104 SILVER STREET	99801	-134.59892429372638	58.402338532036126	
10221 HERON WAY	99801	-134.6028386244235	58.40223862677582	
10111 SILVER STREET	99801	-134.6005492607354	58.402185897996276	
10211 HERON WAY	99801	-134.60352805714956	58.402210368870314	
10200 HERON WAY	99801	-134.6047316891375	58.4020758689876	
4949 HUMMINGBIRD LANE	99801	-134.59935928134314	58.40206064211827	
10226 HERON WAY	99801	-134.60135740672453	58.40216748517153	
4943 STEELHEAD STREET	99801	-134.59477573360712	58.40187986590364	
10209 HERON WAY	99801	-134.60364150179353	58.40210587179847	
10113 SILVER STREET	99801	-134.60062018362538	58.40190264678136	
4946 STEELHEAD STREET	99801	-134.59709292440778	58.40156799279472	
10229 HERON WAY	99801	-134.60276128127418	58.40195325887294	
4945 WREN DRIVE	99801	-134.6038873239744	58.4018626799809	
10228 HERON WAY	99801	-134.60166383374604	58.401934619059496	
4945 HUMMINGBIRD LANE	99801	-134.59877583275264	58.40173036085059	
10231 HERON WAY	99801	-134.60278695422667	58.40185648395311	
10230 HERON WAY	99801	-134.60172118488876	58.40181567881868	
4942 STEELHEAD STREET	99801	-134.59581140938303	58.40169784616166	
10115 SILVER STREET	99801	-134.60067784468686	58.40178490102034	
4639 SAWA CIRCLE	99801	-134.59245373502307	58.40178205905009	
4637 SAWA CIRCLE	99801	-134.5915738010663	58.401748097064164	
4942 HUMMINGBIRD LANE	99801	-134.59996338310035	58.401329241961555	
4635 SAWA CIRCLE	99801	-134.59127463692386	58.40173718714287	
4631 SAWA CIRCLE	99801	-134.59048628531198	58.40165060190747	
10232 HERON WAY	99801	-134.60192420504129	58.40158646476814	
4941 WREN DRIVE	99801	-134.60306981664166	58.401458743194276	
10117 SILVER STREET	99801	-134.60120005602275	58.40135741114307	
4941 HUMMINGBIRD LANE	99801	-134.59822179680114	58.40133850884201	
10234 HERON WAY	99801	-134.60198611782897	58.40147639293855	
10390 MENDENHALL LOOP ROAD	99801	-134.60750537681608	58.401366926067766	
10236 HERON WAY	99801	-134.60211962364988	58.40117408395351	
10392 MENDENHALL LOOP ROAD	99801	-134.60753782486245	58.40106892813769	
4937 HUMMINGBIRD LANE	99801	-134.5980850965711	58.40118075596756	
10118 SILVER STREET	99801	-134.5999782726762	58.401053976187285	
10121 SILVER STREET	99801	-134.60123411025688	58.40102397812928	
4900 WREN DRIVE	99801	-134.59616606335888	58.39945843587157	
4638 SAWA CIRCLE	99801	-134.59254644385535	58.40130985907394	
4630 SAWA CIRCLE	99801	-134.59130421215798	58.40124173882387	
10238 HERON WAY	99801	-134.60222926482692	58.4010488541332	
4629 SAWA CIRCLE	99801	-134.5899965938877	58.401317819803204	
10394 MENDENHALL LOOP ROAD	99801	-134.60768069292524	58.4008980699784	
4933 HUMMINGBIRD LANE	99801	-134.59796866143554	58.4007720521767	
10122 SILVER STREET	99801	-134.60011168237736	58.4007073288354	
10396 MENDENHALL LOOP ROAD	99801	-134.60813893433146	58.40054980283626	
9626 KELLY COURT	99801	-134.59252801222235	58.40096145902922	
9624 KELLY COURT	99801	-134.5922956450078	58.40096317893668	
4626 SAWA CIRCLE	99801	-134.59123157618072	58.40097791911444	
4944 WREN DRIVE	99801	-134.6035752088205	58.400577710933256	
10125 SILVER STREET	99801	-134.60136957440508	58.40063211685545	
4627 SAWA CIRCLE	99801	-134.5903797388311	58.4009561411539	
4928 HUMMINGBIRD LANE	99801	-134.5990242528613	58.40055336177764	
4929 HUMMINGBIRD LANE	99801	-134.5980157421396	58.40045586990596	
10398 MENDENHALL LOOP ROAD	99801	-134.60824151924194	58.400455876025035	
4938 WREN DRIVE	99801	-134.60323905564792	58.40022659523512	
4933 WREN DRIVE	99801	-134.60174210934667	58.40024819995767	
9621 KELLY COURT	99801	-134.59125548843525	58.400481856217	
4541 SAWA CIRCLE	99801	-134.59031822759033	58.40024769489526	
4925 HUMMINGBIRD LANE	99801	-134.59803883962215	58.400155339896	
4932 WREN DRIVE	99801	-134.60281268556966	58.39995903476557	
4920 HUMMINGBIRD LANE	99801	-134.59931947968786	58.39988099177442	
4536 SAWA CIRCLE	99801	-134.59125515695692	58.40018738483515	
4928 WREN DRIVE	99801	-134.60170609229365	58.39963768010811	
4915 WREN DRIVE	99801	-134.5977970436904	58.399891432035005	
4537 SAWA CIRCLE	99801	-134.59005259486247	58.39973975093721	
4926 WREN DRIVE	99801	-134.60047756170098	58.39938058900075	
4528 SAWA CIRCLE	99801	-134.5910787556829	58.3994691299709	
4920 WREN DRIVE	99801	-134.59955770212142	58.39943297317938	
4918 WREN DRIVE	99801	-134.5989072517871	58.39939036994106	
4910 WREN DRIVE	99801	-134.59803045474732	58.399422174100266	
4533 SAWA CIRCLE	99801	-134.59011615965198	58.399333770931214	
10685 MENDENHALL LOOP ROAD	99801	-134.6105690828892	58.3960593399011	
10680 MENDENHALL LOOP ROAD	99801	-134.61204352010438	58.39743377198961	
10700 MENDENHALL LOOP ROAD	99801	-134.61218092641022	58.39704513588296	
10860 LILAC DRIVE	99801	-134.6151018201161	58.39668541689833	
10850 LILAC DRIVE	99801	-134.61458907881993	58.39665013378665	
10861 LILAC DRIVE	99801	-134.61536144760626	58.39654285692356	
10840 LILAC DRIVE	99801	-134.61415913883673	58.39643611686224	
10830 LILAC DRIVE	99801	-134.61377351544147	58.39626448915898	
10851 LILAC DRIVE	99801	-134.6152783318829	58.39626945703016	
11677 AUKE STREET	99801	-134.62801303081025	58.39571452977202	
4030 ALL SEASON DRIVE	99801	-134.615782319995	58.39616047581415	
10780 MENDENHALL LOOP ROAD	99801	-134.61291903434994	58.39599558896602	
4460 WINDFALL AVENUE	99801	-134.629532832049	58.39560941321873	
10841 LILAC DRIVE	99801	-134.61491242291484	58.39613706888552	
10831 LILAC DRIVE	99801	-134.61435934187253	58.39598538293065	
4020 ALL SEASON DRIVE	99801	-134.61529540705982	58.39597062983766	
10790 MENDENHALL LOOP ROAD	99801	-134.61345273783328	58.39573773314149	
4029 ALL SEASON DRIVE	99801	-134.61631526799516	58.39583167111273	
4010 ALL SEASON DRIVE	99801	-134.6147840321012	58.39576398702781	
4021 ALL SEASON DRIVE	99801	-134.61596937169503	58.39567055117965	
11683 AUKE STREET	99801	-134.6283713777603	58.39488510979589	
4011 ALL SEASON DRIVE	99801	-134.61562870718305	58.39545668601473	
10810 LILAC DRIVE	99801	-134.6140974757807	58.39552927087503	
11457 JO ANNE WAY	99801	-134.6232390249627	58.395290486199926	
11687 AUKE STREET	99801	-134.62882952484338	58.394782516002536	
10916 MENDENHALL LOOP ROAD	99801	-134.616893705783	58.39516939895807	
4410 WINDFALL AVENUE	99801	-134.62968673232177	58.39502141004168	
11460 JO ANNE WAY	99801	-134.6243523798578	58.39489105801032	
10800 LILAC DRIVE	99801	-134.61447445558633	58.39535093080387	
11670 AUKE STREET	99801	-134.62682775589516	58.39481103878867	
4401 WINDFALL AVENUE	99801	-134.63102909113903	58.394435605010386	
10910 MENDENHALL LOOP ROAD	99801	-134.6158289407616	58.394785646180225	
11691 AUKE STREET	99801	-134.62943381973838	58.394754704063025	
10920 MENDENHALL LOOP ROAD	99801	-134.61755406722983	58.394853273767524	
11678 AUKE STREET	99801	-134.62724250716354	58.39427869218676	
10891 MENDENHALL LOOP ROAD	99801	-134.6137605698199	58.394861583856375	
11682 AUKE STREET	99801	-134.62794724897864	58.39429546987417	
11470 JO ANNE WAY	99801	-134.6237653227348	58.394349911856516	
11686 AUKE STREET	99801	-134.62872922434866	58.39439377298912	
11690 AUKE STREET	99801	-134.6291299322542	58.39427989597363	
4361 WINDFALL AVENUE	99801	-134.63054314209623	58.394105602084935	
11540 MENDENHALL LOOP ROAD	99801	-134.62482578572434	58.39430308898857	
10903 MENDENHALL LOOP ROAD	99801	-134.61438772863553	58.394365398161085	
11560 MENDENHALL LOOP ROAD	99801	-134.62522229670088	58.394164956975835	
11580 MENDENHALL LOOP ROAD	99801	-134.62652902024914	58.39401805700464	
11790 MENDENHALL LOOP ROAD	99801	-134.63157850974997	58.393696876048075	
11570 MENDENHALL LOOP ROAD	99801	-134.62553858273264	58.39418744483474	
11584 MENDENHALL LOOP ROAD	99801	-134.62745656401765	58.39376661579479	
11840 MENDENHALL LOOP ROAD	99801	-134.63288510483915	58.393858517216934	
10905 MENDENHALL LOOP ROAD	99801	-134.614843634422	58.39393438015202	
10901 MENDENHALL LOOP ROAD	99801	-134.6139592268551	58.39422727816203	
11588 MENDENHALL LOOP ROAD	99801	-134.62820895427205	58.393713805135455	
4351 WINDFALL AVENUE	99801	-134.63032955326437	58.393726553143885	
4340 WINDFALL AVENUE	99801	-134.628843895193	58.393598788024214	
11180 MENDENHALL LOOP ROAD	99801	-134.6176936187126	58.39351827389283	
11000 MENDENHALL LOOP ROAD	99801	-134.61706234112143	58.393851210137996	
11880 MENDENHALL LOOP ROAD	99801	-134.6347615516187	58.39312193523524	
11497 MENDENHALL LOOP ROAD	99801	-134.6238400643631	58.393055831122496	
11465 MENDENHALL LOOP ROAD	99801	-134.62278804194395	58.39286454378718	
11860 MENDENHALL LOOP ROAD	99801	-134.6328215768806	58.393102287013086	
11017 MENDENHALL LOOP ROAD	99801	-134.61547199608177	58.39376871080035	
11980 MENDENHALL LOOP ROAD	99801	-134.63593128388277	58.3926604848971	
11820 MENDENHALL LOOP ROAD	99801	-134.63206673422542	58.392960527030304	
11555 MENDENHALL LOOP ROAD	99801	-134.6249268506854	58.393426429020494	
4341 WINDFALL AVENUE	99801	-134.63003195398716	58.39331908914804	
11575 MENDENHALL LOOP ROAD	99801	-134.62548895889802	58.39334164298672	
4100 SPRING WAY	99801	-134.61459608208588	58.39342830418629	
11595 MENDENHALL LOOP ROAD	99801	-134.62601629691926	58.3925862350188	
4085 SPRING WAY	99801	-134.6158917931871	58.39331966587039	
11240 MENDENHALL LOOP ROAD	99801	-134.61834470685076	58.392983582027696	
4101 SPRING WAY	99801	-134.61516071276782	58.39306453710466	
11735 MENDENHALL LOOP ROAD	99801	-134.62959561710085	58.39283846382096	
4121 SPRING WAY	99801	-134.6144248021073	58.3927802869949	
11035 MENDENHALL LOOP ROAD	99801	-134.61659689792157	58.39263679410458	
10130 SILVER STREET	99801	-134.6005104337522	58.400064671186094	
4925 WREN DRIVE	99801	-134.6002683539528	58.39987049078961	
9160 BLACK WOLF WAY	99801	-134.58957380988403	58.40993355585218	
9152 BLACK WOLF WAY	99801	-134.5899949382926	58.409880736941375	
9144 BLACK WOLF WAY	99801	-134.59052139955813	58.4098701801142	
9136 BLACK WOLF WAY	99801	-134.59105731918527	58.40980589981983	
1016 DEBBIE LANE	99801	-134.59285542568554	58.4099115391983	
1008 DEBBIE LANE	99801	-134.59309970725567	58.40969662210912	
1000 DEBBIE LANE	99801	-134.59297492766945	58.40948321708757	
9155 BLACK WOLF WAY	99801	-134.58995281718725	58.409459379955784	
9179 BLACK WOLF WAY	99801	-134.5893758014325	58.40933303606464	
9187 BLACK WOLF WAY	99801	-134.5893380048169	58.40909308278697	
9195 BLACK WOLF WAY	99801	-134.58965520892687	58.408845446023335	
9203 BLACK WOLF WAY	99801	-134.58946670015945	58.40863080102037	
10972 MENDENHALL LOOP ROAD	99801	-134.61672648978276	58.39425057384192	
10998 MENDENHALL LOOP ROAD	99801	-134.61799351408368	58.39428854704296	
5800 MONTANA CREEK ROAD	99801	-134.61296255233557	58.41682929695101	
5785 MONTANA CREEK ROAD	99801	-134.61152167887437	58.415083754857214	
5815 MONTANA CREEK ROAD	99801	-134.61379769988554	58.41617066519223	
4962 WREN DRIVE	99801	-134.60460182688337	58.401375387123586	
4534 SAWA CIRCLE	99801	-134.5926847619512	58.399410956083806	
4939 WREN DRIVE	99801	-134.60239610892467	58.40077622017393	
5669 MONTANA CREEK ROAD	99801	-134.60766469482834	58.413193068790264	
1020 DEBBIE LANE	99801	-134.59238573974258	58.409854404159695	
5007 POND VISTA DRIVE	99801	-134.59218147722004	58.40848799805855	
8106 MAGNOLIA COURT	99801	-134.59230960303069	58.408278616825314	
8001 MAGNOLIA COURT	99801	-134.59154461659935	58.407984378115344	
8001 POPPY COURT	99801	-134.59059700626403	58.40755707920051	
5012 POND VISTA DRIVE	99801	-134.5909498052188	58.40840225906198	
5680 MONTANA CREEK ROAD	99801	-134.61158115363438	58.416187142169235	
8118 MAGNOLIA COURT	99801	-134.59351865904628	58.408076056118325	
8007 MAGNOLIA COURT	99801	-134.59222138936812	58.40771216110814	
8000 POPPY COURT	99801	-134.5911295374459	58.40781197179215	
8006 POPPY COURT	99801	-134.5918692183357	58.40751759506342	
8024 POPPY COURT	99801	-134.59223807467617	58.40670541422939	
8007 POPPY COURT	99801	-134.59107290495544	58.40732045796079	
5030 POND VISTA DRIVE	99801	-134.58944386678155	58.407440982035475	
9211 BLACK WOLF WAY	99801	-134.58951299573593	58.40837453786809	
4937 WREN DRIVE	99801	-134.60202707022614	58.400530066026164	
5555 MONTANA CREEK ROAD	99801	-134.6046381915844	58.409787856141314	
5018 POND VISTA DRIVE	99801	-134.59044333326497	58.40808794715363	
4938 HUMMINGBIRD LANE	99801	-134.59912115502934	58.40126713478392	
4936 HUMMINGBIRD LANE	99801	-134.59896509520658	58.401059382066975	
4301 UNIVERSITY DRIVE	99801	-134.63661661490124	58.394579695999134	
10859 LILAC DRIVE	99801	-134.61546711733146	58.39644561899288	
10205 SILVER STREET	99801	-134.60176030382442	58.39933266522534	
4922 WREN DRIVE	99801	-134.59974416632326	58.39943912114982	
4916 WREN DRIVE	99801	-134.59871821930187	58.39939908283188	
4927 WREN DRIVE	99801	-134.60048588638873	58.399820290870814	
4935 HUMMINGBIRD LANE	99801	-134.59787621041977	58.401028206815845	
4532 SAWA CIRCLE	99801	-134.59275979463365	58.39986011312682	
9633 KELLY COURT	99801	-134.59256999408882	58.40046510406715	
9627 KELLY COURT	99801	-134.59214465437822	58.40049690207895	
4530 SAWA CIRCLE	99801	-134.59136264936382	58.39957991413416	
4531 SAWA CIRCLE	99801	-134.59066869990852	58.3994308648597	
11900 MENDENHALL LOOP ROAD	99801	-134.63472103670108	58.392564143026256	
11878 MENDENHALL LOOP ROAD	99801	-134.63390357158914	58.39289062797135	
11870 MENDENHALL LOOP ROAD	99801	-134.63386581270282	58.39363865214713	
4230 AUKE LANE	99801	-134.63088922794088	58.39258412911446	
4235 AUKE LANE	99801	-134.6298900417318	58.3926961429938	
11701 MENDENHALL LOOP ROAD	99801	-134.6289436602918	58.39267200119654	
11597 MENDENHALL LOOP ROAD	99801	-134.62622751419875	58.39280119620074	
4435 WINDFALL AVENUE	99801	-134.63089758766293	58.395224894111934	
4433 WINDFALL AVENUE	99801	-134.63075086582757	58.39511723817914	
1141 SLIM WILLIAMS WAY	99801	-134.59374326930836	58.412021747081425	
8003 MAGNOLIA COURT	99801	-134.59167304424392	58.40794330383423	
8003 POPPY COURT	99801	-134.5906634618321	58.40746599610365	
4935 WREN DRIVE	99801	-134.60209188906381	58.400408080800275	
4931 WREN DRIVE	99801	-134.60139208079622	58.40018928788346	
4930 WREN DRIVE	99801	-134.60236117793482	58.39970863900597	
4926 WREN DRIVE	99801	-134.60065087366874	58.399523137970604	
4924 HUMMINGBIRD LANE	99801	-134.59934004931122	58.40023231802377	
4940 HUMMINGBIRD LANE	99801	-134.59981007841057	58.40165146890464	
10126 SILVER STREET	99801	-134.60029325165922	58.40047042484073	
10128 SILVER STREET	99801	-134.6003734496545	58.400327336043034	
10022 GENE STREET	99801	-134.60028118369166	58.40349362309425	
9991 SILVER STREET	99801	-134.59555604170396	58.403796697235244	
9999 SILVER STREET	99801	-134.5961022937535	58.40365749120151	
10101 SILVER STREET	99801	-134.5989075329598	58.40286026390079	
10107 SILVER STREET	99801	-134.5999992483381	58.40251706079799	
4876 STEELHEAD STREET	99801	-134.5939910866475	58.399764872144736	
4886 STEELHEAD STREET	99801	-134.59393304919195	58.40014900094522	
4896 STEELHEAD STREET	99801	-134.59395125085624	58.40034221581387	
4900 STEELHEAD STREET	99801	-134.5940039289628	58.40053368192395	
4907 STEELHEAD STREET	99801	-134.59358604886228	58.400870654950545	
4913 STEELHEAD STREET	99801	-134.59351360871779	58.401074660203385	
4919 STEELHEAD STREET	99801	-134.59354494734478	58.401243068046654	
4925 STEELHEAD STREET	99801	-134.59385533683502	58.40139331696772	
4931 STEELHEAD STREET	99801	-134.59420884276395	58.40147904101129	
4935 STEELHEAD STREET	99801	-134.5945663192464	58.40143061080724	
4920 STEELHEAD STREET	99801	-134.59459192482527	58.400859818185765	
1003 ARCTIC CIRCLE	99801	-134.5990665527314	58.41031062685428	
1011 ARCTIC CIRCLE	99801	-134.5979028203151	58.4102872312037	
1112 SLIM WILLIAMS WAY	99801	-134.597356746132	58.41110534695737	
9126 WOLFRAM STREET	99801	-134.59808625539785	58.40985976022056	
9132 WOLFRAM STREET	99801	-134.59762592091698	58.4099023291583	
9135 WOLFRAM STREET	99801	-134.59713307011782	58.40950767207161	
5310 MONTANA CREEK ROAD	99801	-134.59632598234407	58.406628606953724	
9724 TRAPPERS LANE	99801	-134.59549240235427	58.40765366010948	
9708 TRAPPERS LANE	99801	-134.59378066168208	58.40774222218155	
9009 NINNIS DRIVE	99801	-134.59794849605404	58.40846266189008	
9102 BLACK WOLF WAY	99801	-134.59348894008176	58.409322042845666	
1024 DEBBIE LANE	99801	-134.59191899039232	58.409617736230466	
5000 POND VISTA DRIVE	99801	-134.5917933295588	58.40916053422369	
5001 POND VISTA DRIVE	99801	-134.59271027680023	58.408908363842315	
5006 POND VISTA DRIVE	99801	-134.59178681677298	58.408908296078	
8012 MAGNOLIA COURT	99801	-134.59311324576532	58.40827139791275	
8013 MAGNOLIA COURT	99801	-134.59268975119429	58.407869496034145	
8019 POPPY COURT	99801	-134.59139995460094	58.406803654032814	
8011 POPPY COURT	99801	-134.59145559894458	58.407036025835176	
8012 POPPY COURT	99801	-134.59243101213795	58.40715763798938	
8018 POPPY COURT	99801	-134.59263153317735	58.40690759691332	
8025 POPPY COURT	99801	-134.59177653914784	58.40665917109838	
5024 POND VISTA DRIVE	99801	-134.5899656801638	58.40769964781053	
5037 POND VISTA DRIVE	99801	-134.59004897195695	58.40712532784567	
5031 POND VISTA DRIVE	99801	-134.59025153666363	58.407249776985864	
9138 BLACK WOLF WAY	99801	-134.59089459296482	58.40981735216752	
9089 NINNIS DRIVE	99801	-134.59346546890004	58.4086462250515	
10411 MENDENHALL LOOP ROAD	99801	-134.60754867022288	58.399908956885646	
10801 BLACK BEAR ROAD	99801	-134.61105935103194	58.39535475484099	
10815 BLACK BEAR ROAD	99801	-134.61205336923317	58.394934542793514	
10908 MENDENHALL LOOP ROAD	99801	-134.6155185431865	58.3947298410358	
10970 MENDENHALL LOOP ROAD	99801	-134.616784113115	58.394299844839146	
11230 MENDENHALL LOOP ROAD	99801	-134.61785513580068	58.39308273482257	
11228 MENDENHALL LOOP ROAD	99801	-134.61787082577544	58.39314375099175	
11868 MENDENHALL LOOP ROAD	99801	-134.6334337850349	58.39368387097819	
4455 WINDFALL AVENUE	99801	-134.63106524204105	58.39539940890575	
4457 WINDFALL AVENUE	99801	-134.63111860017227	58.39547965417144	
11450 JO ANNE WAY	99801	-134.62472718663878	58.395473168913426	
9615 MORAINE WAY	99801	-134.59101360536692	58.40557754803397	
2001 SKATERS CABIN ROAD	99801	-134.5906351163916	58.41237781204481	
6200 MONTANA CREEK ROAD	99801	-134.62186912110386	58.42031220285859	
2006 GLACIER BEAR BOULEVARD	99801	-134.60245069684953	58.40710369392517	
2000 GLACIER BEAR BOULEVARD	99801	-134.6024586649061	58.40700691620534	
1007 TIMBERWOLF LANE	99801	-134.59948699213214	58.40711733783847	
1001 TIMBERWOLF LANE	99801	-134.59947909863575	58.40701086416059	
9806 LONE WOLF DRIVE	99801	-134.59844427356438	58.40705828900316	
9813 LONE WOLF DRIVE	99801	-134.59818232842082	58.406610077854644	
9843 LONE WOLF DRIVE	99801	-134.59980137104057	58.40659317707892	
9849 LONE WOLF DRIVE	99801	-134.60019686512416	58.40659374793671	
9855 LONE WOLF DRIVE	99801	-134.6004877297317	58.406616602007446	
9873 LONE WOLF DRIVE	99801	-134.6015212711105	58.40663558383564	
9876 LONE WOLF DRIVE	99801	-134.60168095383878	58.407036040894724	
9882 LONE WOLF DRIVE	99801	-134.6020130843555	58.40700586391919	
9891 LONE WOLF DRIVE	99801	-134.60260970673963	58.40660856105835	
9861 LONE WOLF DRIVE	99801	-134.60087583068054	58.40664079120056	
9825 LONE WOLF DRIVE	99801	-134.59882188488567	58.40659708084256	
9819 LONE WOLF DRIVE	99801	-134.59852067527933	58.406642796024094	
1032 TIMBERWOLF LANE	99801	-134.5995841305571	58.40766220907049	
9885 LONE WOLF DRIVE	99801	-134.60222745472163	58.40660741087209	
9879 LONE WOLF DRIVE	99801	-134.6018764281429	58.40662904697972	
9867 LONE WOLF DRIVE	99801	-134.60118617256006	58.40662260518702	
9837 LONE WOLF DRIVE	99801	-134.59952110026518	58.40661861295035	
9831 LONE WOLF DRIVE	99801	-134.59915286915208	58.40660356923095	
9807 LONE WOLF DRIVE	99801	-134.5978626216045	58.40663989797165	
9801 LONE WOLF DRIVE	99801	-134.59750524393667	58.40660135686336	
9800 LONE WOLF DRIVE	99801	-134.59799451135618	58.407039524824704	
9812 LONE WOLF DRIVE	99801	-134.59877668435553	58.407033922205805	
1008 TIMBERWOLF LANE	99801	-134.59854692405193	58.40725282793565	
1014 TIMBERWOLF LANE	99801	-134.59858981681012	58.40744187477349	
1020 TIMBERWOLF LANE	99801	-134.59884534528763	58.40762939819758	
1026 TIMBERWOLF LANE	99801	-134.5992418948917	58.40769033789539	
1038 TIMBERWOLF LANE	99801	-134.59997097655946	58.40768710203696	
1044 TIMBERWOLF LANE	99801	-134.6003201984228	58.40768060820086	
1050 TIMBERWOLF LANE	99801	-134.60068845918025	58.40767597088864	
1049 TIMBERWOLF LANE	99801	-134.6006020241819	58.407273963861925	
1043 TIMBERWOLF LANE	99801	-134.60022591574216	58.40726869211734	
1037 TIMBERWOLF LANE	99801	-134.59987669657374	58.40727518414692	
1011 TIMBERWOLF LANE	99801	-134.59949320128737	58.40727793484703	
9846 LONE WOLF DRIVE	99801	-134.59986282119587	58.40703410480269	
9852 LONE WOLF DRIVE	99801	-134.6003034960467	58.40701583004668	
9858 LONE WOLF DRIVE	99801	-134.6005880922102	58.407030892885125	
9864 LONE WOLF DRIVE	99801	-134.6009486984231	58.407024317041845	
9870 LONE WOLF DRIVE	99801	-134.60133171490742	58.40702357112381	
10403 MENDENHALL LOOP ROAD	99801	-134.6071945202019	58.40023710411575	
10393 MENDENHALL LOOP ROAD	99801	-134.60695502126234	58.4007970239093	
4994 WREN DRIVE	99801	-134.60572779502345	58.40186266303643	
4996 WREN DRIVE	99801	-134.6060262432086	58.40182522186051	
4950 WREN DRIVE	99801	-134.6035717817477	58.40105725501699	
4956 WREN DRIVE	99801	-134.60418389827387	58.40110646001877	
4948 WREN DRIVE	99801	-134.6036776931197	58.40086883195682	
4958 WREN DRIVE	99801	-134.60418317872333	58.401306544024834	
5004 STEELHEAD STREET	99801	-134.59928553684483	58.403533354128626	
5004 STEELHEAD STREET	99801	-134.59894051101222	58.40353028779577	
9633 KELLY COURT	99801	-134.59264014263104	58.4004808258588	
10720 MENDENHALL LOOP ROAD	99801	-134.61238945413373	58.39667679984032	
4001 ALL SEASON DRIVE	99801	-134.61525220078963	58.39516472892875	
11770 MENDENHALL LOOP ROAD	99801	-134.63082723071153	58.39316327395913	
4345 WINDFALL AVENUE	99801	-134.62999411604906	58.39348960694027	
4934 STEELHEAD STREET	99801	-134.59531868883957	58.40129638706641	
4930 STEELHEAD STREET	99801	-134.59509278680014	58.401134436866336	
4926 STEELHEAD STREET	99801	-134.59486130173119	58.40098825408593	
4910 STEELHEAD STREET	99801	-134.59432102976652	58.40071845606586	
4880 STEELHEAD STREET	99801	-134.59398973108972	58.39995647507118	
4891 STEELHEAD STREET	99801	-134.5932482481795	58.40021920380835	
4893 STEELHEAD STREET	99801	-134.59323616224563	58.40030810699417	
4897 STEELHEAD STREET	99801	-134.5932690181272	58.40042676095974	
4899 STEELHEAD STREET	99801	-134.59326996584977	58.40053187915277	
4881 STEELHEAD STREET	99801	-134.5932294338642	58.399892742009754	
4879 STEELHEAD STREET	99801	-134.59323447161628	58.399810253043725	
4885 STEELHEAD STREET	99801	-134.5932268018004	58.40001949113472	
4887 STEELHEAD STREET	99801	-134.59326085423785	58.400102026210725	
4867 STEELHEAD STREET	99801	-134.5932651868125	58.39938013711643	
4875 STEELHEAD STREET	99801	-134.5932694430303	58.39968635801495	
4873 STEELHEAD STREET	99801	-134.59322704614215	58.39959664316918	
4869 STEELHEAD STREET	99801	-134.5932436128726	58.39946897604819	
4348 WINDFALL AVENUE	99801	-134.62894563119556	58.393854944888346	
10736 MENDENHALL LOOP ROAD	99801	-134.61349216219617	58.397059928068764	
10736 MENDENHALL LOOP ROAD	99801	-134.61366345115792	58.39706838921696	
10752 MENDENHALL LOOP ROAD	99801	-134.6139888667679	58.39680014902377	
10768 MENDENHALL LOOP ROAD	99801	-134.61299064894274	58.39642544208513	
11750 MENDENHALL LOOP ROAD	99801	-134.63050600843732	58.393200101944565	
11750 MENDENHALL LOOP ROAD	99801	-134.6304185987669	58.39320875280805	
11430 JO ANNE WAY	99801	-134.6263949889138	58.39617588600253	
10397 MENDENHALL LOOP ROAD	99801	-134.60705043761686	58.400525649000826	
10050 MENDENHALL LOOP ROAD	99801	-134.6009244870296	58.403322524885475	
11025 MENDENHALL LOOP ROAD	99801	-134.61595911832435	58.393016831196185	
11027 MENDENHALL LOOP ROAD	99801	-134.61515164517334	58.39273098091798	
11840 MENDENHALL LOOP ROAD	99801	-134.6330718043996	58.39384682899712	
1121 SLIM WILLIAMS WAY	99801	-134.59588974337413	58.41105776616047	
4120 SPRING WAY	99801	-134.61386563677553	58.39301060677798	
9728 TRAPPERS LANE	99801	-134.59644751362225	58.40779131902468	
9127 WOLFRAM STREET	99801	-134.59772380224865	58.40944607811865	
9717 TRAPPERS LANE	99801	-134.59397937171784	58.4066277160776	
4354 WINDFALL AVENUE	99801	-134.62907578630043	58.39401494182397	
11220 MENDENHALL LOOP ROAD	99801	-134.61919369833757	58.393656208824545	
4411 WINDFALL AVENUE	99801	-134.6320128829191	58.39530901089366	
4947 HUMMINGBIRD LANE	99801	-134.5991847108357	58.40195307295497	
1036 ARCTIC CIRCLE	99801	-134.59470365368705	58.410747431122715	
9630 MENDENHALL LOOP ROAD	99801	-134.59053501981447	58.40435262493812	
4980 WREN DRIVE	99801	-134.60521836671404	58.40176802899548	
5680 MONTANA CREEK ROAD	99801	-134.60632094182577	58.414853314856536	
11590 MENDENHALL LOOP ROAD	99801	-134.628341480031	58.39384227319379	
1083 ARCTIC CIRCLE	99801	-134.5926541590444	58.41318782992715	
9711 TRAPPERS LANE	99801	-134.59363080382806	58.40712712510289	
9182 WOLFRAM STREET	99801	-134.59454466086493	58.409929900920105	
2001 GLACIER BEAR BOULEVARD	99801	-134.6031481721923	58.40700686679117	
1056 TIMBERWOLF LANE	99801	-134.60104029334443	58.407672864915035	
9996 SILVER STREET	99801	-134.5948310976764	58.40303503976921	
1055 TIMBERWOLF LANE	99801	-134.60095249200856	58.40726948697335	
1010 DEBBIE LANE	99801	-134.59312615904756	58.40979186213612	
4027 ALL SEASON DRIVE	99801	-134.61636578655177	58.3957518682224	
4928 WREN DRIVE	99801	-134.60184732811757	58.39968118398418	
11976 MENDENHALL LOOP ROAD	99801	-134.63545609755533	58.392723433025736	
1061 TIMBERWOLF LANE	99801	-134.60131040237732	58.40727750094702	
1150 SLIM WILLIAMS WAY	99801	-134.59319212413547	58.412770707771365	
4940 STEELHEAD STREET	99801	-134.59551380022435	58.401515589196165	
1067 TIMBERWOLF LANE	99801	-134.60165403402465	58.40727411916237	
1062 TIMBERWOLF LANE	99801	-134.60141457011935	58.40767352611097	
1073 TIMBERWOLF LANE	99801	-134.60202501757573	58.40728132321981	
4300 UNIVERSITY DRIVE	99801	-134.63891563727526	58.39319700081547	
4300 UNIVERSITY DRIVE	99801	-134.63891855590163	58.39317861201351	
4300 UNIVERSITY DRIVE	99801	-134.63896236314474	58.39315544321102	
4300 UNIVERSITY DRIVE	99801	-134.6389655099432	58.393137804836506	
4300 UNIVERSITY DRIVE	99801	-134.63873384700784	58.39318808677439	
4300 UNIVERSITY DRIVE	99801	-134.63873791368113	58.39317091779958	
4300 UNIVERSITY DRIVE	99801	-134.63869189478575	58.39314604282711	
4300 UNIVERSITY DRIVE	99801	-134.6386922253658	58.39312461406661	
4300 UNIVERSITY DRIVE	99801	-134.63893693992392	58.393071520909004	
4300 UNIVERSITY DRIVE	99801	-134.63893991873738	58.39305432221718	
4300 UNIVERSITY DRIVE	99801	-134.63896933407136	58.393111597015725	
4300 UNIVERSITY DRIVE	99801	-134.6389743080431	58.393094421883305	
4300 UNIVERSITY DRIVE	99801	-134.6386959623574	58.39309506593326	
4300 UNIVERSITY DRIVE	99801	-134.6386990453754	58.39307504717889	
4300 UNIVERSITY DRIVE	99801	-134.63876920469744	58.393063272072645	
4300 UNIVERSITY DRIVE	99801	-134.63877052791582	58.39304452492409	
4300 UNIVERSITY DRIVE	99801	-134.63894741967	58.39300991988384	
4300 UNIVERSITY DRIVE	99801	-134.63894973822175	58.39299080313038	
4300 UNIVERSITY DRIVE	99801	-134.63899918508827	58.39297568014916	
4300 UNIVERSITY DRIVE	99801	-134.63900141201185	58.39295757182772	
4300 UNIVERSITY DRIVE	99801	-134.63897604358823	58.39287857691493	
4300 UNIVERSITY DRIVE	99801	-134.63897739106116	58.392861428033775	
4300 UNIVERSITY DRIVE	99801	-134.639002566347	58.392933283790995	
4300 UNIVERSITY DRIVE	99801	-134.63900826705577	58.39290943781801	
4300 UNIVERSITY DRIVE	99801	-134.63874114492123	58.39292274919295	
4300 UNIVERSITY DRIVE	99801	-134.63874513793266	58.392885943986975	
4300 UNIVERSITY DRIVE	99801	-134.63880318976126	58.39287003001719	
4300 UNIVERSITY DRIVE	99801	-134.63880542027812	58.392851923995465	
4300 UNIVERISTY DRIVE	99801	-134.63888690286427	58.393196281910875	
4300 UNIVERSITY DRIVE	99801	-134.6388904781591	58.39317791194039	
4300 UNIVERSITY DRIVE	99801	-134.6389356688078	58.393155462042884	
4300 UNIVERSITY DRIVE	99801	-134.63893972380296	58.393137818018786	
4300 UNIVERSITY DRIVE	99801	-134.63894442917842	58.393110651185495	
4300 UNIVERSITY DRIVE	99801	-134.63894488282764	58.3930939849839	
4300 UNIVERSITY DRIVE	99801	-134.63890957813868	58.393070934766655	
4300 UNIVERSITY DRIVE	99801	-134.63891095256105	58.3930547388728	
4300 UNIVERSITY DRIVE	99801	-134.6389226162867	58.393008440166035	
4300 UNIVERSITY DRIVE	99801	-134.6389239269287	58.39298986294646	
4300 UNIVERSITY DRIVE	99801	-134.6389661198993	58.39297479410663	
4300 UNIVERSITY DRIVE	99801	-134.63897014884333	58.392956197095806	
4300 UNIVERSITY DRIVE	99801	-134.63897218262912	58.39293095004071	
4300 UNIVERSITY DRIVE	99801	-134.63897789591434	58.392907580044216	
4300 UNIVERSITY DRIVE	99801	-134.63895021882044	58.39287716122036	
4300 UNIVERSITY DRIVE	99801	-134.6389533790936	58.39285999915615	
4300 UNIVERSITY DRIVE	99801	-134.63876521527925	58.39318927788704	
4300 UNIVERSITY DRIVE	99801	-134.6387674565759	58.393171648003744	
4300 UNIVERSITY DRIVE	99801	-134.63872783009208	58.39314845000735	
4300 UNIVERSITY DRIVE	99801	-134.6387290661739	58.39312701418637	
4300 UNIVERSITY DRIVE	99801	-134.63873282742	58.39309841706439	
4300 UNIVERSITY DRIVE	99801	-134.63873588618353	58.39307744777278	
4300 UNIVERSITY DRIVE	99801	-134.63879446172996	58.39306451309398	
4300 UNIVERSITY DRIVE	99801	-134.63879781064935	58.39304630218435	
4300 UNIVERSITY DRIVE	99801	-134.63877614687792	58.39292421008237	
4300 UNIVERSITY DRIVE	99801	-134.63877836481836	58.392888846936856	
4300 UNIVERSITY DRIVE	99801	-134.63883821866744	58.39287244380746	
4300 UNIVERSITY DRIVE	99801	-134.6388404213365	58.39285338488784	
4300 UNIVERISTY DRIVE	99801	-134.63885982943825	58.39319463083138	
4300 UNIVERISTY DRIVE	99801	-134.63886214529504	58.39317700801273	
4300 UNIVERISTY DRIVE	99801	-134.63890995273613	58.393155336811134	
4300 UNIVERISTY DRIVE	99801	-134.63891097591727	58.393137630171104	
4300 UNIVERISTY DRIVE	99801	-134.63891448922834	58.39311034422614	
4300 UNIVERISTY DRIVE	99801	-134.6389150093529	58.39309517986606	
4300 UNIVERISTY DRIVE	99801	-134.63887875065305	58.393070718200015	
4300 UNIVERISTY DRIVE	99801	-134.6388810799846	58.39305358400703	
4300 UNIVERISTY DRIVE	99801	-134.6388949975833	58.393007958068985	
4300 UNIVERISTY DRIVE	99801	-134.63889635583598	58.39298938179078	
4300 UNIVERISTY DRIVE	99801	-134.63893670815858	58.39297301213482	
4300 UNIVERISTY DRIVE	99801	-134.63893902401534	58.39295538920539	
4300 UNIVERISTY DRIVE	99801	-134.63894307182403	58.39293030410457	
4300 UNIVERISTY DRIVE	99801	-134.6389498163752	58.39290689408969	
4300 UNIVERISTY DRIVE	99801	-134.63891956291303	58.39287754303891	
4300 UNIVERISTY DRIVE	99801	-134.6389209472169	58.39285992712375	
4300 UNIVERISTY DRIVE	99801	-134.63879575171072	58.393190603176315	
4300 UNIVERISTY DRIVE	99801	-134.63879744683163	58.393172662097726	
4300 UNIVERISTY DRIVE	99801	-134.63876532128043	58.393149073812076	
4300 UNIVERISTY DRIVE	99801	-134.6387651901264	58.39312911911666	
4300 UNIVERISTY DRIVE	99801	-134.63876149266073	58.39309954697643	
4300 UNIVERISTY DRIVE	99801	-134.6387635659724	58.39307951880869	
4300 UNIVERISTY DRIVE	99801	-134.63881793740327	58.39306548811491	
4300 UNIVERISTY DRIVE	99801	-134.6388211767282	58.393047578045284	
4300 UNIVERISTY DRIVE	99801	-134.63881516160905	58.39292644920252	
4300 UNIVERISTY DRIVE	99801	-134.6388222520116	58.392893526212816	
4300 UNIVERISTY DRIVE	99801	-134.63886969563498	58.392874520975795	
4300 UNIVERISTY DRIVE	99801	-134.63887300772345	58.392856608925975	
1118 SLIM WILLIAMS WAY	99801	-134.59639909802166	58.411485000979646	
9134 WOLFRAM STREET	99801	-134.59749627515689	58.40995253401138	
9715 TRAPPERS LANE	99801	-134.59354667480508	58.40683925782294	
9741 MENDENHALL LOOP ROAD	99801	-134.5966327282675	58.4044218028346	
1068 TIMBERWOLF LANE	99801	-134.60176199804707	58.40767680008942	
10991 BLACKBEAR ROAD	99801	-134.61265709369795	58.39259750793712	
11435 JO ANNE WAY	99801	-134.62389029096724	58.396216762159526	
4537 SAWA CIRCLE	99801	-134.59028460005595	58.399916299894784	
4617 RIVER ROAD	99801	-134.58731408521044	58.40119074115794	
9590 WHITEWATER COURT	99801	-134.58796192324388	58.400913535049604	
9586 WHITEWATER COURT	99801	-134.58745931135084	58.400830459164254	
9582 WHITEWATER COURT	99801	-134.58689019987224	58.40092507595344	
9604 KELLY COURT	99801	-134.58915264015297	58.40104776495528	
9602 KELLY COURT	99801	-134.58902015661488	58.40106173693096	
9589 WHITEWATER COURT	99801	-134.58799766810733	58.40042745476987	
9585 WHITEWATER COURT	99801	-134.58735422822554	58.40037388402347	
9603 KELLY COURT	99801	-134.58878233033835	58.400470918132505	
9581 WHITEWATER COURT	99801	-134.58655764085913	58.40030648119484	
4531 RIVERSIDE DRIVE	99801	-134.5822645849298	58.40016633409194	
8930 MENDENHALL LOOP ROAD	99801	-134.57837377122848	58.40021969710365	
9490 RIVERBEND COURT	99801	-134.58797386634558	58.39990209917271	
9486 RIVERBEND COURT	99801	-134.58750240084007	58.399938653229064	
9482 RIVERBEND COURT	99801	-134.58688643772783	58.40000158177341	
9478 RIVERBEND COURT	99801	-134.58604345058038	58.39999780813505	
8914 MENDENHALL LOOP ROAD	99801	-134.57663719124037	58.399729987039294	
4530 CHELSEA COURT	99801	-134.57510614578925	58.40021391688736	
4527 CHELSEA COURT	99801	-134.5754909041069	58.40024510697973	
4528 CHELSEA COURT	99801	-134.57477162305892	58.400271911053636	
8510 MENDENHALL LOOP ROAD	99801	-134.57056742668084	58.39922116009111	
4523 CHELSEA COURT	99801	-134.57605847766973	58.400221146864595	
4546 RIVER ROAD	99801	-134.58883881820003	58.39989839895377	
4523 RIVERSIDE DRIVE	99801	-134.58244919500888	58.39998128404699	
4521 CHELSEA COURT	99801	-134.57592870075555	58.400055916096484	
9019 TOURNURE STREET	99801	-134.58154647259	58.399958117832035	
8459 PROSPECT WAY	99801	-134.56561166021024	58.40018646414193	
8457 PROSPECT WAY	99801	-134.56491269725734	58.40015193483414	
4511 RIVERSIDE DRIVE	99801	-134.58270037204719	58.39984654501176	
8910 MENDENHALL LOOP ROAD	99801	-134.57721234029597	58.39974939903825	
4510 PROSPECT WAY	99801	-134.5644500873439	58.399935301806664	
9015 TOURNURE STREET	99801	-134.58105044085642	58.3997916422222	
4520 RIVERSIDE DRIVE	99801	-134.5818573723233	58.399822840219535	
4522 CHELSEA COURT	99801	-134.57451246538767	58.39997358190351	
4517 CHELSEA COURT	99801	-134.57596426415935	58.399841429842816	
9011 TOURNURE STREET	99801	-134.58053024893326	58.39973292002171	
9477 RIVERBEND COURT	99801	-134.58608106843124	58.399379876812255	
4509 RIVER ROAD	99801	-134.58790172713668	58.39939628209193	
9485 RIVERBEND COURT	99801	-134.5874067832629	58.39934572705068	
9481 RIVERBEND COURT	99801	-134.58666443617338	58.399430015224276	
4540 RIVER ROAD	99801	-134.5888141244112	58.399425430016855	
4510 RIVERSIDE DRIVE	99801	-134.582064646897	58.3996184111434	
4423 RIVERSIDE DRIVE	99801	-134.58317784189202	58.39937375519139	
4554 KLONDIKE WAY	99801	-134.5654881607233	58.39969793980152	
4510 ROSEDALE STREET	99801	-134.58069880611822	58.39951304922212	
4513 CHELSEA COURT	99801	-134.5759629589072	58.39964077596362	
4551 KLONDIKE WAY	99801	-134.56439333178423	58.39957381890779	
9005 TOURNURE STREET	99801	-134.57989688186072	58.399486417792936	
9026 ROSEDALE STREET	99801	-134.58220292277207	58.39942742207091	
4417 RIVERSIDE DRIVE	99801	-134.58356866832943	58.399225795220914	
4508 ROSEDALE STREET	99801	-134.58101190672397	58.399334710004524	
4493 COLUMBIA BOULEVARD	99801	-134.57945858485044	58.39930626713391	
4509 CHELSEA COURT	99801	-134.57589892519715	58.39945923514019	
4504 CHELSEA COURT	99801	-134.5747098324421	58.39948709891236	
9024 ROSEDALE STREET	99801	-134.58172115359025	58.39929050998554	
4505 CHELSEA COURT	99801	-134.5757091507035	58.3992852318688	
4499 RIVER ROAD	99801	-134.58660117591276	58.398897830158724	
4411 RIVERSIDE DRIVE	99801	-134.58407936955163	58.39895033979517	
4525 KLONDIKE WAY	99801	-134.56551452627687	58.39937411387459	
9022 ROSEDALE STREET	99801	-134.5812119121304	58.399112676132866	
9029 ROSEDALE STREET	99801	-134.58245968912803	58.39911629500033	
8943 TOURNURE STREET	99801	-134.57865208816816	58.39907827804465	
4487 RIVER ROAD	99801	-134.5874477446432	58.39878740677743	
4501 CHELSEA COURT	99801	-134.57531663723	58.39916651380896	
4520 KLONDIKE WAY	99801	-134.56468742224195	58.39934772993564	
8941 TOURNURE STREET	99801	-134.5782398656573	58.399039887769064	
8839 GLENDALE STREET	99801	-134.5770269091567	58.398942885024475	
4416 RIVERSIDE DRIVE	99801	-134.58265365785576	58.3989236938193	
4490 COLUMBIA BOULEVARD	99801	-134.57893280899947	58.39884168319065	
4409 MINT WAY	99801	-134.57791917877896	58.39891857192632	
4485 COLUMBIA BOULEVARD	99801	-134.57973246770584	58.398904879179	
4491 KLONDIKE WAY	99801	-134.56549595630332	58.399032925858506	
4411 MINT WAY	99801	-134.57821942539132	58.39869312222842	
4486 COLUMBIA BOULEVARD	99801	-134.579093657741	58.39860482879236	
4419 CLOVERDALE STREET	99801	-134.58213943793263	58.39863389593666	
8824 GLENDALE STREET	99801	-134.5760214949278	58.39873987618934	
4412 RIVERSIDE DRIVE	99801	-134.58271961396053	58.39865482709006	
4412 MINT WAY	99801	-134.5771431816972	58.398645837230404	
4415 MINT WAY	99801	-134.57850526392482	58.39848769996135	
8458 MENDENHALL LOOP ROAD	99801	-134.56559959044608	58.398582278791274	
9010 FIRNDALE STREET	99801	-134.58118733602086	58.39847538579994	
9006 FIRNDALE STREET	99801	-134.58066907996715	58.39851234003944	
9002 FIRNDALE STREET	99801	-134.5802821647945	58.398512310854514	
9000 FIRNDALE STREET	99801	-134.5798842677175	58.39848761193585	
8811 GLENDALE STREET	99801	-134.57469739257203	58.39834828184349	
8829 GLENDALE STREET	99801	-134.57659287914402	58.39827339622207	
4414 MINT WAY	99801	-134.5773930193474	58.398485641952746	
8723 NORTH LOOP WAY	99801	-134.57406309933643	58.398539418921665	
4410 RIVERSIDE DRIVE	99801	-134.58277560774883	58.39844737294958	
4413 CLOVERDALE STREET	99801	-134.5822238014159	58.39843192515464	
8452 MENDENHALL LOOP ROAD	99801	-134.5648833025846	58.39854145621528	
4482 COLUMBIA BOULEVARD	99801	-134.5790948623818	58.39843175004475	
8721 NORTH LOOP WAY	99801	-134.57399180005234	58.398430707858495	
8719 NORTH LOOP WAY	99801	-134.57395334587	58.3982517192092	
8701 NORTH LOOP WAY	99801	-134.57162567262827	58.398384642159854	
4418 MINT WAY	99801	-134.57817240936598	58.3982672551092	
8717 NORTH LOOP WAY	99801	-134.57382288174463	58.398182895899524	
8531 MENDENHALL LOOP ROAD	99801	-134.57115976679606	58.39820157488464	
4416 MINT WAY	99801	-134.57770995935266	58.39827955992878	
8817 GLENDALE STREET	99801	-134.57513174687654	58.398240545068695	
8823 GLENDALE STREET	99801	-134.57590077033674	58.3982140397748	
8715 NORTH LOOP WAY	99801	-134.57344414573265	58.39819915816408	
4408 RIVERSIDE DRIVE	99801	-134.5827366603914	58.398208658878076	
4409 CLOVERDALE STREET	99801	-134.58221196431538	58.39819592990721	
8529 MENDENHALL LOOP ROAD	99801	-134.57071484560888	58.398199699031245	
9011 FIRNDALE STREET	99801	-134.58146288165784	58.39814296112733	
9007 FIRNDALE STREET	99801	-134.58098851369564	58.39814263020461	
8525 MENDENHALL LOOP ROAD	99801	-134.57032033877374	58.39817281288692	
9005 FIRNDALE STREET	99801	-134.58049773890312	58.39812482392095	
9001 FIRNDALE STREET	99801	-134.57994532620734	58.39812842500211	
4478 COLUMBIA BOULEVARD	99801	-134.57919445590238	58.39807288781645	
8521 MENDENHALL LOOP ROAD	99801	-134.56993177070098	58.39818131613361	
8711 NORTH LOOP WAY	99801	-134.57283080659937	58.398191503174836	
8703 NORTH LOOP WAY	99801	-134.57171306972225	58.39831808895543	
8517 MENDENHALL LOOP ROAD	99801	-134.56947433957515	58.39813950785668	
8707 NORTH LOOP WAY	99801	-134.57216592572834	58.39816812395554	
8513 MENDENHALL LOOP ROAD	99801	-134.56900576035665	58.39814019606306	
8509 MENDENHALL LOOP ROAD	99801	-134.56861083310997	58.39814597897305	
8505 MENDENHALL LOOP ROAD	99801	-134.5681596057495	58.39809723209529	
8501 MENDENHALL LOOP ROAD	99801	-134.56769057198346	58.398121002067214	
4406 RIVERSIDE DRIVE	99801	-134.58273764135168	58.397966221114594	
4407 CLOVERDALE STREET	99801	-134.58217974803438	58.397950842777135	
4406 CLOVERDALE STREET	99801	-134.58152034508996	58.39788198781169	
8497 MENDENHALL LOOP ROAD	99801	-134.56714604380093	58.39813078382778	
4531 WOOD DUCK AVENUE	99801	-134.5807387470124	58.39783269781321	
4530 WOOD DUCK AVENUE	99801	-134.58022906717468	58.39789017008882	
4520 WOOD DUCK AVENUE	99801	-134.57997073595345	58.39761185909512	
4474 COLUMBIA BOULEVARD	99801	-134.57918272390478	58.39787644681509	
4398 TAKU BOULEVARD	99801	-134.57872510592938	58.39779036378359	
4368 TAKU BOULEVARD	99801	-134.575431124818	58.397860271958024	
4364 TAKU BOULEVARD	99801	-134.57496855443046	58.397848433018034	
4372 TAKU BOULEVARD	99801	-134.5759167253145	58.39785191597339	
4360 TAKU BOULEVARD	99801	-134.57454559615363	58.39786564490546	
4356 TAKU BOULEVARD	99801	-134.57405064329672	58.397840746884214	
4392 TAKU BOULEVARD	99801	-134.5782182728528	58.39785738683461	
4352 TAKU BOULEVARD	99801	-134.57359559180807	58.3979072011946	
4346 TAKU BOULEVARD	99801	-134.57306401733197	58.39783816820664	
4376 TAKU BOULEVARD	99801	-134.57635479235608	58.39786909820293	
4342 TAKU BOULEVARD	99801	-134.57253936796835	58.39788116402921	
4334 TAKU BOULEVARD	99801	-134.5718040187549	58.397901882858434	
4380 TAKU BOULEVARD	99801	-134.57682243103847	58.397864870078855	
4388 TAKU BOULEVARD	99801	-134.57774378092313	58.397849848042235	
4328 TAKU BOULEVARD	99801	-134.5710499953633	58.39785093920191	
4322 TAKU BOULEVARD	99801	-134.5706466976148	58.397852338221085	
4314 TAKU BOULEVARD	99801	-134.56986872693435	58.39786266704807	
4308 TAKU BOULEVARD	99801	-134.5689465011923	58.39774536016702	
4306 TAKU BOULEVARD	99801	-134.56877165490204	58.397734047940695	
4304 TAKU COURT	99801	-134.56845329286367	58.39789982716929	
4330 CONE PLACE	99801	-134.56591106689783	58.397816979076985	
4228 TAKU COURT	99801	-134.56793766887372	58.397796884861854	
4326 CONE PLACE	99801	-134.566655521435	58.3978923232202	
4527 WOOD DUCK AVENUE	99801	-134.58097592560358	58.397597273794304	
4404 RIVERSIDE DRIVE	99801	-134.5827778858764	58.39777693185552	
4405 CLOVERDALE STREET	99801	-134.5822072867877	58.39772132821318	
4525 WOOD DUCK AVENUE	99801	-134.58098056809698	58.39751910977267	
4472 COLUMBIA BOULEVARD	99801	-134.57919038204258	58.39764245318446	
4224 TAKU COURT	99801	-134.5677760269198	58.397687720073506	
4327 CONIFER LANE	99801	-134.56458007087056	58.39765136892374	
9099 PINEDALE STREET	99801	-134.58226976731066	58.39746168020002	
4322 CONE PLACE	99801	-134.56687627522956	58.39751593417612	
4521 WOOD DUCK AVENUE	99801	-134.58099937342914	58.39736764395083	
4367 TAKU BOULEVARD	99801	-134.5754531524071	58.39750917579404	
4470 COLUMBIA BOULEVARD	99801	-134.57918146806	58.397491785793584	
4357 TAKU BOULEVARD	99801	-134.57473709900592	58.397472029853944	
4353 TAKU BOULEVARD	99801	-134.57419588291185	58.397468502140875	
4387 TAKU BOULEVARD	99801	-134.57751701739932	58.39748604090605	
4349 TAKU BOULEVARD	99801	-134.57364428229312	58.39746636498871	
4389 TAKU BOULEVARD	99801	-134.57774673278715	58.39748218979731	
4343 TAKU BOULEVARD	99801	-134.57306924822186	58.39747031777866	
4339 TAKU BOULEVARD	99801	-134.57263970080245	58.397473743812036	
4335 TAKU BOULEVARD	99801	-134.57220804144382	58.397459128797536	
4331 TAKU BOULEVARD	99801	-134.57179996196305	58.39741286788476	
4327 TAKU BOULEVARD	99801	-134.57134284434926	58.3973876899245	
4323 TAKU BOULEVARD	99801	-134.57094410105927	58.397432197838924	
4395 TAKU BOULEVARD	99801	-134.57823088519942	58.39741150980243	
4319 TAKU BOULEVARD	99801	-134.57054800330778	58.397440643834145	
4315 TAKU BOULEVARD	99801	-134.57028945738924	58.39747414017368	
4396 CLOVERDALE STREET	99801	-134.58151683177888	58.39739145489827	
4311 TAKU BOULEVARD	99801	-134.56990676879	58.39748318587925	
4514 WOOD DUCK AVENUE	99801	-134.58004690141146	58.39739708917745	
4467 ALBATROSS STREET	99801	-134.57542390236313	58.39740789311364	
4323 CONIFER LANE	99801	-134.56508455485266	58.397223165167645	
4307 TAKU BOULEVARD	99801	-134.5695240730042	58.39750118596029	
4512 WOOD DUCK AVENUE	99801	-134.5800614550174	58.39727583923359	
4464 COLUMBIA BOULEVARD	99801	-134.57854880975825	58.39718639787355	
4222 TAKU COURT	99801	-134.56773705890112	58.397493156112	
4305 TAKU BOULEVARD	99801	-134.56931540065193	58.39738607622969	
8126 SNIPE COURT	99801	-134.5706095630576	58.39700677587451	
4519 WOOD DUCK AVENUE	99801	-134.58098747524318	58.39710583403362	
4442 MENDENHALL BOULEVARD	99801	-134.5732557896788	58.39713102208078	
9098 PINEDALE STREET	99801	-134.58273658313627	58.397114975865264	
4390 CLOVERDALE STREET	99801	-134.58154031014715	58.39713400094146	
9096 PINEDALE STREET	99801	-134.58222284111685	58.39714109315206	
4463 ALBATROSS STREET	99801	-134.57535333610429	58.39722790600627	
4460 COLUMBIA BOULEVARD	99801	-134.57791642903587	58.39708124616645	
4220 TAKU COURT	99801	-134.56785147731884	58.39740340791063	
4446 MENDENHALL BOULEVARD	99801	-134.57378394516695	58.39710842217962	
4450 MENDENHALL BOULEVARD	99801	-134.57426920969354	58.39709944181119	
4454 ALBATROSS STREET	99801	-134.57467494726637	58.39716014410499	
4462 COLUMBIA BOULEVARD	99801	-134.57820153005255	58.397122462091566	
4510 WOOD DUCK AVENUE	99801	-134.58013757106804	58.39713898987351	
4214 TAKU BOULEVARD	99801	-134.56841661824384	58.397269004074694	
4456 COLUMBIA BOULEVARD	99801	-134.57753023880366	58.39703996005224	
4400 TAKU BOULEVARD	99801	-134.57939546921858	58.3970434412045	
4217 TAKU BOULEVARD	99801	-134.56912594056863	58.39722234089905	
8124 SNIPE COURT	99801	-134.5701693750936	58.397168597226546	
4319 CONIFER LANE	99801	-134.5654414698881	58.39678720017604	
4461 ALBATROSS STREET	99801	-134.57539633216874	58.397107233082345	
4318 CONIFER LANE	99801	-134.5667397905952	58.39704281793942	
4450 COLUMBIA BOULEVARD	99801	-134.57692084686772	58.39691824284177	
4452 COLUMBIA BOULEVARD	99801	-134.57718610499808	58.396957541141695	
8120 SNIPE COURT	99801	-134.56982586921046	58.3969770511701	
4452 ALBATROSS STREET	99801	-134.57464260971275	58.39706162415865	
4508 WOOD DUCK AVENUE	99801	-134.58017229005546	58.397047039100904	
4299 MARION DRIVE	99801	-134.58550918205674	58.3967337848931	
4448 COLUMBIA BOULEVARD	99801	-134.5767159213885	58.39686668485192	
4312 MARION DRIVE	99801	-134.58472148801167	58.396894561971344	
4212 TAKU BOULEVARD	99801	-134.56805979932818	58.39710215611684	
9125 FIREWEED LANE	99801	-134.58418256801144	58.396774586025096	
4453 ALBATROSS STREET	99801	-134.57543458333186	58.39697944114196	
4311 RIVERSIDE DRIVE	99801	-134.58352508207184	58.39686504288851	
4312 RIVERSIDE DRIVE	99801	-134.58267560369814	58.39689099183337	
9095 FIREWEED LANE	99801	-134.5822795248113	58.39682470790068	
4213 TAKU BOULEVARD	99801	-134.5689986349198	58.397025712979904	
9093 FIREWEED LANE	99801	-134.5814250509063	58.396889661975706	
8130 SNIPE COURT	99801	-134.57089075999602	58.396835241803615	
4515 WOOD DUCK AVENUE	99801	-134.58105366490994	58.39689664878837	
4402 TAKU BOULEVARD	99801	-134.5794705962241	58.39688650985979	
4446 COLUMBIA BOULEVARD	99801	-134.57652603191048	58.39682119801125	
4506 WOOD DUCK AVENUE	99801	-134.5801788279941	58.39687741410201	
4444 COLUMBIA BOULEVARD	99801	-134.57626688771396	58.3967655561431	
4467 COLUMBIA BOULEVARD	99801	-134.57888655115224	58.39677822019653	
4504 WOOD DUCK AVENUE	99801	-134.58006876281223	58.39678327178835	
4436 MENDENHALL BOULEVARD	99801	-134.57173888101534	58.396786180066286	
4209 TAKU BOULEVARD	99801	-134.5688506823925	58.39684209587649	
4208 TAKU BOULEVARD	99801	-134.56800272306995	58.39691412005066	
4434 MENDENHALL BOULEVARD	99801	-134.5716123793587	58.396697252933684	
4513 WOOD DUCK AVENUE	99801	-134.58102194809223	58.3967900999802	
4463 COLUMBIA BOULEVARD	99801	-134.57842682393255	58.39670018710988	
4502 WOOD DUCK AVENUE	99801	-134.57981551066564	58.39669769402516	
4440 COLUMBIA BOULEVARD	99801	-134.5756593022901	58.39665206997837	
4500 WOOD DUCK AVENUE	99801	-134.5796340258254	58.39668219791784	
4445 MENDENHALL BOULEVARD	99801	-134.5744214912022	58.396696313790095	
8138 SNIPE COURT	99801	-134.57139271611888	58.39663584277708	
4443 MENDENHALL BOULEVARD	99801	-134.57390410292103	58.39672727115016	
4432 TEEL COURT	99801	-134.5737524205887	58.39663299709642	
4437 MENDENHALL BOULEVARD	99801	-134.573004009871	58.39671520304593	
4447 MENDENHALL BOULEVARD	99801	-134.5746329267723	58.39666100621034	
4433 MENDENHALL BOULEVARD	99801	-134.57244224661142	58.396613198778724	
4459 COLUMBIA BOULEVARD	99801	-134.5779600862604	58.39662681191807	
8116 SNIPE COURT	99801	-134.56989508619972	58.39669364087908	
4511 WOOD DUCK AVENUE	99801	-134.58096781740983	58.396657485006656	
8108 POPLAR AVENUE	99801	-134.5687972281415	58.3965798437877	
4204 TAKU BOULEVARD	99801	-134.56801932124148	58.39663359212376	
4316 CONIFER LANE	99801	-134.56678153710305	58.39662511580722	
4403 TAKU BOULEVARD	99801	-134.57899981613315	58.39655273797963	
4293 MARION DRIVE	99801	-134.58546011877084	58.39641932795394	
4453 COLUMBIA BOULEVARD	99801	-134.5774665365719	58.39659841582048	
4509 WOOD DUCK AVENUE	99801	-134.58084641009918	58.39657768116113	
9092 FIREWEED LANE	99801	-134.581588512847	58.39643623407951	
4449 MENDENHALL BOULEVARD	99801	-134.5748469602702	58.39649972012632	
8112 SNIPE COURT	99801	-134.5703699940494	58.39650293676973	
4431 TEEL COURT	99801	-134.57301566191853	58.39660452097632	
8136 SNIPE COURT	99801	-134.57154025362453	58.39650737783671	
8112 POPLAR AVENUE	99801	-134.56907330558118	58.396496431928426	
9096 FIREWEED LANE	99801	-134.5826928046392	58.39646692098574	
9094 FIREWEED LANE	99801	-134.58219833058433	58.39646537503704	
4300 MARION DRIVE	99801	-134.584630590183	58.39641885578933	
9124 FIREWEED LANE	99801	-134.58392465001526	58.39641548896822	
4507 WOOD DUCK AVENUE	99801	-134.58064919306338	58.39642769086869	
4303 RIVERSIDE DRIVE	99801	-134.58354966716456	58.396457222086575	
4449 COLUMBIA BOULEVARD	99801	-134.57700434886667	58.39647744416827	
4458 WOOD DUCK AVENUE	99801	-134.5785616502769	58.39643769906013	
8116 POPLAR AVENUE	99801	-134.56957790275098	58.39642691412747	
4456 WOOD DUCK AVENUE	99801	-134.57842983328877	58.39642475384529	
4315 CONIFER LANE	99801	-134.56538505478994	58.396345897099394	
4428 TEEL COURT	99801	-134.57385815858584	58.396455549975926	
4451 ALBATROSS STREET	99801	-134.57549140267187	58.396841088007726	
8110 SNIPE COURT	99801	-134.57057546839928	58.39641299586338	
4427 TEEL COURT	99801	-134.57295778885467	58.39645208994941	
4505 WOOD DUCK AVENUE	99801	-134.5804233062953	58.39635091391744	
4452 WOOD DUCK AVENUE	99801	-134.5781473957769	58.396364819024974	
4445 COLUMBIA BOULEVARD	99801	-134.57656812516808	58.39639294792317	
8120 POPLAR AVENUE	99801	-134.56991335433935	58.39631685113541	
4200 TAKU BOULEVARD	99801	-134.5678455619127	58.39645095590804	
4450 WOOD DUCK AVENUE	99801	-134.57790916076695	58.39630410500509	
4412 TAKU BOULEVARD	99801	-134.57997454211534	58.39629151516049	
4425 TEEL COURT	99801	-134.5728663259857	58.39630196119174	
4436 COLUMBIA BOULEVARD	99801	-134.5746136543162	58.3962632369522	
4446 WOOD DUCK AVENUE	99801	-134.57771311333764	58.39626417281202	
8108 SNIPE COURT	99801	-134.57076556538814	58.39632098294067	
4420 TAKU BOULEVARD	99801	-134.58086296335492	58.39609489617223	
4422 TAKU BOULEVARD	99801	-134.581117966318	58.39611502383975	
4427 MENDENHALL BOULEVARD	99801	-134.57222574005152	58.396256692052525	
4426 TEEL COURT	99801	-134.57390197211717	58.396334174868464	
4441 COLUMBIA BOULEVARD	99801	-134.57610372670888	58.39628832109398	
4310 CONIFER LANE	99801	-134.5666428659693	58.39602390222505	
4273 MARION DRIVE	99801	-134.58553246908383	58.39618396510946	
4302 RIVERSIDE DRIVE	99801	-134.5827773450906	58.396146692081075	
4444 WOOD DUCK AVENUE	99801	-134.5772484049597	58.39617377089751	
4428 TAKU BOULEVARD	99801	-134.58206654234226	58.3960801209995	
8106 SNIPE COURT	99801	-134.57099484958465	58.396159893018456	
4437 COLUMBIA BOULEVARD	99801	-134.57560465238146	58.3961409450913	
4424 TAKU BOULEVARD	99801	-134.58159104070617	58.39608722895709	
4196 TAKU BOULEVARD	99801	-134.56754583991648	58.396244103132474	
8124 POPLAR AVENUE	99801	-134.57014131262247	58.396165929049126	
4290 MARION DRIVE	99801	-134.58478505729272	58.39609696608935	
8109 POPLAR AVENUE	99801	-134.56855326637162	58.39620606613199	
4446 TAKU BOULEVARD	99801	-134.58420301276902	58.39610021713475	
4301 RIVERSIDE DRIVE	99801	-134.58356587367058	58.39611030497699	
4414 TAKU BOULEVARD	99801	-134.58007220964797	58.396189721036556	
4459 WOOD DUCK AVENUE	99801	-134.57933958322812	58.39616051912367	
8104 SNIPE COURT	99801	-134.5710814633477	58.3961196782082	
4438 WOOD DUCK AVENUE	99801	-134.57668526458278	58.39609818393683	
4424 TEEL COURT	99801	-134.57393330715095	58.39618151482694	
8113 POPLAR AVENUE	99801	-134.56907638859923	58.39610362776634	
4423 TEEL COURT	99801	-134.57281410871488	58.39616075685539	
4418 TAKU BOULEVARD	99801	-134.5805822793545	58.39609270479972	
4416 TAKU BOULEVARD	99801	-134.58045615139704	58.3960598567925	
4457 WOOD DUCK AVENUE	99801	-134.57909221594494	58.39611203077024	
4453 WOOD DUCK AVENUE	99801	-134.57887341059626	58.39606185892262	
4424 MENDENHALL BOULEVARD	99801	-134.57150966059925	58.39609777484928	
4422 TEEL COURT	99801	-134.57383280992516	58.39607090310757	
8128 POPLAR AVENUE	99801	-134.57046789244905	58.396080569160034	
4269 MARION DRIVE	99801	-134.58552483609887	58.3960001892131	
4433 COLUMBIA BOULEVARD	99801	-134.5751608145625	58.39596334485137	
4436 WOOD DUCK AVENUE	99801	-134.5762494038036	58.395992307782464	
4192 TAKU BOULEVARD	99801	-134.56735198437647	58.39610607522966	
4421 TEEL COURT	99801	-134.57296187978247	58.39602813104071	
4434 COLUMBIA BOULEVARD	99801	-134.57455669663563	58.39603386816298	
4311 CONIFER LANE	99801	-134.56556671120836	58.39598025919849	
4451 WOOD DUCK AVENUE	99801	-134.57869202277408	58.396040997784745	
4425 MENDENHALL BOULEVARD	99801	-134.57235296575027	58.39607987903043	
4419 TEEL COURT	99801	-134.57324109144412	58.39595263085814	
4420 TEEL COURT	99801	-134.57345843972547	58.39597168621938	
4449 WOOD DUCK AVENUE	99801	-134.5784251638459	58.39597142918532	
4434 WOOD DUCK AVENUE	99801	-134.57616708758084	58.395946147099416	
4447 WOOD DUCK AVENUE	99801	-134.57819130273302	58.39593502401152	
4116 DOGWOOD LANE	99801	-134.56957854594475	58.395890616832375	
4413 TAKU BOULEVARD	99801	-134.5794103516079	58.3959026828651	
8402 DECOY BOULEVARD	99801	-134.5778307081982	58.395900894921375	
8130 POPLAR AVENUE	99801	-134.57069002875085	58.39583077384377	
4422 MENDENHALL BOULEVARD	99801	-134.57148252698607	58.39595562111662	
4188 TAKU BOULEVARD	99801	-134.56717478090687	58.39591635794824	
4423 MENDENHALL BOULEVARD	99801	-134.5723143103453	58.39599086679199	
4432 COLUMBIA BOULEVARD	99801	-134.574550289851	58.3959404659832	
4265 MARION DRIVE	99801	-134.5854794639905	58.395784232103686	
4415 TAKU BOULEVARD	99801	-134.57954648140773	58.39584331677686	
4191 TAKU BOULEVARD	99801	-134.56829872604092	58.39587474282105	
8236 POPLAR AVENUE	99801	-134.57570677825285	58.39571611294382	
8404 DECOY BOULEVARD	99801	-134.57791257167005	58.395789421770836	
8132 POPLAR AVENUE	99801	-134.5711182161209	58.39575461511431	
4474 JULEP STREET	99801	-134.58002369433441	58.39573536379894	
4449 TAKU BOULEVARD	99801	-134.5847133322072	58.39571322011274	
4447 TAKU BOULEVARD	99801	-134.58408947380192	58.395709384816215	
8238 POPLAR AVENUE	99801	-134.5759647258934	58.39571665714441	
4247 RIVERSIDE DRIVE	99801	-134.58361857423503	58.395678186944316	
4109 DOGWOOD LANE	99801	-134.56882836734255	58.395773691766834	
8127 POPLAR AVENUE	99801	-134.56992344691153	58.395740925845594	
4420 MENDENHALL BOULEVARD	99801	-134.57141304499376	58.395683952839995	
8401 DECOY BOULEVARD	99801	-134.57714022893487	58.39580684980115	
8406 DECOY BOULEVARD	99801	-134.57793965318095	58.39566421801304	
4431 TAKU BOULEVARD	99801	-134.582431604199	58.395700583922476	
4425 TAKU BOULEVARD	99801	-134.58160411838008	58.395669144070915	
8230 POPLAR AVENUE	99801	-134.57514569771288	58.39567730002822	
8224 POPLAR AVENUE	99801	-134.57451670813074	58.39569118610019	
8220 POPLAR AVENUE	99801	-134.57411585739308	58.39569642615258	
8216 POPLAR AVENUE	99801	-134.5737676200833	58.395702815804825	
8212 POPLAR AVENUE	99801	-134.57343724487464	58.39570770184257	
8208 POPLAR AVENUE	99801	-134.5730100249901	58.39569635600903	
4423 TAKU BOULEVARD	99801	-134.58103370344602	58.39569361193711	
8204 POPLAR AVENUE	99801	-134.57263354734275	58.39566878911606	
4421 MENDENHALL BOULEVARD	99801	-134.57228412785008	58.395714832001076	
4477 JULEP STREET	99801	-134.58078389094868	58.39562971016733	
8408 DECOY BOULEVARD	99801	-134.5780499303652	58.39554874403277	
4187 TAKU BOULEVARD	99801	-134.5680444534082	58.395687629021694	
4261 MARION DRIVE	99801	-134.58545148685928	58.3956165768213	
8403 DECOY BOULEVARD	99801	-134.57722874982127	58.39569103404406	
4435 WOOD DUCK AVENUE	99801	-134.5768134164446	58.395623031924096	
8412 DECOY BOULEVARD	99801	-134.57852939896156	58.39546504021328	
8414 DECOY BOULEVARD	99801	-134.5789204095536	58.39539536314265	
8416 DECOY BOULEVARD	99801	-134.57912525328618	58.39539609989152	
4472 JULEP STREET	99801	-134.58004731912808	58.39562862600033	
8129 POPLAR AVENUE	99801	-134.57018019080965	58.395600543097814	
8420 DECOY BOULEVARD	99801	-134.5794128516193	58.3953958960498	
4118 DOGWOOD LANE	99801	-134.56957407862282	58.395653172041285	
8422 DECOY BOULEVARD	99801	-134.57961751928207	58.39539340710971	
8405 DECOY BOULEVARD	99801	-134.57742065422048	58.39546967489544	
4113 DOGWOOD LANE	99801	-134.56876061730213	58.39554727901521	
4433 WOOD DUCK AVENUE	99801	-134.57671308810208	58.39555514077323	
4257 MARION DRIVE	99801	-134.5855219857445	58.39542132117233	
4246 RIVERSIDE DRIVE	99801	-134.58296842303972	58.39536821593797	
8424 DECOY BOULEVARD	99801	-134.57991445829757	58.39538709601933	
4235 PTARMIGAN STREET	99801	-134.58240187535299	58.39533303978433	
8131 POPLAR AVENUE	99801	-134.57043848070836	58.39541782385384	
4250 MARION DRIVE	99801	-134.58476686101832	58.39537854596353	
4236 PTARMIGAN STREET	99801	-134.58171154970154	58.39539018189129	
4470 JULEP STREET	99801	-134.58006400263955	58.39545693599105	
4245 RIVERSIDE DRIVE	99801	-134.58372636578093	58.39538680602738	
4475 JULEP STREET	99801	-134.58103193286658	58.39543543001722	
4102 ASPEN AVENUE	99801	-134.56710058814926	58.395369918229214	
4120 DOGWOOD LANE	99801	-134.56965690598696	58.39543458781774	
4128 TAKU BOULEVARD	99801	-134.56590747992485	58.395368588784955	
8133 POPLAR AVENUE	99801	-134.57079206389238	58.395360777828095	
4117 DOGWOOD LANE	99801	-134.5689185249594	58.395429047848744	
3057 WOOD DUCK AVENUE	99801	-134.57670455859846	58.395407538091774	
4473 JULEP STREET	99801	-134.58103514164878	58.39533904017834	
8237 POPLAR AVENUE	99801	-134.57597481307573	58.395324329183886	
8235 POPLAR AVENUE	99801	-134.5757944969437	58.39532621319333	
4253 MARION DRIVE	99801	-134.58548937779798	58.395231506052255	
4420 COLUMBIA BOULEVARD	99801	-134.57448156064694	58.39530277181554	
8221 POPLAR AVENUE	99801	-134.57411170717648	58.39530636518196	
8135 POPLAR AVENUE	99801	-134.57112423124005	58.395227773801615	
8219 POPLAR AVENUE	99801	-134.5737650670713	58.39528888182445	
4124 TAKU BOULEVARD	99801	-134.56563162616575	58.3952825537677	
8217 POPLAR AVENUE	99801	-134.57341367487822	58.39528988079298	
8213 POPLAR AVENUE	99801	-134.57308355389276	58.39526776978071	
8209 POPLAR AVENUE	99801	-134.57266441974414	58.39530138493515	
4415 MENDENHALL BOULEVARD	99801	-134.57225070962318	58.39527685983383	
4416 MENDENHALL BOULEVARD	99801	-134.57156062472023	58.395222294058456	
4243 RIVERSIDE DRIVE	99801	-134.58375981095728	58.39518497199491	
4124 DOGWOOD LANE	99801	-134.56980908868096	58.395267598892005	
4106 ASPEN AVENUE	99801	-134.56742519258054	58.395200754046165	
3055 WOOD DUCK AVENUE	99801	-134.57672432961957	58.395293776864115	
4234 PTARMIGAN STREET	99801	-134.58166236693972	58.395105325819365	
4121 DOGWOOD LANE	99801	-134.56902331703057	58.39521301285927	
4120 TAKU BOULEVARD	99801	-134.56530169921638	58.3951764021178	
4469 JULEP STREET	99801	-134.58076461759424	58.39516941213962	
4248 MARION DRIVE	99801	-134.58476787701292	58.395112691013814	
4243 RIVERSIDE DRIVE	99801	-134.58383109676666	58.39507480202679	
4111 ASPEN AVENUE	99801	-134.56652171737343	58.395037522176494	
4242 RIVERSIDE DRIVE	99801	-134.58312077282037	58.3949894969299	
8409 DECOY BOULEVARD	99801	-134.57736876483472	58.39511999594822	
4231 PTARMIGAN STREET	99801	-134.58240827405274	58.39501537616887	
4249 MARION DRIVE	99801	-134.585473798316	58.39503592720491	
4128 DOGWOOD LANE	99801	-134.56995541974914	58.39510770603194	
4110 ASPEN AVENUE	99801	-134.56755630618784	58.39506030418115	
4116 TAKU BOULEVARD	99801	-134.5649794277099	58.395077282986286	
8120 DOGWOOD LANE	99801	-134.57045575980283	58.39495795805288	
3053 WOOD DUCK AVENUE	99801	-134.5767311029168	58.39515241313577	
4419 COLUMBIA BOULEVARD	99801	-134.57509399787168	58.39514894591984	
3062 WOOD DUCK AVENUE	99801	-134.57598198342833	58.39512383319195	
8413 DECOY BOULEVARD	99801	-134.57764056180204	58.394982280002736	
4125 DOGWOOD LANE	99801	-134.56916916570347	58.39503420088825	
4467 JULEP STREET	99801	-134.5808211674397	58.39505987577995	
4416 COLUMBIA BOULEVARD	99801	-134.57445426443869	58.39504508416725	
8220 DOGWOOD LANE	99801	-134.5740353899032	58.39497772199229	
8216 DOGWOOD LANE	99801	-134.57375742689976	58.394981965056566	
8212 DOGWOOD LANE	99801	-134.57335472742926	58.39497841779272	
4241 RIVERSIDE DRIVE	99801	-134.58391189842982	58.394913736068894	
4412 MENDENHALL BOULEVARD	99801	-134.5715534813171	58.395003046200564	
8208 DOGWOOD LANE	99801	-134.5729640321459	58.39498950304993	
8128 DOGWOOD LANE	99801	-134.57117718962098	58.39495302295096	
8204 DOGWOOD LANE	99801	-134.57258954157194	58.394967358895244	
8124 DOGWOOD LANE	99801	-134.5708189899947	58.3949427888382	
4411 MENDENHALL BOULEVARD	99801	-134.57223029630666	58.395029593924306	
4129 TAKU BOULEVARD	99801	-134.56610434302445	58.39504582516034	
8429 DECOY BOULEVARD	99801	-134.57960563636752	58.395020798980866	
8425 DECOY BOULEVARD	99801	-134.5791395203295	58.395058087793494	
8421 DECOY BOULEVARD	99801	-134.5786903716706	58.395035278953465	
4468 JULEP STREET	99801	-134.58007464677732	58.39505703985825	
8417 DECOY BOULEVARD	99801	-134.5781929816843	58.39501913621753	
4112 TAKU BOULEVARD	99801	-134.56465203939956	58.3949887032092	
3045 WOOD DUCK AVENUE	99801	-134.5771837783615	58.394713356847994	
3051 WOOD DUCK AVENUE	99801	-134.57667747529098	58.39502159223007	
3060 WOOD DUCK AVENUE	99801	-134.57597911959922	58.395039837898025	
4116 ASPEN AVENUE	99801	-134.56771741723742	58.39487080300605	
4113 ASPEN AVENUE	99801	-134.56670996562943	58.39489259884954	
4232 PTARMIGAN STREET	99801	-134.58163355168037	58.39487672815507	
4465 JULEP STREET	99801	-134.5807670062146	58.39493164519055	
4245 MARION DRIVE	99801	-134.58546664862465	58.3948475957706	
4117 TAKU BOULEVARD	99801	-134.56579480244216	58.39495714314678	
4242 MARION DRIVE	99801	-134.58464552736956	58.3947369850445	
4466 JULEP STREET	99801	-134.58008666264257	58.39495377618605	
4127 DOGWOOD LANE	99801	-134.56944628788378	58.39487669284709	
4413 COLUMBIA BOULEVARD	99801	-134.5752177201408	58.39491617796561	
3049 WOOD DUCK AVENUE	99801	-134.57670194719597	58.39482274081205	
3043 WOOD DUCK AVENUE	99801	-134.57734259960543	58.39470892685363	
3047 WOOD DUCK AVENUE	99801	-134.5768410126901	58.39474437809163	
3058 WOOD DUCK AVENUE	99801	-134.57591261192883	58.39490460214029	
4113 TAKU BOULEVARD	99801	-134.56547694166372	58.39487816401256	
4117 ASPEN AVENUE	99801	-134.5669610492429	58.39472887218096	
4463 JULEP STREET	99801	-134.5807620636839	58.394817457789365	
3021 WOOD DUCK AVENUE	99801	-134.57989537269106	58.39473013621165	
3023 WOOD DUCK AVENUE	99801	-134.57961557892105	58.39472013083089	
3025 WOOD DUCK AVENUE	99801	-134.57942745103932	58.39473886108217	
3031 WOOD DUCK AVENUE	99801	-134.57882888559922	58.39471239693746	
3033 WOOD DUCK AVENUE	99801	-134.57866369170665	58.39471883478717	
3019 WOOD DUCK AVENUE	99801	-134.5800966725698	58.39471296516308	
3035 WOOD DUCK AVENUE	99801	-134.57827388036554	58.394713233034146	
3037 WOOD DUCK AVENUE	99801	-134.57810640924373	58.39472849791492	
3039 WOOD DUCK AVENUE	99801	-134.5778432864088	58.39474622494085	
3041 WOOD DUCK AVENUE	99801	-134.57763633433026	58.3947228759201	
4118 ASPEN AVENUE	99801	-134.56800870584973	58.39474313807099	
4239 RIVERSIDE DRIVE	99801	-134.58402765893058	58.39466233796728	
4240 RIVERSIDE DRIVE	99801	-134.5831962699318	58.39462936481312	
4223 PTARMIGAN STREET	99801	-134.58257764421305	58.394574529221956	
4133 DOGWOOD LANE	99801	-134.5696574898919	58.394724985933664	
4241 MARION DRIVE	99801	-134.58549376157654	58.39460548279592	
3056 WOOD DUCK AVENUE	99801	-134.57593256620623	58.394790478206055	
4109 TAKU BOULEVARD	99801	-134.56514038514754	58.39478631515032	
4407 COLUMBIA BOULEVARD	99801	-134.57513826774718	58.39471020689137	
4459 JULEP STREET	99801	-134.58077479640474	58.39462441789582	
4230 PTARMIGAN STREET	99801	-134.5816905767346	58.39462455489173	
4119 ASPEN AVENUE	99801	-134.5672255509918	58.39459342385168	
4101 BIRCH LANE	99801	-134.57008640399906	58.394633621101086	
4238 MARION DRIVE	99801	-134.5846822585832	58.39455830200595	
4122 ASPEN AVENUE	99801	-134.56813523984573	58.39460848823352	
8221 DOGWOOD LANE	99801	-134.57411662904593	58.3946373369375	
8217 DOGWOOD LANE	99801	-134.57373580804415	58.39463051821497	
8213 DOGWOOD LANE	99801	-134.57336283023312	58.394634532053054	
8209 DOGWOOD LANE	99801	-134.5729413577698	58.3946058330537	
8205 DOGWOOD LANE	99801	-134.57265385286144	58.39461291400353	
8201 DOGWOOD LANE	99801	-134.5722160229751	58.394612705920295	
8131 DOGWOOD LANE	99801	-134.57133593989798	58.39463519584745	
8127 DOGWOOD LANE	99801	-134.57088407293705	58.39467285509765	
4105 TAKU BOULEVARD	99801	-134.56484919175662	58.39467769890832	
3054 WOOD DUCK AVENUE	99801	-134.57581582384685	58.39460603595841	
4237 MARION DRIVE	99801	-134.58546974601578	58.394470307985586	
4237 RIVERSIDE DRIVE	99801	-134.5841011033916	58.39440269190393	
4101 TAKU BOULEVARD	99801	-134.56443100802557	58.39456702597742	
4403 COLUMBIA BOULEVARD	99801	-134.57518317003667	58.394508028142226	
3052 WOOD DUCK AVENUE	99801	-134.57583200520008	58.394565890933784	
4457 JULEP STREET	99801	-134.58080044240776	58.394430662773644	
4126 ASPEN AVENUE	99801	-134.56838469840687	58.39439165401093	
3046 WOOD DUCK AVENUE	99801	-134.57646567769982	58.39429007802213	
4324 MENDENHALL BOULEVARD	99801	-134.57147972963227	58.39447559011872	
4104 BIRCH LANE	99801	-134.57077593464146	58.39445109316041	
4228 PTARMIGAN STREET	99801	-134.58170452218107	58.39437948012332	
4133 ASPEN AVENUE	99801	-134.56773218194743	58.39411418822898	
4105 BIRCH LANE	99801	-134.5701044574413	58.39441360597856	
4452 JULEP STREET	99801	-134.58000949107148	58.39435342622901	
3016 WOOD DUCK AVENUE	99801	-134.57965929992594	58.394327918891356	
3018 WOOD DUCK AVENUE	99801	-134.57940185534193	58.394328421213906	
3020 WOOD DUCK AVENUE	99801	-134.57919411903416	58.394310748117654	
3022 WOOD DUCK AVENUE	99801	-134.57898450434914	58.39431589516069	
3024 WOOD DUCK AVENUE	99801	-134.57872124856357	58.39433713912212	
3030 WOOD DUCK AVENUE	99801	-134.57818429587385	58.3942999069822	
3034 WOOD DUCK AVENUE	99801	-134.5774443832187	58.39434003912781	
4402 COLUMBIA BOULEVARD	99801	-134.5744635503238	58.39434432887608	
8220 CEDAR DRIVE	99801	-134.57412642786903	58.39433375515412	
8216 CEDAR DRIVE	99801	-134.57368953582386	58.394308364085035	
8212 CEDAR DRIVE	99801	-134.57338256442327	58.39428753298105	
8208 CEDAR DRIVE	99801	-134.57296127880954	58.39428244901854	
8880 CEDAR COURT	99801	-134.57565767364446	58.39433168277955	
8204 CEDAR DRIVE	99801	-134.5726396271406	58.39426237209067	
4321 MENDENHALL BOULEVARD	99801	-134.57232615732727	58.39432640203724	
8545 E VALLEY COURT	99801	-134.5672990664197	58.39419400000497	
4401 COLUMBIA BOULEVARD	99801	-134.57511076133318	58.39432642793013	
4233 MARION DRIVE	99801	-134.5852888585552	58.394241147857024	
4222 PTARMIGAN STREET	99801	-134.5831529980845	58.39426340686764	
4226 PTARMIGAN STREET	99801	-134.58208927061727	58.394222838220166	
8524 E VALLEY COURT	99801	-134.56646417938117	58.39428483681914	
4453 JULEP STREET	99801	-134.5808513840709	58.39427871195956	
4224 PTARMIGAN STREET	99801	-134.58280070937283	58.39420578885704	
8504 E VALLEY COURT	99801	-134.5656566613144	58.394282587898886	
4128 ASPEN AVENUE	99801	-134.56846817884622	58.394257299894036	
8500 E VALLEY COURT	99801	-134.5651204452432	58.39426657004607	
8501 E VALLEY COURT	99801	-134.56461764380566	58.394186877071434	
4320 MENDENHALL BOULEVARD	99801	-134.57147868309497	58.39427324195531	
4108 BIRCH LANE	99801	-134.570784287177	58.394274480109345	
4229 MARION DRIVE	99801	-134.58501305600004	58.394078940206576	
8508 E VALLEY COURT	99801	-134.56594028100915	58.39411113378781	
4450 JULEP STREET	99801	-134.5800287473579	58.39423143798831	
4109 BIRCH LANE	99801	-134.57011093698944	58.39420121991821	
8520 E VALLEY COURT	99801	-134.56638801032992	58.394099958805576	
8882 CEDAR COURT	99801	-134.5766587993162	58.394047787970266	
4211 RIVERSIDE DRIVE	99801	-134.5843008716428	58.39395572603292	
8886 CEDAR COURT	99801	-134.57719433626107	58.39401457790755	
4449 JULEP STREET	99801	-134.58076955563337	58.394087856847115	
4448 JULEP STREET	99801	-134.5799732530329	58.39406922982239	
8920 SLEEPY COURT	99801	-134.5792573164127	58.394043581043945	
8916 SLEEPY COURT	99801	-134.57850508156685	58.39398390299025	
8914 SLEEPY COURT	99801	-134.57806760471843	58.39392994299797	
4316 MENDENHALL BOULEVARD	99801	-134.5715269684398	58.39406703502855	
4112 BIRCH LANE	99801	-134.57086226004532	58.39410798895597	
4134 ASPEN AVENUE	99801	-134.56865106415995	58.39399106315683	
8541 E VALLEY COURT	99801	-134.5672553840424	58.39402222580053	
4113 BIRCH LANE	99801	-134.57010218380532	58.394050945047844	
8512 E VALLEY COURT	99801	-134.56588796402534	58.3939078810361	
8871 CEDAR COURT	99801	-134.57577390037085	58.393867931063674	
4135 COLUMBIA BOULEVARD	99801	-134.57514640019545	58.393918493960996	
9045 LUPINE LANE	99801	-134.58354807085828	58.39378883508806	
8221 CEDAR DRIVE	99801	-134.57449281384248	58.3939520670897	
8217 CEDAR DRIVE	99801	-134.5738319493391	58.393907546778095	
8213 CEDAR DRIVE	99801	-134.57347798526942	58.39395108597312	
8209 CEDAR DRIVE	99801	-134.57309006128867	58.39395153416073	
4139 ASPEN AVENUE	99801	-134.56779245261478	58.39387946015072	
8205 CEDAR DRIVE	99801	-134.57273912274485	58.39397376699027	
8505 E VALLEY COURT	99801	-134.56481902992266	58.39394082708865	
8201 CEDAR DRIVE	99801	-134.572377929932	58.39395775417575	
9041 LUPINE LANE	99801	-134.58294720393442	58.393682940228565	
9037 LUPINE LANE	99801	-134.58244741724295	58.39379238906265	
9035 LUPINE LANE	99801	-134.58184694378116	58.393818384052395	
8516 E VALLEY COURT	99801	-134.56631078755484	58.39391659292808	
4445 JULEP STREET	99801	-134.5806603905634	58.393864082855174	
4444 JULEP STREET	99801	-134.5798556545791	58.393885885912056	
8890 CEDAR COURT	99801	-134.57736258442557	58.39369490909276	
4312 MENDENHALL BOULEVARD	99801	-134.57150308493132	58.39387778791782	
4116 BIRCH LANE	99801	-134.57086229597792	58.393903571932505	
8924 SLEEPY COURT	99801	-134.5792862861823	58.3937854261157	
8911 SLEEPY COURT	99801	-134.57779222437145	58.39377069187518	
8537 E VALLEY COURT	99801	-134.5673088221237	58.39379660402235	
4117 BIRCH LANE	99801	-134.57010340192085	58.39387292187028	
8509 E VALLEY COURT	99801	-134.56500205986518	58.39376029499743	
4138 ASPEN AVENUE	99801	-134.568563932069	58.39381192814841	
4133 COLUMBIA BOULEVARD	99801	-134.5751724459488	58.39367554884202	
4143 ASPEN AVENUE	99801	-134.5677861832724	58.393683562140666	
4130 COLUMBIA BOULEVARD	99801	-134.57440234900184	58.393733955818675	
8928 SLEEPY COURT	99801	-134.5798056812998	58.39372096394453	
8873 CEDAR COURT	99801	-134.57565470381414	58.39349769796178	
4309 MENDENHALL BOULEVARD	99801	-134.57217452799551	58.39369511718139	
4308 MENDENHALL BOULEVARD	99801	-134.5714936023152	58.39368618914263	
4441 JULEP STREET	99801	-134.5807029132157	58.39365765979702	
4120 BIRCH LANE	99801	-134.5708334259213	58.393701510962686	
8533 E VALLEY COURT	99801	-134.5672516227963	58.39352224077844	
8513 E VALLEY COURT	99801	-134.56522882788056	58.3935779701539	
4121 BIRCH LANE	99801	-134.57005342235337	58.39367408421737	
4142 ASPEN AVENUE	99801	-134.56859535513766	58.39360535413208	
4101 RIVERSIDE DRIVE	99801	-134.58419322382736	58.393386096218734	
8529 E VALLEY COURT	99801	-134.5668207961759	58.393545269985815	
8894 CEDAR COURT	99801	-134.5772410297912	58.393362364954776	
8517 E VALLEY COURT	99801	-134.56564954126745	58.393547116897835	
8525 E VALLEY COURT	99801	-134.56645397002796	58.39351046487999	
8915 SLEEPY COURT	99801	-134.57778190003387	58.393466938793814	
8521 E VALLEY COURT	99801	-134.5660161131922	58.39353663803654	
4147 ASPEN AVENUE	99801	-134.56778441628626	58.393492707102055	
4128 COLUMBIA BOULEVARD	99801	-134.57442956076838	58.3935447007998	
4129 COLUMBIA BOULEVARD	99801	-134.5752000978899	58.39345356689216	
4124 BIRCH LANE	99801	-134.5707582926276	58.39344913579794	
4304 MENDENHALL BOULEVARD	99801	-134.5714497923771	58.39346256090072	
9032 LUPINE LANE	99801	-134.58148101235523	58.39339077919506	
4437 JULEP STREET	99801	-134.58078284441135	58.393436303888166	
4305 MENDENHALL BOULEVARD	99801	-134.57215490609477	58.393478740129545	
8887 CEDAR COURT	99801	-134.57671612171282	58.39332723293757	
4125 BIRCH LANE	99801	-134.57006689169276	58.39346928286605	
4112 RIVERSIDE DRIVE	99801	-134.58337402676355	58.39328648901902	
8923 SLEEPY COURT	99801	-134.57869197067183	58.39334136804335	
4146 ASPEN AVENUE	99801	-134.56856286576874	58.393420320960324	
9042 LUPINE LANE	99801	-134.58275463388358	58.39335628089394	
8919 SLEEPY COURT	99801	-134.5781456548419	58.39328310495017	
9036 LUPINE LANE	99801	-134.5824821371287	58.39327644321104	
9034 LUPINE LANE	99801	-134.5819868770479	58.393314777147715	
8877 CEDAR COURT	99801	-134.57586381813755	58.39322628804298	
8927 SLEEPY COURT	99801	-134.57917206629224	58.3933485339899	
8881 CEDAR COURT	99801	-134.57630175761832	58.393245909831535	
8931 SLEEPY COURT	99801	-134.57988458661941	58.39334612682335	
4128 BIRCH LANE	99801	-134.5711651369248	58.393289689007005	
4151 ASPEN AVENUE	99801	-134.56778745528686	58.39331239022299	
4127 COLUMBIA BOULEVARD	99801	-134.5751890378321	58.393226213186566	
4433 JULEP STREET	99801	-134.58076851089268	58.39320406698276	
4129 BIRCH LANE	99801	-134.5701288188535	58.39326407497099	
4150 ASPEN AVENUE	99801	-134.5686069541846	58.393223459977314	
8204 BIRCH LANE	99801	-134.5720276282937	58.39317498594532	
4432 JULEP STREET	99801	-134.5799012889955	58.39314697312013	
8208 BIRCH LANE	99801	-134.57254263693767	58.39311765004621	
4155 ASPEN AVENUE	99801	-134.56776796543843	58.39309566102036	
4021 MENDENHALL LOOP ROAD	99801	-134.56612498720798	58.393015802032195	
8212 BIRCH LANE	99801	-134.5729443428715	58.39303965122878	
4133 BIRCH LANE	99801	-134.57036696672688	58.39308110021564	
8216 BIRCH LANE	99801	-134.57335038407487	58.39300196104463	
4125 COLUMBIA BOULEVARD	99801	-134.57511388567374	58.392974749851625	
8886 BIRCH LANE	99801	-134.57552181244088	58.39295731006369	
8890 BIRCH LANE	99801	-134.57626385589987	58.392951805956926	
8888 BIRCH LANE	99801	-134.5758825893337	58.39295302579624	
8924 BIRCH LANE	99801	-134.57939658492617	58.3930041191826	
8920 BIRCH LANE	99801	-134.5788677116841	58.39298134196959	
4154 ASPEN AVENUE	99801	-134.5685522180377	58.39302132401928	
8916 BIRCH LANE	99801	-134.57843177903968	58.392995031839064	
4429 JULEP STREET	99801	-134.58061560595323	58.39301319192902	
8912 BIRCH LANE	99801	-134.57788553597325	58.39300089186238	
8908 BIRCH LANE	99801	-134.5774734877356	58.392954262113484	
8904 BIRCH LANE	99801	-134.57705251563388	58.392976888217696	
8902 BIRCH LANE	99801	-134.5766302221104	58.3929566358801	
4137 BIRCH LANE	99801	-134.57068570875262	58.39300587478814	
8926 BIRCH LANE	99801	-134.57985223828604	58.39298250578292	
4159 ASPEN AVENUE	99801	-134.5677429787988	58.39293300507802	
8462 KIMBERLY STREET	99801	-134.56453326774596	58.392977222013705	
4008 DIANE ROAD	99801	-134.56477165187627	58.392770916171436	
4158 ASPEN AVENUE	99801	-134.56856780380784	58.39282481485035	
4425 JULEP STREET	99801	-134.58069391928305	58.39281221999685	
4220 MENDENHALL BOULEVARD	99801	-134.57063323456362	58.3927789131977	
8205 BIRCH LANE	99801	-134.571577972985	58.39278763195986	
8209 BIRCH LANE	99801	-134.57213844356886	58.392759576925634	
4163 ASPEN AVENUE	99801	-134.5678353336949	58.39275449980478	
8213 BIRCH LANE	99801	-134.5725656607584	58.392721239089674	
4017 MENDENHALL LOOP ROAD	99801	-134.56627983340675	58.39259321185586	
8217 BIRCH LANE	99801	-134.5729314313859	58.392709240234375	
8221 BIRCH LANE	99801	-134.57327096222397	58.39267639519504	
8923 BIRCH LANE	99801	-134.57980054113975	58.39258632588388	
8915 BIRCH LANE	99801	-134.5786662105827	58.39260556903194	
8225 BIRCH LANE	99801	-134.57363030899884	58.39257197013926	
4162 ASPEN AVENUE	99801	-134.56858485922186	58.39266109223239	
8891 BIRCH LANE	99801	-134.57613728417465	58.39257779915985	
8855 BIRCH LANE	99801	-134.57456492700024	58.392590266038546	
8851 BIRCH LANE	99801	-134.57416251139736	58.392578256780986	
4421 JULEP STREET	99801	-134.58068410788354	58.39261222383576	
4122 COLUMBIA BOULEVARD	99801	-134.57444632333159	58.39305429114456	
4384 TAKU BOULEVARD	99801	-134.57733618204105	58.397862477813355	
4509 ROSEDALE STREET	99801	-134.58011579410893	58.39925882291544	
4489 COLUMBIA BOULEVARD	99801	-134.5795955348121	58.399107545794465	
4507 ROSEDALE STREET	99801	-134.58043990806007	58.39894834018264	
9027 ROSEDALE STREET	99801	-134.58202980124716	58.39897594781725	
4418 CLOVERDALE STREET	99801	-134.58158799541738	58.39853858809369	
4489 RIVER ROAD	99801	-134.58766662455213	58.39879907594266	
4407 RIVERSIDE DRIVE	99801	-134.58356036879454	58.3986766050603	
4405 RIVERSIDE DRIVE	99801	-134.58354718691604	58.398627150007705	
8500 MENDENHALL LOOP ROAD	99801	-134.5697479682073	58.40007433896776	
8496 MENDENHALL LOOP ROAD	99801	-134.56811202558217	58.399171828188564	
8494 MENDENHALL LOOP ROAD	99801	-134.56739327274354	58.39908121013979	
4305 RIVERSIDE DRIVE	99801	-134.5835318679455	58.39631804496686	
8454 MENDENHALL LOOP ROAD	99801	-134.5651239819105	58.3985501217728	
8456 MENDENHALL LOOP ROAD	99801	-134.56539350075022	58.398573370819	
8494 MENDENHALL LOOP ROAD	99801	-134.56727027361822	58.3991047831594	
8494 MENDENHALL LOOP ROAD	99801	-134.5671274091487	58.399131639879236	
8494 MENDENHALL LOOP ROAD	99801	-134.5673796866232	58.399037425917165	
8494 MENDENHALL LOOP ROAD	99801	-134.56724642514405	58.39906324381575	
8494 MENDENHALL LOOP ROAD	99801	-134.56710511835325	58.39909200320407	
8496 MENDENHALL LOOP ROAD	99801	-134.56799006490928	58.39914991589949	
8496 MENDENHALL LOOP ROAD	99801	-134.56784266574422	58.39911788602154	
8496 MENDENHALL LOOP ROAD	99801	-134.56765935193408	58.3990845051574	
8496 MENDENHALL LOOP ROAD	99801	-134.5681521533259	58.39912644317265	
8496 MENDENHALL LOOP ROAD	99801	-134.56801602622102	58.39909497577973	
8496 MENDENHALL LOOP ROAD	99801	-134.56787681609808	58.399073118046076	
8496 MENDENHALL LOOP ROAD	99801	-134.5677026067133	58.39903919816812	
8839 GLENDALE STREET	99801	-134.57693662308077	58.399027105907315	
8839 GLENDALE STREET	99801	-134.57684137111792	58.39894091694968	
8839 GLENDALE STREET	99801	-134.57667677999493	58.39897464016199	
8824 GLENDALE STREET	99801	-134.5758021443017	58.39873647805156	
8824 GLENDALE STREET	99801	-134.57585190827353	58.39866013213235	
8824 GLENDALE STREET	99801	-134.57563631440195	58.39872135188619	
8824 GLENDALE STREET	99801	-134.5757686488197	58.39863900092495	
8824 GLENDALE STREET	99801	-134.57563383595007	58.39862365677302	
8824 GLENDALE STREET	99801	-134.57554271713587	58.39870029179446	
8824 GLENDALE STREET	99801	-134.57543768072296	58.398635885211114	
8823 GLENDALE STREET	99801	-134.57596302807752	58.398149082961936	
8823 GLENDALE STREET	99801	-134.57578768861217	58.39816659502769	
8823 GLENDALE STREET	99801	-134.57582835444674	58.39813916799005	
8829 GLENDALE STREET	99801	-134.57664728830417	58.398220294813186	
8829 GLENDALE STREET	99801	-134.5764940015807	58.39829193676534	
8829 GLENDALE STREET	99801	-134.57653260129018	58.39818309878363	
8829 GLENDALE STREET	99801	-134.57635932794994	58.39828202183365	
8829 GLENDALE STREET	99801	-134.57642894109625	58.398172966815295	
8829 GLENDALE STREET	99801	-134.57629633359065	58.39824446387941	
8829 GLENDALE STREET	99801	-134.57626380379756	58.39818497887447	
8817 GLENDALE STREET	99801	-134.57529323701516	58.39824061897298	
8817 GLENDALE STREET	99801	-134.57509529324233	58.39818229007157	
8817 GLENDALE STREET	99801	-134.57526015655483	58.39815942394092	
8811 GLENDALE STREET	99801	-134.5746497549125	58.398554532926276	
8811 GLENDALE STREET	99801	-134.57463735456835	58.39847319410471	
8811 GLENDALE STREET	99801	-134.57465665666885	58.3984187740235	
8811 GLENDALE STREET	99801	-134.57450501655734	58.398555544041095	
8811 GLENDALE STREET	99801	-134.5745035046927	58.398495842086284	
8811 GLENDALE STREET	99801	-134.57450226771255	58.39844699495716	
8811 GLENDALE STREET	99801	-134.5744900039123	58.398371081949946	
4488 CHELSEA COURT	99801	-134.5745824441483	58.39916298579477	
4486 CHELSEA COURT	99801	-134.57455984433238	58.39908714587836	
4494 CHELSEA COURT	99801	-134.5747008447977	58.39934672590426	
4492 CHELSEA COURT	99801	-134.57462641129155	58.39926581914354	
4508 CHELSEA COURT	99801	-134.5745727755809	58.39955504980271	
4510 CHELSEA COURT	99801	-134.5745747922987	58.39962692016058	
4512 CHELSEA COURT	99801	-134.57456371068136	58.39969105992424	
4502 CHELSEA COURT	99801	-134.57476837115757	58.39944888418686	
4503 CHELSEA COURT	99801	-134.57553954608292	58.399231875915284	
4507 CHELSEA COURT	99801	-134.57584911181803	58.39936150582717	
4511 CHELSEA COURT	99801	-134.57605318479608	58.39951709921977	
4515 CHELSEA COURT	99801	-134.57597267059379	58.399726613944544	
4519 CHELSEA COURT	99801	-134.57600812260648	58.39996807089014	
4525 CHELSEA COURT	99801	-134.57583027504484	58.40023626815007	
4529 CHELSEA COURT	99801	-134.5752805321421	58.400263026102024	
4526 CHELSEA COURT	99801	-134.5746630140461	58.40015748912345	
4524 CHELSEA COURT	99801	-134.57455753835703	58.40007225610446	
4520 CHELSEA COURT	99801	-134.57461444573195	58.39987264521221	
8713 NORTH LOOP WAY	99801	-134.5732836410459	58.398194714015126	
8709 NORTH LOOP WAY	99801	-134.572684418039	58.39816933184617	
8705 NORTH LOOP WAY	99801	-134.57201547408792	58.398173140043546	
4396 TAKU BOULEVARD	99801	-134.57846711876294	58.397800190826345	
4390 TAKU BOULEVARD	99801	-134.57804671259984	58.3978661382337	
4386 TAKU BOULEVARD	99801	-134.57752947972725	58.39785334088286	
4382 TAKU BOULEVARD	99801	-134.57710312312375	58.397861885160374	
4378 TAKU BOULEVARD	99801	-134.57661910905202	58.3978674449886	
4374 TAKU BOULEVARD	99801	-134.5761556178913	58.39786634300257	
4370 TAKU BOULEVARD	99801	-134.57572263800918	58.39785469706524	
4366 TAKU BOULEVARD	99801	-134.57524161622567	58.3978632521693	
4362 TAKU BOULEVARD	99801	-134.57478111735315	58.39786140877847	
4355 TAKU BOULEVARD	99801	-134.5744865849243	58.397484792979306	
4351 TAKU BOULEVARD	99801	-134.57398558820213	58.397473081954026	
4358 TAKU BOULEVARD	99801	-134.57432332420623	58.397900867017576	
4354 TAKU BOULEVARD	99801	-134.57381719540888	58.3978500881162	
4347 TAKU BOULEVARD	99801	-134.57346798612195	58.397459312856284	
4350 TAKU BOULEVARD	99801	-134.57332556362357	58.39788175809406	
4344 TAKU BOULEVARD	99801	-134.57289015469692	58.397845689113616	
4329 TAKU BOULEVARD	99801	-134.57154608818232	58.39738580084711	
4338 TAKU BOULEVARD	99801	-134.57222867394927	58.39786984808061	
4330 TAKU BOULEVARD	99801	-134.5714346872056	58.39789058103847	
4326 TAKU BOULEVARD	99801	-134.57093678158634	58.39783756001907	
4318 TAKU BOULEVARD	99801	-134.5702088282026	58.39785131013971	
4312 TAKU BOULEVARD	99801	-134.56951914933816	58.39790606484632	
4310 TAKU BOULEVARD	99801	-134.5692464684286	58.397923164200584	
4302 TAKU COURT	99801	-134.5682238873946	58.39790418803575	
4216 TAKU BOULEVARD	99801	-134.5684540007361	58.397346449830955	
4130 ASPEN AVENUE	99801	-134.56857828624894	58.39417766904172	
8134 POPLAR AVENUE	99801	-134.5710339227062	58.39569881997734	
4429 MENDENHALL BOULEVARD	99801	-134.57226465596796	58.396351157767654	
8114 SNIPE COURT	99801	-134.57020939683616	58.396576006231705	
4444 MENDENHALL BOULEVARD	99801	-134.57355349495722	58.39709665877679	
4448 MENDENHALL BOULEVARD	99801	-134.57402101236707	58.39708169996321	
4510 ROSEDALE STREET	99801	-134.5807580383331	58.39947427720227	
4420 CLOVERDALE STREET	99801	-134.58132798075331	58.39876086376633	
4404 CLOVERDALE STREET	99801	-134.58150083188534	58.39763268305682	
4402 RIVERSIDE DRIVE	99801	-134.58272678880473	58.39752343208571	
4409 RIVERSIDE DRIVE	99801	-134.58434931509115	58.39868361599635	
4531 WOOD DUCK AVENUE	99801	-134.5805980411945	58.39785405922176	
4451 COLUMBIA BOULEVARD	99801	-134.5772238504097	58.396554075852784	
4447 COLUMBIA BOULEVARD	99801	-134.5768096255541	58.39645078879106	
4442 COLUMBIA BOULEVARD	99801	-134.57605362586887	58.39673175314395	
4443 COLUMBIA BOULEVARD	99801	-134.5763735779253	58.39637297482133	
4457 COLUMBIA BOULEVARD	99801	-134.57773754122516	58.39659867002546	
4461 COLUMBIA BOULEVARD	99801	-134.57825768823253	58.39667956501938	
4465 COLUMBIA BOULEVARD	99801	-134.57867927657853	58.39673909587349	
4435 COLUMBIA BOULEVARD	99801	-134.5753029424135	58.39602583515589	
4421 COLUMBIA BOULEVARD	99801	-134.57515329296862	58.395325639799175	
8232 POPLAR AVENUE	99801	-134.5753629184334	58.395678020765246	
4399 COLUMBIA BOULEVARD	99801	-134.57529003272455	58.394281982003854	
4124 COLUMBIA BOULEVARD	99801	-134.57442851872267	58.39337090984999	
8222 BIRCH LANE	99801	-134.5738631100997	58.393012368974375	
8220 BIRCH LANE	99801	-134.57364695208614	58.39300206885737	
8909 BIRCH LANE	99801	-134.57796366425015	58.392628346016856	
8919 BIRCH LANE	99801	-134.579279267645	58.3926133608255	
4442 WOOD DUCK AVENUE	99801	-134.57698497130767	58.396135679213394	
3050 WOOD DUCK AVENUE	99801	-134.57595360115695	58.39429817498008	
3048 WOOD DUCK AVENUE	99801	-134.57615741991174	58.39429368985222	
3044 WOOD DUCK AVENUE	99801	-134.57662976217298	58.39430874118025	
3042 WOOD DUCK AVENUE	99801	-134.5769209663437	58.394303644038914	
3040 WOOD DUCK AVENUE	99801	-134.57709651062493	58.394333007084356	
3026 WOOD DUCK AVENUE	99801	-134.57853622166618	58.394353510969395	
8427 DECOY BOULEVARD	99801	-134.57940491141053	58.39506021897167	
8423 DECOY BOULEVARD	99801	-134.57901435177277	58.39505378212586	
8419 DECOY BOULEVARD	99801	-134.57849523782795	58.39503295005002	
8415 DECOY BOULEVARD	99801	-134.57799422313948	58.395036462000576	
8411 DECOY BOULEVARD	99801	-134.57749724727654	58.39496958187937	
8407 DECOY BOULEVARD	99801	-134.5772877556607	58.39520966899066	
4433 TAKU BOULEVARD	99801	-134.5827599528084	58.395697420872715	
4310 MARION DRIVE	99801	-134.58466971540687	58.3967634740258	
9126 FIREWEED LANE	99801	-134.58417304137785	58.39642522977583	
9093 FIREWEED LANE	99801	-134.58134289188874	58.396723559770756	
4300 RIVERSIDE DRIVE	99801	-134.58282226804133	58.39606526014278	
4244 MARION DRIVE	99801	-134.58470184455132	58.39489190587208	
4220 PTARMIGAN STREET	99801	-134.58338478588573	58.39422614216592	
4224 PTARMIGAN STREET	99801	-134.58255102533454	58.394209515095746	
4225 PTARMIGAN STREET	99801	-134.58236819481803	58.394675393990795	
4215 RIVERSIDE DRIVE	99801	-134.58435602999788	58.39384675790833	
4103 RIVERSIDE DRIVE	99801	-134.58429533891893	58.393522158860804	
9043 LUPINE LANE	99801	-134.5833081551004	58.393795854058034	
9040 LUPINE LANE	99801	-134.58294852176294	58.39335979112834	
9039 LUPINE LANE	99801	-134.5828383362068	58.393683248124475	
4110 RIVERSIDE DRIVE	99801	-134.5833388936528	58.39318352711961	
8918 MENDENHALL LOOP ROAD	99801	-134.57671789678383	58.40022505509973	
8914 MENDENHALL LOOP ROAD	99801	-134.57662360422168	58.39968104277153	
8914 MENDENHALL LOOP ROAD	99801	-134.5765438248413	58.399742361954495	
8914 MENDENHALL LOOP ROAD	99801	-134.57651751228832	58.39969163795448	
8914 MENDENHALL LOOP ROAD	99801	-134.57647222192665	58.39975600118653	
8914 MENDENHALL LOOP ROAD	99801	-134.57643652467388	58.399705342163905	
8914 MENDENHALL LOOP ROAD	99801	-134.57637238586094	58.399766553041864	
8914 MENDENHALL LOOP ROAD	99801	-134.5763398587628	58.39971751421247	
8918 MENDENHALL LOOP ROAD	99801	-134.57639577260102	58.400195005971135	
8918 MENDENHALL LOOP ROAD	99801	-134.57636541223937	58.400231346025265	
8918 MENDENHALL LOOP ROAD	99801	-134.5764681274056	58.400210920870954	
8918 MENDENHALL LOOP ROAD	99801	-134.57644410555656	58.40025050309875	
8918 MENDENHALL LOOP ROAD	99801	-134.57663423218983	58.40022289599168	
8918 MENDENHALL LOOP ROAD	99801	-134.57659828161218	58.40028555196357	
8918 MENDENHALL LOOP ROAD	99801	-134.57668606767666	58.40029314907262	
8922 MENDENHALL LOOP ROAD	99801	-134.5772260018748	58.40024338892003	
8922 MENDENHALL LOOP ROAD	99801	-134.57715322755703	58.400211054079556	
8922 MENDENHALL LOOP ROAD	99801	-134.57727533555357	58.400215126119974	
8922 MENDENHALL LOOP ROAD	99801	-134.5772055661004	58.40017784323267	
8922 MENDENHALL LOOP ROAD	99801	-134.57735257000675	58.40017681286562	
8922 MENDENHALL LOOP ROAD	99801	-134.57728584404578	58.400136225134084	
8922 MENDENHALL LOOP ROAD	99801	-134.5774143309792	58.40014517978164	
8922 MENDENHALL LOOP ROAD	99801	-134.5773319249249	58.40010305893347	
4395 RIVERSIDE DRIVE	99801	-134.58400931623083	58.39733818598962	
4133 COLUMBIA BOULEVARD	99801	-134.57517789692594	58.39373072103266	
4429 JULEP STREET	99801	-134.58061502384493	58.392933280024586	
4508 ROSEDALE STREET	99801	-134.58128942685795	58.399409299176035	
4501 RIVERSIDE DRIVE	99801	-134.58304422018847	58.3996690820587	
4406 COLUMBIA BOULEVARD	99801	-134.5744796957444	58.39462999000402	
8453 VALLEY AVENUE	99801	-134.56471498075825	58.39903900093752	
8447 VALLEY AVENUE	99801	-134.5644276878523	58.399007404019166	
8138 SNIPE COURT	99801	-134.57132304278548	58.396660182870114	
4322 CONE PLACE	99801	-134.56669956224013	58.39734676522674	
8908 MENDENHALL LOOP ROAD	99801	-134.57709093568025	58.399727913099156	
8913 SLEEPY COURT	99801	-134.57775571324504	58.39366370096401	
4114 ASPEN AVENUE	99801	-134.56763101278182	58.39494083984176	
8230 BIRCH LANE	99801	-134.57349925108713	58.39352666009372	
4417 COLUMBIA BOULEVARD	99801	-134.57512469330493	58.39506093077667	
8122 SNIPE COURT	99801	-134.57016936970373	58.39713618707104	
4451 MENDENHALL BOULEVARD	99801	-134.57496340438894	58.39643736388463	
4311 CONIFER LANE	99801	-134.56545685982553	58.39600941183108	
4021 MENDENHALL LOOP ROAD	99801	-134.5663191670398	58.393070258231276	
8494 MENDENHALL LOOP ROAD	99801	-134.56698436411781	58.39915953591905	
8494 MENDENHALL LOOP ROAD	99801	-134.5669704770618	58.3991197740647	
8490 MENDENHALL LOOP ROAD	99801	-134.56755392475404	58.39927497500723	
9578 WHITEWATER COURT	99801	-134.5864493992573	58.400663081114494	
4401 RIVERSIDE DRIVE	99801	-134.5837876416631	58.39805908882628	
4401 RIVERSIDE DRIVE	99801	-134.583786934689	58.397990087204036	
4401 RIVERSIDE DRIVE	99801	-134.58369190371167	58.39805935008166	
4401 RIVERSIDE DRIVE	99801	-134.58369077273275	58.39799122119595	
4401 RIVERSIDE DRIVE	99801	-134.58359820583428	58.398060595163706	
4401 RIVERSIDE DRIVE	99801	-134.58359716828014	58.39799141184215	
4401 RIVERSIDE DRIVE	99801	-134.58378417955598	58.39784484979615	
4401 RIVERSIDE DRIVE	99801	-134.5837834752768	58.39777584822528	
4401 RIVERSIDE DRIVE	99801	-134.5836884434012	58.397845111053094	
4401 RIVERSIDE DRIVE	99801	-134.58368731332058	58.3977769808119	
4401 RIVERSIDE DRIVE	99801	-134.58359474732046	58.39784635520128	
4401 RIVERSIDE DRIVE	99801	-134.58359370707134	58.39777717287145	
4401 RIVERSIDE DRIVE	99801	-134.5851840979251	58.39783496910219	
4401 RIVERSIDE DRIVE	99801	-134.585183388256	58.39776596704129	
4401 RIVERSIDE DRIVE	99801	-134.58508836087202	58.39783523083	
4401 RIVERSIDE DRIVE	99801	-134.58508722899472	58.3977671010404	
4401 RIVERSIDE DRIVE	99801	-134.5849946629946	58.39783647686145	
4401 RIVERSIDE DRIVE	99801	-134.58499362274551	58.39776729404149	
4401 RIVERSIDE DRIVE	99801	-134.58517132478008	58.39804614091169	
4401 RIVERSIDE DRIVE	99801	-134.58517061690762	58.397977138793394	
4401 RIVERSIDE DRIVE	99801	-134.58507558682865	58.39804640310863	
4401 RIVERSIDE DRIVE	99801	-134.5850744549514	58.397978272785714	
4401 RIVERSIDE DRIVE	99801	-134.5849818907479	58.398047648191145	
4401 RIVERSIDE DRIVE	99801	-134.58498084870214	58.39797846578564	
4401 RIVERSIDE DRIVE	99801	-134.5850910109021	58.39830233983841	
4401 RIVERSIDE DRIVE	99801	-134.58509030302963	58.3982333382216	
4401 RIVERSIDE DRIVE	99801	-134.58499527205237	58.398302601092006	
4401 RIVERSIDE DRIVE	99801	-134.58499414107342	58.39823447220569	
4401 RIVERSIDE DRIVE	99801	-134.58490157507327	58.39830384616547	
4401 RIVERSIDE DRIVE	99801	-134.58490053302756	58.39823466379201	
4401 RIVERSIDE DRIVE	99801	-134.585081707949	58.398491212038486	
4401 RIVERSIDE DRIVE	99801	-134.58508100007654	58.39842220984997	
4401 RIVERSIDE DRIVE	99801	-134.58498596820095	58.39849147423216	
4401 RIVERSIDE DRIVE	99801	-134.58498483722204	58.398423343827936	
4401 RIVERSIDE DRIVE	99801	-134.5848922712219	58.398492718828216	
4401 RIVERSIDE DRIVE	99801	-134.58489122917615	58.398423535884	
4401 RIVERSIDE DRIVE	99801	-134.58378995213	58.39830727917876	
4401 RIVERSIDE DRIVE	99801	-134.58378924605418	58.39823827710089	
4401 RIVERSIDE DRIVE	99801	-134.58369421328027	58.398307539961586	
4401 RIVERSIDE DRIVE	99801	-134.58369308409794	58.39823941108481	
4401 RIVERSIDE DRIVE	99801	-134.5836005163012	58.39830878409344	
4401 RIVERSIDE DRIVE	99801	-134.58359947605211	58.39823960220041	
4401 RIVERSIDE DRIVE	99801	-134.58378845014684	58.39848548896716	
4401 RIVERSIDE DRIVE	99801	-134.58378774496936	58.39841648676743	
4401 RIVERSIDE DRIVE	99801	-134.58369271129712	58.39848575021941	
4401 RIVERSIDE DRIVE	99801	-134.5836915821148	58.39841761980415	
4401 RIVERSIDE DRIVE	99801	-134.58359901431805	58.3984869948157	
4401 RIVERSIDE DRIVE	99801	-134.58359797406894	58.39841781186023	
4401 RIVERSIDE DRIVE	99801	-134.5843490797325	58.397755464955694	
4401 RIVERSIDE DRIVE	99801	-134.58435304938777	58.397845825155585	
4401 RIVERSIDE DRIVE	99801	-134.58435163723615	58.39780277703843	
9500 MORAINE WAY	99801	-134.58830740362407	58.40587283798292	
5230 TERRACE PLACE	99801	-134.58657298677912	58.4062041440369	
9365 VIEW DRIVE	99801	-134.5839347955881	58.40622976090774	
9355 VIEW DRIVE	99801	-134.5827760685846	58.4062435679943	
9345 VIEW DRIVE	99801	-134.58182406638582	58.40597529690543	
9335 VIEW DRIVE	99801	-134.58069392557127	58.40623433205264	
9325 VIEW DRIVE	99801	-134.5800076414403	58.40595212004064	
9315 VIEW DRIVE	99801	-134.5793183245969	58.40588065414069	
9305 VIEW DRIVE	99801	-134.57857265284252	58.40557741814009	
9350 VIEW DRIVE	99801	-134.58134014394227	58.405229079104714	
9360 VIEW DRIVE	99801	-134.58192514033001	58.405558096888036	
9370 VIEW DRIVE	99801	-134.58291409472798	58.40534063394593	
9340 VIEW DRIVE	99801	-134.5805805447077	58.405152049765654	
9301 VIEW DRIVE	99801	-134.57793142461293	58.405254451013214	
9380 MENDENHALL LOOP ROAD	99801	-134.58481703731684	58.40497111997741	
9324 VIEW DRIVE	99801	-134.58016654802418	58.40502340219086	
9310 VIEW DRIVE	99801	-134.57940689219572	58.40486285609074	
9300 VIEW DRIVE	99801	-134.57842305639826	58.40475219395522	
9465 MENDENHALL LOOP ROAD	99801	-134.58683009269828	58.404648336963014	
9485 MENDENHALL LOOP ROAD	99801	-134.5874720476649	58.404647183888954	
9505 MENDENHALL LOOP ROAD	99801	-134.58835017421137	58.40440162013791	
4801 RIVER ROAD	99801	-134.58771521981572	58.403915698094174	
5050 TAMARACK COURT	99801	-134.58593999879562	58.404144943120684	
5040 TAMARACK COURT	99801	-134.5863991888228	58.40407027878253	
5030 TAMARACK COURT	99801	-134.5866691397522	58.403748052773366	
4789 RIVER ROAD	99801	-134.58704898428525	58.403161990804776	
4777 RIVER ROAD	99801	-134.58702130269975	58.40281359212375	
9001 MENDENHALL LOOP ROAD	99801	-134.5836931038609	58.40157586497721	
4638 RIVER ROAD	99801	-134.5889129031598	58.401929879795226	
4634 RIVER ROAD	99801	-134.5892354306862	58.40141964101057	
4621 RIVER ROAD	99801	-134.58789153844472	58.40131723709274	
4630 RIVER ROAD	99801	-134.58916213265056	58.40132320822699	
9227 BLACK WOLF WAY	99801	-134.58862106477855	58.4078363549931	
9232 BLACK WOLF WAY	99801	-134.58816447717078	58.40790088312146	
9224 BLACK WOLF WAY	99801	-134.58817868672193	58.40821105499294	
9216 BLACK WOLF WAY	99801	-134.58834989124205	58.40847331702197	
9208 BLACK WOLF WAY	99801	-134.58834067183227	58.40868725898382	
9200 BLACK WOLF WAY	99801	-134.5883401966235	58.40897453611289	
9192 BLACK WOLF WAY	99801	-134.5883908966398	58.409251487765964	
9176 BLACK WOLF WAY	99801	-134.58852807297694	58.4096824577971	
9168 BLACK WOLF WAY	99801	-134.5889680956509	58.409866614113845	
9219 BLACK WOLF WAY	99801	-134.58910528995435	58.40814813310529	
9184 BLACK WOLF WAY	99801	-134.58812212160512	58.409511127993184	
4787 RIVER ROAD	99801	-134.58708273219383	58.40305458502845	
9217 BLACK WOLF WAY	99801	-134.58923387480414	58.40822855782448	
4775 RIVER ROAD	99801	-134.587076834754	58.40268194303029	
5036 POND VISTA DRIVE	99801	-134.58858662516718	58.40712708886599	
5036 POND VISTA DRIVE	99801	-134.58875765361748	58.40697823810206	
9499 MORAINE WAY	99801	-134.58805096066158	58.4054815840801	
9499 MORAINE WAY	99801	-134.5883757896717	58.4053447331611	
9476 TERRACE PLACE	99801	-134.5862965913359	58.40591703492483	
9490 MORAINE WAY	99801	-134.58744069196993	58.405923583207816	
9393 VIEW DRIVE	99801	-134.5856602607212	58.4057085321381	
9495 MORAINE WAY	99801	-134.58740992467148	58.40550070112016	
9491 MORAINE WAY	99801	-134.58652072818577	58.4053307289976	
5110 VIEW DRIVE	99801	-134.5854007473171	58.40530721708838	
9493 MORAINE WAY	99801	-134.58727589692938	58.40541694986499	
4625 RIVER ROAD	99801	-134.58787631559392	58.40165041410513	
4631 RIVER ROAD	99801	-134.5869194660859	58.401725235129334	
4637 RIVER ROAD	99801	-134.5877737288868	58.40194130222592	
4643 RIVER ROAD	99801	-134.58793772442675	58.40232659293469	
4649 RIVER ROAD	99801	-134.58726793605933	58.40224640890967	
4801 RIVER ROAD	99801	-134.58779450063108	58.403986404111855	
9360 VIEW DRIVE	99801	-134.58205971155286	58.405558321849355	
9374 VIEW DRIVE	99801	-134.58376053859266	58.40546232301642	
5020 TAMARACK COURT	99801	-134.58685364113515	58.403392898866414	
5010 TAMARACK COURT	99801	-134.58775001426162	58.403521932213856	
8999 MENDENHALL LOOP ROAD	99801	-134.5818635976482	58.40133003883432	
8476 THUNDER MOUNTAIN ROAD	99801	-134.55904405291352	58.39286561721077	
8476 THUNDER MOUNTAIN ROAD	99801	-134.55877145195404	58.392802035167534	
8476 THUNDER MOUNTAIN ROAD	99801	-134.55857124981657	58.392806926786086	
8476 THUNDER MOUNTAIN ROAD	99801	-134.55848120089584	58.39310663999869	
8476 THUNDER MOUNTAIN ROAD	99801	-134.55828882757606	58.39278243808441	
8476 THUNDER MOUNTAIN ROAD	99801	-134.5582262275772	58.39313391794299	
8476 THUNDER MOUNTAIN ROAD	99801	-134.55805447957633	58.39281627405998	
8476 THUNDER MOUNTAIN ROAD	99801	-134.5580022811701	58.39315342114239	
8476 THUNDER MOUNTAIN ROAD	99801	-134.55792859596062	58.39332078918428	
8476 THUNDER MOUNTAIN ROAD	99801	-134.55781981267464	58.39277651917468	
8476 THUNDER MOUNTAIN ROAD	99801	-134.55775100711378	58.3931686951728	
8476 THUNDER MOUNTAIN ROAD	99801	-134.5573734407083	58.39335185402458	
8476 THUNDER MOUNTAIN ROAD	99801	-134.55747061416753	58.39276825802845	
8476 THUNDER MOUNTAIN ROAD	99801	-134.55732815932976	58.39305220786649	
8476 THUNDER MOUNTAIN ROAD	99801	-134.5571387836881	58.393348554234045	
8476 THUNDER MOUNTAIN ROAD	99801	-134.5573224828755	58.39366075288218	
8476 THUNDER MOUNTAIN ROAD	99801	-134.55797394471278	58.39341978284457	
8476 THUNDER MOUNTAIN ROAD	99801	-134.5572317233874	58.392771990068695	
8476 THUNDER MOUNTAIN ROAD	99801	-134.55713689273443	58.39305674305681	
8476 THUNDER MOUNTAIN ROAD	99801	-134.5569697566842	58.39333714879208	
8476 THUNDER MOUNTAIN ROAD	99801	-134.55708559264346	58.39366584493781	
8476 THUNDER MOUNTAIN ROAD	99801	-134.55736182998325	58.39394188117731	
8476 THUNDER MOUNTAIN ROAD	99801	-134.55748186017655	58.394245663121616	
8476 THUNDER MOUNTAIN ROAD	99801	-134.55700572882145	58.39277357478504	
8476 THUNDER MOUNTAIN ROAD	99801	-134.5569218468352	58.39304571321679	
8476 THUNDER MOUNTAIN ROAD	99801	-134.55673987870134	58.39333575900957	
8476 THUNDER MOUNTAIN ROAD	99801	-134.55690265343083	58.39365132909354	
8476 THUNDER MOUNTAIN ROAD	99801	-134.55714131424224	58.39394034217963	
8476 THUNDER MOUNTAIN ROAD	99801	-134.55727231196687	58.394226668970596	
8476 THUNDER MOUNTAIN ROAD	99801	-134.5567900837459	58.39278313581136	
8476 THUNDER MOUNTAIN ROAD	99801	-134.55671804065676	58.39306820320195	
8476 THUNDER MOUNTAIN ROAD	99801	-134.5564881159615	58.39334572900293	
8476 THUNDER MOUNTAIN ROAD	99801	-134.5567060616225	58.393652945784055	
8476 THUNDER MOUNTAIN ROAD	99801	-134.55694897056688	58.39396519305242	
8476 THUNDER MOUNTAIN ROAD	99801	-134.55706232717594	58.3942301649949	
8476 THUNDER MOUNTAIN ROAD	99801	-134.55657697371612	58.39276971704108	
8476 THUNDER MOUNTAIN ROAD	99801	-134.55651114068056	58.39308115294489	
8476 THUNDER MOUNTAIN ROAD	99801	-134.55621446936303	58.39334471491391	
8476 THUNDER MOUNTAIN ROAD	99801	-134.55644595533028	58.39367196802069	
8476 THUNDER MOUNTAIN ROAD	99801	-134.55667942926922	58.393982032091074	
8476 THUNDER MOUNTAIN ROAD	99801	-134.55687795874366	58.394232032114644	
8476 THUNDER MOUNTAIN ROAD	99801	-134.55639034242765	58.392802655212016	
8476 THUNDER MOUNTAIN ROAD	99801	-134.55624392242623	58.393079774922214	
8476 THUNDER MOUNTAIN ROAD	99801	-134.5560078586443	58.39333904185277	
8476 THUNDER MOUNTAIN ROAD	99801	-134.55619195039546	58.393661640790604	
8476 THUNDER MOUNTAIN ROAD	99801	-134.55648017485439	58.39396165886827	
8476 THUNDER MOUNTAIN ROAD	99801	-134.5566274419671	58.394214488905845	
8476 THUNDER MOUNTAIN ROAD	99801	-134.55615081833525	58.39279828006122	
8476 THUNDER MOUNTAIN ROAD	99801	-134.55600994273576	58.393074781178555	
8476 THUNDER MOUNTAIN ROAD	99801	-134.55578770582267	58.39334948593409	
8476 THUNDER MOUNTAIN ROAD	99801	-134.55595593602087	58.39365639619868	
8476 THUNDER MOUNTAIN ROAD	99801	-134.55623931317052	58.39390927503309	
8476 THUNDER MOUNTAIN ROAD	99801	-134.55641118244392	58.394234395908825	
8476 THUNDER MOUNTAIN ROAD	99801	-134.55590470599853	58.392768894080746	
8476 THUNDER MOUNTAIN ROAD	99801	-134.55581040086	58.3930790950914	
8476 THUNDER MOUNTAIN ROAD	99801	-134.55560271126464	58.39333185283535	
8476 THUNDER MOUNTAIN ROAD	99801	-134.55576975658497	58.393657744068285	
8476 THUNDER MOUNTAIN ROAD	99801	-134.55600006216594	58.39392227907831	
8476 THUNDER MOUNTAIN ROAD	99801	-134.5561422879333	58.39420216618996	
8476 THUNDER MOUNTAIN ROAD	99801	-134.5557201534116	58.39276108301873	
8476 THUNDER MOUNTAIN ROAD	99801	-134.55558488329953	58.39303505577418	
8476 THUNDER MOUNTAIN ROAD	99801	-134.5553860591777	58.39333322802344	
8476 THUNDER MOUNTAIN ROAD	99801	-134.55549770000454	58.39365867481861	
8476 THUNDER MOUNTAIN ROAD	99801	-134.55582202775474	58.3939532520563	
8476 THUNDER MOUNTAIN ROAD	99801	-134.55595345487404	58.39425775984731	
8476 THUNDER MOUNTAIN ROAD	99801	-134.5554189276356	58.393104126886364	
8476 THUNDER MOUNTAIN ROAD	99801	-134.55790934865735	58.393604560851045	
8476 THUNDER MOUNTAIN ROAD	99801	-134.55528638121544	58.393656261082164	
8476 THUNDER MOUNTAIN ROAD	99801	-134.55558555074774	58.39393836817613	
8476 THUNDER MOUNTAIN ROAD	99801	-134.55573392009336	58.394236244197096	
8476 THUNDER MOUNTAIN ROAD	99801	-134.55537390856514	58.39392671999956	
8476 THUNDER MOUNTAIN ROAD	99801	-134.5555171036147	58.39424620499097	
8476 THUNDER MOUNTAIN ROAD	99801	-134.5551122356111	58.39390764517235	
8476 THUNDER MOUNTAIN ROAD	99801	-134.55531280785445	58.39424120011374	
8476 THUNDER MOUNTAIN ROAD	99801	-134.5549388347101	58.393927032130456	
8476 THUNDER MOUNTAIN ROAD	99801	-134.55489208728105	58.394232533026226	
8476 THUNDER MOUNTAIN ROAD	99801	-134.5547462538795	58.393909414856516	
8476 THUNDER MOUNTAIN ROAD	99801	-134.55453190776785	58.394231334887124	
8476 THUNDER MOUNTAIN ROAD	99801	-134.55457246131306	58.39391939410338	
8476 THUNDER MOUNTAIN ROAD	99801	-134.55471397112314	58.39419803978578	
8476 THUNDER MOUNTAIN ROAD	99801	-134.55425766378974	58.39422627398481	
8476 THUNDER MOUNTAIN ROAD	99801	-134.55508546761226	58.39421955310535	
8320 GLADSTONE STREET	99801	-134.56036033184145	58.40125728517328	
8318 GLADSTONE STREET	99801	-134.55985645242558	58.401362697892544	
8314 GLADSTONE STREET	99801	-134.55940648629974	58.4012304780832	
8310 GLADSTONE STREET	99801	-134.5586480485868	58.40132592879706	
8306 GLADSTONE STREET	99801	-134.5581265316486	58.401356596855535	
8302 GLADSTONE STREET	99801	-134.55759923494992	58.40131278580592	
4543 GLACIER SPUR ROAD	99801	-134.556216412419	58.40147687209569	
8003 GLADSTONE STREET	99801	-134.55479592083321	58.40123849907847	
8001 GLADSTONE STREET	99801	-134.55342847117177	58.40137364793812	
7955 GLADSTONE STREET	99801	-134.55120433505476	58.40143195790891	
7951 GLADSTONE STREET	99801	-134.55046492186293	58.40130472105365	
7949 GLADSTONE STREET	99801	-134.5500424369983	58.40132076818614	
7947 GLADSTONE STREET	99801	-134.54964914738036	58.4012763160156	
7945 GLADSTONE STREET	99801	-134.54925364072037	58.40126275315253	
7943 GLADSTONE STREET	99801	-134.54887107339368	58.401306246079876	
4544 TRAFALGAR AVENUE	99801	-134.54746557289343	58.401397825197385	
4557 KANATA STREET	99801	-134.54692144985108	58.40133618506183	
4561 KANATA STREET	99801	-134.54634908557287	58.40134975495691	
8298 GLADSTONE STREET	99801	-134.5571267013475	58.40123261500716	
4542 TRAFALGAR AVENUE	99801	-134.54802637675226	58.40142726282151	
8292 GLADSTONE STREET	99801	-134.5566305681043	58.401239317134205	
8290 GLADSTONE STREET	99801	-134.55647837283394	58.40119996900765	
4538 TRAFALGAR AVENUE	99801	-134.5480326820272	58.401134327195706	
4553 KANATA STREET	99801	-134.54712986169196	58.40112209680022	
8313 GLADSTONE STREET	99801	-134.55958801964897	58.40077480620859	
8309 GLADSTONE STREET	99801	-134.5590558459966	58.400559820212756	
8305 GLADSTONE STREET	99801	-134.5582826345905	58.40074116803146	
8121 GLADSTONE STREET	99801	-134.55765360907571	58.40082924477511	
8117 GLADSTONE STREET	99801	-134.557027834564	58.40089050077062	
4534 GLACIER SPUR ROAD	99801	-134.55547487830475	58.400921259110206	
8265 GARNET STREET	99801	-134.55118473920515	58.4008629158167	
7950 GLADSTONE STREET	99801	-134.55002804508914	58.40097392906245	
8110 CIRCLE DRIVE	99801	-134.55254449120295	58.40073228084461	
7946 GLADSTONE STREET	99801	-134.54935308422233	58.40093096384161	
4532 TRAFALGAR AVENUE	99801	-134.54823816086866	58.40088390683658	
4549 KANATA STREET	99801	-134.54729201299062	58.4009067599033	
4532 GLACIER SPUR ROAD	99801	-134.55550027816943	58.40079188110731	
4552 KANATA STREET	99801	-134.54629106698192	58.40091211920701	
4529 GLACIER SPUR ROAD	99801	-134.55735538457108	58.40060031002234	
8111 CIRCLE DRIVE	99801	-134.55300520207788	58.40049195504355	
8106 CIRCLE DRIVE	99801	-134.55205672576662	58.40066418819076	
8318 COUNTERPANE LANE	99801	-134.56027860940512	58.400368015811644	
8273 GARNET STREET	99801	-134.55139504559293	58.40064108314443	
8264 GARNET STREET	99801	-134.5505741570015	58.4007286861485	
4530 GLACIER SPUR ROAD	99801	-134.5557987568973	58.400669032119666	
4519 TRAFALGAR AVENUE	99801	-134.549430741782	58.40067912618567	
4543 KANATA STREET	99801	-134.54754281004153	58.4006036340811	
4526 TRAFALGAR AVENUE	99801	-134.5484647483227	58.40068876320356	
4548 KANATA STREET	99801	-134.54644206120477	58.400657871924885	
8310 COUNTERPANE LANE	99801	-134.5597044413098	58.400315807181705	
4525 GLACIER SPUR ROAD	99801	-134.55805593394876	58.40041786992806	
4528 GLACIER SPUR ROAD	99801	-134.55579833109584	58.400501270155324	
8275 GARNET STREET	99801	-134.55150787489094	58.40046715584112	
8266 GARNET STREET	99801	-134.55068257377482	58.40054229380291	
8300 COUNTERPANE LANE	99801	-134.55903878339606	58.40020099612357	
4509 DREDGE LAKE DRIVE	99801	-134.56388012516075	58.40020155296387	
4512 DREDGE LAKE DRIVE	99801	-134.56316876186366	58.4002515409949	
4517 TRAFALGAR AVENUE	99801	-134.54980162112852	58.40041903302521	
8355 RIVER PLACE	99801	-134.56264559741524	58.40020772009904	
8353 RIVER PLACE	99801	-134.56191581056999	58.4002561011477	
4520 TRAFALGAR AVENUE	99801	-134.54866459113404	58.40046780399269	
4526 GLACIER SPUR ROAD	99801	-134.5562565509425	58.4003618670618	
8351 RIVER PLACE	99801	-134.56098425941698	58.40024304013039	
8293 GARNET STREET	99801	-134.55555358419838	58.400088116928856	
8105 CIRCLE DRIVE	99801	-134.5523487635739	58.40029590502473	
8291 GARNET STREET	99801	-134.554966312378	58.4000936312184	
4544 KANATA STREET	99801	-134.5466328696593	58.40047841494291	
4541 KANATA STREET	99801	-134.5476919663113	58.4004239518289	
8289 GARNET STREET	99801	-134.55451052516918	58.40010057785698	
4521 GLACIER SPUR ROAD	99801	-134.55791117403402	58.4001107248045	
8268 GARNET STREET	99801	-134.55092705297432	58.400359933898	
4507 DREDGE LAKE DRIVE	99801	-134.56369904995228	58.39998305719191	
4524 GLACIER SPUR ROAD	99801	-134.55625164344613	58.400250794933484	
4515 TRAFALGAR AVENUE	99801	-134.55000487214807	58.4002206441553	
8323 COUNTERPANE LANE	99801	-134.5602277620651	58.39994571286744	
8277 GARNET STREET	99801	-134.5519511557544	58.400030245784635	
4518 TRAFALGAR AVENUE	99801	-134.54879299093088	58.40018183196267	
8296 COUNTERPANE LANE	99801	-134.55848014178213	58.39997746192383	
4537 KANATA STREET	99801	-134.5478812431383	58.40022067286808	
4540 KANATA STREET	99801	-134.54684665612055	58.40031504417648	
4506 PROSPECT WAY	99801	-134.56391774660486	58.39972977898631	
8295 GARNET STREET	99801	-134.55631468900935	58.39998263496974	
8270 GARNET STREET	99801	-134.5511586638074	58.400144495850725	
8350 RIVER PLACE	99801	-134.56089202130195	58.399931324816436	
8285 GARNET STREET	99801	-134.5534585611405	58.39996920199416	
8283 GARNET STREET	99801	-134.55311359818995	58.399958703859895	
8281 GARNET STREET	99801	-134.55255100309043	58.39999029898409	
8294 COUNTERPANE LANE	99801	-134.55822157520234	58.39991931617655	
4505 DREDGE LAKE DRIVE	99801	-134.56309129564514	58.399755651921375	
4508 DREDGE LAKE DRIVE	99801	-134.562103577329	58.399783048988134	
4513 TRAFALGAR AVENUE	99801	-134.55021217456954	58.39999820588041	
8305 COUNTERPANE LANE	99801	-134.5594865890736	58.399793006802724	
8272 GARNET STREET	99801	-134.5513268463949	58.399960547141	
4533 KANATA STREET	99801	-134.54801062659035	58.40002516876937	
4536 KANATA STREET	99801	-134.54701190481032	58.400108826929674	
8237 COUNTERPANE LANE	99801	-134.55861625810724	58.39966753201404	
8299 VALLEY AVENUE	99801	-134.56076904822774	58.3996174250067	
4511 TRAFALGAR AVENUE	99801	-134.55040236228822	58.39971877712285	
8274 GARNET STREET	99801	-134.55149887017856	58.399751132184655	
4503 DREDGE LAKE DRIVE	99801	-134.56251870858472	58.39948675905873	
4512 TRAFALGAR AVENUE	99801	-134.54921956133342	58.3999751008682	
4532 KANATA STREET	99801	-134.54738031828137	58.399926733084314	
4529 KANATA STREET	99801	-134.54822647468515	58.399799339227634	
4515 GLACIER SPUR ROAD	99801	-134.55891464430863	58.39947615910707	
8298 GARNET STREET	99801	-134.5567174774131	58.39958558901536	
8294 GARNET STREET	99801	-134.55606749959264	58.399622348158616	
8292 GARNET STREET	99801	-134.55550483622116	58.39952300899586	
8290 GARNET STREET	99801	-134.5551372267423	58.399329414007305	
8288 GARNET STREET	99801	-134.55451818420528	58.399388641013346	
4500 DREDGE LAKE DRIVE	99801	-134.5614254202564	58.39942049506955	
8286 GARNET STREET	99801	-134.55399264640786	58.39963364706986	
8284 GARNET STREET	99801	-134.55346679060685	58.39949482893409	
8282 GARNET STREET	99801	-134.55304470279756	58.39951983781623	
8280 GARNET STREET	99801	-134.5523830405902	58.399515669199715	
4505 PROSPECT WAY	99801	-134.5640391413391	58.39933165319136	
4500 PROSPECT WAY	99801	-134.56293722738738	58.39930715819514	
4509 TRAFALGAR AVENUE	99801	-134.55049841464998	58.39953865495258	
8276 GARNET STREET	99801	-134.55170175288882	58.39958855590089	
4465 EYELET COURT	99801	-134.56022536176667	58.39937384698038	
4464 EYELET COURT	99801	-134.55947790955136	58.39932515593268	
4510 TRAFALGAR AVENUE	99801	-134.54929104028056	58.39953179198975	
4525 KANATA STREET	99801	-134.54847383837506	58.39960779522722	
4501 DREDGE LAKE DRIVE	99801	-134.5619892792855	58.399109977044915	
4502 GLACIER SPUR ROAD	99801	-134.55743748879144	58.399274755183676	
4524 KANATA STREET	99801	-134.547508794435	58.39956494978438	
8298 VALLEY AVENUE	99801	-134.56111754425234	58.39909677909512	
8278 GARNET STREET	99801	-134.5519649179446	58.39941450101881	
4507 TRAFALGAR AVENUE	99801	-134.5508353807979	58.39935226996473	
8303 VALLEY AVENUE	99801	-134.56237587016636	58.399008444776236	
4521 KANATA STREET	99801	-134.54865549299683	58.39937241977882	
4508 TRAFALGAR AVENUE	99801	-134.54939934386618	58.39930445912211	
4461 EYELET COURT	99801	-134.56033942175657	58.39911630206109	
4520 KANATA STREET	99801	-134.5477019286278	58.39936200478302	
4460 EYELET COURT	99801	-134.55950460658326	58.39907326208547	
8307 VALLEY AVENUE	99801	-134.56293439679592	58.39891676907259	
8177 THREADNEEDLE STREET	99801	-134.5523317530757	58.39901815003424	
4500 GLACIER SPUR ROAD	99801	-134.55778770508977	58.39913086413904	
8193 THREADNEEDLE STREET	99801	-134.55657728722818	58.398791896040834	
8191 THREADNEEDLE STREET	99801	-134.55610388585325	58.398796069920884	
8189 THREADNEEDLE STREET	99801	-134.5555309798909	58.39878460222315	
8187 THREADNEEDLE STREET	99801	-134.55505542794913	58.398821631924434	
4517 KANATA STREET	99801	-134.54893038555863	58.39921418691919	
4506 TRAFALGAR AVENUE	99801	-134.54983722226152	58.399080692822025	
8185 THREADNEEDLE STREET	99801	-134.55449755169982	58.39881819519549	
8183 THREADNEEDLE STREET	99801	-134.55405510177798	58.398775974851674	
8181 THREADNEEDLE STREET	99801	-134.55357970973634	58.39880986297393	
8175 THREADNEEDLE STREET	99801	-134.5519663247063	58.39878152888704	
8179 THREADNEEDLE STREET	99801	-134.55300802188955	58.39879317498892	
4455 DREDGE LAKE DRIVE	99801	-134.56170987268942	58.39879995007078	
4457 EYELET COURT	99801	-134.56033282093588	58.39887397503967	
4450 DREDGE LAKE DRIVE	99801	-134.56084112096133	58.39876969308079	
4456 EYELET COURT	99801	-134.55964227699383	58.39880819991857	
4501 TRAFALGAR AVENUE	99801	-134.55121861197958	58.39878820606124	
8201 THREADNEEDLE STREET	99801	-134.55815334995313	58.39879801682133	
8199 THREADNEEDLE STREET	99801	-134.5577276805608	58.398764491142884	
4513 KANATA STREET	99801	-134.54907788084344	58.398988557885474	
8197 THREADNEEDLE STREET	99801	-134.55753276590707	58.39879414702709	
4504 TRAFALGAR AVENUE	99801	-134.5501048788937	58.398917684150334	
4516 KANATA STREET	99801	-134.54823942479828	58.3990054731347	
4453 EYELET COURT	99801	-134.5603963327248	58.398622565166555	
4451 LAKE AVENUE	99801	-134.56412225257083	58.39855368985985	
8306 MENDENHALL LOOP ROAD	99801	-134.5628011191471	58.39844405621908	
4453 DREDGE LAKE DRIVE	99801	-134.56142859669922	58.39851417821819	
8308 MENDENHALL LOOP ROAD	99801	-134.56330394214424	58.39851286678002	
8173 THREADNEEDLE STREET	99801	-134.55135099760133	58.398632222046366	
4509 KANATA STREET	99801	-134.5492221179387	58.398753523811514	
4502 TRAFALGAR AVENUE	99801	-134.5502063543848	58.398593304074886	
4449 EYELET COURT	99801	-134.56013408664558	58.3984679911816	
4512 KANATA STREET	99801	-134.5483268416552	58.39870018776494	
4503 KANATA STREET	99801	-134.54962728058973	58.398469243780795	
8198 THREADNEEDLE STREET	99801	-134.5588030115666	58.39837407906415	
8196 THREADNEEDLE STREET	99801	-134.55810353657398	58.39835332002999	
8194 THREADNEEDLE STREET	99801	-134.55772519132915	58.3983231059635	
8190 THREADNEEDLE STREET	99801	-134.55695775609036	58.39837486188193	
4451 DREDGE LAKE DRIVE	99801	-134.56152639808084	58.398246853765365	
8188 THREADNEEDLE STREET	99801	-134.55660610877575	58.398392419025235	
8186 THREADNEEDLE STREET	99801	-134.55609296862755	58.398347706144875	
8184 THREADNEEDLE STREET	99801	-134.5555256672543	58.398390578015714	
8182 THREADNEEDLE STREET	99801	-134.55501397429205	58.39831997421705	
8180 THREADNEEDLE STREET	99801	-134.5544021128874	58.39817321583092	
8178 THREADNEEDLE STREET	99801	-134.55397912586452	58.398329393933416	
8172 THREADNEEDLE STREET	99801	-134.55348318396247	58.39829435818677	
8170 THREADNEEDLE STREET	99801	-134.55298625840516	58.39830901804483	
4508 KANATA STREET	99801	-134.54846169674565	58.39849213983685	
8166 THREADNEEDLE STREET	99801	-134.55244216680387	58.3982479359689	
8097 THREADNEEDLE STREET	99801	-134.55037346258726	58.3984036368951	
8162 THREADNEEDLE STREET	99801	-134.55184160890047	58.39836344676851	
8160 THREADNEEDLE STREET	99801	-134.55156911304388	58.39827911509128	
8091 THREADNEEDLE STREET	99801	-134.54976739262125	58.39826786517226	
4504 KANATA STREET	99801	-134.54875267184596	58.398304252873785	
4496 TRAFALGAR AVENUE	99801	-134.5517590097084	58.39810645981348	
4497 TRAFALGAR AVENUE	99801	-134.55092010360727	58.39814407487296	
8199 ERIN STREET	99801	-134.55930165290607	58.39788134102477	
8197 ERIN STREET	99801	-134.5587412523908	58.39788662782487	
8195 ERIN STREET	99801	-134.55858248594413	58.39790957886433	
8191 ERIN STREET	99801	-134.55824576413795	58.39788936419439	
8187 ERIN STREET	99801	-134.55788544179268	58.39789572096862	
8183 ERIN STREET	99801	-134.55731900639532	58.39792427983609	
8181 ERIN STREET	99801	-134.5569812389502	58.397918447933534	
8175 ERIN STREET	99801	-134.55654374862704	58.39791119112298	
4355 BROTHERS AVENUE	99801	-134.5595049263835	58.39765936201861	
8171 ERIN STREET	99801	-134.55608988021962	58.39790017221627	
8167 ERIN STREET	99801	-134.5556686242503	58.39792675400476	
4500 KANATA STREET	99801	-134.54893173213324	58.39803554005607	
8161 ERIN STREET	99801	-134.55520048340966	58.39794234983096	
8159 ERIN STREET	99801	-134.5548556623929	58.39794487389599	
8155 ERIN STREET	99801	-134.55423647702375	58.39794040476618	
4494 TRAFALGAR AVENUE	99801	-134.55212459079138	58.39791162513826	
8126 HAMSTEAD LANE	99801	-134.5537217154165	58.397609394789804	
4495 TRAFALGAR AVENUE	99801	-134.55109058767852	58.39791120289129	
8120 HAMSTEAD LANE	99801	-134.553187404672	58.39765376120355	
4499 KANATA STREET	99801	-134.55008678592554	58.3979064988617	
4343 MENDENHALL LOOP ROAD	99801	-134.56162934501242	58.397231812219545	
4492 TRAFALGAR AVENUE	99801	-134.55217856876018	58.3977185292229	
4359 BROTHERS AVENUE	99801	-134.55980514874136	58.39749228195149	
4366 MANOR AVENUE	99801	-134.55426608819047	58.39768581877308	
4493 TRAFALGAR AVENUE	99801	-134.55129118327812	58.39772652795137	
4495 KANATA STREET	99801	-134.5502663016587	58.39771625510199	
8196 ERIN STREET	99801	-134.55887202733325	58.397447026109226	
8192 ERIN STREET	99801	-134.55827635536667	58.39748385009081	
8188 ERIN STREET	99801	-134.55782185724024	58.397483112914834	
8184 ERIN STREET	99801	-134.55736911262525	58.39747837399351	
4498 KANATA STREET	99801	-134.54922358398926	58.39769763611385	
8180 ERIN STREET	99801	-134.55691230403193	58.3974263041882	
8176 ERIN STREET	99801	-134.55658053194298	58.39744253102565	
8172 ERIN STREET	99801	-134.55606573799636	58.39744829286686	
8168 ERIN STREET	99801	-134.55558374603234	58.39743714012566	
8199 GRANT STREET	99801	-134.56000852911833	58.397284149222166	
4361 MANOR AVENUE	99801	-134.55512163019233	58.39742854396389	
8118 HAMSTEAD LANE	99801	-134.55257389485882	58.39745301908232	
8125 HAMSTEAD LANE	99801	-134.5537632175826	58.397170813952236	
4491 TRAFALGAR AVENUE	99801	-134.5513655718685	58.39731607720344	
4360 MANOR AVENUE	99801	-134.55432762817733	58.39747627685466	
4491 KANATA STREET	99801	-134.55054716622044	58.39748088914773	
4492 KANATA STREET	99801	-134.5496788286157	58.39740802586209	
8195 GRANT STREET	99801	-134.55893425812454	58.397217386813686	
8193 GRANT STREET	99801	-134.55853658293142	58.39719515885406	
8191 GRANT STREET	99801	-134.55818506587255	58.39717842491334	
8185 GRANT STREET	99801	-134.5576779561149	58.39718561502937	
8181 GRANT STREET	99801	-134.55735845860596	58.397168416932224	
8177 GRANT STREET	99801	-134.55690019384357	58.39717366900433	
8173 GRANT STREET	99801	-134.5564960373057	58.397197899984626	
8169 GRANT STREET	99801	-134.5559436668307	58.39718978721663	
8165 GRANT STREET	99801	-134.55544713563384	58.39717734220622	
4487 KANATA STREET	99801	-134.5506909829042	58.39725840580985	
4355 MANOR AVENUE	99801	-134.55508853356233	58.397259207952764	
4356 MANOR AVENUE	99801	-134.55437356173275	58.397240118923314	
4290 BROTHERS AVENUE	99801	-134.5602939481386	58.39695658599974	
8127 HAMSTEAD LANE	99801	-134.5527830352334	58.39714668698741	
4490 KANATA STREET	99801	-134.5497507567205	58.397177169914556	
4483 KANATA STREET	99801	-134.55088442162588	58.397042264815155	
4286 BROTHERS AVENUE	99801	-134.5604577289812	58.39673874516616	
4487 TRAFALGAR AVENUE	99801	-134.55198866221414	58.397111385978405	
4352 MANOR AVENUE	99801	-134.55433332888612	58.396994643844714	
4452 TRAFALGAR AVENUE	99801	-134.55318817722318	58.39691488877847	
8198 GRANT STREET	99801	-134.55955970475122	58.39674032593822	
8194 GRANT STREET	99801	-134.55897556625456	58.396794743903115	
4486 KANATA STREET	99801	-134.54994104684712	58.39701092878242	
8190 GRANT STREET	99801	-134.5585164112617	58.396757318998176	
8186 GRANT STREET	99801	-134.55812659363238	58.396747403164085	
8182 GRANT STREET	99801	-134.55775600174675	58.39676169506992	
8178 GRANT STREET	99801	-134.5572598963513	58.39677287109145	
8176 GRANT STREET	99801	-134.55680372825677	58.39675321690119	
4282 BROTHERS AVENUE	99801	-134.56062974288338	58.39661835584213	
8172 GRANT STREET	99801	-134.5563321522585	58.39676929293845	
8170 GRANT STREET	99801	-134.55591658082827	58.39674832394715	
8166 GRANT STREET	99801	-134.5554383635851	58.39678386681319	
4485 TRAFALGAR AVENUE	99801	-134.5519365500462	58.396694397842964	
4347 MANOR AVENUE	99801	-134.55516696367312	58.39674829805598	
4479 KANATA STREET	99801	-134.55119411043023	58.39678433520691	
4450 TRAFALGAR AVENUE	99801	-134.55343735640824	58.39665529978889	
4348 MANOR AVENUE	99801	-134.55431784193064	58.396802307870715	
4480 KANATA STREET	99801	-134.55018427199852	58.39667613890883	
4278 BROTHERS AVENUE	99801	-134.56080596898593	58.39643648687342	
8199 THUNDER STREET	99801	-134.55977248779428	58.39654638519997	
8195 THUNDER STREET	99801	-134.55921207560087	58.396530549143996	
8193 THUNDER STREET	99801	-134.5587890355774	58.3964714802159	
8191 THUNDER STREET	99801	-134.55837343719773	58.39653109097827	
8187 THUNDER STREET	99801	-134.5579184045737	58.39649112091147	
8183 THUNDER STREET	99801	-134.5575580822284	58.396508544828905	
8181 THUNDER STREET	99801	-134.55712005022116	58.396490888831025	
8177 THUNDER STREET	99801	-134.55678411983075	58.396499915958834	
8173 THUNDER STREET	99801	-134.55637917996194	58.396493114072854	
4483 TRAFALGAR AVENUE	99801	-134.552417840426	58.396575272802764	
8169 THUNDER STREET	99801	-134.55589011735833	58.39650993778155	
4475 KANATA STREET	99801	-134.55131474069813	58.396609238831395	
8165 THUNDER STREET	99801	-134.55551701198652	58.396497128169635	
8161 THUNDER STREET	99801	-134.55510218705632	58.39649558222225	
4274 BROTHERS AVENUE	99801	-134.56096832060894	58.39621746593833	
4344 MANOR AVENUE	99801	-134.55432350491014	58.39651744908616	
4478 KANATA STREET	99801	-134.5505149652108	58.39652786821765	
4481 TRAFALGAR AVENUE	99801	-134.5523113837766	58.39624389505892	
4448 TRAFALGAR AVENUE	99801	-134.55358976637598	58.39637590478778	
4471 KANATA STREET	99801	-134.55152851098967	58.39635721212493	
8192 THUNDER STREET	99801	-134.55974485920936	58.396125441207154	
8188 THUNDER STREET	99801	-134.55929586595903	58.39610446288851	
4340 MANOR AVENUE	99801	-134.55431869892337	58.39629029779043	
8186 THUNDER STREET	99801	-134.55884699667615	58.39607511402882	
8184 THUNDER STREET	99801	-134.55852360137726	58.39610769886899	
8182 THUNDER STREET	99801	-134.55809573380745	58.39606793310145	
4474 KANATA STREET	99801	-134.55059313570848	58.39628274689411	
8180 THUNDER STREET	99801	-134.55759555724714	58.39609096582437	
8178 THUNDER STREET	99801	-134.55713738141796	58.39606461991313	
8176 THUNDER STREET	99801	-134.55678514211354	58.39610108285617	
4479 TRAFALGAR AVENUE	99801	-134.5527837655637	58.39619347013256	
4467 KANATA STREET	99801	-134.55174929981848	58.396133382864825	
8172 THUNDER STREET	99801	-134.55626510739557	58.3960867822089	
8170 THUNDER STREET	99801	-134.5559418163012	58.39609445413168	
8166 THUNDER STREET	99801	-134.5554926487777	58.396102666952125	
4335 MANOR AVENUE	99801	-134.5550288701561	58.396005900918944	
4444 TRAFALGAR AVENUE	99801	-134.5538386643884	58.39601831386063	
4477 TRAFALGAR AVENUE	99801	-134.55295159062175	58.396097110140886	
4336 MANOR AVENUE	99801	-134.55436254209914	58.39606524319554	
4468 KANATA STREET	99801	-134.55096638211577	58.39598770894662	
4463 KANATA STREET	99801	-134.55181362637938	58.39592296881735	
4201 MENDENHALL LOOP ROAD	99801	-134.56417871168648	58.39551172878248	
4443 TRAFALGAR AVENUE	99801	-134.55306303831082	58.39596562520523	
4207 MENDENHALL LOOP ROAD	99801	-134.56336076687418	58.396338108955234	
4466 KANATA STREET	99801	-134.5510717940245	58.39581415788704	
4459 KANATA STREET	99801	-134.55228606835362	58.3956810868397	
4442 TRAFALGAR AVENUE	99801	-134.55385396898586	58.39545109614807	
4462 KANATA STREET	99801	-134.5512204122034	58.395599575208465	
4455 KANATA STREET	99801	-134.5523400588988	58.39546812984454	
4458 KANATA STREET	99801	-134.5514811886388	58.39537754323138	
4449 KANATA STREET	99801	-134.55264068100698	58.39517223298764	
4212 MENDENHALL LOOP ROAD	99801	-134.56250506676884	58.394832790887165	
4440 TRAFALGAR AVENUE	99801	-134.5539320056346	58.39527137915678	
4104 TAKU BOULEVARD	99801	-134.56435578400198	58.39491070994336	
4100 TAKU BOULEVARD	99801	-134.5640247898541	58.39481326413652	
4454 KANATA STREET	99801	-134.55168459955848	58.395195238991164	
4438 TRAFALGAR AVENUE	99801	-134.5538690346315	58.395204461819716	
4436 TRAFALGAR AVENUE	99801	-134.55369770434726	58.39501863296327	
4434 TRAFALGAR AVENUE	99801	-134.5535669087436	58.39493681803544	
8497 THUNDER MOUNTAIN ROAD	99801	-134.562672433686	58.39416098498395	
8495 THUNDER MOUNTAIN ROAD	99801	-134.56212053213167	58.39417822597715	
8493 THUNDER MOUNTAIN ROAD	99801	-134.5616262934354	58.39416115305331	
8491 THUNDER MOUNTAIN ROAD	99801	-134.56115510281435	58.39421087094748	
8489 THUNDER MOUNTAIN ROAD	99801	-134.56063579393515	58.394251691006	
8485 THUNDER MOUNTAIN ROAD	99801	-134.55991631256282	58.39414694295097	
8483 THUNDER MOUNTAIN ROAD	99801	-134.55959012530002	58.3941421390839	
8481 THUNDER MOUNTAIN ROAD	99801	-134.55858226406025	58.394289103976654	
8479 THUNDER MOUNTAIN ROAD	99801	-134.55830070510075	58.39411473810365	
8477 THUNDER MOUNTAIN ROAD	99801	-134.5579434190611	58.394285557113875	
8498 THUNDER MOUNTAIN ROAD	99801	-134.5638644648304	58.39370081419549	
8496 THUNDER MOUNTAIN ROAD	99801	-134.56329771322606	58.393749055876846	
8494 THUNDER MOUNTAIN ROAD	99801	-134.56266691084366	58.393696159978454	
8492 THUNDER MOUNTAIN ROAD	99801	-134.56204876572363	58.39369664912793	
8490 THUNDER MOUNTAIN ROAD	99801	-134.5617003442592	58.393600598211805	
8488 THUNDER MOUNTAIN ROAD	99801	-134.56121384993898	58.39371742314482	
8486 THUNDER MOUNTAIN ROAD	99801	-134.5605672488857	58.393733826822675	
8484 THUNDER MOUNTAIN ROAD	99801	-134.55994302037453	58.39372076009314	
8484 THUNDER MOUNTAIN ROAD	99801	-134.56015346869614	58.39372945414139	
8480 THUNDER MOUNTAIN ROAD	99801	-134.55905877180948	58.39365917103043	
8478 THUNDER MOUNTAIN ROAD	99801	-134.55835628566402	58.39370457815064	
8476 THUNDER MOUNTAIN ROAD	99801	-134.5579795996075	58.393721199809505	
8463 KIMBERLY STREET	99801	-134.5642526520175	58.393301140131335	
8461 KIMBERLY STREET	99801	-134.56384490221848	58.393340705166125	
8459 KIMBERLY STREET	99801	-134.5632357213866	58.39336426178044	
8457 KIMBERLY STREET	99801	-134.56281360213632	58.39331062286282	
8455 KIMBERLY STREET	99801	-134.5622529069736	58.39329663086611	
8453 KIMBERLY STREET	99801	-134.56165547790235	58.39330400679591	
8451 KIMBERLY STREET	99801	-134.56125248468274	58.3933221450702	
8449 KIMBERLY STREET	99801	-134.5607787428463	58.393317946060776	
8447 KIMBERLY STREET	99801	-134.56053646002766	58.39331452903937	
8445 KIMBERLY STREET	99801	-134.5602756988636	58.393310086157804	
8443 KIMBERLY STREET	99801	-134.5600821442592	58.393302905138	
8441 KIMBERLY STREET	99801	-134.55972308584353	58.39329994101901	
8439 KIMBERLY STREET	99801	-134.55955222807313	58.39330389380533	
8435 KIMBERLY STREET	99801	-134.55908638961455	58.39329454901472	
8431 KIMBERLY STREET	99801	-134.55867670125113	58.39334875714599	
4011 DIANE ROAD	99801	-134.56374294073876	58.392885927979805	
8460 KIMBERLY STREET	99801	-134.5632342023355	58.39292609610326	
8458 KIMBERLY STREET	99801	-134.56276255357366	58.39290069177962	
8456 KIMBERLY STREET	99801	-134.56223036644653	58.3929218890431	
8454 KIMBERLY STREET	99801	-134.56163089460628	58.392942430000275	
8452 KIMBERLY STREET	99801	-134.56104518136294	58.39291252202364	
8440 KIMBERLY STREET	99801	-134.55972744806257	58.39298533386791	
8438 KIMBERLY STREET	99801	-134.55952089124276	58.39299454503383	
4066 DEBORAH DRIVE	99801	-134.55998452972716	58.3929116722311	
4009 DIANE ROAD	99801	-134.5640037728697	58.39258616581066	
4064 DEBORAH DRIVE	99801	-134.56018433660594	58.3928264960784	
4043 MITCHELL WAY	99801	-134.56337114511064	58.39258667522013	
4047 DELTA DRIVE	99801	-134.55935011342243	58.392767812179784	
4062 DEBORAH DRIVE	99801	-134.56034650227767	58.39273687582452	
4053 DEBORAH DRIVE	99801	-134.56174033905228	58.39265789312894	
4045 MITCHELL WAY	99801	-134.5629342548621	58.392658501876674	
4045 DELTA DRIVE	99801	-134.55973165127975	58.39261405196455	
4058 DEBORAH DRIVE	99801	-134.56080718530484	58.39258886021927	
8482 THUNDER MOUNTAIN ROAD	99801	-134.55942855700795	58.393715397812905	
4448 KANATA STREET	99801	-134.55207623358132	58.394806812180896	
4450 KANATA STREET	99801	-134.55192844185245	58.39499083909927	
4446 TRAFALGAR AVENUE	99801	-134.55379618485523	58.39618617483571	
8300 MENDENHALL LOOP ROAD	99801	-134.56182585866733	58.39843890883728	
8302 MENDENHALL LOOP ROAD	99801	-134.56198360642452	58.39842266221726	
4504 PROSPECT WAY	99801	-134.56341755297652	58.39954467816627	
8279 GARNET STREET	99801	-134.55199320319792	58.40016857604706	
4518 KANATA STREET	99801	-134.54797561475218	58.39919545198481	
4530 KANATA STREET	99801	-134.5474931269181	58.399807312065725	
4546 TRAFALGAR AVENUE	99801	-134.54737161360626	58.40145266712021	
8282 GARNET STREET	99801	-134.5529490600676	58.399348991917854	
8239 COUNTERPANE LANE	99801	-134.55873243632462	58.39967651596464	
4273 BROTHERS AVENUE	99801	-134.56025738221496	58.396153906886845	
4271 BROTHERS AVENUE	99801	-134.56025510678236	58.39607379496781	
4268 BROTHERS AVENUE	99801	-134.56120684936798	58.396076080963624	
4262 BROTHERS AVENUE	99801	-134.56137912737486	58.395928358065866	
4256 BROTHERS AVENUE	99801	-134.56160856338664	58.395750859851695	
4230 MENDENHALL LOOP ROAD	99801	-134.56222580659812	58.39523605885148	
8170 EASY STREET	99801	-134.56078908964173	58.395508692822204	
8166 EASY STREET	99801	-134.56038066880117	58.395437808795215	
8162 EASY STREET	99801	-134.56008541592348	58.395413729133224	
8158 EASY STREET	99801	-134.5596852973128	58.3953911799154	
8154 EASY STREET	99801	-134.55927957501135	58.395425908783665	
8150 EASY STREET	99801	-134.55885471410278	58.39539298389101	
8151 EASY STREET	99801	-134.55895867882555	58.395780121890546	
8155 EASY STREET	99801	-134.55934470556437	58.3957780750221	
8159 EASY STREET	99801	-134.55973490677434	58.39579666583688	
8163 EASY STREET	99801	-134.56009973237417	58.39576035981322	
8167 EASY STREET	99801	-134.56060086025036	58.39580069601881	
8147 EASY STREET	99801	-134.55861917583528	58.39575798294006	
8143 EASY STREET	99801	-134.55820248779918	58.39578873398934	
8139 EASY STREET	99801	-134.55781021597247	58.39578083509329	
8135 EASY STREET	99801	-134.55747296056705	58.39579742282007	
8131 EASY STREET	99801	-134.55706620160976	58.395772835923346	
8127 EASY STREET	99801	-134.5566614108613	58.39578077813121	
8123 EASY STREET	99801	-134.55626458277945	58.39578179921155	
8146 EASY STREET	99801	-134.55852713534958	58.39540689690867	
8142 EASY STREET	99801	-134.5580990297262	58.39538916409496	
8138 EASY STREET	99801	-134.55777759365293	58.395375888017114	
8134 EASY STREET	99801	-134.5573882099099	58.39538738318666	
8130 EASY STREET	99801	-134.55703638113556	58.39538662807777	
8126 EASY STREET	99801	-134.55663640266206	58.39538051517875	
8122 EASY STREET	99801	-134.556240018348	58.39540385905629	
8118 EASY STREET	99801	-134.55584736563563	58.39540104105136	
8119 EASY STREET	99801	-134.5558762042512	58.395810760879534	
8115 EASY STREET	99801	-134.55548285264953	58.39577434282926	
8111 EASY STREET	99801	-134.55513890569355	58.39577784811531	
8114 EASY STREET	99801	-134.55547060412064	58.395373574200704	
8110 EASY STREET	99801	-134.5550626126748	58.39534196222767	
4090 DELTA DRIVE	99801	-134.55781493661928	58.392571963077195	
4047 DELTA DRIVE	99801	-134.55951207337992	58.39268860780573	
4047 DELTA DRIVE	99801	-134.5594306878118	58.39271837802733	
4047 DELTA DRIVE	99801	-134.55922342222127	58.39278790502435	
4045 DELTA DRIVE	99801	-134.55990365889375	58.39256211809888	
4045 DELTA DRIVE	99801	-134.5599283643607	58.39259672499107	
4045 DELTA DRIVE	99801	-134.55981391270527	58.39257525399516	
4045 DELTA DRIVE	99801	-134.55985774779617	58.39263337513397	
4045 DELTA DRIVE	99801	-134.55976608011133	58.3926757360718	
8322 GLADSTONE STREET	99801	-134.5604720121942	58.40125157478893	
8286 GARNET STREET	99801	-134.5538795655816	58.39963545318193	
8280 GARNET STREET	99801	-134.5525914084136	58.39958925019822	
8192 THREADNEEDLE STREET	99801	-134.55716214437706	58.39835688578333	
4503 TRAFALGAR AVENUE	99801	-134.5510896731936	58.39891243186732	
8099 THREADNEEDLE STREET	99801	-134.5505495898751	58.39846958081991	
4545 KANATA STREET	99801	-134.54741431232836	58.40069104890013	
4505 KANATA STREET	99801	-134.5495127211365	58.39855411115769	
4494 KANATA STREET	99801	-134.5495949115951	58.39750007878471	
4481 KANATA STREET	99801	-134.5509270853137	58.396948524016715	
4482 KANATA STREET	99801	-134.5501358402283	58.3967772702279	
4470 KANATA STREET	99801	-134.5508693478954	58.39606891792521	
4461 KANATA STREET	99801	-134.5519326172219	58.39582197392183	
4451 KANATA STREET	99801	-134.55263376936915	58.39526522998867	
8194 ERIN STREET	99801	-134.55861363592493	58.39750165905189	
8179 ERIN STREET	99801	-134.55688598429242	58.39792392490395	
8197 GRANT STREET	99801	-134.55914904980057	58.39722258803839	
8189 GRANT STREET	99801	-134.5580893737352	58.39717451916487	
4447 EYELET COURT	99801	-134.560030908847	58.39840608419878	
4452 DREDGE LAKE DRIVE	99801	-134.5609781571613	58.3988989589435	
8300 VALLEY AVENUE	99801	-134.56091228639644	58.39915997603828	
8496 THUNDER MOUNTAIN ROAD	99801	-134.56303301115287	58.39372974791328	
8478 THUNDER MOUNTAIN ROAD	99801	-134.5585980411716	58.3937040908844	
8482 THUNDER MOUNTAIN ROAD	99801	-134.55964603285003	58.393704386068876	
8483 THUNDER MOUNTAIN ROAD	99801	-134.5594498542667	58.39412870906128	
8487 THUNDER MOUNTAIN ROAD	99801	-134.5601993196066	58.394164738061995	
8488 THUNDER MOUNTAIN ROAD	99801	-134.56096245730504	58.39360550619725	
8491 THUNDER MOUNTAIN ROAD	99801	-134.56101322110177	58.39421154793182	
8492 THUNDER MOUNTAIN ROAD	99801	-134.56218403763236	58.393705652019456	
4060 DEBORAH DRIVE	99801	-134.5605825480933	58.39266484311607	
4203 MENDENHALL LOOP ROAD	99801	-134.56408954940292	58.39536502696624	
4444 GLACIER SPUR ROAD	99801	-134.55891886279724	58.398141547997795	
4250 BROTHERS AVENUE	99801	-134.56172198287777	58.39553730917362	
4250 BROTHERS AVENUE	99801	-134.5618199971601	58.39550295796833	
8193 KEEGAN STREET	99801	-134.5607150666657	58.395217093009364	
8189 KEEGAN STREET	99801	-134.56040848872723	58.39511280305703	
8185 KEEGAN STREET	99801	-134.56002693380188	58.3950898887999	
8181 KEEGAN STREET	99801	-134.5596823247875	58.395085870776725	
8177 KEEGAN STREET	99801	-134.5593137208736	58.395094784808755	
8173 KEEGAN STREET	99801	-134.55892432814738	58.39508256079151	
8169 KEEGAN STREET	99801	-134.55853530373048	58.395085229116994	
8165 KEEGAN STREET	99801	-134.55815449081354	58.395092094828584	
8161 KEEGAN STREET	99801	-134.55776941269565	58.395090479145615	
8157 KEEGAN STREET	99801	-134.5573802831758	58.39508888794262	
8153 KEEGAN STREET	99801	-134.55700730895805	58.39508505681511	
8149 KEEGAN STREET	99801	-134.55662238984195	58.395089820067454	
8145 KEEGAN STREET	99801	-134.5562415760267	58.39509668107047	
8141 KEEGAN STREET	99801	-134.55585660391003	58.39509931314554	
8137 KEEGAN STREET	99801	-134.55547157879272	58.395099815927914	
8133 KEEGAN STREET	99801	-134.55507455487816	58.39510678520603	
8287 GARNET STREET	99801	-134.5538439069564	58.400065536810196	
8287 GARNET STREET	99801	-134.55411579016197	58.40031942310147	
8287 GARNET STREET	99801	-134.5539373416274	58.4003223659195	
8318 GLADSTONE STREET	99801	-134.5599328981579	58.40139146999604	
8130 EASY STREET	99801	-134.55695695479312	58.39538477514215	
8134 EASY STREET	99801	-134.55733123785623	58.39538291514494	
8158 EASY STREET	99801	-134.55969065037357	58.39542440421668	
8012 GLADSTONE STREET	99801	-134.55499945392378	58.400767051050074	
8197 KEEGAN STREET	99801	-134.5610176902203	58.39534931795734	
4318 MANOR AVENUE	99801	-134.5543513787351	58.395427727822	
4324 MANOR AVENUE	99801	-134.5543374602381	58.39563489797416	
4330 MANOR AVENUE	99801	-134.5543641734397	58.395870240004896	
8175 THREADNEEDLE STREET	99801	-134.5518930024162	58.39887352220741	
8304 VALLEY AVENUE	99801	-134.5622120767473	58.398575080016336	
8304 VALLEY AVENUE	99801	-134.56204465143963	58.39864665205125	
4428 KANATA STREET	99801	-134.552921284159	58.394765259769315	
4430 KANATA STREET	99801	-134.5531152340221	58.39481406492279	
4312 MANOR AVENUE	99801	-134.55434492344148	58.395244213967416	
8480 THUNDER MOUNTAIN ROAD	99801	-134.55895242295793	58.39366042709604	
8145 KEEGAN STREET	99801	-134.5562407100508	58.395052595783966	
8161 KEEGAN STREET	99801	-134.55776772026965	58.39504437895271	
8195 THREADNEEDLE STREET	99801	-134.55712644442934	58.39879299423217	
8195 THREADNEEDLE STREET	99801	-134.55717233396732	58.39904852778532	
8195 THREADNEEDLE STREET	99801	-134.55701120584976	58.399046179847566	
4306 MANOR AVENUE	99801	-134.55434661586747	58.39504856316265	
4497 PROSPECT WAY	99801	-134.56374064823814	58.399115600222984	
4493 PROSPECT WAY	99801	-134.56375300186994	58.39898755619743	
4493 PROSPECT WAY	99801	-134.56375054857088	58.398889561032405	
8441 VALLEY AVENUE	99801	-134.56413704602696	58.39899851921953	
8352 RIVER PLACE	99801	-134.56167066212558	58.399822938126576	
4455 DREDGE LAKE DRIVE	99801	-134.56147718657294	58.39875056815303	
8441 VALLEY AVENUE	99801	-134.56413879055523	58.39890765406843	
8167 KEEGAN STREET	99801	-134.5585391691811	58.3950248791532	
8149 KEEGAN STREET	99801	-134.55663125172225	58.39503109992043	
8138 KEEGAN STREET	99801	-134.55549392438542	58.394660260904296	
8150 KEEGAN STREET	99801	-134.55673656391792	58.394625286007354	
8133 KEEGAN STREET	99801	-134.55507056456167	58.39506095384442	
8189 KEEGAN STREET	99801	-134.56040675497871	58.395068150983136	
8140 KEEGAN STREET	99801	-134.55567771430265	58.394658325073934	
8311 GLADSTONE STREET	99801	-134.55946386079862	58.400727987166675	
8300 GARNET STREET	99801	-134.557220345326	58.39964660616905	
8321 COUNTERPANE LANE	99801	-134.56010723600173	58.39992409901611	
4439 TRAFALGAR AVENUE	99801	-134.5530589240268	58.39562624017375	
8158 KEEGAN STREET	99801	-134.55750553527585	58.39462166291259	
8142 KEEGAN STREET	99801	-134.55596669065145	58.39459333205021	
8134 KEEGAN STREET	99801	-134.5552112587015	58.39465793997927	
8146 KEEGAN STREET	99801	-134.55627190225238	58.394611464011895	
8146 KEEGAN STREET	99801	-134.5563777902682	58.39460802593094	
8166 KEEGAN STREET	99801	-134.55833416105688	58.394616990927624	
8166 KEEGAN STREET	99801	-134.5582135568401	58.394614293849365	
8126 KEEGAN STREET	99801	-134.5542821473728	58.394613106080314	
8154 KEEGAN STREET	99801	-134.5571594449396	58.394623053115176	
8162 KEEGAN STREET	99801	-134.5578921962253	58.39461803510973	
8154 KEEGAN STREET	99801	-134.55706451906522	58.39462090684573	
8170 KEEGAN STREET	99801	-134.55854891680028	58.39461410977578	
8170 KEEGAN STREET	99801	-134.5587090774323	58.394612727105255	
8182 KEEGAN STREET	99801	-134.5598395110976	58.394596682097365	
8182 KEEGAN STREET	99801	-134.55972102420998	58.394593484111105	
8186 KEEGAN STREET	99801	-134.56016803937004	58.39459843621131	
8190 KEEGAN STREET	99801	-134.56046202831814	58.39461025505783	
8192 KEEGAN STREET	99801	-134.5606114001836	58.39460922876499	
8194 KEEGAN STREET	99801	-134.56083228243722	58.39462350082349	
8196 KEEGAN STREET	99801	-134.56099989189957	58.39462342220384	
4300 MANOR AVENUE	99801	-134.5543305539902	58.39485500621314	
8130 KEEGAN STREET	99801	-134.55488946869198	58.394622180766596	
8130 KEEGAN STREET	99801	-134.55477359859674	58.39462297214169	
8178 KEEGAN STREET	99801	-134.55950327887328	58.394603008864884	
8178 KEEGAN STREET	99801	-134.55934484480326	58.39460409682964	
8191 THREADNEEDLE STREET	99801	-134.55625806101048	58.39886770693711	
8287 GARNET STREET	99801	-134.55417134377578	58.400059839883156	
8293 GARNET STREET	99801	-134.55578119124021	58.40007121584952	
4516 KANATA STREET	99801	-134.5483017490144	58.398938742229255	
8178 THREADNEEDLE STREET	99801	-134.55397555865454	58.398283675028544	
8126 KEEGAN STREET	99801	-134.5543833273182	58.3945900149571	
8318 COUNTERPANE LANE	99801	-134.56036993393354	58.400357352109836	
8174 KEEGAN STREET	99801	-134.55902360276608	58.39460719783496	
4505 TRAFALGAR AVENUE	99801	-134.55106132685478	58.39909745692701	
6000 GLACIER SPUR ROAD	99801	-134.54554441336893	58.41716220217377	
3901 SHEEP CREEK MINE ROAD	99801	-134.33395684561995	58.2662264639769	
3950 THANE ROAD	99801	-134.3351944563835	58.26467036686999	
4400 THANE ROAD	99801	-134.32933848637003	58.262581230000656	
4411 THANE ROAD	99801	-134.32469415592698	58.26150154301103	
4404 THANE ROAD	99801	-134.32943961241654	58.2621652162137	
4409 THANE ROAD	99801	-134.3262089113287	58.260985188992585	
4451 THANE ROAD	99801	-134.32455635885395	58.260511113142364	
4545 THANE ROAD	99801	-134.32245123693568	58.25934896909234	
4715 THANE ROAD	99801	-134.3186420270931	58.25844410412	
4585 THANE ROAD	99801	-134.3219359749668	58.25901822817576	
4615 THANE ROAD	99801	-134.32085600865415	58.25905268296979	
4655 THANE ROAD	99801	-134.3201780716688	58.2588870948335	
4801 THANE ROAD	99801	-134.3169835178897	58.25799020405633	
4825 THANE ROAD	99801	-134.31669126358844	58.25731054088841	
4660 THANE ROAD	99801	-134.32073141681582	58.2581106562258	
4895 THANE ROAD	99801	-134.31446946668441	58.256854126177025	
4708 THANE ROAD	99801	-134.32009886092197	58.25763767711986	
4985 THANE ROAD	99801	-134.31393805480337	58.25607901979145	
4900 THANE ROAD	99801	-134.31674202469017	58.25613198210494	
5025 THANE ROAD	99801	-134.3129020987531	58.255848654075216	
5115 THANE ROAD	99801	-134.31098340600238	58.25537658816318	
5035 THANE ROAD	99801	-134.31237654209107	58.25561746401113	
4990 THANE ROAD	99801	-134.31527772765793	58.255425628194295	
5045 THANE ROAD	99801	-134.31225030992903	58.25513970588335	
5020 THANE ROAD	99801	-134.31443741569342	58.25521804404189	
5105 THANE ROAD	99801	-134.3115756499978	58.25479733887024	
5030 THANE ROAD	99801	-134.31415013536386	58.254668051183074	
5050 THANE ROAD	99801	-134.3134656110325	58.254423143821754	
5175 THANE ROAD	99801	-134.30998650870066	58.25367120214648	
5121 THANE ROAD	99801	-134.31123467197386	58.25430746610629	
5080 THANE ROAD	99801	-134.31294845900828	58.25415654720269	
5100 THANE ROAD	99801	-134.312512253276	58.2538474701797	
5271 THANE ROAD	99801	-134.30828934499056	58.25305234401528	
5120 THANE ROAD	99801	-134.31249367970918	58.25339018513865	
5250 THANE ROAD	99801	-134.30806256889036	58.25250992994774	
5134 THANE ROAD	99801	-134.31203650999308	58.2531464179954	
5136 THANE ROAD	99801	-134.31137486036215	58.252914246066574	
5355 THANE ROAD	99801	-134.30748849511815	58.252592853158966	
5200 THANE ROAD	99801	-134.31086173099376	58.252709258236344	
4740 THANE ROAD	99801	-134.31920309595495	58.257307415055365	
4800 THANE ROAD	99801	-134.3184596807685	58.25686975317619	
5280 THANE ROAD	99801	-134.3098205512401	58.25236940317573	
5201 THANE ROAD	99801	-134.30907674618487	58.253208759021554	
5128 THANE ROAD	99801	-134.3121993431131	58.25352537721654	
5132 THANE ROAD	99801	-134.31178390373518	58.25331938993176	
5000 SHEEP CREEK MINE ROAD	99801	-134.3168725993083	58.275853895837756	
2000 SHEEP CREEK MINE ROAD	99801	-134.30939331788088	58.27490826696672	
4970 THANE ROAD	99801	-134.31556856621432	58.25586450790639	
4970 THANE ROAD	99801	-134.31567244559713	58.25581180277578	
5100 THANE ROAD	99801	-134.3126335887214	58.25386500613789	
4897 THANE ROAD	99801	-134.3142193164205	58.25689880004636	
4893 THANE ROAD	99801	-134.31536314396675	58.256798739007934	
4525 THANE ROAD	99801	-134.32312413976217	58.25963789896027	
